178.41 0.64054 0.1238
178.791 0.644596 0.124584
179.172 0.648623 0.125363
179.553 0.655693 0.655693
179.934 0.758804 0.758804
180.316 0.527631 0.527631
180.697 0.662802 0.662802
181.078 0.653423 0.653423
181.459 0.651312 0.651312
181.84 0.486244 0.486244
182.221 1.97955 1.97955
182.602 0.397262 0.397262
182.983 1.68333 0.587485
183.364 0.950926 0.173039
183.744 0.773187 0.0985132
184.125 0.719322 0.0824252
184.506 0.654493 0.0644078
184.887 0.534862 0.051921
185.268 0.383607 0.0378549
185.648 0.571114 0.0447126
186.029 0.575837 0.0428241
186.41 0.568499 0.0414378
186.791 0.668087 0.0431707
187.171 0.56429 0.0339362
187.552 0.42811 0.0240492
187.932 0.47414 0.0257708
188.313 0.429588 0.0229108
188.694 0.439509 0.0231606
189.074 0.459458 0.0228307
189.455 0.426397 0.0213836
189.835 0.462732 0.022905
190.216 0.456983 0.0221625
190.596 0.435865 0.020714
190.977 0.441779 0.0206921
191.357 0.458499 0.0211422
191.737 0.430391 0.020228
192.118 0.444613 0.0204587
192.498 0.412186 0.0190874
192.878 0.450641 0.0201115
193.258 0.402265 0.0186735
193.639 0.409385 0.0186044
194.019 0.464216 0.0199857
194.399 0.445695 0.019414
194.779 0.401841 0.0176954
195.159 0.419863 0.0186121
195.54 0.398602 0.0175913
195.92 0.416902 0.0180438
196.3 0.382542 0.0170339
196.68 0.381153 0.0170878
197.06 0.399373 0.017387
197.44 0.405643 0.0173548
197.82 0.37981 0.0166612
198.2 0.39747 0.0170362
198.58 0.360672 0.0158001
198.959 0.373451 0.0160485
199.339 0.374529 0.0161414
199.719 0.345326 0.0152024
200.099 0.359954 0.0155584
200.479 0.346733 0.0152268
200.858 0.342109 0.014902
201.238 0.340415 0.0146327
201.618 0.318372 0.0143099
201.998 0.31617 0.0139189
202.377 0.338916 0.0144106
202.757 0.323983 0.0139045
203.136 0.315281 0.0136275
203.516 0.305475 0.0132141
203.896 0.29705 0.0128702
204.275 0.283622 0.0123278
204.655 0.276767 0.012201
205.034 0.277745 0.0120788
205.414 0.271705 0.0117972
205.793 0.264573 0.011537
206.172 0.264198 0.0115393
206.552 0.2601 0.0112542
206.931 0.261824 0.0111184
207.31 0.246783 0.0106781
207.69 0.254715 0.0107616
208.069 0.249144 0.0105024
208.448 0.252693 0.0104437
208.827 0.253181 0.0103937
209.207 0.240432 0.0101022
209.586 0.236228 0.0097515
209.965 0.245388 0.00990735
210.344 0.234542 0.00954464
210.723 0.221195 0.00915521
211.102 0.212466 0.00881753
211.481 0.214437 0.00881158
211.86 0.217628 0.00878856
212.239 0.221523 0.00877726
212.618 0.213921 0.00850064
212.997 0.198948 0.00806403
213.376 0.208556 0.00822697
213.755 0.205418 0.00805016
214.134 0.207188 0.00797526
214.513 0.199694 0.00770294
214.891 0.205415 0.00776036
215.27 0.201597 0.00754337
215.649 0.19641 0.00738446
216.028 0.190975 0.00715582
216.406 0.188872 0.00704218
216.785 0.183063 0.00682022
217.164 0.181388 0.00672099
217.542 0.173862 0.00644212
217.921 0.179565 0.00646311
218.3 0.175031 0.00635839
218.678 0.173805 0.00623642
219.057 0.171636 0.00608704
219.435 0.169521 0.00595
219.814 0.172785 0.00596274
220.192 0.166865 0.00576524
220.57 0.163909 0.00564696
220.949 0.167796 0.00561766
221.327 0.16098 0.00541089
221.705 0.158504 0.00531414
222.084 0.158771 0.00520323
222.462 0.154964 0.00507922
222.84 0.152692 0.00500024
223.218 0.155934 0.00492722
223.597 0.15194 0.00481457
223.975 0.153561 0.00475304
224.353 0.152556 0.00468543
224.731 0.148737 0.00455187
225.109 0.146101 0.00442022
225.487 0.142525 0.00430373
225.865 0.146242 0.00429282
226.243 0.143174 0.00419363
226.621 0.137948 0.00406217
226.999 0.140126 0.00401024
227.377 0.136501 0.0039196
227.755 0.138842 0.00390149
228.133 0.140854 0.00387976
228.511 0.139511 0.00381526
228.889 0.13631 0.00369912
229.266 0.139227 0.00370301
229.644 0.133587 0.00355582
230.022 0.135031 0.00352871
230.4 0.135865 0.00350624
230.777 0.135279 0.00346537
231.155 0.134299 0.00340792
231.533 0.132121 0.00333231
231.91 0.132202 0.00328821
232.288 0.135713 0.00330002
232.665 0.129993 0.00318815
233.043 0.130013 0.00315829
233.42 0.131478 0.00313312
233.798 0.133151 0.00312993
234.175 0.133617 0.00309456
234.553 0.129693 0.00301633
234.93 0.131911 0.00301154
235.307 0.130687 0.00297324
235.685 0.131651 0.00295984
236.062 0.132585 0.0029356
236.439 0.131116 0.00290486
236.816 0.131851 0.00287737
237.194 0.130353 0.00283069
237.571 0.13002 0.00280245
237.948 0.129644 0.00278361
238.325 0.12969 0.0027533
238.702 0.1305 0.00274557
239.079 0.131748 0.00273129
239.456 0.130906 0.00270436
239.833 0.131404 0.00269203
240.21 0.127745 0.00262977
240.587 0.131546 0.00265625
240.964 0.131318 0.00263229
241.341 0.131228 0.00260915
241.718 0.131002 0.00258223
242.095 0.131232 0.00258373
242.472 0.132265 0.00257331
242.849 0.129728 0.00252949
243.225 0.133322 0.00254193
243.602 0.132537 0.00252168
243.979 0.131505 0.00250316
244.356 0.132559 0.00250286
244.732 0.13149 0.00246736
245.109 0.131211 0.00244748
245.486 0.134497 0.00247449
245.862 0.134458 0.00246192
246.239 0.134045 0.00243307
246.615 0.131725 0.00240755
246.992 0.132431 0.00239632
247.368 0.134163 0.00241192
247.745 0.13441 0.00239378
248.121 0.134759 0.00238056
248.497 0.135643 0.00238449
248.874 0.135398 0.0023679
249.25 0.13367 0.00233204
249.626 0.135655 0.00234541
250.003 0.135118 0.00232702
250.379 0.132746 0.00228405
250.755 0.13404 0.00229715
251.131 0.135829 0.0022962
251.507 0.135088 0.00228687
251.884 0.136163 0.00228019
252.26 0.13641 0.00228283
252.636 0.135306 0.00225289
253.012 0.137291 0.00226107
253.388 0.137844 0.0022588
253.764 0.136299 0.00223692
254.14 0.137847 0.00224423
254.516 0.13853 0.00224672
254.892 0.137896 0.00223023
255.268 0.137672 0.00222605
255.643 0.137633 0.00221639
256.019 0.138938 0.00222523
256.395 0.138609 0.00221796
256.771 0.138198 0.00219852
257.147 0.139918 0.00220964
257.522 0.139692 0.00220436
257.898 0.140473 0.00220688
258.274 0.140055 0.0021979
258.649 0.140695 0.00220156
259.025 0.140519 0.0021881
259.4 0.141361 0.00219345
259.776 0.140444 0.00217957
260.151 0.142274 0.0022011
260.527 0.142696 0.00219455
260.902 0.14203 0.00218347
261.278 0.14293 0.00218575
261.653 0.141603 0.00217552
262.028 0.143034 0.00218859
262.404 0.142084 0.0021713
262.779 0.142942 0.0021724
263.154 0.142865 0.00216798
263.53 0.143111 0.00216393
263.905 0.144305 0.00217715
264.28 0.143766 0.00217196
264.655 0.142465 0.00215582
265.03 0.143948 0.0021737
265.405 0.14474 0.00217241
265.781 0.143595 0.00216637
266.156 0.14516 0.00217581
266.531 0.143057 0.00214859
266.906 0.145856 0.00218149
267.281 0.146052 0.00217216
267.655 0.145226 0.0021741
268.03 0.146371 0.00218387
268.405 0.145929 0.00217767
268.78 0.146386 0.00218103
269.155 0.145709 0.00217114
269.53 0.146857 0.00218719
269.904 0.14741 0.00218883
270.279 0.147141 0.00218822
270.654 0.148066 0.00218884
271.029 0.146196 0.0021791
271.403 0.147458 0.0021823
271.778 0.148367 0.00219524
272.152 0.148667 0.00219954
272.527 0.147514 0.00218908
272.901 0.147637 0.00218142
273.276 0.147397 0.00217468
273.65 0.146317 0.0021735
274.025 0.146578 0.00216979
274.399 0.147297 0.00218553
274.774 0.14845 0.00218899
275.148 0.146813 0.00217001
275.522 0.146393 0.0021727
275.897 0.14822 0.00218504
276.271 0.147787 0.00218402
276.645 0.149522 0.00219044
277.019 0.148438 0.00217657
277.393 0.145956 0.00215247
277.768 0.148512 0.00218151
278.142 0.146321 0.00216318
278.516 0.146726 0.00216999
278.89 0.147713 0.00217298
279.264 0.147736 0.00218012
279.638 0.147733 0.00216956
280.012 0.147771 0.00217365
280.386 0.14826 0.00218863
280.76 0.148101 0.00217914
281.133 0.146107 0.00216839
281.507 0.146686 0.00217094
281.881 0.147505 0.00217201
282.255 0.147202 0.00217282
282.629 0.146034 0.00217046
283.002 0.146488 0.00217501
283.376 0.147581 0.00217713
283.75 0.146216 0.0021744
284.123 0.145492 0.00216144
284.497 0.146778 0.00217493
284.87 0.147765 0.00218446
285.244 0.146624 0.002172
285.618 0.147944 0.00218737
285.991 0.147281 0.00219167
286.364 0.146856 0.00218769
286.738 0.145801 0.00217941
287.111 0.146363 0.00218454
287.485 0.145887 0.00218221
287.858 0.145551 0.00218784
288.231 0.146295 0.00218958
288.605 0.146166 0.00219461
288.978 0.145137 0.00218221
289.351 0.144423 0.00218816
289.724 0.143912 0.00218421
290.097 0.144749 0.00219317
290.47 0.142182 0.00218065
290.843 0.142904 0.00218541
291.217 0.143674 0.00219173
291.59 0.143089 0.00220242
291.963 0.141774 0.00218744
292.336 0.141028 0.00218865
292.708 0.143134 0.00220913
293.081 0.142007 0.00221054
293.454 0.141487 0.00219677
293.827 0.141011 0.00219959
294.2 0.141774 0.00221991
294.573 0.139777 0.00219719
294.945 0.140761 0.00221794
295.318 0.139687 0.00220861
295.691 0.139675 0.00221389
296.064 0.139089 0.0022133
296.436 0.138645 0.00220821
296.809 0.137617 0.00219409
297.181 0.13788 0.00220797
297.554 0.137368 0.00220723
297.926 0.138058 0.00221453
298.299 0.137455 0.00221204
298.671 0.136155 0.00219198
299.044 0.137312 0.00221333
299.416 0.13732 0.00221674
299.788 0.135402 0.00219778
300.161 0.138023 0.00222872
300.533 0.135854 0.00220806
300.905 0.136119 0.00220179
301.278 0.135661 0.00220271
301.65 0.136045 0.00220335
302.022 0.134263 0.00219365
302.394 0.135303 0.00220567
302.766 0.13498 0.00219994
303.138 0.134226 0.0022024
303.51 0.134632 0.00219999
303.882 0.132246 0.00217768
304.254 0.133609 0.00219316
304.626 0.132982 0.00218144
304.998 0.13334 0.00218373
305.37 0.131805 0.00218326
305.742 0.131786 0.00217492
306.114 0.130902 0.00216667
306.485 0.13055 0.00216424
306.857 0.130871 0.00216535
307.229 0.12943 0.00216092
307.601 0.129526 0.00216113
307.972 0.12874 0.00215235
308.344 0.127685 0.00214082
308.716 0.128986 0.00216058
309.087 0.130589 0.00217123
309.459 0.131262 0.00218012
309.83 0.132341 0.00218935
310.202 0.133757 0.00219745
310.573 0.134621 0.00220583
310.945 0.136289 0.00221791
311.316 0.139249 0.00225259
311.687 0.142225 0.00226741
312.059 0.147782 0.00231939
312.43 0.150515 0.00233648
312.801 0.15311 0.00236485
313.172 0.156707 0.00239394
313.544 0.16156 0.00243323
313.915 0.165469 0.00244684
314.286 0.170464 0.00249428
314.657 0.173556 0.00251123
315.028 0.175789 0.00253267
315.399 0.176915 0.00253992
315.77 0.18056 0.00256233
316.141 0.183941 0.00259697
316.512 0.18633 0.00261339
316.883 0.188423 0.00263333
317.254 0.190234 0.00264329
317.625 0.189154 0.00265202
317.996 0.191209 0.00265178
318.366 0.190856 0.00265591
318.737 0.192226 0.00266275
319.108 0.1944 0.002687
319.478 0.196544 0.00270268
319.849 0.199974 0.00272487
320.22 0.204107 0.00275559
320.59 0.209058 0.00278722
320.961 0.213525 0.00282168
321.331 0.220067 0.00286495
321.702 0.226907 0.00292387
322.072 0.233359 0.00297412
322.443 0.241464 0.00301933
322.813 0.248364 0.00305648
323.184 0.257641 0.00312177
323.554 0.26295 0.00316379
323.924 0.268914 0.00319782
324.295 0.277324 0.00326319
324.665 0.281652 0.00329095
325.035 0.288302 0.00332522
325.405 0.292819 0.00336496
325.775 0.297955 0.00341084
326.145 0.299854 0.00341842
326.515 0.301319 0.00343308
326.886 0.305762 0.00347579
327.256 0.307233 0.00348746
327.626 0.307713 0.00351176
327.995 0.307079 0.0035168
328.365 0.305536 0.00351285
328.735 0.312498 0.0035705
329.105 0.320643 0.00365592
329.475 0.326362 0.00371734
329.845 0.334086 0.00381547
330.215 0.336093 0.00381256
330.584 0.332871 0.00375767
330.954 0.320595 0.00360058
331.324 0.307108 0.00342482
331.693 0.295066 0.00329939
332.063 0.287758 0.00322318
332.432 0.286099 0.00319731
332.802 0.287066 0.003229
333.171 0.292321 0.00330118
333.541 0.293612 0.00337019
333.91 0.294012 0.00338961
334.28 0.291443 0.0033941
334.649 0.284239 0.00336161
335.018 0.273042 0.00330596
335.388 0.271089 0.00330475
335.757 0.266882 0.00327947
336.126 0.261507 0.00325795
336.495 0.255912 0.00321202
336.865 0.254084 0.00321377
337.234 0.248569 0.00319668
337.603 0.243758 0.00315914
337.972 0.240059 0.0031423
338.341 0.235649 0.0031082
338.71 0.230866 0.0030744
339.079 0.228262 0.0030681
339.448 0.223863 0.0030336
339.817 0.21999 0.00301467
340.186 0.220578 0.00302061
340.554 0.216893 0.00299135
340.923 0.214602 0.00298173
341.292 0.211287 0.0029614
341.661 0.210815 0.0029618
342.029 0.208032 0.00293709
342.398 0.205272 0.00292146
342.767 0.205359 0.00293332
343.135 0.205983 0.00293557
343.504 0.20195 0.00291575
343.872 0.200192 0.00289224
344.241 0.199766 0.00289592
344.609 0.200595 0.00291346
344.978 0.198034 0.00289187
345.346 0.194068 0.002852
345.715 0.192571 0.00285196
346.083 0.191351 0.00284925
346.451 0.190117 0.00283554
346.82 0.188203 0.00283068
347.188 0.188612 0.00282841
347.556 0.189905 0.00285272
347.924 0.188408 0.00283802
348.292 0.185511 0.00282252
348.66 0.187013 0.00283142
349.028 0.187077 0.00283547
349.396 0.18693 0.00284552
349.764 0.188978 0.00285746
350.132 0.188178 0.00284994
350.5 0.190814 0.00287452
350.868 0.191285 0.00288329
351.236 0.192221 0.00288804
351.604 0.196369 0.00293038
351.972 0.19868 0.00295091
352.34 0.200489 0.00296862
352.707 0.204667 0.00300071
353.075 0.204289 0.00299874
353.443 0.209371 0.00304272
353.81 0.212979 0.00307645
354.178 0.215583 0.00309695
354.545 0.220736 0.00312606
354.913 0.225822 0.00317532
355.28 0.224736 0.00316811
355.648 0.230925 0.00320464
356.015 0.236289 0.00324733
356.383 0.235655 0.00323926
356.75 0.241265 0.00328595
357.117 0.247109 0.00332735
357.485 0.249093 0.00334302
357.852 0.255814 0.00341122
358.219 0.255784 0.00339409
358.586 0.256991 0.00340152
358.954 0.263969 0.00346188
359.321 0.266532 0.00347024
359.688 0.270178 0.0035111
360.055 0.271353 0.00351371
360.422 0.277265 0.00355694
360.789 0.280804 0.00358573
361.156 0.282449 0.00359305
361.523 0.286629 0.00363419
361.89 0.291704 0.00366178
362.256 0.293118 0.00365596
362.623 0.301831 0.00374685
362.99 0.30236 0.00373218
363.357 0.303807 0.00375637
363.724 0.307216 0.00377901
364.09 0.310781 0.00379322
364.457 0.3167 0.00385777
364.823 0.31868 0.00384495
365.19 0.317025 0.00384065
365.557 0.325456 0.00388535
365.923 0.327016 0.00390755
366.29 0.331687 0.00394773
366.656 0.335936 0.0039566
367.022 0.335402 0.00394851
367.389 0.340192 0.00399442
367.755 0.345817 0.00404647
368.121 0.347518 0.00405477
368.488 0.349712 0.00406205
368.854 0.354793 0.00410699
369.22 0.359249 0.00415218
369.586 0.360475 0.00417341
369.952 0.365923 0.00421398
370.318 0.36353 0.00420217
370.684 0.365232 0.00422428
371.051 0.378517 0.0043016
371.416 0.378347 0.00432722
371.782 0.378691 0.00431624
372.148 0.384126 0.00435605
372.514 0.385494 0.00437318
372.88 0.386774 0.0043933
373.246 0.39059 0.00441086
373.612 0.398495 0.00445318
373.977 0.395359 0.00442561
374.343 0.399247 0.00443326
374.709 0.400316 0.00442479
375.074 0.402615 0.00445076
375.44 0.405724 0.00448705
375.806 0.406008 0.0045134
376.171 0.410562 0.00451569
376.537 0.413963 0.00453022
376.902 0.41252 0.00453027
377.268 0.414663 0.00452338
377.633 0.416264 0.00452379
377.998 0.41976 0.00452535
378.364 0.424236 0.00452974
378.729 0.421854 0.00452461
379.094 0.427325 0.00457379
379.459 0.431821 0.00465938
379.825 0.427306 0.00461441
380.19 0.428206 0.00462643
380.555 0.432972 0.0046848
380.92 0.44019 0.00478271
381.285 0.438688 0.00476552
381.65 0.436937 0.00471898
382.015 0.436718 0.00472475
382.38 0.443982 0.00478239
382.745 0.443548 0.00480937
383.11 0.446465 0.0048382
383.474 0.448148 0.004833
383.839 0.447776 0.0048397
384.204 0.452591 0.00488135
384.569 0.450232 0.00487458
384.933 0.452417 0.00490061
385.298 0.451058 0.00490087
385.663 0.450421 0.00488352
386.027 0.455871 0.00490281
386.392 0.454123 0.00487252
386.756 0.451774 0.00483547
387.121 0.459834 0.00487701
387.485 0.463652 0.00488217
387.849 0.461632 0.00484871
388.214 0.464457 0.00491749
388.578 0.467839 0.00496018
388.942 0.464622 0.00496828
389.307 0.465077 0.00496618
389.671 0.471956 0.00502119
390.035 0.47194 0.00499824
390.399 0.470081 0.00497667
390.763 0.468125 0.00493702
391.127 0.472159 0.00494038
391.492 0.47253 0.00487434
391.856 0.470757 0.00480911
392.219 0.472657 0.00478286
392.583 0.479811 0.00484636
392.947 0.485689 0.00498117
393.311 0.479288 0.0049939
393.675 0.484848 0.00503792
394.039 0.485198 0.00507094
394.403 0.48938 0.00509528
394.766 0.490053 0.00511264
395.13 0.486036 0.00510511
395.494 0.489637 0.00512196
395.857 0.487517 0.00508853
396.221 0.489665 0.00507664
396.584 0.493719 0.00505943
396.948 0.490444 0.00498818
397.311 0.49104 0.00491771
397.675 0.49432 0.00490745
398.038 0.499135 0.00493369
398.401 0.498154 0.0049989
398.765 0.501729 0.00509439
399.128 0.509685 0.00520798
399.491 0.509813 0.00524825
399.854 0.505725 0.00523461
400.218 0.5086 0.00526474
400.581 0.509614 0.005285
400.944 0.51335 0.00533031
401.307 0.514591 0.00540097
401.67 0.516538 0.00539546
402.033 0.515425 0.00540536
402.396 0.52063 0.00543561
402.759 0.519249 0.005435
403.122 0.521719 0.00542134
403.485 0.519654 0.00540921
403.847 0.519984 0.0053659
404.21 0.524403 0.00536081
404.573 0.529488 0.00538086
404.936 0.527837 0.00534599
405.298 0.530435 0.00541797
405.661 0.536779 0.00552668
406.023 0.538913 0.00561618
406.386 0.539958 0.00564152
406.749 0.539486 0.00566484
407.111 0.537415 0.00564671
407.473 0.535716 0.00554756
407.836 0.540955 0.00556649
408.198 0.536422 0.00550937
408.561 0.541823 0.00555297
408.923 0.544404 0.0055744
409.285 0.54827 0.00560449
409.647 0.552803 0.00567693
410.009 0.556106 0.00574771
410.372 0.551015 0.00571301
410.734 0.551322 0.00574333
411.096 0.555155 0.00575314
411.458 0.552911 0.00574012
411.82 0.55147 0.00569503
412.182 0.549946 0.00564399
412.544 0.561725 0.00571688
412.906 0.559026 0.00569303
413.267 0.564662 0.00574212
413.629 0.563344 0.00578055
413.991 0.563438 0.00580821
414.353 0.566655 0.00584081
414.714 0.566847 0.00590333
415.076 0.565105 0.00587961
415.438 0.566262 0.00587922
415.799 0.564804 0.00584822
416.161 0.566747 0.00590963
416.522 0.572397 0.00596346
416.884 0.572933 0.00596996
417.245 0.572717 0.00599086
417.607 0.568129 0.0059521
417.968 0.568276 0.00594617
418.329 0.571648 0.00595632
418.691 0.568348 0.00593713
419.052 0.572114 0.00595262
419.413 0.572671 0.00590193
419.774 0.57554 0.00589829
420.135 0.570287 0.0057406
420.497 0.564532 0.00562143
420.858 0.568702 0.00556432
421.219 0.577314 0.00562522
421.58 0.582683 0.00572338
421.941 0.582969 0.0058253
422.302 0.583715 0.00590721
422.662 0.581361 0.00592065
423.023 0.579214 0.00593578
423.384 0.58161 0.00596799
423.745 0.575001 0.00589818
424.106 0.578185 0.00591116
424.466 0.586483 0.00594185
424.827 0.592013 0.0060522
425.187 0.588232 0.00610919
425.548 0.588934 0.00617058
425.909 0.586491 0.00619033
426.269 0.581936 0.00612277
426.63 0.580111 0.00607172
426.99 0.583285 0.00603833
427.35 0.590595 0.00610317
427.711 0.579871 0.00600464
428.071 0.578655 0.00594813
428.431 0.577697 0.00582966
428.792 0.573982 0.00561201
429.152 0.575035 0.00546274
429.512 0.581489 0.00548302
429.872 0.585572 0.00554042
430.232 0.590868 0.0056637
430.592 0.597671 0.00585785
430.952 0.599149 0.00603826
431.312 0.598651 0.00618591
431.672 0.597057 0.00624881
432.032 0.586114 0.00617237
432.392 0.587532 0.00609626
432.752 0.570805 0.00571324
433.111 0.573931 0.00560094
433.471 0.588612 0.00576088
433.831 0.604622 0.00606737
434.19 0.594721 0.00601827
434.55 0.590698 0.00599679
434.91 0.590348 0.00606495
435.269 0.589077 0.00597497
435.629 0.590349 0.00596824
435.988 0.588386 0.0059328
436.348 0.594653 0.00605554
436.707 0.595363 0.00615134
437.066 0.593588 0.00613882
437.426 0.58767 0.00603564
437.785 0.588131 0.00602109
438.144 0.587109 0.00600836
438.503 0.594779 0.00612728
438.862 0.597376 0.00615202
439.222 0.596557 0.00619685
439.581 0.594806 0.00621431
439.94 0.585044 0.00607675
440.299 0.579889 0.00584599
440.658 0.58146 0.0057049
441.017 0.585092 0.00572454
441.376 0.598741 0.00585851
441.734 0.596755 0.00590887
442.093 0.592217 0.00588379
442.452 0.590514 0.00583313
442.811 0.587842 0.00579434
443.169 0.584779 0.00577706
443.528 0.596494 0.00595565
443.887 0.595705 0.00595553
444.245 0.598998 0.00599812
444.604 0.595253 0.00602912
444.962 0.591731 0.00603985
445.321 0.589396 0.00603355
445.679 0.592451 0.00601738
446.038 0.592409 0.00599519
446.396 0.595364 0.00609292
446.754 0.595358 0.00617626
447.112 0.596499 0.00621344
447.471 0.597318 0.00622483
447.829 0.591597 0.00622736
448.187 0.596445 0.0062417
448.545 0.593787 0.00620872
448.903 0.590816 0.00620921
449.261 0.594681 0.0062476
449.619 0.597446 0.00632142
449.977 0.599989 0.00636571
450.335 0.597129 0.0064201
450.693 0.594907 0.00642402
451.051 0.593678 0.00640466
451.409 0.591857 0.00641991
451.766 0.594668 0.00644334
452.124 0.603627 0.00658277
452.482 0.600158 0.00662885
452.839 0.605046 0.00673012
453.197 0.597168 0.00669796
453.555 0.598471 0.00673299
453.912 0.591273 0.0066748
454.27 0.587876 0.00655061
454.627 0.590308 0.00648659
454.984 0.59349 0.00651941
455.342 0.604704 0.00668161
455.699 0.598683 0.00672244
456.056 0.594914 0.00666147
456.414 0.596734 0.00661201
456.771 0.588699 0.00644725
457.128 0.595419 0.00645914
457.485 0.593909 0.00642857
457.842 0.598018 0.0064907
458.199 0.598072 0.00648348
458.556 0.598016 0.00642063
458.913 0.594038 0.00639951
459.27 0.59529 0.00636996
459.627 0.596973 0.00647176
459.984 0.596402 0.0064215
460.341 0.594084 0.00640077
460.697 0.595205 0.00648314
461.054 0.602076 0.00671253
461.411 0.609642 0.00689372
461.767 0.603698 0.00694093
462.124 0.592412 0.00685855
462.481 0.598165 0.00680934
462.837 0.592299 0.0066707
463.194 0.589696 0.00651671
463.55 0.598459 0.00660716
463.907 0.591677 0.00639715
464.263 0.588888 0.00629419
464.619 0.590597 0.00618399
464.976 0.588722 0.00608867
465.332 0.591811 0.00610311
465.688 0.607275 0.00637205
466.044 0.607216 0.00660049
466.4 0.60754 0.00670498
466.756 0.599786 0.00670577
467.112 0.595937 0.00668416
467.468 0.597014 0.00668031
467.824 0.599621 0.00676355
468.18 0.598213 0.00684384
468.536 0.597433 0.0068451
468.892 0.599951 0.00696893
469.248 0.602147 0.00701264
469.604 0.599056 0.00703669
469.959 0.597464 0.00702485
470.315 0.599153 0.00703098
470.671 0.599184 0.00702414
471.026 0.595954 0.00694606
471.382 0.589586 0.00684275
471.737 0.593114 0.00680797
472.093 0.589005 0.00667851
472.448 0.58624 0.00653492
472.804 0.591174 0.0065064
473.159 0.591312 0.00645374
473.514 0.594757 0.00650541
473.87 0.592106 0.00639841
474.225 0.582765 0.00616635
474.58 0.587838 0.00607101
474.935 0.598961 0.00618031
475.29 0.602455 0.00628188
475.645 0.596275 0.00625591
476 0.58935 0.00622749
476.355 0.594567 0.0063113
476.71 0.587599 0.00627054
477.065 0.582786 0.00606289
477.42 0.582228 0.00598007
477.775 0.589132 0.00602267
478.13 0.596672 0.00611561
478.485 0.589898 0.00603673
478.839 0.583186 0.00593049
479.194 0.582956 0.00577736
479.549 0.586633 0.00572448
479.903 0.594389 0.00577757
480.258 0.588769 0.00579544
480.612 0.586166 0.0057072
480.967 0.58246 0.00555759
481.321 0.59452 0.00563283
481.675 0.596245 0.00574967
482.03 0.598804 0.00586364
482.384 0.596517 0.00587701
482.738 0.585949 0.00576918
483.093 0.584805 0.00572145
483.447 0.581122 0.00557954
483.801 0.577386 0.00538793
484.155 0.580607 0.00533399
484.509 0.530968 0.00444171
484.863 0.499418 0.0029361
485.217 0.54586 0.00278981
485.571 0.602972 0.00300787
485.925 0.691973 0.00410463
486.279 0.680126 0.00471863
486.632 0.641821 0.00495775
486.986 0.619987 0.00526722
487.34 0.613193 0.00559191
487.694 0.604985 0.0057094
488.047 0.590145 0.00567083
488.401 0.593088 0.00569217
488.754 0.590761 0.00571705
489.108 0.597593 0.00584386
489.461 0.592088 0.00584504
489.815 0.59305 0.00591081
490.168 0.585723 0.00580938
490.522 0.585987 0.00578597
490.875 0.591685 0.00582277
491.228 0.592851 0.00586859
491.581 0.58748 0.00580186
491.935 0.592304 0.00584718
492.288 0.593049 0.00587496
492.641 0.594348 0.00583968
492.994 0.588049 0.00580431
493.347 0.58678 0.00571753
493.7 0.588729 0.00573139
494.053 0.591147 0.0057628
494.406 0.594857 0.00587435
494.759 0.597544 0.00600765
495.111 0.581401 0.0057409
495.464 0.572668 0.00544757
495.817 0.58151 0.0053903
496.169 0.598409 0.0056215
496.522 0.61109 0.00593719
496.875 0.601916 0.00608925
497.227 0.597952 0.00612914
497.58 0.589196 0.00607349
497.932 0.591295 0.00601287
498.285 0.58481 0.00592521
498.637 0.577138 0.00573962
498.989 0.580746 0.00569343
499.342 0.593983 0.00580064
499.694 0.596866 0.00594326
500.046 0.588195 0.00595059
500.398 0.581494 0.00577172
500.751 0.587273 0.00574742
501.103 0.585002 0.00571801
501.455 0.587385 0.00573844
501.807 0.586727 0.00574384
502.159 0.591036 0.00576801
502.511 0.591087 0.00575394
502.862 0.589077 0.00576888
503.214 0.594463 0.00587441
503.566 0.592564 0.0059839
503.918 0.59438 0.00605791
504.27 0.5883 0.00602047
504.621 0.597862 0.00608401
504.973 0.593814 0.00609759
505.324 0.589485 0.00603608
505.676 0.582588 0.00589612
506.027 0.588919 0.00594407
506.379 0.599949 0.00619941
506.73 0.598267 0.0062851
507.082 0.591566 0.00620545
507.433 0.582524 0.00604379
507.784 0.586276 0.00601254
508.136 0.590378 0.0061388
508.487 0.596405 0.00623338
508.838 0.592557 0.00627149
509.189 0.590897 0.00625583
509.54 0.585624 0.0061446
509.891 0.591211 0.00624526
510.242 0.598494 0.00629062
510.593 0.58985 0.00628476
510.944 0.594662 0.00634563
511.295 0.600846 0.00651137
511.646 0.595727 0.00655538
511.996 0.587437 0.00644255
512.347 0.585936 0.0063859
512.698 0.592482 0.0064427
513.049 0.589809 0.00646775
513.399 0.589074 0.0064937
513.75 0.593232 0.0064971
514.1 0.59648 0.00663847
514.451 0.601644 0.00680578
514.801 0.587664 0.00669671
515.152 0.585055 0.00662277
515.502 0.582466 0.00650567
515.852 0.593269 0.00653049
516.202 0.59116 0.00651013
516.553 0.598936 0.0066486
516.903 0.594696 0.00672607
517.253 0.596024 0.00683515
517.603 0.590306 0.00680105
517.953 0.586952 0.00674874
518.303 0.584826 0.0065784
518.653 0.590153 0.00655414
519.003 0.589977 0.0066035
519.353 0.604215 0.00692174
519.703 0.600754 0.00704825
520.052 0.593148 0.0070394
520.402 0.591113 0.00698861
520.752 0.589327 0.00689817
521.102 0.598152 0.00706226
521.451 0.594574 0.00709124
521.801 0.595148 0.00707437
522.15 0.583661 0.00688967
522.5 0.585759 0.00689084
522.849 0.584742 0.00686323
523.199 0.581376 0.00677881
523.548 0.582183 0.00671829
523.897 0.586937 0.00682366
524.246 0.592525 0.00697019
524.596 0.597973 0.00710126
524.945 0.58547 0.00698566
525.294 0.589356 0.007008
525.643 0.590995 0.0070021
525.992 0.588067 0.0069728
526.341 0.585055 0.00691155
526.69 0.589217 0.00699069
527.039 0.587517 0.00704862
527.388 0.590429 0.0071155
527.737 0.58014 0.00683863
528.086 0.570681 0.0065331
528.434 0.578338 0.00645642
528.783 0.601119 0.00676223
529.132 0.599689 0.00688274
529.48 0.591339 0.00692259
529.829 0.593392 0.00697281
530.177 0.593654 0.00704592
530.526 0.59477 0.00706989
530.874 0.587416 0.00695906
531.223 0.581346 0.00691301
531.571 0.59342 0.00704458
531.919 0.585272 0.0069273
532.268 0.571829 0.00663818
532.616 0.574443 0.00644065
532.964 0.578603 0.00636805
533.312 0.589059 0.00642865
533.66 0.586902 0.00644583
534.008 0.584763 0.00641943
534.356 0.585719 0.00642892
534.704 0.594159 0.00653392
535.052 0.596076 0.00663247
535.4 0.595858 0.00677143
535.748 0.59027 0.00690007
536.095 0.594571 0.00710062
536.443 0.587644 0.00706794
536.791 0.579756 0.00687185
537.139 0.575036 0.00668624
537.486 0.57598 0.00653696
537.834 0.584202 0.00654857
538.181 0.586792 0.0065254
538.529 0.589169 0.00657543
538.876 0.580919 0.00651231
539.223 0.594721 0.00670063
539.571 0.594803 0.00684444
539.918 0.584183 0.00675902
540.265 0.578003 0.00659063
540.613 0.57619 0.00646711
540.96 0.587392 0.00661053
541.307 0.585962 0.00661451
541.654 0.581763 0.00658913
542.001 0.587972 0.00664482
542.348 0.588749 0.00664796
542.695 0.587633 0.00665006
543.042 0.58179 0.00651537
543.388 0.573159 0.00638508
543.735 0.582396 0.00642738
544.082 0.588253 0.00644978
544.429 0.589518 0.00648644
544.775 0.59399 0.00665438
545.122 0.596009 0.00686331
545.469 0.594046 0.00696402
545.815 0.580325 0.00684329
546.162 0.581601 0.0067963
546.508 0.576415 0.00662702
546.854 0.567152 0.00632991
547.201 0.56798 0.00610261
547.547 0.58119 0.00615528
547.893 0.595162 0.00636868
548.24 0.607468 0.00677878
548.586 0.607008 0.00705801
548.932 0.594707 0.00709006
549.278 0.583512 0.00702799
549.624 0.583517 0.00699048
549.97 0.588644 0.00708683
550.316 0.593202 0.00725625
550.662 0.592804 0.00732845
551.008 0.564484 0.00678127
551.353 0.568166 0.00643986
551.699 0.578043 0.00635191
552.045 0.59307 0.00660721
552.391 0.593783 0.00674819
552.736 0.58489 0.00672805
553.082 0.581664 0.00671932
553.427 0.591106 0.00689336
553.773 0.598443 0.00716565
554.118 0.583463 0.00707584
554.464 0.574885 0.00684341
554.809 0.562876 0.00650262
555.154 0.575888 0.00648876
555.5 0.581101 0.00653284
555.845 0.592582 0.00685357
556.19 0.592463 0.00703881
556.535 0.594725 0.0072106
556.88 0.580857 0.00701112
557.225 0.580708 0.00698425
557.57 0.58861 0.00716882
557.915 0.600101 0.0074347
558.26 0.59396 0.00748772
558.605 0.586633 0.007415
558.95 0.574801 0.00717799
559.295 0.563821 0.00672998
559.639 0.568292 0.00650231
559.984 0.563815 0.00622912
560.329 0.576356 0.00627475
560.673 0.584656 0.00634171
561.018 0.589145 0.00655282
561.362 0.592353 0.0067458
561.707 0.591909 0.00691231
562.051 0.580594 0.00676248
562.395 0.567562 0.00659783
562.74 0.576034 0.006515
563.084 0.572677 0.00641572
563.428 0.570301 0.0062687
563.772 0.578269 0.0063416
564.117 0.576128 0.00628356
564.461 0.57598 0.00626287
564.805 0.578214 0.00632967
565.149 0.577999 0.00629931
565.493 0.576169 0.00629896
565.836 0.576045 0.00617729
566.18 0.571007 0.00606034
566.524 0.550691 0.0055499
566.868 0.561949 0.00545602
567.212 0.569843 0.00540069
567.555 0.567264 0.00532036
567.899 0.557517 0.00503006
568.242 0.555769 0.0048171
568.586 0.548968 0.00448014
568.929 0.541873 0.00416637
569.273 0.546663 0.00395647
569.616 0.570752 0.00404841
569.96 0.565077 0.00394686
570.303 0.558107 0.00380056
570.646 0.563207 0.00377047
570.989 0.558667 0.00363894
571.333 0.573396 0.00373248
571.676 0.584559 0.0039095
572.019 0.602584 0.00429211
572.362 0.555645 0.00388892
572.705 0.541419 0.00356302
573.048 0.552556 0.00342614
573.391 0.553026 0.00331576
573.733 0.560285 0.00329108
574.076 0.564569 0.00326712
574.419 0.5807 0.00341446
574.762 0.587793 0.00361828
575.104 0.60087 0.00391605
575.447 0.565791 0.00374871
575.789 0.544202 0.00345576
576.132 0.546396 0.0032713
576.474 0.559216 0.00327242
576.817 0.543161 0.00298342
577.159 0.552389 0.00284467
577.501 0.580547 0.00293929
577.844 0.602294 0.0032042
578.186 0.619458 0.00364491
578.528 0.59373 0.00371417
578.87 0.577252 0.00367825
579.212 0.554827 0.00348581
579.554 0.55991 0.00338986
579.896 0.562118 0.00341722
580.238 0.545862 0.00317332
580.58 0.536325 0.00276367
580.922 0.57707 0.00275512
581.264 0.626003 0.00286949
581.606 0.609313 0.00295562
581.947 0.606433 0.00312987
582.289 0.620637 0.00351774
582.631 0.619589 0.00389861
582.972 0.601835 0.00410002
583.314 0.571701 0.003952
583.655 0.552945 0.00375721
583.997 0.534519 0.00337199
584.338 0.534572 0.00313647
584.679 0.548937 0.00304947
585.021 0.575085 0.00320706
585.362 0.593223 0.00349989
585.703 0.603801 0.00379783
586.044 0.573901 0.00371641
586.385 0.549899 0.00344237
586.726 0.545619 0.00327497
587.067 0.578576 0.00350478
587.408 0.587331 0.00373367
587.749 0.589299 0.00391723
588.09 0.584759 0.00406476
588.431 0.600186 0.00436333
588.772 0.587715 0.0044906
589.113 0.565456 0.00432868
589.453 0.563804 0.00429891
589.794 0.579587 0.00450793
590.134 0.595284 0.00481233
590.475 0.584518 0.00487945
590.815 0.569249 0.00477074
591.156 0.57004 0.00478085
591.496 0.553302 0.00456655
591.837 0.522365 0.00381712
592.177 0.519157 0.00345681
592.517 0.543258 0.00338552
592.857 0.578558 0.00368365
593.198 0.595289 0.00397555
593.538 0.614023 0.00445409
593.878 0.59243 0.00451487
594.218 0.559031 0.00424429
594.558 0.552818 0.00406376
594.898 0.573229 0.00425464
595.237 0.597195 0.00461191
595.577 0.600387 0.00492293
595.917 0.596471 0.00515191
596.257 0.562917 0.0047952
596.596 0.55309 0.00463369
596.936 0.56712 0.00461423
597.276 0.578734 0.00484345
597.615 0.56569 0.00470367
597.955 0.52517 0.00398595
598.294 0.535847 0.00377748
598.633 0.562302 0.00388242
598.973 0.580333 0.00409286
599.312 0.566875 0.00403278
599.651 0.573504 0.00408845
599.991 0.573849 0.004179
600.33 0.578418 0.00426043
600.669 0.579687 0.00438735
601.008 0.587945 0.00457123
601.347 0.583354 0.00470852
601.686 0.561488 0.00448451
602.025 0.566636 0.00453509
602.364 0.550803 0.00424851
602.702 0.553424 0.00419751
603.041 0.566924 0.00427653
603.38 0.587455 0.00456151
603.719 0.592334 0.00478907
604.057 0.583932 0.00488862
604.396 0.573214 0.00483589
604.734 0.546935 0.00451156
605.073 0.541565 0.00415329
605.411 0.560175 0.00426505
605.75 0.584929 0.00451738
606.088 0.588073 0.00476661
606.426 0.564666 0.00455628
606.764 0.562106 0.00448345
607.103 0.580675 0.00470131
607.441 0.584593 0.00487995
607.779 0.583972 0.0049956
608.117 0.570068 0.00490201
608.455 0.586628 0.00518362
608.793 0.575209 0.00518242
609.131 0.543761 0.00470086
609.469 0.550879 0.00461735
609.806 0.572748 0.00477142
610.144 0.592558 0.00523437
610.482 0.577555 0.00522137
610.819 0.574578 0.00519649
611.157 0.566306 0.0051861
611.495 0.58245 0.00544383
611.832 0.571699 0.00540947
612.17 0.564142 0.00533451
612.507 0.564754 0.0052778
612.844 0.570338 0.00535954
613.182 0.568859 0.00536495
613.519 0.563243 0.00530553
613.856 0.56476 0.00529883
614.193 0.558404 0.00520248
614.53 0.557691 0.00509084
614.867 0.562113 0.00510545
615.205 0.587077 0.00547885
615.541 0.59034 0.0056926
615.878 0.584121 0.00590296
616.215 0.570445 0.0057739
616.552 0.570263 0.00583196
616.889 0.558727 0.00564014
617.226 0.563507 0.00560612
617.562 0.576301 0.00584963
617.899 0.59636 0.00630993
618.235 0.601389 0.00666295
618.572 0.588837 0.00683731
618.908 0.564363 0.00646144
619.245 0.558489 0.0061654
619.581 0.556293 0.00604539
619.918 0.598267 0.00679014
620.254 0.628832 0.00785305
620.59 0.599529 0.00778332
620.926 0.554295 0.00697803
621.262 0.545721 0.00653928
621.599 0.56678 0.00669455
621.935 0.564366 0.0065962
622.271 0.553413 0.00628697
622.606 0.554617 0.00615781
622.942 0.578523 0.00644504
623.278 0.582001 0.00665281
623.614 0.551093 0.00616949
623.95 0.556516 0.00617495
624.285 0.575555 0.00639674
624.621 0.589216 0.00682382
624.957 0.582546 0.00699613
625.292 0.592663 0.00727
625.628 0.589889 0.00747242
625.963 0.576296 0.00743485
626.299 0.566719 0.00722102
626.634 0.559588 0.00706287
626.969 0.572876 0.0072784
627.304 0.606607 0.00811841
627.64 0.609625 0.00872955
627.975 0.56881 0.00826354
628.31 0.544584 0.00764294
628.645 0.561527 0.0075834
628.98 0.575012 0.00784255
629.315 0.582017 0.00804139
629.65 0.576435 0.0080666
629.985 0.573798 0.00802549
630.319 0.593892 0.00852186
630.654 0.582741 0.00853766
630.989 0.577245 0.00845569
631.323 0.579099 0.00861596
631.658 0.597454 0.00910809
631.993 0.597602 0.00950365
632.327 0.588574 0.00946753
632.662 0.5834 0.00937477
632.996 0.568672 0.00905039
633.33 0.559766 0.00884632
633.665 0.594019 0.00943213
633.999 0.591157 0.00969521
634.333 0.585819 0.00964941
634.667 0.58178 0.00964936
635.001 0.568735 0.00930811
635.335 0.560714 0.00889054
635.669 0.548987 0.00847062
636.003 0.573061 0.00877486
636.337 0.599206 0.00942131
636.671 0.61663 0.0100565
637.005 0.604231 0.0102253
637.339 0.590105 0.0100604
637.672 0.567594 0.00950637
638.006 0.56954 0.00927814
638.339 0.579078 0.00949192
638.673 0.600361 0.00997248
639.006 0.59673 0.0102546
639.34 0.591599 0.0102047
639.673 0.594159 0.0103728
640.007 0.586102 0.0102763
640.34 0.589426 0.0104851
640.673 0.584595 0.0105217
641.006 0.600195 0.0108178
641.34 0.586395 0.0108092
641.673 0.594879 0.0111471
642.006 0.596118 0.0113509
642.339 0.588303 0.0110769
642.672 0.595699 0.0110778
643.004 0.581956 0.0110117
643.337 0.599037 0.0115321
643.67 0.587524 0.0114176
644.003 0.579124 0.0112246
644.336 0.573269 0.0111209
644.668 0.584891 0.0112129
645.001 0.585804 0.0114157
645.333 0.603184 0.0118687
645.666 0.607391 0.0121557
645.998 0.602174 0.0123797
646.331 0.602763 0.012574
646.663 0.59405 0.0123544
646.995 0.568832 0.0113521
647.327 0.539833 0.0101558
647.66 0.547451 0.00966756
647.992 0.567086 0.0096891
648.324 0.572991 0.00970343
648.656 0.5906 0.00998838
648.988 0.607107 0.0105302
649.32 0.633748 0.0115085
649.652 0.628216 0.0119957
649.983 0.616973 0.0121438
650.315 0.598085 0.0120335
650.647 0.577214 0.0115505
650.979 0.561815 0.0108756
651.31 0.554029 0.0103846
651.642 0.570428 0.0103006
651.973 0.580764 0.0103866
652.305 0.580855 0.0103479
652.636 0.596027 0.0106275
652.967 0.607582 0.0109725
653.299 0.605895 0.0112127
653.63 0.598012 0.0110136
653.961 0.558905 0.00989095
654.292 0.465716 0.00693006
654.623 0.36445 0.00222204
654.955 0.896183 0.00342046
655.286 0.896128 0.00342025
655.616 0.896072 0.00342004
655.947 0.896015 0.00341982
656.278 0.895958 0.0034196
656.609 0.736811 0.0032452
656.94 0.800533 0.00447606
657.27 0.784706 0.00519552
657.601 0.772179 0.00594442
657.932 0.758908 0.00704872
658.262 0.719449 0.00836025
658.593 0.680585 0.00975399
658.923 0.652356 0.011166
659.254 0.647175 0.0122852
659.584 0.626515 0.0128337
659.914 0.631878 0.0134966
660.244 0.61601 0.0136589
660.575 0.599406 0.013375
660.905 0.600608 0.0134083
661.235 0.60202 0.0132362
661.565 0.589803 0.0130069
661.895 0.591514 0.0129514
662.225 0.602659 0.0132788
662.555 0.601464 0.0134498
662.884 0.596185 0.013241
663.214 0.585333 0.012939
663.544 0.600117 0.012965
663.873 0.59234 0.0126899
664.203 0.591378 0.0125415
664.533 0.574629 0.0120278
664.862 0.58377 0.0120387
665.192 0.596895 0.0125235
665.521 0.630115 0.0135658
665.85 0.614887 0.013799
666.18 0.624752 0.0144822
666.509 0.610699 0.0142333
666.838 0.585952 0.0136123
667.167 0.585751 0.0134352
667.496 0.609484 0.0139408
667.825 0.605326 0.0139631
668.154 0.604923 0.0139352
668.483 0.590119 0.0136702
668.812 0.591329 0.0134292
669.141 0.595546 0.0133425
669.47 0.603657 0.0132677
669.798 0.605579 0.0134248
670.127 0.603071 0.0134096
670.456 0.571637 0.0123171
670.784 0.5385 0.0107232
671.113 0.532099 0.00978463
671.441 0.542989 0.00944489
671.77 0.576801 0.00989616
672.098 0.586989 0.010376
672.426 0.640039 0.0120457
672.755 0.631121 0.0127182
673.083 0.614693 0.012729
673.411 0.598436 0.0125344
673.739 0.600954 0.0127446
674.067 0.630388 0.0137424
674.395 0.614446 0.0135659
674.723 0.588072 0.012926
675.051 0.579454 0.0126454
675.379 0.580789 0.0126494
675.706 0.596997 0.0129658
676.034 0.60953 0.0133968
676.362 0.592962 0.0132772
676.689 0.56304 0.012153
677.017 0.568847 0.0114134
677.344 0.561761 0.0108954
677.672 0.594372 0.0113993
677.999 0.594311 0.0115375
678.327 0.564806 0.0110233
678.654 0.559032 0.0104895
678.981 0.563571 0.0102152
679.308 0.57899 0.0104366
679.636 0.601414 0.0111339
679.963 0.611121 0.0117852
680.29 0.595179 0.011662
680.617 0.588812 0.0113835
680.944 0.578472 0.0111158
681.271 0.609671 0.0117404
681.597 0.62383 0.0126791
681.924 0.634964 0.0136239
682.251 0.605197 0.0132484
682.578 0.569691 0.0121784
682.904 0.548793 0.0111534
683.231 0.560437 0.0108227
683.557 0.562004 0.0105951
683.884 0.564568 0.0103163
684.21 0.560323 0.0100368
684.536 0.554125 0.00965497
684.863 0.559618 0.00955692
685.189 0.579258 0.00988723
685.515 0.601444 0.0106201
685.841 0.600272 0.0109572
686.167 0.582321 0.0108029
686.493 0.577297 0.0106276
686.819 0.58756 0.0107825
687.145 0.604523 0.0114146
687.471 0.610051 0.012331
687.797 0.614119 0.0127871
688.123 0.593489 0.012494
688.448 0.576439 0.0119093
688.774 0.571556 0.0115023
689.1 0.591269 0.0118971
689.425 0.616928 0.0126623
689.751 0.608982 0.0127841
690.076 0.563512 0.0116128
690.402 0.541848 0.0106391
690.727 0.556771 0.0104516
691.052 0.58595 0.0110031
691.377 0.591255 0.0113846
691.703 0.585997 0.0116208
692.028 0.579147 0.0115592
692.353 0.569864 0.0112238
692.678 0.590421 0.0115123
693.003 0.60988 0.0121453
693.328 0.627765 0.0132318
693.652 0.618458 0.0137263
693.977 0.589256 0.0130782
694.302 0.564779 0.0120726
694.627 0.582039 0.0120843
694.951 0.599297 0.0127031
695.276 0.640461 0.0143961
695.6 0.616012 0.0143561
695.925 0.536491 0.0117584
696.249 0.521452 0.0102218
696.574 0.547232 0.00992396
696.898 0.589175 0.010766
697.222 0.608613 0.0115658
697.546 0.59604 0.0119062
697.871 0.599776 0.0121951
698.195 0.594545 0.0122308
698.519 0.612867 0.012732
698.843 0.610313 0.0130691
699.167 0.617167 0.0136362
699.491 0.620755 0.0141966
699.814 0.609158 0.014177
700.138 0.599199 0.0141036
700.462 0.616883 0.0145468
700.786 0.589438 0.0140307
701.109 0.576321 0.0135318
701.433 0.581758 0.0131246
701.756 0.557492 0.0123893
702.08 0.570896 0.0125384
702.403 0.601315 0.0131302
702.726 0.616392 0.013858
703.05 0.602546 0.0140359
703.373 0.60419 0.0142189
703.696 0.602965 0.0142164
704.019 0.633569 0.0150812
704.342 0.627901 0.0155612
704.665 0.631261 0.016247
704.988 0.630536 0.0161315
705.311 0.588142 0.0146223
705.634 0.543759 0.0126236
705.957 0.534443 0.0113348
706.28 0.531937 0.0104757
706.602 0.562421 0.0106599
706.925 0.57195 0.0109759
707.247 0.59164 0.0116081
707.57 0.576903 0.0119147
707.892 0.60457 0.0126132
708.215 0.615517 0.0133488
708.537 0.613448 0.0136544
708.859 0.593991 0.0135129
709.182 0.583435 0.0132537
709.504 0.585734 0.0129303
709.826 0.577611 0.0126791
710.148 0.593572 0.0129049
710.47 0.598709 0.013329
710.792 0.614675 0.0140047
711.114 0.62005 0.0145373
711.436 0.61618 0.0148143
711.758 0.590817 0.0142714
712.079 0.583689 0.014023
712.401 0.576198 0.0132452
712.723 0.573178 0.0127309
713.044 0.554651 0.0117987
713.366 0.563781 0.011763
713.687 0.585335 0.0120831
714.009 0.592616 0.0124879
714.33 0.585632 0.0126924
714.652 0.607606 0.0132958
714.973 0.618261 0.0138766
715.294 0.622641 0.0146418
715.615 0.6471 0.0158811
715.936 0.616217 0.0157248
716.257 0.62081 0.0159352
716.578 0.63973 0.0162849
716.899 0.609756 0.0155444
717.22 0.577703 0.0141542
717.541 0.564562 0.0136173
717.862 0.583336 0.0137954
718.182 0.583397 0.0137689
718.503 0.576244 0.0133868
718.824 0.594558 0.0137915
719.144 0.606547 0.0141526
719.465 0.606649 0.0144771
719.785 0.581138 0.0138771
720.105 0.585398 0.0137449
720.426 0.584907 0.0135687
720.746 0.5954 0.0139221
721.066 0.590359 0.013888
721.386 0.59666 0.014105
721.706 0.611298 0.0146922
722.026 0.618626 0.0151722
722.346 0.610262 0.0151946
722.666 0.607465 0.0149614
722.986 0.613683 0.0146647
723.306 0.596598 0.0145721
723.626 0.605192 0.0149676
723.946 0.602568 0.0149053
724.265 0.567984 0.0136976
724.585 0.564916 0.0129403
724.904 0.566788 0.0128654
725.224 0.580024 0.0130495
725.543 0.583938 0.0130907
725.863 0.596184 0.013354
726.182 0.605389 0.014003
726.501 0.594731 0.0140978
726.82 0.598623 0.014237
727.14 0.586099 0.0135417
727.459 0.580503 0.0130704
727.778 0.574033 0.0129201
728.097 0.580949 0.0131755
728.416 0.573743 0.0129456
728.734 0.569336 0.0124858
729.053 0.582286 0.0125032
729.372 0.572616 0.0123733
729.691 0.568774 0.012021
730.009 0.550954 0.0112624
730.328 0.545846 0.0108802
730.647 0.570777 0.0111386
730.965 0.577807 0.0115996
731.283 0.600841 0.012273
731.602 0.585883 0.0122604
731.92 0.576753 0.0119483
732.238 0.557005 0.0114592
732.557 0.562585 0.0114109
732.875 0.560466 0.0111133
733.193 0.537555 0.0102348
733.511 0.555904 0.0101701
733.829 0.574251 0.0106466
734.147 0.59405 0.0115408
734.465 0.594406 0.0120694
734.782 0.582712 0.0119392
735.1 0.558763 0.0113638
735.418 0.570149 0.0114696
735.735 0.573908 0.011542
736.053 0.573165 0.0114066
736.371 0.566517 0.0114575
736.688 0.575655 0.0119704
737.005 0.607333 0.0130443
737.323 0.59984 0.0134594
737.64 0.596749 0.01344
737.957 0.559248 0.0123356
738.274 0.53389 0.0110623
738.592 0.550063 0.0109553
738.909 0.56964 0.0114293
739.226 0.601113 0.0127879
739.543 0.6155 0.0139481
739.86 0.61977 0.0148102
740.176 0.620467 0.0152033
740.493 0.611673 0.015551
740.81 0.601515 0.0154699
741.127 0.591597 0.0151798
741.443 0.570619 0.0141258
741.76 0.565088 0.0135914
742.076 0.583762 0.0139364
742.393 0.599524 0.0148809
742.709 0.63094 0.0161108
743.025 0.621331 0.0162822
743.342 0.601645 0.015875
743.658 0.605661 0.0156214
743.974 0.592759 0.0150267
744.29 0.597289 0.0150687
744.606 0.590471 0.0151425
744.922 0.582013 0.0150606
745.238 0.60464 0.0153972
745.554 0.602606 0.0157432
745.87 0.596787 0.015832
746.186 0.588611 0.0150754
746.501 0.572034 0.0143149
746.817 0.585028 0.0147071
747.132 0.617453 0.016218
747.448 0.622707 0.0169268
747.763 0.602993 0.0164079
748.079 0.587174 0.0155174
748.394 0.570687 0.0142612
748.71 0.551259 0.013049
749.025 0.53606 0.0121151
749.34 0.551192 0.0121252
749.655 0.569307 0.0125924
749.97 0.587608 0.0132537
750.285 0.573343 0.0131324
750.6 0.566482 0.0127745
750.915 0.558922 0.0123736
751.23 0.580916 0.0128632
751.545 0.600466 0.0136152
751.859 0.602143 0.0141478
752.174 0.587075 0.0141328
752.489 0.568614 0.0132085
752.803 0.553587 0.0122505
753.118 0.565623 0.01229
753.432 0.587739 0.0129483
753.747 0.583678 0.0133818
754.061 0.55809 0.0126417
754.375 0.550185 0.0120265
754.689 0.544394 0.0115907
755.004 0.554024 0.0116739
755.318 0.55313 0.0114102
755.632 0.53586 0.0106829
755.946 0.542608 0.0105557
756.26 0.536484 0.0100267
756.573 0.531501 0.00954872
756.887 0.521442 0.00917
757.201 0.546614 0.00958798
757.515 0.582989 0.0108466
757.828 0.60092 0.0118102
758.142 0.572449 0.0114889
758.455 0.540067 0.0103636
758.769 0.532095 0.00974172
759.082 0.528759 0.00944698
759.396 0.535657 0.00936548
759.709 0.528835 0.00923349
760.022 0.541172 0.00942302
760.335 0.562938 0.0101157
760.648 0.584532 0.011079
760.962 0.594152 0.0119893
761.275 0.596976 0.0126132
761.587 0.596854 0.012776
761.9 0.578685 0.0126119
762.213 0.568968 0.0120972
762.526 0.550166 0.0114665
762.839 0.548203 0.0114002
763.151 0.536782 0.010955
763.464 0.527287 0.0102694
763.776 0.513036 0.00940924
764.089 0.519065 0.00926447
764.401 0.540472 0.00978946
764.714 0.557006 0.0105225
765.026 0.577429 0.0114354
765.338 0.592714 0.0123362
765.65 0.622999 0.0136128
765.962 0.604931 0.0140375
766.275 0.621051 0.0147321
766.587 0.5917 0.0144272
766.898 0.570787 0.0137152
767.21 0.550662 0.012675
767.522 0.526404 0.0114983
767.834 0.521569 0.0110261
768.146 0.538955 0.0112893
768.457 0.576221 0.0123864
768.769 0.577454 0.0130598
769.08 0.558219 0.0128985
769.392 0.548389 0.0123222
769.703 0.52636 0.0114474
770.015 0.531193 0.0110611
770.326 0.549126 0.0112681
770.637 0.556237 0.0117509
770.948 0.580479 0.0128807
771.26 0.602096 0.0139424
771.571 0.582638 0.0138656
771.882 0.562897 0.0132975
772.193 0.589632 0.0137475
772.504 0.587981 0.0140718
772.814 0.581766 0.0142765
773.125 0.581836 0.0145729
773.436 0.592313 0.0151259
773.747 0.580743 0.0153146
774.057 0.605502 0.0159721
774.368 0.607042 0.016244
774.678 0.610118 0.0167096
774.989 0.602665 0.0168679
775.299 0.624516 0.0177488
775.609 0.590163 0.0170614
775.919 0.602185 0.0170929
776.23 0.609653 0.0172194
776.54 0.592658 0.0168339
776.85 0.602993 0.0171586
777.16 0.574282 0.0162476
777.47 0.554871 0.0151409
777.78 0.548824 0.0143946
778.089 0.553982 0.0137352
778.399 0.540883 0.0134858
778.709 0.577952 0.0145834
779.019 0.610555 0.0159737
779.328 0.621948 0.0169943
779.638 0.576437 0.0161444
779.947 0.55325 0.014418
780.257 0.520786 0.0127608
780.566 0.531085 0.012404
780.875 0.542717 0.0128258
781.185 0.584876 0.014159
781.494 0.576772 0.0142928
781.803 0.584745 0.0147759
782.112 0.585216 0.0149981
782.421 0.586899 0.0148223
782.73 0.570776 0.0142324
783.039 0.570199 0.0144057
783.348 0.611427 0.016108
783.656 0.601686 0.0168571
783.965 0.641844 0.0176717
784.274 0.59602 0.0163822
784.582 0.579364 0.01565
784.891 0.58028 0.01557
785.199 0.575669 0.015743
785.508 0.597492 0.0164804
785.816 0.605796 0.0168962
786.124 0.596415 0.0163948
786.432 0.572402 0.0152726
786.741 0.566523 0.0146133
787.049 0.569537 0.0145655
787.357 0.570021 0.0147947
787.665 0.576339 0.0147869
787.973 0.59065 0.0151055
788.281 0.600639 0.0155498
788.588 0.604508 0.0164304
788.896 0.631722 0.0178407
789.204 0.652993 0.0188755
789.511 0.626625 0.0185406
789.819 0.632561 0.0189677
790.126 0.627324 0.0188969
790.434 0.63984 0.0190801
790.741 0.628018 0.0188553
791.049 0.621611 0.0187391
791.356 0.619903 0.0193207
791.663 0.626834 0.019779
791.97 0.615423 0.019649
792.277 0.624427 0.0194246
792.584 0.596168 0.0179791
792.891 0.53766 0.0151017
793.198 0.538367 0.0140274
793.505 0.543646 0.0138202
793.812 0.556961 0.0143841
794.119 0.575363 0.0149559
794.425 0.590548 0.015602
794.732 0.608742 0.0165626
795.038 0.652386 0.0189427
795.345 0.686105 0.0208901
795.651 0.698228 0.0222037
795.958 0.662104 0.0216656
796.264 0.620049 0.0195649
796.57 0.605359 0.0186245
796.876 0.620834 0.018699
797.183 0.620335 0.0190371
797.489 0.634682 0.0200464
797.795 0.627205 0.0201062
798.101 0.61951 0.0198941
798.406 0.629201 0.0201556
798.712 0.643968 0.0209931
799.018 0.629204 0.0210752
799.324 0.654928 0.0215582
799.629 0.63965 0.0214014
799.935 0.643634 0.0216271
800.24 0.667712 0.0224469
800.546 0.640894 0.021999
800.851 0.666939 0.0226459
801.157 0.687763 0.0239818
801.462 0.670353 0.023906
801.767 0.689871 0.0243669
802.072 0.666354 0.0230189
802.377 0.628896 0.0215194
802.682 0.622483 0.0210645
802.987 0.636283 0.0218882
803.292 0.642403 0.0225555
803.597 0.686138 0.023509
803.902 0.67183 0.0232041
804.207 0.639309 0.0224939
804.511 0.655177 0.0224223
804.816 0.607462 0.0202861
805.12 0.597029 0.0187911
805.425 0.575874 0.0173826
805.729 0.591828 0.0177598
806.034 0.624781 0.0189538
806.338 0.644854 0.0203533
806.642 0.653942 0.0210182
806.946 0.639097 0.020568
807.251 0.646916 0.0208837
807.555 0.629985 0.0202807
807.859 0.620453 0.0199738
808.162 0.673876 0.0214201
808.466 0.671686 0.0221131
808.77 0.683954 0.0229053
809.074 0.699348 0.0239538
809.378 0.685049 0.023749
809.681 0.664012 0.0231974
809.985 0.702437 0.024245
810.288 0.690172 0.0243005
810.592 0.676052 0.0238703
810.895 0.6761 0.0244381
811.198 0.716797 0.0262755
811.502 0.698548 0.0263161
811.805 0.728571 0.027614
812.108 0.671832 0.0253097
812.411 0.699122 0.0250538
812.714 0.63711 0.0222845
813.017 0.609819 0.0206326
813.32 0.634123 0.0210085
813.623 0.635112 0.0216891
813.926 0.714346 0.0246684
814.228 0.760752 0.0268185
814.531 0.773613 0.0279113
814.833 0.727853 0.0268652
815.136 0.721684 0.0269137
815.438 0.742311 0.027607
815.741 0.6807 0.0253404
816.043 0.680379 0.0250263
816.345 0.696162 0.0251446
816.648 0.661103 0.0247029
816.95 0.715452 0.0260928
817.252 0.713923 0.0266504
817.554 0.695786 0.0263659
817.856 0.709607 0.0271952
818.158 0.720777 0.0276464
818.46 0.752757 0.0289696
818.761 0.739445 0.0286076
819.063 0.730325 0.0279371
819.365 0.678413 0.0261305
819.666 0.649522 0.0242896
819.968 0.688277 0.0241788
820.269 0.635207 0.0229769
820.571 0.698133 0.0247197
820.872 0.711707 0.0259027
821.173 0.729324 0.027263
821.475 0.775957 0.0292031
821.776 0.767018 0.0288841
822.077 0.731046 0.0280343
822.378 0.720925 0.0280339
822.679 0.766067 0.0293713
822.98 0.740961 0.0286177
823.281 0.76479 0.0300172
823.581 0.729174 0.0290142
823.882 0.786171 0.0305123
824.183 0.774569 0.0299791
824.483 0.687774 0.027245
824.784 0.678212 0.0259436
825.084 0.69896 0.0268096
825.385 0.742497 0.0279943
825.685 0.751714 0.0287732
825.985 0.719623 0.0279117
826.286 0.734554 0.0278125
826.586 0.705159 0.0267157
826.886 0.715248 0.0269562
827.186 0.738473 0.0277924
827.486 0.762369 0.029187
827.786 0.750583 0.0294019
828.086 0.762399 0.0293346
828.386 0.717716 0.02809
828.685 0.749793 0.028552
828.985 0.801146 0.0303955
829.285 0.765268 0.0299122
829.584 0.732078 0.0297291
829.884 0.741529 0.0303765
830.183 0.829047 0.0337934
830.482 0.816779 0.0331764
830.782 0.787545 0.0327157
831.081 0.832934 0.0349187
831.38 0.78966 0.0329002
831.679 0.765143 0.0324589
831.978 0.813392 0.0335201
832.277 0.750436 0.0311591
832.576 0.756348 0.0306931
832.875 0.720892 0.0299469
833.174 0.743543 0.0302228
833.472 0.774254 0.031074
833.771 0.765357 0.0313153
834.07 0.712451 0.0294956
834.368 0.778671 0.0311376
834.667 0.801385 0.0324227
834.965 0.76207 0.0320921
835.263 0.808668 0.0331032
835.562 0.768669 0.0322888
835.86 0.757556 0.0317587
836.158 0.766405 0.032307
836.456 0.78251 0.0335046
836.754 0.760751 0.0329431
837.052 0.811122 0.0350964
837.35 0.78866 0.033936
837.648 0.807168 0.0347872
837.946 0.823573 0.0354383
838.243 0.801554 0.0349714
838.541 0.771479 0.0334077
838.839 0.777021 0.0335766
839.136 0.804065 0.034084
839.434 0.85054 0.0348421
839.731 0.868795 0.0361618
840.028 0.793201 0.0337612
840.326 0.82538 0.0348721
840.623 0.81136 0.0345432
840.92 0.812184 0.0348934
841.217 0.84315 0.0365504
841.514 0.842154 0.0367329
841.811 0.763682 0.033825
842.108 0.82229 0.0361308
842.405 0.813601 0.0362076
842.701 0.815572 0.0364186
842.998 0.810752 0.0351929
843.295 0.837098 0.0365419
843.591 0.867565 0.0372823
843.888 0.800565 0.0353997
844.184 0.773479 0.0349973
844.481 0.757446 0.0340647
844.777 0.787269 0.0348989
845.073 0.801852 0.0354861
845.369 0.802579 0.0358584
845.665 0.845854 0.0373505
845.962 0.817933 0.0360082
846.258 0.878878 0.0380485
846.553 0.823809 0.0368906
846.849 0.835106 0.0372067
847.145 0.802844 0.0352954
847.441 0.808943 0.0356418
847.737 0.836316 0.0359394
848.032 0.836284 0.0366253
848.328 0.857297 0.037253
848.623 0.821415 0.036952
848.919 0.779356 0.0351916
849.214 0.766086 0.0344926
849.509 0.857163 0.0370297
849.805 0.794162 0.036358
850.1 0.921375 0.0400375
850.395 0.865782 0.0386822
850.69 0.905702 0.0398393
850.985 0.819445 0.03655
851.28 0.788342 0.0357008
851.575 0.824161 0.0369486
851.869 0.856348 0.0375346
852.164 0.851396 0.0368684
852.459 0.812604 0.0350306
852.753 0.830927 0.0349305
853.048 0.760035 0.0316739
853.342 0.800043 0.0322713
853.637 0.829817 0.0334568
853.931 0.782563 0.0321417
854.225 0.776809 0.0318825
854.52 0.840171 0.0343928
854.814 0.821273 0.0341168
855.108 0.780865 0.0321876
855.402 0.773066 0.0326124
855.696 0.853842 0.0352551
855.99 0.90418 0.0368645
856.283 0.811144 0.0341502
856.577 0.825225 0.0352329
856.871 0.803408 0.0344893
857.164 0.803396 0.0348641
857.458 0.871854 0.0375256
857.751 0.833031 0.0360444
858.045 0.812497 0.0351655
858.338 0.817427 0.0358482
858.632 0.799162 0.0346341
858.925 0.78426 0.03521
859.218 0.776261 0.0348808
859.511 0.881205 0.0387194
859.804 0.876906 0.0382385
860.097 0.822102 0.0360436
860.39 0.891001 0.0386247
860.683 0.845801 0.0374729
860.976 0.854143 0.0379589
861.268 0.797332 0.0361079
861.561 0.859882 0.0385722
861.854 0.875975 0.0400913
862.146 0.811938 0.0372272
862.439 0.823791 0.0372951
862.731 0.774814 0.0352838
863.023 0.808338 0.0372064
863.316 0.811286 0.0366016
863.608 0.880844 0.0383378
863.9 0.89807 0.0387355
864.192 0.760667 0.0348038
864.484 0.895048 0.0386562
864.776 0.877269 0.0386099
865.068 0.82645 0.037243
865.36 0.8122 0.036824
865.651 0.887343 0.0395007
865.943 0.848118 0.037904
866.235 0.81305 0.0373002
866.526 0.897912 0.040255
866.818 0.826261 0.0373202
867.109 0.818043 0.0369065
867.4 0.831672 0.0379289
867.692 0.882453 0.039283
867.983 0.864971 0.0385155
868.274 0.864862 0.0389962
868.565 0.863349 0.038465
868.856 0.830356 0.0379697
869.147 0.821441 0.037663
869.438 0.876483 0.0387995
869.729 0.868754 0.0388593
870.02 0.909315 0.0413236
870.31 0.834456 0.0383513
870.601 0.864515 0.0384735
870.892 0.809252 0.0368413
871.182 0.825105 0.0370438
871.473 0.821473 0.0377658
871.763 0.827125 0.0369868
872.053 0.828475 0.0374531
872.343 0.842209 0.037704
872.634 0.893911 0.0392346
872.924 0.862954 0.0377832
873.214 0.857585 0.0384362
873.504 0.871741 0.0392724
873.794 0.87049 0.0402246
874.084 0.88434 0.0404264
874.373 0.79703 0.037413
874.663 0.793458 0.0364451
874.953 0.856258 0.0391193
875.242 0.868386 0.0388649
875.532 0.809998 0.0372272
875.821 0.84468 0.0382521
876.111 0.84365 0.0380838
876.4 0.86189 0.0389748
876.689 0.847516 0.0383916
876.978 0.821479 0.0378112
877.268 0.863052 0.038825
877.557 0.885104 0.0397716
877.846 0.840913 0.0386362
878.134 0.911629 0.0405931
878.423 0.911797 0.0406006
878.712 0.911965 0.040608
