178.41 0.216783 0.0720215
178.791 0.218156 0.0724775
179.172 0.219519 0.0729303
179.553 0.565149 0.565149
179.934 0.556438 0.556438
180.316 0.660093 0.660093
180.697 0.44911 0.44911
181.078 0.657295 0.657295
181.459 0.338511 0.338511
181.84 0.440136 0.440136
182.221 2.23703 2.23703
182.602 0.397262 0.397262
182.983 4.90236 1.00257
183.364 1.50826 0.217925
183.744 0.357474 0.0669844
184.125 0.80017 0.086934
184.506 0.513466 0.0570482
184.887 0.51329 0.0508632
185.268 0.475241 0.0421343
185.648 0.586062 0.0452939
186.029 0.538639 0.0414179
186.41 0.620148 0.0432792
186.791 0.588639 0.0405226
187.171 0.580556 0.0344218
187.552 0.42811 0.0240492
187.932 0.484099 0.02604
188.313 0.422635 0.0227246
188.694 0.463442 0.0237829
189.074 0.474286 0.0231961
189.455 0.410859 0.0209903
189.835 0.45145 0.0226241
190.216 0.448127 0.0219467
190.596 0.409031 0.0200662
190.977 0.436546 0.0205691
191.357 0.474819 0.0215152
191.737 0.466812 0.0210665
192.118 0.461445 0.0208423
192.498 0.440277 0.0197271
192.878 0.429504 0.0196342
193.258 0.435222 0.0194234
193.639 0.435527 0.0191892
194.019 0.468122 0.0200696
194.399 0.425306 0.0189648
194.779 0.41621 0.018009
195.159 0.411901 0.0184348
195.54 0.405201 0.0177364
195.92 0.413583 0.0179719
196.3 0.395452 0.0173189
196.68 0.409184 0.017705
197.06 0.404959 0.0175082
197.44 0.411531 0.0174803
197.82 0.396394 0.0170211
198.2 0.405546 0.0172084
198.58 0.377553 0.0161656
198.959 0.356631 0.0156829
199.339 0.368414 0.0160091
199.719 0.35766 0.0154715
200.099 0.365676 0.0156816
200.479 0.345027 0.0151893
200.858 0.351677 0.0151089
201.238 0.330968 0.0144283
201.618 0.33406 0.0146582
201.998 0.31652 0.0139266
202.377 0.31807 0.0139604
202.757 0.297584 0.0133259
203.136 0.303089 0.0133614
203.516 0.299805 0.0130909
203.896 0.289773 0.0127116
204.275 0.293192 0.012534
204.655 0.288207 0.0124506
205.034 0.283108 0.0121949
205.414 0.283323 0.0120468
205.793 0.270424 0.0116639
206.172 0.272489 0.011719
206.552 0.270589 0.0114789
206.931 0.268113 0.0112512
207.31 0.2697 0.0111628
207.69 0.25742 0.0108186
208.069 0.246634 0.0104494
208.448 0.249145 0.0103702
208.827 0.23855 0.0100889
209.207 0.246689 0.0102328
209.586 0.227332 0.00956612
209.965 0.238816 0.00977378
210.344 0.236414 0.00958266
210.723 0.236219 0.00946104
211.102 0.232885 0.00923152
211.481 0.226947 0.00906497
211.86 0.230692 0.0090485
212.239 0.22064 0.00875975
212.618 0.210192 0.00842622
212.997 0.210702 0.00829882
213.376 0.202215 0.00810093
213.755 0.208989 0.00811983
214.134 0.213702 0.00809966
214.513 0.197257 0.00765581
214.891 0.196872 0.00759727
215.27 0.196886 0.00745471
215.649 0.192326 0.00730728
216.028 0.191278 0.00716149
216.406 0.186793 0.00700331
216.785 0.184427 0.00684559
217.164 0.194129 0.00695302
217.542 0.177302 0.00650553
217.921 0.182194 0.00651024
218.3 0.180644 0.00645954
218.678 0.178737 0.00632428
219.057 0.180841 0.00624814
219.435 0.169168 0.0059438
219.814 0.18347 0.00614435
220.192 0.17007 0.00582035
220.57 0.17209 0.00578617
220.949 0.164719 0.00556592
221.327 0.165289 0.00548282
221.705 0.166595 0.00544808
222.084 0.163482 0.00527987
222.462 0.159798 0.00515785
222.84 0.164367 0.00518788
223.218 0.151811 0.00486165
223.597 0.153185 0.00483425
223.975 0.152318 0.00473376
224.353 0.15134 0.00466672
224.731 0.151246 0.00459009
225.109 0.144821 0.00440081
225.487 0.146034 0.00435638
225.865 0.145534 0.00428241
226.243 0.143174 0.00419363
226.621 0.148501 0.00421468
226.999 0.146505 0.0041005
227.377 0.144211 0.00402877
227.755 0.142196 0.00394833
228.133 0.148014 0.00397714
228.511 0.144103 0.00387754
228.889 0.140585 0.00375668
229.266 0.141627 0.00373479
229.644 0.137086 0.00360209
230.022 0.139495 0.00358656
230.4 0.139737 0.00355585
230.777 0.138356 0.00350457
231.155 0.137901 0.00345332
231.533 0.137123 0.0033948
231.91 0.137842 0.00335762
232.288 0.135489 0.00329729
232.665 0.13403 0.00323728
233.043 0.136731 0.00323887
233.42 0.136451 0.00319181
233.798 0.134483 0.00314555
234.175 0.139102 0.00315744
234.553 0.135414 0.00308213
234.93 0.134646 0.0030426
235.307 0.137625 0.00305115
235.685 0.13559 0.00300379
236.062 0.136086 0.00297411
236.439 0.134439 0.00294144
236.816 0.133942 0.00290009
237.194 0.135126 0.00288205
237.571 0.133553 0.00284027
237.948 0.132427 0.00281334
238.325 0.134806 0.00280707
238.702 0.136527 0.00280826
239.079 0.135522 0.00277014
239.456 0.136327 0.0027598
239.833 0.134956 0.00272817
240.21 0.13666 0.00271998
240.587 0.134953 0.00269042
240.964 0.135089 0.00266982
241.341 0.135492 0.0026512
241.718 0.134707 0.00261849
242.095 0.135033 0.00262087
242.472 0.135879 0.00260823
242.849 0.137021 0.00259962
243.225 0.134829 0.00255626
243.602 0.135876 0.00255324
243.979 0.137832 0.00256267
244.356 0.13669 0.00254156
244.732 0.136831 0.00251698
245.109 0.137753 0.00250776
245.486 0.137607 0.00250294
245.862 0.137846 0.00249273
246.239 0.13793 0.00246808
246.615 0.13837 0.00246753
246.992 0.139567 0.00246004
247.368 0.139055 0.0024555
247.745 0.138796 0.00243253
248.121 0.139439 0.00242154
248.497 0.138875 0.00241273
248.874 0.142093 0.00242574
249.25 0.138149 0.00237079
249.626 0.139452 0.00237801
250.003 0.139984 0.00236856
250.379 0.141116 0.00235495
250.755 0.141671 0.00236163
251.131 0.141116 0.00234046
251.507 0.139381 0.00232292
251.884 0.140093 0.00231286
252.26 0.142138 0.00233028
252.636 0.139797 0.00228996
253.012 0.14051 0.00228743
253.388 0.141948 0.00229218
253.764 0.141108 0.00227604
254.14 0.142718 0.00228354
254.516 0.143198 0.00228426
254.892 0.143856 0.00227792
255.268 0.14396 0.00227632
255.643 0.142667 0.00225656
256.019 0.14402 0.00226555
256.395 0.145005 0.00226855
256.771 0.143968 0.00224394
257.147 0.14501 0.00224949
257.522 0.145633 0.00225074
257.898 0.145614 0.0022469
258.274 0.145449 0.00223982
258.649 0.145438 0.00223836
259.025 0.144527 0.00221908
259.4 0.145335 0.00222407
259.776 0.146759 0.00222804
260.151 0.147738 0.00224298
260.527 0.145686 0.00221742
260.902 0.147613 0.00222597
261.278 0.147341 0.00221922
261.653 0.146242 0.00221086
262.028 0.146497 0.00221492
262.404 0.148601 0.00222054
262.779 0.147848 0.00220936
263.154 0.147656 0.00220403
263.53 0.148226 0.00220226
263.905 0.148263 0.00220681
264.28 0.148737 0.00220919
264.655 0.14811 0.00219812
265.03 0.149361 0.0022142
265.405 0.148535 0.00220071
265.781 0.149099 0.0022075
266.156 0.148955 0.00220406
266.531 0.150009 0.00220017
266.906 0.150942 0.0022192
267.281 0.149861 0.00220029
267.655 0.15058 0.00221382
268.03 0.150573 0.00221499
268.405 0.150443 0.0022111
268.78 0.152097 0.00222316
269.155 0.151716 0.00221544
269.53 0.153693 0.00223751
269.904 0.150445 0.00221125
270.279 0.15194 0.00222362
270.654 0.152765 0.0022233
271.029 0.15193 0.00222142
271.403 0.151992 0.0022156
271.778 0.152133 0.00222292
272.152 0.151915 0.00222344
272.527 0.153395 0.00223229
272.901 0.152084 0.00221403
273.276 0.152314 0.00221065
273.65 0.154157 0.00223098
274.025 0.152227 0.00221121
274.399 0.153167 0.00222865
274.774 0.152937 0.00222183
275.148 0.152996 0.00221523
275.522 0.152335 0.00221636
275.897 0.154126 0.00222814
276.271 0.151806 0.00221352
276.645 0.153928 0.00222248
277.019 0.152135 0.00220351
277.393 0.152457 0.00219988
277.768 0.153447 0.00221746
278.142 0.152297 0.00220692
278.516 0.152688 0.00221364
278.89 0.152928 0.00221101
279.264 0.153444 0.00222184
279.638 0.153204 0.00220936
280.012 0.154781 0.00222461
280.386 0.152413 0.00221907
280.76 0.151688 0.00220537
281.133 0.153091 0.00221961
281.507 0.151871 0.00220897
281.881 0.152964 0.00221184
282.255 0.152497 0.00221155
282.629 0.151866 0.00221338
283.002 0.153063 0.00222328
283.376 0.152209 0.00221101
283.75 0.151863 0.00221599
284.123 0.150244 0.00219646
284.497 0.150272 0.00220067
284.87 0.151196 0.00220968
285.244 0.150087 0.0021975
285.618 0.151546 0.00221383
285.991 0.149626 0.00220905
286.364 0.15267 0.00223058
286.738 0.152167 0.00222649
287.111 0.153707 0.00223867
287.485 0.151055 0.00222053
287.858 0.151902 0.00223506
288.231 0.149596 0.00221414
288.605 0.150347 0.00222578
288.978 0.149839 0.00221728
289.351 0.149036 0.00222283
289.724 0.149266 0.00222447
290.097 0.148154 0.00221881
290.47 0.148392 0.00222777
290.843 0.148594 0.0022285
291.217 0.147382 0.00221983
291.59 0.147895 0.0022391
291.963 0.146533 0.00222385
292.336 0.146792 0.00223293
292.708 0.146413 0.00223429
293.081 0.147095 0.0022498
293.454 0.147211 0.00224077
293.827 0.146206 0.00223974
294.2 0.145771 0.00225099
294.573 0.143535 0.00222653
294.945 0.145821 0.00225745
295.318 0.143857 0.00224133
295.691 0.144882 0.00225478
296.064 0.144451 0.00225556
296.436 0.1416 0.00223161
296.809 0.143474 0.00224029
297.181 0.143017 0.00224872
297.554 0.141456 0.00223983
297.926 0.141574 0.00224255
298.299 0.14013 0.00223347
298.671 0.14074 0.00222858
299.044 0.141735 0.00224869
299.416 0.14132 0.0022488
299.788 0.140978 0.00224259
300.161 0.140816 0.00225116
300.533 0.1402 0.00224309
300.905 0.1401 0.00223377
301.278 0.140089 0.00223836
301.65 0.139726 0.00223296
302.022 0.140618 0.00224496
302.394 0.139414 0.00223893
302.766 0.139809 0.00223894
303.138 0.138919 0.00224058
303.51 0.138919 0.00223474
303.882 0.138239 0.00222647
304.254 0.13803 0.00222916
304.626 0.136949 0.00221374
304.998 0.138441 0.0022251
305.37 0.1374 0.00222911
305.742 0.135124 0.00220229
306.114 0.136869 0.0022155
306.485 0.13578 0.00220716
306.857 0.135888 0.00220646
307.229 0.135467 0.00221074
307.601 0.13353 0.00219428
307.972 0.133108 0.00218856
308.344 0.133116 0.00218589
308.716 0.134414 0.00220557
309.087 0.134802 0.00220597
309.459 0.13401 0.00220283
309.83 0.135523 0.00221551
310.202 0.137113 0.00222485
310.573 0.139354 0.00224427
310.945 0.139259 0.00224194
311.316 0.144035 0.00229097
311.687 0.146369 0.0023002
312.059 0.150088 0.00233741
312.43 0.153917 0.00236274
312.801 0.158004 0.00240235
313.172 0.162638 0.00243882
313.544 0.165827 0.00246515
313.915 0.169489 0.00247638
314.286 0.176601 0.00253878
314.657 0.180438 0.00256053
315.028 0.18342 0.00258706
315.399 0.188401 0.00262108
315.77 0.191523 0.00263897
316.141 0.195039 0.00267416
316.512 0.198081 0.00269454
316.883 0.200079 0.00271356
317.254 0.201252 0.00271876
317.625 0.202144 0.00274157
317.996 0.205246 0.00274739
318.366 0.207417 0.00276874
318.737 0.205547 0.00275346
319.108 0.20942 0.00278887
319.478 0.209766 0.00279211
319.849 0.211424 0.00280179
320.22 0.213333 0.00281718
320.59 0.216386 0.00283564
320.961 0.218931 0.00285718
321.331 0.224853 0.00289593
321.702 0.228084 0.00293145
322.072 0.240252 0.00301772
322.443 0.243237 0.00303039
322.813 0.251681 0.00307683
323.184 0.257501 0.00312093
323.554 0.267176 0.00318911
323.924 0.271964 0.0032159
324.295 0.280629 0.00328258
324.665 0.288575 0.00333115
325.035 0.294725 0.00336206
325.405 0.299906 0.00340544
325.775 0.307506 0.00346508
326.145 0.311844 0.0034861
326.515 0.311918 0.00349294
326.886 0.315932 0.00353312
327.256 0.316555 0.00353997
327.626 0.317147 0.00356519
327.995 0.317917 0.00357832
328.365 0.318964 0.00358922
328.735 0.323568 0.00363319
329.105 0.32988 0.0037082
329.475 0.335192 0.0037673
329.845 0.345875 0.00388221
330.215 0.347738 0.00387805
330.584 0.345254 0.00382693
330.954 0.332969 0.00366941
331.324 0.321148 0.00350223
331.693 0.308815 0.00337539
332.063 0.30217 0.00330291
332.432 0.29847 0.0032657
332.802 0.300245 0.00330229
333.171 0.306688 0.00338133
333.541 0.309559 0.0034605
333.91 0.30586 0.00345724
334.28 0.303814 0.00346539
334.649 0.296272 0.00343203
335.018 0.290708 0.00341124
335.388 0.28725 0.00340183
335.757 0.280019 0.00335922
336.126 0.275435 0.00334358
336.495 0.269833 0.00329822
336.865 0.267566 0.00329794
337.234 0.257498 0.00325359
337.603 0.255312 0.00323314
337.972 0.24983 0.00320561
338.341 0.243603 0.00316022
338.71 0.237579 0.00311878
339.079 0.235153 0.00311407
339.448 0.22937 0.00307069
339.817 0.224244 0.00304368
340.186 0.220059 0.00301706
340.554 0.217026 0.00299227
340.923 0.213649 0.0029751
341.292 0.210843 0.00295829
341.661 0.208497 0.00294547
342.029 0.204666 0.00291323
342.398 0.20662 0.00293104
342.767 0.202875 0.00291552
343.135 0.202358 0.00290963
343.504 0.20204 0.0029164
343.872 0.20073 0.00289612
344.241 0.20104 0.00290514
344.609 0.198514 0.0028983
344.978 0.197398 0.00288722
345.346 0.196649 0.0028709
345.715 0.196423 0.00288035
346.083 0.196558 0.00288776
346.451 0.194296 0.00286654
346.82 0.194259 0.00287587
347.188 0.194336 0.002871
347.556 0.191834 0.00286718
347.924 0.192188 0.00286635
348.292 0.191929 0.00287092
348.66 0.191475 0.002865
349.028 0.192304 0.00287481
349.396 0.192562 0.00288807
349.764 0.19486 0.00290159
350.132 0.197623 0.00292058
350.5 0.201286 0.00295235
350.868 0.201469 0.00295905
351.236 0.202164 0.00296179
351.604 0.20623 0.00300305
351.972 0.211171 0.00304226
352.34 0.209815 0.00303688
352.707 0.2153 0.00307768
353.075 0.21893 0.00310433
353.443 0.221576 0.00313016
353.81 0.223953 0.00315472
354.178 0.227467 0.00318116
354.545 0.234246 0.00322031
354.913 0.237566 0.00325684
355.28 0.242992 0.00329427
355.648 0.243684 0.00329199
356.015 0.245917 0.00331283
356.383 0.250986 0.00334297
356.75 0.256087 0.00338538
357.117 0.260477 0.00341617
357.485 0.262867 0.00343421
357.852 0.272048 0.0035178
358.219 0.271299 0.00349552
358.586 0.276465 0.00352805
358.954 0.283789 0.0035895
359.321 0.285523 0.00359175
359.688 0.291485 0.00364692
360.055 0.292686 0.00364922
360.422 0.297457 0.00368418
360.789 0.301681 0.00371664
361.156 0.30257 0.00371882
361.523 0.308978 0.00377321
361.89 0.312025 0.00378718
362.256 0.312793 0.00377667
362.623 0.323207 0.00387725
362.99 0.320918 0.00384501
363.357 0.326494 0.0038941
363.724 0.331089 0.0039231
364.09 0.330569 0.00391212
364.457 0.341639 0.00400678
364.823 0.339109 0.00396627
365.19 0.343902 0.00400015
365.557 0.345199 0.00400146
365.923 0.352172 0.00405507
366.29 0.353114 0.00407325
366.656 0.355457 0.00406993
367.022 0.358653 0.00408308
367.389 0.36362 0.00412966
367.755 0.366695 0.00416683
368.121 0.36747 0.00416955
368.488 0.37338 0.00419726
368.854 0.373969 0.00421651
369.22 0.378439 0.00426163
369.586 0.380844 0.0042897
369.952 0.383702 0.00431514
370.318 0.387426 0.00433808
370.684 0.389333 0.00436143
371.051 0.393994 0.00438867
371.416 0.397234 0.00443391
371.782 0.40171 0.00444549
372.148 0.404942 0.00447252
372.514 0.406466 0.00449056
372.88 0.409971 0.00452313
373.246 0.414487 0.00454379
373.612 0.41856 0.00456392
373.977 0.419341 0.00455786
374.343 0.420734 0.00455099
374.709 0.424583 0.00455693
375.074 0.423861 0.00456669
375.44 0.431028 0.00462486
375.806 0.43423 0.00466763
376.171 0.429773 0.00462014
376.537 0.434125 0.00463922
376.902 0.439251 0.00467474
377.268 0.437918 0.00464848
377.633 0.440524 0.00465375
377.998 0.441394 0.0046405
378.364 0.444422 0.00463626
378.729 0.447543 0.00466034
379.094 0.453295 0.00471072
379.459 0.455789 0.00478694
379.825 0.451424 0.00474285
380.19 0.45034 0.0047445
380.555 0.455841 0.00480693
380.92 0.463554 0.004908
381.285 0.457729 0.00486784
381.65 0.46108 0.00484761
382.015 0.464125 0.00487075
382.38 0.465841 0.0048987
382.745 0.464257 0.00492036
383.11 0.468867 0.00495809
383.474 0.469167 0.00494504
383.839 0.471277 0.00496508
384.204 0.47583 0.0050051
384.569 0.474003 0.0050016
384.933 0.476972 0.00503184
385.298 0.474423 0.0050262
385.663 0.474588 0.00501282
386.027 0.476637 0.00501324
386.392 0.478408 0.00500111
386.756 0.478244 0.00497511
387.121 0.481269 0.00498939
387.485 0.486598 0.00500151
387.849 0.484172 0.00496568
388.214 0.488878 0.00504512
388.578 0.492362 0.00508852
388.942 0.491325 0.00510906
389.307 0.491412 0.00510485
389.671 0.49446 0.00513952
390.035 0.496199 0.00512509
390.399 0.495931 0.00511168
390.763 0.492279 0.0050628
391.127 0.495649 0.00506177
391.492 0.495963 0.00499374
391.856 0.494236 0.00492758
392.219 0.498932 0.004914
392.583 0.503606 0.00496508
392.947 0.512444 0.00511653
393.311 0.508934 0.00514603
393.675 0.511885 0.00517648
394.039 0.510581 0.0052019
394.403 0.513633 0.00522002
394.766 0.512557 0.00522872
395.13 0.511875 0.00523906
395.494 0.51463 0.00525105
395.857 0.511725 0.00521334
396.221 0.515034 0.00520648
396.584 0.516665 0.00517566
396.948 0.514858 0.00511082
397.311 0.516345 0.00504283
397.675 0.518913 0.00502804
398.038 0.523091 0.0050507
398.401 0.528692 0.00514984
398.765 0.529059 0.00523129
399.128 0.534561 0.00533355
399.491 0.535137 0.00537702
399.854 0.528781 0.0053526
400.218 0.537124 0.00541035
400.581 0.532733 0.00540355
400.944 0.538799 0.00546083
401.307 0.539648 0.00553091
401.67 0.540956 0.00552151
402.033 0.538966 0.00552742
402.396 0.541576 0.00554387
402.759 0.544648 0.00556635
403.122 0.540287 0.00551697
403.485 0.550676 0.00556832
403.847 0.544203 0.00548944
404.21 0.550135 0.00549076
404.573 0.554918 0.00550856
404.936 0.556046 0.00548699
405.298 0.556331 0.00554865
405.661 0.560348 0.00564671
406.023 0.564113 0.00574598
406.386 0.567931 0.00578581
406.749 0.563643 0.00579028
407.111 0.564956 0.00578959
407.473 0.558028 0.00566191
407.836 0.568095 0.00570442
408.198 0.563891 0.00564867
408.561 0.568015 0.0056856
408.923 0.570496 0.00570642
409.285 0.574041 0.00573469
409.647 0.575793 0.00579377
410.009 0.577194 0.00585568
410.372 0.577836 0.0058504
410.734 0.574718 0.00586393
411.096 0.577794 0.00586928
411.458 0.581563 0.00588697
411.82 0.5781 0.00583091
412.182 0.576654 0.00577942
412.544 0.583151 0.00582489
412.906 0.580333 0.00580052
413.267 0.58349 0.00583706
413.629 0.587019 0.00590077
413.991 0.588227 0.0059346
414.353 0.594062 0.00598039
414.714 0.591439 0.00603002
415.076 0.589838 0.0060069
415.438 0.593703 0.00601998
415.799 0.595506 0.00600506
416.161 0.595177 0.00605605
416.522 0.595034 0.00608024
416.884 0.594019 0.00607883
417.245 0.598218 0.00612278
417.607 0.593061 0.0060813
417.968 0.596006 0.00608951
418.329 0.592812 0.00606558
418.691 0.595745 0.00607855
419.052 0.596789 0.00607963
419.413 0.599441 0.0060383
419.774 0.599926 0.00602195
420.135 0.596298 0.00587006
420.497 0.5927 0.00575997
420.858 0.592917 0.00568155
421.219 0.600313 0.00573618
421.58 0.606457 0.00583897
421.941 0.61355 0.00597614
422.302 0.609607 0.0060368
422.662 0.61012 0.00606532
423.023 0.604237 0.00606265
423.384 0.605772 0.00609069
423.745 0.604583 0.006048
424.106 0.603872 0.00604104
424.466 0.612021 0.00606983
424.827 0.616459 0.0061759
425.187 0.614724 0.00624524
425.548 0.609985 0.0062799
425.909 0.614271 0.00633524
426.269 0.609759 0.00626743
426.63 0.605321 0.00620224
426.99 0.611327 0.00618178
427.35 0.618849 0.00624745
427.711 0.606395 0.00614044
428.071 0.601626 0.00606504
428.431 0.600492 0.00594356
428.792 0.595525 0.00571635
429.152 0.60015 0.00558076
429.512 0.607269 0.00560325
429.872 0.608871 0.00564957
430.232 0.619843 0.00580091
430.592 0.625096 0.00599074
430.952 0.622522 0.00615492
431.312 0.624747 0.0063193
431.672 0.620062 0.00636806
432.032 0.611989 0.00630714
432.392 0.612382 0.00622385
432.752 0.595942 0.00583768
433.111 0.604051 0.00574603
433.471 0.616155 0.00589412
433.831 0.629159 0.00618926
434.19 0.619558 0.00614265
434.55 0.619551 0.00614151
434.91 0.617648 0.0062036
435.269 0.609277 0.00607655
435.629 0.611808 0.00607574
435.988 0.614755 0.00606429
436.348 0.618657 0.00617655
436.707 0.626747 0.00631139
437.066 0.620844 0.00627818
437.426 0.613019 0.00616444
437.785 0.611213 0.0061381
438.144 0.613122 0.00614002
438.503 0.621977 0.0062658
438.862 0.617809 0.00625634
439.222 0.622395 0.00632962
439.581 0.621953 0.00635453
439.94 0.615151 0.00623115
440.299 0.607642 0.00598424
440.658 0.602449 0.00580695
441.017 0.614117 0.00586482
441.376 0.623698 0.00597936
441.734 0.622911 0.00603697
442.093 0.617201 0.00600661
442.452 0.613903 0.00594753
442.811 0.616294 0.00593291
443.169 0.615455 0.00592665
443.528 0.620016 0.00607195
443.887 0.621098 0.00608114
444.245 0.622981 0.00611702
444.604 0.622188 0.00616402
444.962 0.616556 0.00616525
445.321 0.617249 0.00617446
445.679 0.615061 0.00613112
446.038 0.61509 0.00610887
446.396 0.624152 0.00623849
446.754 0.623633 0.00632122
447.112 0.627667 0.0063737
447.471 0.612661 0.00630427
447.829 0.617908 0.00636432
448.187 0.615998 0.00634319
448.545 0.622884 0.00635903
448.903 0.620772 0.00636468
449.261 0.618607 0.00637205
449.619 0.623418 0.00645736
449.977 0.624278 0.00649329
450.335 0.624295 0.00656452
450.693 0.625729 0.00658833
451.051 0.620064 0.00654544
451.409 0.62201 0.00658141
451.766 0.622877 0.0065944
452.124 0.621329 0.0066786
452.482 0.62357 0.00675691
452.839 0.627709 0.006855
453.197 0.623579 0.00684448
453.555 0.623462 0.00687213
453.912 0.617475 0.00682109
454.27 0.617049 0.00671118
454.627 0.614319 0.00661719
454.984 0.618021 0.00665278
455.342 0.627759 0.00680779
455.699 0.629256 0.00689195
456.056 0.621364 0.00680794
456.414 0.619622 0.00673761
456.771 0.615374 0.0065917
457.128 0.617154 0.00657597
457.485 0.621355 0.00657544
457.842 0.622818 0.00662391
458.199 0.619853 0.00660048
458.556 0.622104 0.00654866
458.913 0.619597 0.00653573
459.27 0.620676 0.00650437
459.627 0.630353 0.00665023
459.984 0.620838 0.00655174
460.341 0.619775 0.0065377
460.697 0.620039 0.00661701
461.054 0.629295 0.00686259
461.411 0.630663 0.00701157
461.767 0.628113 0.00707989
462.124 0.619664 0.00701453
462.481 0.616205 0.00691126
462.837 0.616427 0.00680521
463.194 0.618446 0.00667368
463.55 0.623746 0.0067453
463.907 0.615512 0.00652473
464.263 0.615585 0.00643529
464.619 0.61399 0.00630528
464.976 0.609689 0.00619614
465.332 0.616629 0.00622976
465.688 0.629961 0.00648997
466.044 0.634108 0.00674507
466.4 0.62802 0.00681706
466.756 0.620477 0.00682045
467.112 0.624744 0.0068438
467.468 0.621522 0.00681604
467.824 0.624088 0.00690016
468.18 0.629152 0.00701859
468.536 0.626453 0.00700937
468.892 0.624667 0.00711104
469.248 0.626218 0.00715144
469.604 0.627587 0.00720231
469.959 0.621927 0.00716722
470.315 0.620804 0.00715689
470.671 0.621886 0.00715596
471.026 0.618615 0.00707689
471.382 0.618527 0.00700868
471.737 0.61789 0.00694872
472.093 0.613406 0.00681545
472.448 0.610621 0.00666942
472.804 0.617505 0.00664972
473.159 0.610795 0.0065592
473.514 0.624703 0.00666717
473.87 0.611579 0.00650277
474.225 0.607396 0.00629531
474.58 0.606427 0.00616626
474.935 0.621298 0.00629449
475.29 0.626021 0.00640357
475.645 0.62655 0.00641276
476 0.618567 0.00637998
476.355 0.622366 0.00645716
476.71 0.611185 0.00639515
477.065 0.605924 0.00618208
477.42 0.606433 0.00610311
477.775 0.616765 0.0061623
478.13 0.617821 0.00622305
478.485 0.615526 0.00616648
478.839 0.614794 0.00608908
479.194 0.608307 0.00590165
479.549 0.613854 0.00585579
479.903 0.614392 0.00587398
480.258 0.620214 0.00594819
480.612 0.613956 0.00584092
480.967 0.608004 0.00567815
481.321 0.6163 0.00573508
481.675 0.623134 0.00587789
482.03 0.62252 0.00597863
482.384 0.618729 0.00598543
482.738 0.609516 0.00588405
483.093 0.610157 0.00584415
483.447 0.601992 0.00567884
483.801 0.601202 0.00549792
484.155 0.606424 0.00545129
484.509 0.551499 0.00452677
484.863 0.522817 0.00300409
485.217 0.569481 0.00284954
485.571 0.627999 0.00306966
485.925 0.720003 0.00418693
486.279 0.707798 0.00481367
486.632 0.66371 0.00504158
486.986 0.64439 0.00536988
487.34 0.639687 0.00571143
487.694 0.626785 0.00581135
488.047 0.616586 0.00579647
488.401 0.616975 0.00580566
488.754 0.613182 0.00582453
489.108 0.619289 0.00594899
489.461 0.615361 0.00595881
489.815 0.622818 0.00605734
490.168 0.613527 0.00594567
490.522 0.610164 0.00590412
490.875 0.612978 0.00592662
491.228 0.614603 0.00597528
491.581 0.616833 0.00594504
491.935 0.618201 0.00597363
492.288 0.616549 0.00599023
492.641 0.617738 0.00595348
492.994 0.612615 0.0059243
493.347 0.60452 0.00580331
493.7 0.610196 0.00583495
494.053 0.610638 0.00585704
494.406 0.619526 0.00599492
494.759 0.622785 0.00613323
495.111 0.602519 0.00584423
495.464 0.596361 0.00555912
495.817 0.600944 0.00547963
496.169 0.621644 0.0057296
496.522 0.629056 0.00602384
496.875 0.62677 0.00621369
497.227 0.6219 0.00625067
497.58 0.612117 0.0061905
497.932 0.611338 0.00611393
498.285 0.608178 0.00604243
498.637 0.6027 0.00586535
498.989 0.605862 0.00581524
499.342 0.615024 0.00590249
499.694 0.621956 0.00606689
500.046 0.613483 0.00607716
500.398 0.604165 0.00588315
500.751 0.610432 0.00585965
501.103 0.604627 0.00581313
501.455 0.611716 0.00585608
501.807 0.614469 0.00587806
502.159 0.611699 0.00586797
502.511 0.608167 0.00583647
502.862 0.611047 0.00587548
503.214 0.614361 0.00597192
503.566 0.620703 0.00612433
503.918 0.609917 0.00613658
504.27 0.605297 0.00610682
504.621 0.613644 0.00616379
504.973 0.613502 0.00619785
505.324 0.610493 0.0061427
505.676 0.607839 0.00602253
506.027 0.612258 0.0060607
506.379 0.620454 0.00630446
506.73 0.616278 0.00637901
507.082 0.614421 0.00632419
507.433 0.607014 0.00616953
507.784 0.608851 0.0061272
508.136 0.61633 0.00627228
508.487 0.619768 0.0063543
508.838 0.616728 0.00639813
509.189 0.614215 0.00637806
509.54 0.608244 0.00626214
509.891 0.613565 0.00636224
510.242 0.614458 0.00637396
510.593 0.616429 0.0064248
510.944 0.614483 0.00645051
511.295 0.625025 0.00664109
511.646 0.62214 0.00669912
511.996 0.608894 0.00655915
512.347 0.60734 0.0065015
512.698 0.61612 0.00656996
513.049 0.617396 0.00661728
513.399 0.613846 0.00662883
513.75 0.616695 0.00662433
514.1 0.622121 0.00677965
514.451 0.621965 0.00691976
514.801 0.610526 0.00682572
515.152 0.612361 0.00677555
515.502 0.605154 0.00663116
515.852 0.613251 0.00663955
516.202 0.61324 0.00663059
516.553 0.62238 0.00677748
516.903 0.621413 0.00687549
517.253 0.622932 0.00698774
517.603 0.606387 0.00689306
517.953 0.610813 0.00688455
518.303 0.604497 0.00668812
518.653 0.606808 0.00664599
519.003 0.61448 0.00673923
519.353 0.6251 0.00704034
519.703 0.626749 0.00719912
520.052 0.610953 0.00714427
520.402 0.610183 0.00710044
520.752 0.610782 0.00702262
521.102 0.620312 0.0071919
521.451 0.619913 0.00724077
521.801 0.613645 0.00718347
522.15 0.600132 0.0069862
522.5 0.613557 0.00705245
522.849 0.608573 0.00700169
523.199 0.605748 0.00691944
523.548 0.599592 0.006818
523.897 0.620233 0.00701454
524.246 0.618267 0.00711998
524.596 0.62219 0.00724363
524.945 0.609529 0.00712775
525.294 0.61098 0.0071354
525.643 0.610885 0.00711895
525.992 0.607545 0.00708734
526.341 0.605434 0.00703089
526.69 0.617127 0.00715434
527.039 0.611877 0.00719327
527.388 0.611799 0.00724313
527.737 0.603539 0.00697518
528.086 0.59771 0.00668602
528.434 0.598487 0.00656793
528.783 0.621736 0.00687721
529.132 0.624201 0.00702199
529.48 0.616742 0.00706972
529.829 0.61432 0.0070947
530.177 0.620026 0.00720072
530.526 0.611915 0.00717106
530.874 0.605155 0.00706335
531.223 0.608674 0.00707362
531.571 0.615618 0.00717512
531.919 0.603362 0.00703354
532.268 0.593006 0.00675998
532.616 0.596421 0.00656271
532.964 0.601493 0.00649279
533.312 0.606561 0.00652346
533.66 0.607343 0.00655712
534.008 0.609757 0.00655518
534.356 0.605618 0.00653721
534.704 0.617605 0.00666159
535.052 0.614976 0.0067368
535.4 0.614823 0.00687835
535.748 0.618031 0.00706046
536.095 0.615456 0.00722425
536.443 0.611851 0.00721205
536.791 0.599584 0.00698837
537.139 0.597276 0.00681432
537.486 0.59696 0.00665495
537.834 0.604087 0.00665909
538.181 0.605243 0.00662719
538.529 0.60544 0.00666561
538.876 0.604691 0.00664421
539.223 0.612344 0.00679919
539.571 0.617548 0.00697408
539.918 0.612526 0.00692105
540.265 0.597432 0.00670048
540.613 0.597438 0.00658528
540.96 0.611051 0.00674234
541.307 0.60832 0.00673953
541.654 0.606137 0.00672574
542.001 0.610892 0.00677309
542.348 0.609787 0.0067657
542.695 0.602942 0.00673612
543.042 0.599546 0.00661404
543.388 0.603023 0.00654931
543.735 0.606176 0.00655729
544.082 0.605759 0.00654505
544.429 0.609023 0.00659287
544.775 0.614685 0.00676931
545.122 0.624678 0.00702644
545.469 0.61163 0.00706634
545.815 0.598036 0.00694694
546.162 0.603673 0.00692406
546.508 0.594886 0.00673236
546.854 0.591185 0.00646263
547.201 0.591486 0.0062276
547.547 0.604411 0.00627704
547.893 0.611306 0.00645448
548.24 0.628516 0.00689521
548.586 0.628838 0.0071838
548.932 0.619943 0.00723892
549.278 0.607931 0.00717354
549.624 0.607023 0.00712989
549.97 0.612518 0.00722911
550.316 0.613385 0.00737866
550.662 0.614886 0.00746369
551.008 0.589215 0.00692823
551.353 0.583721 0.00652742
551.699 0.598975 0.00646589
552.045 0.616197 0.0067348
552.391 0.608436 0.00683095
552.736 0.610804 0.00687548
553.082 0.604497 0.00684993
553.427 0.61166 0.00701218
553.773 0.61574 0.00726847
554.118 0.604123 0.00720002
554.464 0.599861 0.00699049
554.809 0.585325 0.00663102
555.154 0.599598 0.00662099
555.5 0.604301 0.00666197
555.845 0.623167 0.00702821
556.19 0.622204 0.00721332
556.535 0.619898 0.00736162
556.88 0.60326 0.00714505
557.225 0.606585 0.00713816
557.57 0.618367 0.00734779
557.915 0.615966 0.00753233
558.26 0.614735 0.00761755
558.605 0.604995 0.00753015
558.95 0.596983 0.00731518
559.295 0.578536 0.00681724
559.639 0.582094 0.00658079
559.984 0.584897 0.00634451
560.329 0.593992 0.00637002
560.673 0.60475 0.00644976
561.018 0.614135 0.00669036
561.362 0.616883 0.00688406
561.707 0.619225 0.00707002
562.051 0.598387 0.00686532
562.395 0.592302 0.0067401
562.74 0.593513 0.0066131
563.084 0.598091 0.00655653
563.428 0.596899 0.00641322
563.772 0.600665 0.00646324
564.117 0.59857 0.00640477
564.461 0.597919 0.00638103
564.805 0.60448 0.00647183
565.149 0.600797 0.00642234
565.493 0.60385 0.0064485
565.836 0.593349 0.00626938
566.18 0.594058 0.00618145
566.524 0.573345 0.0056629
566.868 0.583507 0.00555969
567.212 0.590746 0.00549885
567.555 0.589693 0.00542452
567.899 0.579635 0.00512887
568.242 0.582434 0.0049313
568.586 0.567762 0.00455618
568.929 0.56452 0.00425254
569.273 0.567137 0.00402988
569.616 0.590663 0.00411842
569.96 0.586157 0.00401981
570.303 0.58034 0.00387552
570.646 0.587367 0.00385049
570.989 0.580524 0.00370944
571.333 0.595663 0.00380427
571.676 0.608642 0.00398922
572.019 0.623727 0.00436676
572.362 0.576647 0.00396173
572.705 0.559987 0.0036236
573.048 0.567924 0.00347346
573.391 0.573162 0.00337558
573.733 0.580794 0.00335078
574.076 0.583722 0.00332208
574.419 0.60145 0.00347493
574.762 0.607508 0.00367846
575.104 0.625149 0.00399438
575.447 0.585789 0.00381438
575.789 0.566664 0.00352636
576.132 0.568998 0.00333828
576.474 0.579953 0.00333254
576.817 0.567065 0.00304836
577.159 0.573158 0.00289766
577.501 0.604531 0.00299939
577.844 0.625095 0.00326429
578.186 0.642931 0.00371333
578.528 0.616799 0.00378563
578.87 0.595847 0.00373702
579.212 0.576715 0.00355391
579.554 0.579909 0.00344987
579.896 0.584702 0.00348519
580.238 0.569731 0.00324196
580.58 0.558951 0.00282137
580.922 0.599431 0.00280799
581.264 0.647609 0.00291859
581.606 0.633487 0.00301368
581.947 0.63086 0.00319228
582.289 0.643629 0.00358231
582.631 0.644268 0.0039755
582.972 0.625569 0.00418008
583.314 0.593006 0.00402496
583.655 0.573127 0.00382516
583.997 0.555135 0.0034364
584.338 0.556146 0.00319913
584.679 0.569782 0.00310683
585.021 0.59819 0.00327085
585.362 0.616288 0.00356728
585.703 0.629575 0.00387804
586.044 0.595886 0.00378692
586.385 0.568099 0.00349888
586.726 0.565906 0.00333529
587.067 0.599358 0.00356717
587.408 0.611655 0.00381019
587.749 0.613645 0.00399733
588.09 0.609247 0.004149
588.431 0.622553 0.00444389
588.772 0.613755 0.004589
589.113 0.584145 0.00439963
589.453 0.586411 0.00438425
589.794 0.605396 0.00460721
590.134 0.612866 0.00488288
590.475 0.608886 0.00498012
590.815 0.591486 0.00486303
591.156 0.593301 0.00487742
591.496 0.573093 0.0046475
591.837 0.541209 0.00388536
592.177 0.54261 0.00353403
592.517 0.56629 0.00345654
592.857 0.601804 0.00375693
593.198 0.61773 0.00404979
593.538 0.64053 0.00454921
593.878 0.615217 0.00460088
594.218 0.579252 0.00432036
594.558 0.574035 0.00414101
594.898 0.599383 0.00435062
595.237 0.620931 0.00470267
595.577 0.62216 0.0050114
595.917 0.620029 0.00525266
596.257 0.579917 0.00486707
596.596 0.571459 0.00471001
596.936 0.585125 0.0046869
597.276 0.602204 0.00494068
597.615 0.587267 0.00479254
597.955 0.542944 0.00405284
598.294 0.554373 0.00384222
598.633 0.585806 0.00396274
598.973 0.602173 0.00416916
599.312 0.585996 0.00410023
599.651 0.593682 0.00415975
599.991 0.597969 0.00426592
600.33 0.599937 0.00433896
600.669 0.600273 0.00446457
601.008 0.60748 0.00464655
601.347 0.601093 0.00477957
601.686 0.582246 0.00456665
602.025 0.589989 0.00462759
602.364 0.569912 0.00432157
602.702 0.574736 0.00427756
603.041 0.58882 0.00435833
603.38 0.608716 0.00464332
603.719 0.61337 0.00487337
604.057 0.602347 0.0049651
604.396 0.59288 0.00491815
604.734 0.569706 0.00460451
605.073 0.562677 0.00423347
605.411 0.580637 0.00434224
605.75 0.604162 0.00459105
606.088 0.613998 0.00487054
606.426 0.586488 0.00464348
606.764 0.5836 0.00456836
607.103 0.604277 0.0047959
607.441 0.605574 0.00496675
607.779 0.602888 0.00507587
608.117 0.591086 0.00499156
608.455 0.609684 0.0052845
608.793 0.597926 0.00528376
609.131 0.563724 0.00478637
609.469 0.569366 0.00469419
609.806 0.595414 0.00486492
610.144 0.618369 0.00534715
610.482 0.601018 0.00532637
610.819 0.593459 0.00528118
611.157 0.589296 0.00529032
611.495 0.600462 0.00552737
611.832 0.594527 0.00551642
612.17 0.58462 0.00543047
612.507 0.582713 0.00536106
612.844 0.588741 0.00544532
613.182 0.590058 0.005464
613.519 0.584607 0.00540522
613.856 0.587033 0.0054023
614.193 0.580011 0.00530218
614.53 0.577051 0.00517845
614.867 0.587008 0.00521728
615.205 0.608598 0.00557836
615.541 0.613605 0.00580368
615.878 0.609297 0.00602883
616.215 0.592935 0.00588662
616.552 0.597338 0.00596881
616.889 0.580063 0.00574682
617.226 0.581904 0.0056969
617.562 0.600935 0.00597335
617.899 0.617168 0.00641906
618.235 0.621373 0.00677275
618.572 0.61469 0.00698579
618.908 0.583672 0.00657104
619.245 0.572851 0.00624417
619.581 0.580034 0.00617304
619.918 0.626147 0.00694655
620.254 0.652767 0.00800111
620.59 0.61792 0.0079018
620.926 0.571866 0.00708776
621.262 0.564781 0.0066525
621.599 0.585689 0.00680531
621.935 0.580261 0.00668844
622.271 0.574634 0.00640638
622.606 0.57692 0.00628041
622.942 0.600561 0.00656665
623.278 0.601807 0.00676506
623.614 0.574384 0.00629851
623.95 0.58165 0.00631285
624.285 0.596025 0.0065095
624.621 0.61072 0.00694723
624.957 0.599998 0.00710015
625.292 0.614611 0.00740339
625.628 0.612807 0.00761619
625.963 0.59412 0.00754895
626.299 0.581676 0.00731569
626.634 0.578623 0.00718199
626.969 0.593518 0.00740837
627.304 0.633409 0.00829582
627.64 0.634845 0.0089083
627.975 0.59471 0.00844958
628.31 0.568899 0.0078117
628.645 0.582652 0.00772473
628.98 0.596846 0.00799006
629.315 0.607513 0.00821564
629.65 0.597525 0.00821284
629.985 0.597226 0.00818769
630.319 0.612479 0.00865419
630.654 0.604952 0.00869885
630.989 0.585902 0.00851885
631.323 0.598521 0.00875925
631.658 0.615774 0.00924668
631.993 0.625806 0.00972533
632.327 0.609142 0.00963154
632.662 0.604602 0.0095436
632.996 0.591186 0.00922781
633.33 0.585838 0.00905
633.665 0.617223 0.00961459
633.999 0.613058 0.00987318
634.333 0.600857 0.00977247
634.667 0.60189 0.00981471
635.001 0.589053 0.00947291
635.335 0.577056 0.00901917
635.669 0.568721 0.00862153
636.003 0.595144 0.00894233
636.337 0.621934 0.00959832
636.671 0.63832 0.0102319
637.005 0.621535 0.0103707
637.339 0.60909 0.0102209
637.672 0.585017 0.00965117
638.006 0.580829 0.00936965
638.339 0.603591 0.00969073
638.673 0.621223 0.0101443
639.006 0.617547 0.0104319
639.34 0.61024 0.0103643
639.673 0.615232 0.0105551
640.007 0.60742 0.0104615
640.34 0.611623 0.0106808
640.673 0.606477 0.0107168
641.006 0.616644 0.0109651
641.34 0.600119 0.0109349
641.673 0.619435 0.0113748
642.006 0.61508 0.01153
642.339 0.600971 0.0111955
642.672 0.601753 0.0111339
643.004 0.602576 0.0112051
643.337 0.624267 0.0117724
643.67 0.609521 0.0116294
644.003 0.600628 0.0114311
644.336 0.603854 0.0114137
644.668 0.594476 0.0113044
645.001 0.617168 0.0117173
645.333 0.626678 0.0120976
645.666 0.626254 0.012343
645.998 0.623421 0.0125962
646.331 0.634614 0.012902
646.663 0.61601 0.0125806
646.995 0.586208 0.0115242
647.327 0.56896 0.0104262
647.66 0.564537 0.00981727
647.992 0.579865 0.00979765
648.324 0.597791 0.0099112
648.656 0.603075 0.0100933
648.988 0.624113 0.0106766
649.32 0.647952 0.0116367
649.652 0.645796 0.0121624
649.983 0.635027 0.0123202
650.315 0.624146 0.0122929
650.647 0.606353 0.0118385
650.979 0.595419 0.0111961
651.31 0.590689 0.0107227
651.642 0.594828 0.0105186
651.973 0.601253 0.0105682
652.305 0.59468 0.0104704
652.636 0.616614 0.0108095
652.967 0.612577 0.0110175
653.299 0.626908 0.0114054
653.63 0.613762 0.0111577
653.961 0.579632 0.0100727
654.292 0.488823 0.0070999
654.623 0.376883 0.00225963
654.955 0.896218 0.00342053
655.286 0.896163 0.00342032
655.616 0.896107 0.0034201
655.947 0.89605 0.00341989
656.278 0.895993 0.00341967
656.609 0.785383 0.00335046
656.94 0.822495 0.00453704
657.27 0.801251 0.00525001
657.601 0.78231 0.00598329
657.932 0.766942 0.00708593
658.262 0.737435 0.00846411
658.593 0.69786 0.009877
658.923 0.666591 0.0112872
659.254 0.66449 0.0124484
659.584 0.641994 0.0129913
659.914 0.650968 0.013699
660.244 0.647789 0.0140068
660.575 0.621455 0.0136188
660.905 0.623471 0.0136611
661.235 0.610744 0.0133317
661.565 0.606446 0.0131892
661.895 0.60434 0.0130911
662.225 0.621987 0.01349
662.555 0.620845 0.0136648
662.884 0.613009 0.0134265
663.214 0.60447 0.0131488
663.544 0.609747 0.0130686
663.873 0.606053 0.0128359
664.203 0.608911 0.0127261
664.533 0.602212 0.0123131
664.862 0.604431 0.0122499
665.192 0.62605 0.0128257
665.521 0.65343 0.0138145
665.85 0.63889 0.0140657
666.18 0.644468 0.0147089
666.509 0.636926 0.0145357
666.838 0.601884 0.0137961
667.167 0.598693 0.0135828
667.496 0.611171 0.0139601
667.825 0.6374 0.0143283
668.154 0.611443 0.0140101
668.483 0.617875 0.013988
668.812 0.604559 0.0135786
669.141 0.620208 0.013616
669.47 0.614423 0.0133855
669.798 0.641592 0.0138182
670.127 0.615162 0.0135433
670.456 0.579437 0.0124008
670.784 0.558703 0.0109225
671.113 0.551988 0.00996582
671.441 0.562193 0.00961045
671.77 0.588892 0.00999934
672.098 0.614367 0.0106152
672.426 0.652376 0.0121612
672.755 0.655671 0.0129632
673.083 0.625848 0.0128439
673.411 0.611444 0.0126699
673.739 0.613757 0.0128796
674.067 0.6328 0.0137686
674.395 0.632989 0.0137691
674.723 0.599585 0.0130519
675.051 0.594613 0.0128097
675.379 0.611425 0.0129788
675.706 0.612384 0.0131318
676.034 0.629225 0.0136115
676.362 0.630195 0.0136877
676.689 0.584202 0.0123793
677.017 0.574096 0.011466
677.344 0.577823 0.0110501
677.672 0.609053 0.0115392
677.999 0.609734 0.0116862
678.327 0.593011 0.0112951
678.654 0.578335 0.0106691
678.981 0.575597 0.0103236
679.308 0.604644 0.0106653
679.636 0.623417 0.0113358
679.963 0.634705 0.0120104
680.29 0.61646 0.0118687
680.617 0.590022 0.0113952
680.944 0.595227 0.0112756
681.271 0.618075 0.011821
681.597 0.65237 0.0129659
681.924 0.654085 0.0138275
682.251 0.621131 0.0134216
682.578 0.588662 0.0123795
682.904 0.563069 0.0112975
683.231 0.581262 0.011022
683.557 0.584453 0.0108047
683.884 0.572581 0.0103893
684.21 0.580058 0.0102121
684.536 0.571219 0.00980275
684.863 0.576264 0.00969802
685.189 0.596838 0.0100361
685.515 0.615034 0.0107394
685.841 0.617711 0.0111152
686.167 0.599816 0.0109639
686.493 0.59399 0.0107802
686.819 0.600751 0.0109029
687.145 0.623302 0.0115905
687.471 0.635307 0.0125836
687.797 0.635627 0.0130091
688.123 0.602592 0.0125894
688.448 0.603106 0.0121816
688.774 0.578715 0.0115742
689.1 0.613736 0.012121
689.425 0.626845 0.0127637
689.751 0.621239 0.0129121
690.076 0.574695 0.0117274
690.402 0.569762 0.0109097
690.727 0.576553 0.0106357
691.052 0.609902 0.0112258
691.377 0.605135 0.0115174
691.703 0.613449 0.0118899
692.028 0.598372 0.0117495
692.353 0.594236 0.0114613
692.678 0.599822 0.0116036
693.003 0.623427 0.0122794
693.328 0.651622 0.0134809
693.652 0.645103 0.0140188
693.977 0.593288 0.0131228
694.302 0.570072 0.012129
694.627 0.592936 0.0121969
694.951 0.61794 0.0128992
695.276 0.656737 0.0145778
695.6 0.633711 0.0145608
695.925 0.567728 0.0120959
696.249 0.540115 0.0104031
696.574 0.562571 0.0100621
696.898 0.612365 0.0109758
697.222 0.637494 0.011837
697.546 0.629103 0.012232
697.871 0.616558 0.0123645
698.195 0.605397 0.0123419
698.519 0.616818 0.012773
698.843 0.632027 0.0132996
699.167 0.63933 0.0138788
699.491 0.634031 0.0143476
699.814 0.626517 0.0143776
700.138 0.614363 0.014281
700.462 0.637712 0.0147904
700.786 0.619028 0.0143786
701.109 0.615769 0.0139872
701.433 0.600356 0.0133327
701.756 0.589367 0.0127385
702.08 0.597715 0.0128295
702.403 0.621359 0.0133473
702.726 0.627998 0.0139878
703.05 0.624389 0.014288
703.373 0.621339 0.0144193
703.696 0.624437 0.0144673
704.019 0.644375 0.0152092
704.342 0.645452 0.0157772
704.665 0.639683 0.016355
704.988 0.627766 0.016096
705.311 0.604083 0.0148192
705.634 0.555425 0.0127583
705.957 0.560538 0.0116082
706.28 0.551725 0.0106688
706.602 0.581862 0.0108426
706.925 0.602426 0.0112646
707.247 0.615238 0.0118373
707.57 0.611862 0.0122703
707.892 0.622336 0.0127972
708.215 0.640162 0.0136135
708.537 0.621639 0.0137452
708.859 0.622024 0.0138281
709.182 0.604863 0.0134949
709.504 0.586764 0.0129416
709.826 0.606799 0.0129955
710.148 0.604312 0.0130212
710.47 0.623513 0.0136024
710.792 0.637301 0.0142601
711.114 0.641594 0.0147877
711.436 0.625714 0.0149285
711.758 0.609181 0.0144915
712.079 0.610829 0.0143453
712.401 0.60135 0.0135312
712.723 0.586683 0.01288
713.044 0.570711 0.0119683
713.366 0.581709 0.0119485
713.687 0.593889 0.012171
714.009 0.607845 0.0126473
714.33 0.614232 0.0129987
714.652 0.615761 0.0133847
714.973 0.628386 0.0139898
715.294 0.626287 0.0146846
715.615 0.661458 0.0160564
715.936 0.63809 0.0160015
716.257 0.649855 0.0163037
716.578 0.635672 0.0162331
716.899 0.623606 0.01572
717.22 0.596575 0.0143836
717.541 0.589748 0.0139177
717.862 0.608418 0.0140888
718.182 0.605121 0.0140229
718.503 0.594421 0.0135963
718.824 0.620464 0.0140888
719.144 0.622084 0.0143327
719.465 0.61994 0.0146348
719.785 0.596471 0.014059
720.105 0.598074 0.0138929
720.426 0.604706 0.0137964
720.746 0.607455 0.0140623
721.066 0.611559 0.0141352
721.386 0.599078 0.0141335
721.706 0.619964 0.0147959
722.026 0.622057 0.0152142
722.346 0.628644 0.0154217
722.666 0.633587 0.0152797
722.986 0.613392 0.0146612
723.306 0.628269 0.0149539
723.626 0.623586 0.0151934
723.946 0.620789 0.015129
724.265 0.588983 0.0139485
724.585 0.57209 0.0130222
724.904 0.583676 0.0130556
725.224 0.60645 0.0133434
725.543 0.600411 0.013274
725.863 0.597679 0.0133707
726.182 0.61909 0.0141606
726.501 0.608606 0.0142613
726.82 0.62353 0.0145302
727.14 0.594722 0.0136409
727.459 0.588437 0.0131594
727.778 0.580174 0.0129891
728.097 0.587349 0.0132479
728.416 0.592332 0.0131536
728.734 0.579215 0.0125936
729.053 0.582957 0.0125104
729.372 0.5933 0.0125948
729.691 0.586152 0.0122033
730.009 0.568831 0.0114437
730.328 0.578141 0.0111974
730.647 0.588803 0.0113131
730.965 0.601522 0.0118353
731.283 0.606662 0.0123323
731.602 0.598098 0.0123875
731.92 0.587708 0.0120612
732.238 0.568412 0.0115759
732.557 0.582783 0.0116139
732.875 0.568551 0.0111932
733.193 0.551544 0.0103671
733.511 0.56805 0.0102806
733.829 0.589586 0.0107878
734.147 0.618867 0.0117794
734.465 0.618028 0.0123068
734.782 0.595626 0.0120708
735.1 0.583082 0.0116084
735.418 0.587539 0.0116432
735.735 0.587687 0.0116797
736.053 0.577988 0.0114545
736.371 0.586545 0.0116583
736.688 0.600303 0.012224
737.005 0.6276 0.0132602
737.323 0.631381 0.0138087
737.64 0.609287 0.0135804
737.957 0.572466 0.0124805
738.274 0.546128 0.0111884
738.592 0.56824 0.0111348
738.909 0.591664 0.0116482
739.226 0.621914 0.0130072
739.543 0.632285 0.014137
739.86 0.647584 0.0151389
740.176 0.647181 0.0155271
740.493 0.636312 0.0158611
740.81 0.625211 0.0157717
741.127 0.599005 0.0152745
741.443 0.583117 0.0142797
741.76 0.588873 0.0138745
742.076 0.591737 0.0140313
742.393 0.622727 0.0151661
742.709 0.633355 0.0161416
743.025 0.634111 0.0164488
743.342 0.614425 0.0160427
743.658 0.605887 0.0156243
743.974 0.583277 0.014906
744.29 0.60154 0.0151222
744.606 0.599162 0.0152535
744.922 0.601741 0.0153137
745.238 0.61823 0.0155693
745.554 0.624244 0.0160233
745.87 0.617955 0.0161104
746.186 0.604804 0.0152814
746.501 0.588645 0.0145212
746.817 0.599591 0.014889
747.132 0.65154 0.0166597
747.448 0.642437 0.0171928
747.763 0.617258 0.0166008
748.079 0.592916 0.0155931
748.394 0.587807 0.0144735
748.71 0.566147 0.013224
749.025 0.560486 0.012388
749.34 0.568367 0.0123126
749.655 0.589798 0.012817
749.97 0.604391 0.0134417
750.285 0.602703 0.0134644
750.6 0.578333 0.0129075
750.915 0.581053 0.0126162
751.23 0.60037 0.0130768
751.545 0.623721 0.0138763
751.859 0.627044 0.0144374
752.174 0.601212 0.0143019
752.489 0.58151 0.0133575
752.803 0.563374 0.0123583
753.118 0.570737 0.0123455
753.432 0.598904 0.0130707
753.747 0.598699 0.0135529
754.061 0.577752 0.0128625
754.375 0.569586 0.0122367
754.689 0.550549 0.011656
755.004 0.571799 0.0118597
755.318 0.569143 0.0115742
755.632 0.550668 0.0108295
755.946 0.555506 0.0106804
756.26 0.547244 0.0101268
756.573 0.538596 0.00961224
756.887 0.541012 0.0093405
757.201 0.557556 0.00968346
757.515 0.608027 0.011077
757.828 0.616532 0.0119627
758.142 0.590651 0.0116701
758.455 0.556595 0.010521
758.769 0.546624 0.00987382
759.082 0.546866 0.00960737
759.396 0.545457 0.00945077
759.709 0.542579 0.00935271
760.022 0.558605 0.00957359
760.335 0.578918 0.0102583
760.648 0.599256 0.0112177
760.962 0.621067 0.0122579
761.275 0.611441 0.0127651
761.587 0.60345 0.0128464
761.9 0.599193 0.0128335
762.213 0.567044 0.0120767
762.526 0.568481 0.0116558
762.839 0.562894 0.011552
763.151 0.563955 0.0112289
763.464 0.540401 0.0103964
763.776 0.523877 0.00950813
764.089 0.540512 0.00945393
764.401 0.562331 0.00998546
764.714 0.576948 0.0107093
765.026 0.595603 0.011614
765.338 0.611678 0.012532
765.65 0.629108 0.0136793
765.962 0.622251 0.014237
766.275 0.624752 0.014776
766.587 0.595235 0.0144703
766.898 0.586223 0.0138994
767.21 0.562108 0.012806
767.522 0.535325 0.0115953
767.834 0.548477 0.0113069
768.146 0.552439 0.0114297
768.457 0.578066 0.0124062
768.769 0.595598 0.0132634
769.08 0.585913 0.0132146
769.392 0.566469 0.0125237
769.703 0.549834 0.0116999
770.015 0.540118 0.0111536
770.326 0.562037 0.0113998
770.637 0.586335 0.0120647
770.948 0.609121 0.0131946
771.26 0.618897 0.0141356
771.571 0.612332 0.0142145
771.882 0.579351 0.0134904
772.193 0.589632 0.0137475
772.504 0.599997 0.0142149
772.814 0.613339 0.0146588
773.125 0.602021 0.0148235
773.436 0.601707 0.0152453
773.747 0.613968 0.0157465
774.057 0.612345 0.0160621
774.368 0.625672 0.0164914
774.678 0.622177 0.0168739
774.989 0.614855 0.0170376
775.299 0.630463 0.0178331
775.609 0.619663 0.0174826
775.919 0.616217 0.0172909
776.23 0.610878 0.0172367
776.54 0.595346 0.016872
776.85 0.621772 0.0174237
777.16 0.59905 0.0165943
777.47 0.575368 0.015418
777.78 0.569532 0.0146636
778.089 0.562921 0.0138455
778.399 0.560412 0.0137271
778.709 0.598927 0.0148457
779.019 0.618278 0.0160745
779.328 0.639389 0.0172309
779.638 0.614735 0.0166721
779.947 0.56471 0.0145665
780.257 0.534922 0.0129328
780.566 0.537536 0.0124792
780.875 0.551923 0.0129341
781.185 0.593195 0.0142594
781.494 0.599809 0.0145755
781.803 0.598414 0.0149476
782.112 0.604347 0.0152413
782.421 0.584807 0.0147959
782.73 0.588616 0.0144531
783.039 0.598263 0.014756
783.348 0.629004 0.0163379
783.656 0.637055 0.0173455
783.965 0.649755 0.0177802
784.274 0.605364 0.0165101
784.582 0.590972 0.015806
784.891 0.605205 0.0159009
785.199 0.595701 0.0160146
785.508 0.593029 0.0164187
785.816 0.606456 0.0169054
786.124 0.602859 0.0164831
786.432 0.579819 0.0153713
786.741 0.57053 0.0146649
787.049 0.579434 0.0146916
787.357 0.58431 0.014979
787.665 0.576657 0.014791
787.973 0.605557 0.0152949
788.281 0.597031 0.0155031
788.588 0.620406 0.016645
788.896 0.643316 0.0180037
789.204 0.672608 0.0191569
789.511 0.635567 0.0186724
789.819 0.653832 0.019284
790.126 0.646058 0.019177
790.434 0.621598 0.0188062
790.741 0.625312 0.0188147
791.049 0.630982 0.0188798
791.356 0.64838 0.0197595
791.663 0.635272 0.0199116
791.97 0.644582 0.0201092
792.277 0.635316 0.0195932
792.584 0.608828 0.018169
792.891 0.555514 0.0153504
793.198 0.537036 0.0140101
793.505 0.558574 0.0140087
793.812 0.587188 0.0147692
794.119 0.596135 0.0152235
794.425 0.607163 0.01582
794.732 0.618088 0.0166892
795.038 0.689155 0.0194692
795.345 0.688077 0.0209201
795.651 0.695644 0.0221626
795.958 0.717841 0.0225591
796.264 0.622136 0.0195978
796.57 0.61439 0.0187629
796.876 0.612915 0.0185794
797.183 0.633322 0.0192353
797.489 0.647346 0.0202454
797.795 0.639013 0.0202946
798.101 0.648488 0.0203541
798.406 0.644484 0.0203989
798.712 0.659209 0.0212401
799.018 0.683948 0.0219729
799.324 0.645327 0.0213996
799.629 0.630757 0.0212521
799.935 0.664956 0.0219824
800.24 0.675379 0.0225754
800.546 0.681384 0.0226833
800.851 0.662379 0.0225683
801.157 0.690364 0.0240271
801.462 0.67806 0.024043
801.767 0.684526 0.0242723
802.072 0.667705 0.0230423
802.377 0.647187 0.0218301
802.682 0.631735 0.0212205
802.987 0.658382 0.022265
803.292 0.671919 0.0230678
803.597 0.670673 0.0232426
803.902 0.679515 0.0233364
804.207 0.682213 0.0232364
804.511 0.667739 0.0226363
804.816 0.605748 0.0202574
805.12 0.609017 0.0189788
805.425 0.573072 0.0173403
805.729 0.61386 0.0180873
806.034 0.623004 0.0189269
806.338 0.679223 0.0208887
806.642 0.675262 0.021358
806.946 0.64563 0.0206729
807.251 0.656603 0.0210395
807.555 0.645074 0.0205221
807.859 0.635313 0.0202116
808.162 0.665242 0.0212824
808.466 0.705756 0.022667
808.77 0.696503 0.0231145
809.074 0.693096 0.0238465
809.378 0.715035 0.0242632
809.681 0.693981 0.0237151
809.985 0.722044 0.0245811
810.288 0.713607 0.0247096
810.592 0.688189 0.0240836
810.895 0.719772 0.025215
811.198 0.726872 0.0264595
811.502 0.731631 0.0269321
811.805 0.719989 0.0274509
812.108 0.692866 0.0257028
812.411 0.661306 0.0243668
812.714 0.639308 0.0223229
813.017 0.627152 0.0209238
813.32 0.636086 0.021041
813.623 0.68213 0.0224776
813.926 0.704243 0.0244934
814.228 0.758351 0.0267761
814.531 0.758819 0.0276432
814.833 0.717481 0.0266731
815.136 0.712892 0.0267493
815.438 0.726346 0.0273085
815.741 0.681502 0.0253553
816.043 0.707443 0.0255192
816.345 0.703345 0.025274
816.648 0.706766 0.0255418
816.95 0.707649 0.0259501
817.252 0.717584 0.0267187
817.554 0.702281 0.0264887
817.856 0.737018 0.0277155
818.158 0.694977 0.0271471
818.46 0.738553 0.0286949
818.761 0.737563 0.0285712
819.063 0.748471 0.0282821
819.365 0.688669 0.0263273
819.666 0.702678 0.0252639
819.968 0.680122 0.0240351
820.269 0.690145 0.0239499
820.571 0.70728 0.0248811
820.872 0.70211 0.0257275
821.173 0.761018 0.0278491
821.475 0.7741 0.0291682
821.776 0.769792 0.0289363
822.077 0.745646 0.0283129
822.378 0.748995 0.0285745
822.679 0.760335 0.0292612
822.98 0.734705 0.0284966
823.281 0.788459 0.0304781
823.581 0.726554 0.028962
823.882 0.782819 0.0304472
824.183 0.770299 0.0298963
824.483 0.711291 0.0277069
824.784 0.697862 0.0263168
825.084 0.733584 0.0274656
825.385 0.761 0.0283409
825.685 0.778202 0.0292758
825.985 0.750249 0.0284994
826.286 0.732764 0.0277785
826.586 0.729491 0.0271728
826.886 0.739671 0.0274125
827.186 0.743504 0.0278869
827.486 0.784818 0.0296136
827.786 0.77242 0.0298265
828.086 0.756011 0.0292114
828.386 0.73203 0.0283688
828.685 0.761786 0.0287794
828.985 0.772431 0.0298459
829.285 0.757984 0.0297695
829.584 0.709853 0.0292743
829.884 0.779942 0.0311534
830.183 0.776359 0.0327019
830.482 0.827843 0.0334003
830.782 0.725517 0.0314009
831.081 0.865286 0.0355904
831.38 0.786932 0.0328433
831.679 0.793633 0.0330577
831.978 0.821997 0.0336969
832.277 0.775367 0.0316724
832.576 0.767633 0.0309213
832.875 0.735336 0.0302454
833.174 0.754329 0.0304413
833.472 0.746006 0.0305019
833.771 0.791482 0.0318453
834.07 0.751539 0.0302939
834.368 0.744455 0.0304458
834.667 0.785788 0.0321056
834.965 0.838643 0.0336658
835.263 0.792163 0.0327637
835.562 0.764437 0.0321998
835.86 0.763974 0.0318929
836.158 0.752119 0.0320045
836.456 0.784949 0.0335568
836.754 0.781778 0.0333953
837.052 0.784851 0.0345234
837.35 0.748488 0.0330604
837.648 0.816523 0.0349882
837.946 0.835239 0.0356884
838.243 0.843513 0.035875
838.541 0.790748 0.0338223
838.839 0.775381 0.0335411
839.136 0.821272 0.0344468
839.434 0.793105 0.0336451
839.731 0.830399 0.0353537
840.028 0.811522 0.0341489
840.326 0.853771 0.0354668
840.623 0.808448 0.0344811
840.92 0.846184 0.0356162
841.217 0.866964 0.037063
841.514 0.865771 0.0372444
841.811 0.793841 0.0344865
842.108 0.82229 0.0361308
842.405 0.848325 0.0369722
842.701 0.867693 0.0375642
842.998 0.800364 0.0349667
843.295 0.866943 0.0371877
843.591 0.838935 0.036662
843.888 0.828976 0.0360223
844.184 0.785609 0.0352706
844.481 0.789174 0.0347708
844.777 0.810521 0.0354105
845.073 0.811652 0.0357023
845.369 0.850738 0.0369186
845.665 0.836502 0.0371434
845.962 0.831423 0.0363039
846.258 0.819546 0.0367417
846.553 0.855659 0.0375969
846.849 0.85533 0.0376545
847.145 0.840674 0.0361174
847.441 0.782215 0.035048
847.737 0.831929 0.035845
848.032 0.814437 0.0361437
848.328 0.854545 0.0371932
848.623 0.859133 0.0377909
848.919 0.856426 0.0368906
849.214 0.784147 0.0348969
849.509 0.755967 0.0347752
849.805 0.795577 0.0363904
850.1 0.898184 0.0395304
850.395 0.892744 0.0392799
850.69 0.88979 0.0394877
850.985 0.856892 0.0373758
851.28 0.846124 0.0369861
851.575 0.84765 0.0374714
851.869 0.835816 0.0370819
852.164 0.838719 0.0365929
852.459 0.819022 0.0351687
852.753 0.86589 0.0356578
853.048 0.774621 0.0319764
853.342 0.775713 0.0317769
853.637 0.810717 0.0330695
853.931 0.810616 0.0327127
854.225 0.814613 0.0326491
854.52 0.838974 0.0343683
854.814 0.834524 0.0343909
855.108 0.773727 0.0320401
855.402 0.769159 0.0325299
855.696 0.8324 0.0348096
855.99 0.822402 0.0351579
856.283 0.814825 0.0342276
856.577 0.86402 0.0360516
856.871 0.854192 0.0355626
857.164 0.834275 0.0355278
857.458 0.912588 0.0383922
857.751 0.848939 0.0363869
858.045 0.826743 0.0354724
858.338 0.848633 0.0365261
858.632 0.792768 0.0344952
858.925 0.810264 0.035789
859.218 0.808721 0.0356026
859.511 0.880253 0.0386985
859.804 0.880691 0.038321
860.097 0.778629 0.0350776
860.39 0.812641 0.0368872
860.683 0.845336 0.0374626
860.976 0.856066 0.0380016
861.268 0.858095 0.0374586
861.561 0.84123 0.0381515
861.854 0.887425 0.0403525
862.146 0.876833 0.0386863
862.439 0.857306 0.0380462
862.731 0.816751 0.036226
863.023 0.80445 0.0371168
863.316 0.836584 0.0371679
863.608 0.859069 0.037861
863.9 0.853061 0.0377523
864.192 0.849206 0.0367735
864.484 0.870439 0.0381211
864.776 0.835824 0.0376868
865.068 0.814081 0.0369632
865.36 0.845341 0.0375677
865.651 0.881365 0.0393674
865.943 0.820252 0.0372761
866.235 0.855283 0.0382567
866.526 0.854382 0.0392671
866.818 0.900834 0.038968
867.109 0.849213 0.037603
867.4 0.828732 0.0378618
867.692 0.917672 0.0400593
867.983 0.824102 0.0375946
868.274 0.896283 0.0396982
868.565 0.831267 0.0377436
868.856 0.840704 0.0382055
869.147 0.801358 0.0371997
869.438 0.849672 0.0382015
869.729 0.814019 0.0376152
870.02 0.900245 0.0411169
870.31 0.835461 0.0383744
870.601 0.814468 0.0373432
870.892 0.853514 0.0378354
871.182 0.781697 0.0360562
871.473 0.864323 0.0387383
871.763 0.820096 0.0368293
872.053 0.876035 0.0385131
872.343 0.841737 0.0376934
872.634 0.820639 0.0375922
872.924 0.849819 0.0374945
873.214 0.830711 0.0378292
873.504 0.921917 0.0403868
873.794 0.909505 0.0411162
874.084 0.924184 0.041327
874.373 0.896202 0.0396724
874.663 0.835258 0.0373928
874.953 0.883638 0.0397399
875.242 0.833841 0.0380841
875.532 0.82603 0.0375938
875.821 0.853531 0.038452
876.111 0.827558 0.0377189
876.4 0.909388 0.0400344
876.689 0.859359 0.0386589
876.978 0.891094 0.0393808
877.268 0.819929 0.0378427
877.557 0.854169 0.0390704
877.846 0.850481 0.0388554
878.134 0.868032 0.0396106
878.423 0.868191 0.0396178
878.712 0.868351 0.0396251
