178.41 0.786019 0.13714
178.791 0.790996 0.138009
179.172 0.795938 0.138871
179.553 0.369997 0.369997
179.934 0.547416 0.547416
180.316 0.719827 0.719827
180.697 0.474057 0.474057
181.078 0.656227 0.656227
181.459 0.450218 0.450218
181.84 0.474593 0.474593
182.221 3.30375 3.30375
182.602 0.596553 0.596553
182.983 -1.11333 -1.11333
183.364 0.485854 0.123687
183.744 0.677417 0.0922104
184.125 0.658025 0.0788351
184.506 0.550164 0.0590517
184.887 0.505075 0.0504545
185.268 0.383906 0.0378697
185.648 0.493542 0.0415652
186.029 0.583353 0.0431027
186.41 0.604895 0.0427437
186.791 0.586491 0.0404486
187.171 0.495328 0.0317949
187.552 0.410926 0.0235616
187.932 0.441195 0.0248593
188.313 0.420998 0.0226806
188.694 0.4559 0.0235885
189.074 0.409905 0.0215644
189.455 0.442622 0.0217866
189.835 0.465396 0.0229708
190.216 0.455844 0.0221349
190.596 0.471708 0.0215488
190.977 0.439928 0.0206487
191.357 0.465771 0.0213092
191.737 0.46203 0.0209583
192.118 0.445225 0.0204728
192.498 0.414264 0.0191354
192.878 0.448927 0.0200732
193.258 0.425696 0.0192096
193.639 0.428154 0.0190261
194.019 0.441595 0.0194927
194.399 0.40594 0.018528
194.779 0.381792 0.0172483
195.159 0.421802 0.018655
195.54 0.396459 0.017544
195.92 0.393044 0.0175199
196.3 0.382815 0.0170399
196.68 0.372305 0.0168883
197.06 0.4048 0.0175048
197.44 0.404856 0.017338
197.82 0.378422 0.0166308
198.2 0.363983 0.0163028
198.58 0.347181 0.0155018
198.959 0.358644 0.0157271
199.339 0.356831 0.0157554
199.719 0.34898 0.0152826
200.099 0.353141 0.0154104
200.479 0.350196 0.0153026
200.858 0.311776 0.014226
201.238 0.308538 0.0139308
201.618 0.315137 0.014237
201.998 0.303529 0.0136378
202.377 0.298824 0.0135314
202.757 0.302029 0.0134251
203.136 0.301298 0.0133219
203.516 0.286389 0.0127947
203.896 0.27005 0.0122713
204.275 0.278494 0.0122158
204.655 0.276503 0.0121952
205.034 0.275996 0.0120407
205.414 0.260124 0.0115431
205.793 0.270605 0.0116678
206.172 0.258951 0.0114242
206.552 0.253234 0.0111047
206.931 0.242046 0.0106902
207.31 0.247606 0.0106958
207.69 0.239151 0.0104277
208.069 0.229974 0.0100903
208.448 0.224952 0.0098538
208.827 0.222617 0.0097462
209.207 0.2312 0.00990634
209.586 0.215042 0.00930395
209.965 0.22128 0.0094081
210.344 0.19725 0.00875302
210.723 0.214245 0.00901024
211.102 0.198495 0.00852269
211.481 0.202151 0.00855544
211.86 0.203176 0.00849173
212.239 0.186672 0.0080573
212.618 0.179973 0.00779702
212.997 0.184432 0.00776427
213.376 0.181737 0.0076798
213.755 0.18677 0.00767607
214.134 0.176179 0.00735427
214.513 0.179527 0.00730365
214.891 0.16335 0.0069203
215.27 0.168782 0.00690217
215.649 0.164365 0.00675526
216.028 0.161853 0.00658767
216.406 0.162886 0.0065398
216.785 0.158347 0.00634312
217.164 0.153711 0.00618701
217.542 0.150983 0.0060033
217.921 0.146285 0.00583352
218.3 0.145186 0.00579098
218.678 0.149586 0.00578561
219.057 0.144429 0.0055838
219.435 0.137002 0.00534896
219.814 0.139067 0.0053494
220.192 0.136367 0.00521182
220.57 0.136876 0.00516033
220.949 0.131045 0.00496448
221.327 0.130271 0.00486751
221.705 0.130792 0.00482729
222.084 0.122237 0.00456551
222.462 0.122026 0.00450721
222.84 0.12363 0.00449928
223.218 0.12173 0.00435342
223.597 0.117902 0.00424114
223.975 0.115193 0.00411665
224.353 0.117675 0.00411507
224.731 0.113637 0.00397869
225.109 0.113663 0.00389876
225.487 0.114488 0.00385727
225.865 0.113182 0.00377654
226.243 0.111262 0.00369685
226.621 0.112938 0.00367553
226.999 0.110655 0.00356366
227.377 0.111213 0.00353795
227.755 0.109349 0.0034624
228.133 0.110953 0.00344342
228.511 0.107065 0.00334228
228.889 0.110383 0.00332879
229.266 0.108132 0.0032634
229.644 0.110517 0.00323425
230.022 0.108037 0.00315635
230.4 0.110052 0.00315563
230.777 0.109713 0.00312078
231.155 0.108311 0.00306048
231.533 0.109511 0.00303381
231.91 0.108608 0.00298038
232.288 0.108764 0.00295426
232.665 0.110365 0.00293761
233.043 0.109429 0.00289752
233.42 0.107432 0.00283215
233.798 0.108935 0.00283104
234.175 0.110567 0.00281501
234.553 0.107715 0.00274889
234.93 0.109912 0.00274897
235.307 0.109839 0.00272579
235.685 0.110617 0.0027131
236.062 0.108101 0.00265073
236.439 0.11077 0.00266998
236.816 0.111264 0.0026432
237.194 0.112038 0.0026243
237.571 0.111626 0.00259666
237.948 0.113162 0.00260065
238.325 0.110915 0.0025462
238.702 0.109239 0.00251198
239.079 0.112217 0.00252073
239.456 0.112229 0.00250402
239.833 0.114079 0.0025083
240.21 0.114341 0.00248797
240.587 0.114459 0.00247774
240.964 0.112336 0.00243462
241.341 0.114301 0.00243507
241.718 0.115264 0.00242217
242.095 0.116111 0.00243031
242.472 0.11601 0.00241
242.849 0.115854 0.0023904
243.225 0.113963 0.00235015
243.602 0.114304 0.00234181
243.979 0.115307 0.00234394
244.356 0.117718 0.00235859
244.732 0.117121 0.00232865
245.109 0.1171 0.00231213
245.486 0.115832 0.00229638
245.862 0.117736 0.00230375
246.239 0.117405 0.00227706
246.615 0.119174 0.00228999
246.992 0.11882 0.00226983
247.368 0.118663 0.00226832
247.745 0.119368 0.00225587
248.121 0.118972 0.00223677
248.497 0.119245 0.00223571
248.874 0.119625 0.00222572
249.25 0.119953 0.00220915
249.626 0.119145 0.00219806
250.003 0.119489 0.00218831
250.379 0.118133 0.00215467
250.755 0.120119 0.00217459
251.131 0.121332 0.0021702
251.507 0.11997 0.00215511
251.884 0.120806 0.00214776
252.26 0.122175 0.00216044
252.636 0.119468 0.00211693
253.012 0.118701 0.00210242
253.388 0.120417 0.00211119
253.764 0.120879 0.00210659
254.14 0.120295 0.00209649
254.516 0.121709 0.0021059
254.892 0.121309 0.0020918
255.268 0.122358 0.0020986
255.643 0.120904 0.00207733
256.019 0.120891 0.00207568
256.395 0.123408 0.0020928
256.771 0.121577 0.00206207
257.147 0.121224 0.00205674
257.522 0.121362 0.00205465
257.898 0.123459 0.00206891
258.274 0.122388 0.0020546
258.649 0.122426 0.00205366
259.025 0.121809 0.00203723
259.4 0.122178 0.0020392
259.776 0.121894 0.00203054
260.151 0.124532 0.0020593
260.527 0.123874 0.0020447
260.902 0.123695 0.00203766
261.278 0.123891 0.00203497
261.653 0.122565 0.002024
262.028 0.123767 0.00203585
262.404 0.123835 0.00202707
262.779 0.123566 0.00201979
263.154 0.125079 0.00202855
263.53 0.123349 0.00200897
263.905 0.124301 0.00202062
264.28 0.125144 0.00202641
264.655 0.122884 0.00200219
265.03 0.124196 0.00201907
265.405 0.121997 0.00199445
265.781 0.124409 0.00201646
266.156 0.12409 0.00201171
266.531 0.122327 0.00198683
266.906 0.124648 0.00201667
267.281 0.1254 0.00201273
267.655 0.125067 0.00201757
268.03 0.124861 0.00201703
268.405 0.123647 0.00200453
268.78 0.123897 0.00200651
269.155 0.125059 0.00201141
269.53 0.124252 0.00201183
269.904 0.124465 0.00201128
270.279 0.12321 0.00200238
270.654 0.12374 0.00200098
271.029 0.124016 0.002007
271.403 0.12414 0.00200233
271.778 0.125067 0.00201551
272.152 0.124032 0.00200906
272.527 0.125341 0.00201786
272.901 0.124441 0.00200273
273.276 0.124057 0.00199508
273.65 0.126205 0.0020186
274.025 0.123056 0.00198809
274.399 0.124802 0.00201174
274.774 0.124164 0.00200195
275.148 0.123015 0.00198636
275.522 0.124672 0.00200504
275.897 0.123803 0.00199696
276.271 0.123507 0.00199656
276.645 0.125388 0.00200588
277.019 0.123072 0.00198189
277.393 0.122702 0.00197356
277.768 0.122778 0.00198352
278.142 0.122471 0.00197904
278.516 0.123435 0.00199032
278.89 0.123876 0.00198995
279.264 0.121825 0.00197973
279.638 0.122086 0.00197226
280.012 0.122454 0.00197871
280.386 0.122913 0.00199278
280.76 0.121815 0.00197632
281.133 0.12165 0.0019786
281.507 0.12225 0.00198188
281.881 0.12104 0.00196754
282.255 0.122747 0.00198414
282.629 0.121856 0.00198267
283.002 0.121383 0.00197988
283.376 0.121295 0.00197375
283.75 0.123561 0.00199886
284.123 0.120912 0.00197042
284.497 0.119636 0.00196357
284.87 0.119951 0.00196816
285.244 0.120761 0.00197116
285.618 0.120467 0.00197382
285.991 0.119881 0.00197733
286.364 0.120289 0.00197994
286.738 0.120359 0.00198016
287.111 0.120656 0.00198344
287.485 0.119132 0.00197199
287.858 0.118152 0.00197119
288.231 0.119915 0.00198235
288.605 0.118115 0.00197282
288.978 0.117318 0.00196196
289.351 0.117863 0.00197674
289.724 0.117684 0.00197516
290.097 0.117349 0.00197471
290.47 0.117552 0.0019828
290.843 0.116377 0.00197217
291.217 0.115711 0.00196692
291.59 0.117792 0.00199827
291.963 0.115478 0.00197418
292.336 0.116569 0.00198982
292.708 0.114184 0.00197311
293.081 0.11768 0.00201231
293.454 0.115398 0.00198392
293.827 0.115166 0.00198783
294.2 0.113776 0.00198867
294.573 0.11359 0.00198071
294.945 0.11527 0.00200709
295.318 0.114274 0.00199763
295.691 0.113882 0.00199906
296.064 0.112758 0.00199282
296.436 0.112523 0.00198933
296.809 0.112311 0.00198212
297.181 0.113055 0.00199935
297.554 0.112129 0.00199418
297.926 0.112784 0.00200159
298.299 0.113249 0.00200785
298.671 0.112052 0.00198852
299.044 0.110929 0.00198937
299.416 0.111089 0.00199381
299.788 0.112288 0.00200142
300.161 0.11242 0.00201142
300.533 0.111753 0.00200264
300.905 0.11226 0.00199954
301.278 0.111018 0.00199263
301.65 0.1103 0.00198394
302.022 0.109995 0.00198552
302.394 0.111799 0.00200497
302.766 0.110217 0.00198792
303.138 0.1126 0.00201719
303.51 0.111699 0.00200388
303.882 0.113128 0.00201412
304.254 0.113089 0.00201774
304.626 0.112558 0.00200694
304.998 0.113529 0.00201498
305.37 0.114287 0.00203299
305.742 0.114385 0.00202624
306.114 0.114777 0.00202884
306.485 0.116232 0.00204211
306.857 0.116154 0.00203997
307.229 0.116889 0.00205356
307.601 0.118096 0.00206358
307.972 0.120312 0.0020807
308.344 0.12005 0.00207583
308.716 0.1229 0.00210899
309.087 0.123389 0.00211052
309.459 0.123111 0.00211135
309.83 0.125081 0.00212845
310.202 0.125137 0.00212547
310.573 0.127412 0.00214595
310.945 0.127599 0.00214604
311.316 0.127145 0.00215246
311.687 0.128285 0.00215342
312.059 0.129295 0.00216947
312.43 0.129518 0.00216739
312.801 0.130145 0.00218029
313.172 0.1316 0.00219379
313.544 0.133218 0.00220952
313.915 0.129776 0.00216693
314.286 0.133092 0.00220396
314.657 0.13358 0.00220311
315.028 0.134205 0.00221293
315.399 0.135246 0.00222076
315.77 0.136782 0.00223017
316.141 0.139009 0.00225761
316.512 0.142948 0.00228903
316.883 0.143716 0.0022998
317.254 0.147797 0.00232988
317.625 0.148375 0.00234881
317.996 0.150977 0.00235635
318.366 0.154148 0.00238687
318.737 0.156829 0.00240511
319.108 0.157783 0.00242075
319.478 0.160137 0.00243955
319.849 0.160796 0.00244341
320.22 0.163362 0.00246525
320.59 0.162363 0.0024563
320.961 0.163927 0.00247234
321.331 0.162954 0.00246532
321.702 0.163948 0.00248535
322.072 0.162946 0.00248524
322.443 0.162852 0.00247959
322.813 0.163365 0.00247889
323.184 0.162077 0.00247602
323.554 0.161401 0.0024787
323.924 0.160381 0.00246959
324.295 0.160394 0.00248167
324.665 0.16017 0.00248174
325.035 0.158164 0.00246292
325.405 0.155762 0.00245421
325.775 0.154106 0.002453
326.145 0.149762 0.00241586
326.515 0.147436 0.00240145
326.886 0.145686 0.00239922
327.256 0.139378 0.00234894
327.626 0.137084 0.00234394
327.995 0.134033 0.00232342
328.365 0.129362 0.00228577
328.735 0.126566 0.00227229
329.105 0.127964 0.00230956
329.475 0.126835 0.00231741
329.845 0.128569 0.00236694
330.215 0.126811 0.00234188
330.584 0.12171 0.00227219
330.954 0.114947 0.00215597
331.324 0.106014 0.00201221
331.693 0.10263 0.00194586
332.063 0.0979964 0.00188095
332.432 0.095857 0.00185071
332.802 0.0937934 0.00184571
333.171 0.0949135 0.00188106
333.541 0.0957651 0.00192473
333.91 0.0957042 0.00193389
334.28 0.0962358 0.00195037
334.649 0.0971794 0.00196559
335.018 0.0975334 0.00197588
335.388 0.098943 0.00199653
335.757 0.101431 0.00202176
336.126 0.10486 0.00206303
336.495 0.107397 0.00208079
336.865 0.110449 0.00211889
337.234 0.115231 0.00217651
337.603 0.120184 0.00221826
337.972 0.126459 0.00228067
338.341 0.131502 0.00232189
338.71 0.13882 0.002384
339.079 0.145689 0.00245113
339.448 0.150446 0.0024869
339.817 0.158433 0.00255836
340.186 0.164828 0.00261114
340.554 0.1742 0.00268083
340.923 0.18153 0.00274236
341.292 0.187835 0.00279222
341.661 0.196724 0.0028611
342.029 0.200809 0.00288566
342.398 0.210242 0.00295662
342.767 0.217242 0.00301699
343.135 0.225698 0.00307285
343.504 0.231371 0.00312093
343.872 0.238526 0.00315703
344.241 0.245253 0.00320873
344.609 0.252728 0.00327021
344.978 0.25942 0.00330987
345.346 0.263601 0.00332389
345.715 0.271353 0.00338545
346.083 0.273773 0.00340809
346.451 0.280862 0.00344645
346.82 0.288705 0.00350595
347.188 0.292407 0.00352169
347.556 0.298402 0.00357596
347.924 0.299823 0.00358012
348.292 0.305635 0.00362287
348.66 0.31145 0.00365395
349.028 0.314134 0.00367428
349.396 0.321134 0.00372963
349.764 0.32335 0.00373776
350.132 0.327816 0.00376155
350.5 0.331136 0.00378672
350.868 0.336327 0.00382322
351.236 0.33656 0.0038215
351.604 0.342097 0.00386778
351.972 0.348575 0.00390865
352.34 0.349806 0.00392124
352.707 0.355648 0.00395558
353.075 0.355104 0.0039536
353.443 0.356518 0.0039705
353.81 0.362586 0.00401409
354.178 0.36588 0.00403456
354.545 0.366168 0.00402626
354.913 0.370979 0.00406985
355.28 0.36983 0.0040641
355.648 0.373431 0.00407521
356.015 0.37533 0.00409271
356.383 0.375845 0.00409084
356.75 0.379595 0.00412168
357.117 0.378856 0.00411994
357.485 0.384519 0.00415354
357.852 0.386789 0.00419455
358.219 0.388539 0.00418316
358.586 0.38452 0.00416077
358.954 0.393512 0.00422684
359.321 0.390094 0.00419827
359.688 0.39622 0.00425192
360.055 0.392365 0.00422517
360.422 0.397383 0.00425827
360.789 0.399819 0.00427866
361.156 0.398665 0.00426872
361.523 0.403078 0.00430965
361.89 0.400035 0.00428815
362.256 0.395545 0.00424696
362.623 0.406479 0.00434813
362.99 0.40607 0.00432514
363.357 0.409394 0.00436054
363.724 0.410022 0.00436577
364.09 0.410892 0.00436159
364.457 0.412867 0.00440471
364.823 0.411818 0.00437085
365.19 0.413057 0.00438393
365.557 0.415472 0.0043899
365.923 0.417219 0.0044137
366.29 0.418137 0.00443244
366.656 0.416026 0.00440305
367.022 0.418511 0.00441067
367.389 0.421579 0.00444663
367.755 0.424588 0.00448371
368.121 0.422171 0.00446912
368.488 0.420629 0.00445492
368.854 0.426807 0.00450455
369.22 0.428762 0.00453613
369.586 0.428295 0.0045491
369.952 0.429961 0.00456785
370.318 0.425979 0.00454881
370.684 0.430561 0.00458654
371.051 0.431833 0.00459458
371.416 0.43269 0.00462756
371.782 0.435161 0.00462688
372.148 0.433881 0.00462958
372.514 0.432404 0.00463162
372.88 0.438235 0.00467644
373.246 0.438303 0.0046725
373.612 0.441232 0.00468589
373.977 0.436173 0.00464843
374.343 0.437283 0.00463964
374.709 0.442003 0.00464947
375.074 0.438286 0.00464375
375.44 0.44182 0.0046824
375.806 0.444963 0.00472496
376.171 0.441577 0.00468315
376.537 0.441768 0.00467988
376.902 0.439883 0.00467811
377.268 0.44048 0.00466206
377.633 0.440781 0.0046551
377.998 0.440769 0.00463721
378.364 0.444438 0.00463634
378.729 0.445886 0.0046517
379.094 0.449494 0.00469093
379.459 0.453591 0.00477538
379.825 0.447729 0.0047234
380.19 0.448153 0.00473296
380.555 0.446273 0.00475621
380.92 0.45429 0.00485871
381.285 0.450527 0.00482939
381.65 0.448689 0.00478202
382.015 0.446275 0.00477617
382.38 0.455071 0.00484174
382.745 0.45182 0.004854
383.11 0.454103 0.00487941
383.474 0.455332 0.00487158
383.839 0.45511 0.00487917
384.204 0.459276 0.00491727
384.569 0.455191 0.00490135
384.933 0.455112 0.00491519
385.298 0.455182 0.00492323
385.663 0.456452 0.0049161
386.027 0.449833 0.00487024
386.392 0.452573 0.0048642
386.756 0.450802 0.00483026
387.121 0.457609 0.0048652
387.485 0.455145 0.00483717
387.849 0.455229 0.00481497
388.214 0.461076 0.00489956
388.578 0.465224 0.0049463
388.942 0.458352 0.00493464
389.307 0.459025 0.00493376
389.671 0.461803 0.0049669
390.035 0.459357 0.00493115
390.399 0.456672 0.00490518
390.763 0.459614 0.00489194
391.127 0.459199 0.0048721
391.492 0.458294 0.00480036
391.856 0.454403 0.00472484
392.219 0.457923 0.00470772
392.583 0.464034 0.00476601
392.947 0.473497 0.00491825
393.311 0.469202 0.00494108
393.675 0.466163 0.00493989
394.039 0.468399 0.00498238
394.403 0.468563 0.00498574
394.766 0.465962 0.00498539
395.13 0.46699 0.00500409
395.494 0.466011 0.00499685
395.857 0.463225 0.00496014
396.221 0.462791 0.00493536
396.584 0.464325 0.00490651
396.948 0.463961 0.00485163
397.311 0.460291 0.00476124
397.675 0.467406 0.00477198
398.038 0.470849 0.00479185
398.401 0.474147 0.00487696
398.765 0.478501 0.00497506
399.128 0.476771 0.00503701
399.491 0.475759 0.00506994
399.854 0.475534 0.00507596
400.218 0.470518 0.0050638
400.581 0.474506 0.00509971
400.944 0.477619 0.00514146
401.307 0.479652 0.0052144
401.67 0.483475 0.00521992
402.033 0.478303 0.00520707
402.396 0.477131 0.00520358
402.759 0.48264 0.00523991
403.122 0.477475 0.00518637
403.485 0.479415 0.00519556
403.847 0.479247 0.00515142
404.21 0.479602 0.00512671
404.573 0.485487 0.00515244
404.936 0.479123 0.00509334
405.298 0.485771 0.00518485
405.661 0.492695 0.00529487
406.023 0.494381 0.00537914
406.386 0.491291 0.00538128
406.749 0.490073 0.00539919
407.111 0.487462 0.00537788
407.473 0.481311 0.00525833
407.836 0.486538 0.0052791
408.198 0.486371 0.00524605
408.561 0.49172 0.00529
408.923 0.490058 0.00528885
409.285 0.494966 0.00532508
409.647 0.497784 0.00538702
410.009 0.498154 0.00543999
410.372 0.494034 0.00540955
410.734 0.493802 0.00543548
411.096 0.492611 0.00541939
411.458 0.49738 0.00544425
411.82 0.496785 0.0054053
412.182 0.489364 0.00532405
412.544 0.494734 0.00536516
412.906 0.49666 0.00536608
413.267 0.499568 0.00540101
413.629 0.500109 0.00544647
413.991 0.498586 0.00546373
414.353 0.503349 0.00550488
414.714 0.504906 0.00557147
415.076 0.500908 0.00553558
415.438 0.499121 0.00551968
415.799 0.498791 0.00549584
416.161 0.501564 0.00555941
416.522 0.503006 0.00559032
416.884 0.499301 0.00557315
417.245 0.506982 0.00563657
417.607 0.500336 0.0055857
417.968 0.497819 0.00556536
418.329 0.504652 0.00559642
418.691 0.50195 0.00557956
419.052 0.50228 0.0055775
419.413 0.498651 0.00550731
419.774 0.499285 0.00549367
420.135 0.499848 0.0053744
420.497 0.494911 0.0052634
420.858 0.494166 0.00518688
421.219 0.502407 0.00524761
421.58 0.513592 0.00537335
421.941 0.51842 0.00549334
422.302 0.513089 0.00553832
422.662 0.513832 0.00556618
423.023 0.510691 0.00557363
423.384 0.509027 0.00558319
423.745 0.50527 0.00552899
424.106 0.503919 0.00551848
424.466 0.508152 0.00553083
424.827 0.515771 0.00564906
425.187 0.517469 0.00572996
425.548 0.51172 0.00575187
425.909 0.507723 0.00575966
426.269 0.508136 0.00572137
426.63 0.504194 0.0056605
426.99 0.508622 0.00563863
427.35 0.512796 0.005687
427.711 0.504664 0.00560174
428.071 0.500393 0.00553129
428.431 0.494344 0.00539272
428.792 0.488417 0.00517684
429.152 0.493476 0.00506054
429.512 0.503498 0.00510209
429.872 0.50656 0.00515309
430.232 0.516404 0.0052948
430.592 0.52366 0.00548317
430.952 0.526546 0.00566061
431.312 0.524715 0.00579133
431.672 0.519048 0.0058263
432.032 0.505664 0.00573313
432.392 0.49916 0.00561911
432.752 0.488894 0.00528745
433.111 0.494328 0.00519803
433.471 0.512737 0.00537677
433.831 0.526665 0.00566273
434.19 0.515632 0.00560383
434.55 0.513932 0.00559357
434.91 0.513591 0.00565694
435.269 0.503453 0.00552369
435.629 0.508272 0.00553784
435.988 0.507229 0.00550847
436.348 0.514749 0.00563402
436.707 0.518038 0.00573799
437.066 0.512346 0.00570327
437.426 0.506147 0.00560138
437.785 0.506689 0.00558867
438.144 0.50908 0.00559486
438.503 0.512235 0.00568622
438.862 0.516586 0.0057209
439.222 0.514863 0.00575693
439.581 0.512826 0.00577019
439.94 0.502021 0.00562909
440.299 0.495314 0.00540288
440.658 0.493925 0.00525798
441.017 0.509595 0.00534246
441.376 0.519462 0.00545688
441.734 0.517229 0.00550107
442.093 0.511616 0.00546876
442.452 0.501885 0.00537761
442.811 0.506654 0.00537935
443.169 0.509043 0.00538999
443.528 0.515055 0.00553418
443.887 0.510804 0.00551482
444.245 0.510331 0.00553642
444.604 0.508772 0.00557397
444.962 0.508734 0.00560028
445.321 0.512598 0.00562675
445.679 0.505751 0.00555967
446.038 0.505053 0.00553554
446.396 0.514263 0.00566274
446.754 0.514526 0.0057417
447.112 0.516563 0.00578215
447.471 0.509852 0.00575105
447.829 0.506903 0.00576438
448.187 0.511856 0.00578218
448.545 0.51155 0.00576277
448.903 0.506048 0.00574654
449.261 0.5072 0.00576981
449.619 0.509302 0.00583651
449.977 0.518661 0.00591858
450.335 0.517518 0.00597683
450.693 0.517712 0.00599275
451.051 0.509849 0.00593529
451.409 0.510432 0.00596197
451.766 0.511533 0.005976
452.124 0.518492 0.00610092
452.482 0.51508 0.00614105
452.839 0.515548 0.00621245
453.197 0.517034 0.00623238
453.555 0.511145 0.00622241
453.912 0.508344 0.00618904
454.27 0.500588 0.00604477
454.627 0.507511 0.0060145
454.984 0.508654 0.00603549
455.342 0.515833 0.00617112
455.699 0.515634 0.00623877
456.056 0.512314 0.00618174
456.414 0.507985 0.00610054
456.771 0.501542 0.00595088
457.128 0.504247 0.00594408
457.485 0.505273 0.0059295
457.842 0.50891 0.00598762
458.199 0.513379 0.0060069
458.556 0.508136 0.0059185
458.913 0.507837 0.005917
459.27 0.506304 0.0058746
459.627 0.513036 0.00599955
459.984 0.506359 0.00591693
460.341 0.507619 0.00591666
460.697 0.512324 0.00601484
461.054 0.526366 0.00627631
461.411 0.523931 0.00639077
461.767 0.512666 0.00639624
462.124 0.506837 0.00634388
462.481 0.504273 0.00625212
462.837 0.500159 0.00612992
463.194 0.506498 0.00603953
463.55 0.50597 0.0060752
463.907 0.497652 0.00586688
464.263 0.498616 0.00579171
464.619 0.496986 0.00567277
464.976 0.501514 0.00561964
465.332 0.509329 0.00566185
465.688 0.523421 0.00591578
466.044 0.523127 0.00612644
466.4 0.518323 0.00619313
466.756 0.508056 0.00617172
467.112 0.512049 0.00619587
467.468 0.505427 0.00614658
467.824 0.512278 0.00625157
468.18 0.511976 0.00633136
468.536 0.510972 0.00633043
468.892 0.516494 0.00646608
469.248 0.515802 0.00649041
469.604 0.513878 0.00651726
469.959 0.513732 0.00651403
470.315 0.510451 0.00648969
470.671 0.506383 0.00645732
471.026 0.504295 0.00638961
471.382 0.508264 0.00635333
471.737 0.504942 0.00628159
472.093 0.506308 0.00619196
472.448 0.496616 0.00601468
472.804 0.501363 0.00599183
473.159 0.504078 0.0059587
473.514 0.512811 0.00604065
473.87 0.499768 0.00587836
474.225 0.494345 0.00567932
474.58 0.495642 0.00557463
474.935 0.51114 0.00570927
475.29 0.520964 0.00584159
475.645 0.508045 0.00577455
476 0.504982 0.00576453
476.355 0.509958 0.00584502
476.71 0.504174 0.00580837
477.065 0.490179 0.00556036
477.42 0.492884 0.00550214
477.775 0.500453 0.00555091
478.13 0.50686 0.00563658
478.485 0.502478 0.0055715
478.839 0.495849 0.00546842
479.194 0.491198 0.00530323
479.549 0.494175 0.00525404
479.903 0.504839 0.00532459
480.258 0.507284 0.00537947
480.612 0.499398 0.00526789
480.967 0.494143 0.00511894
481.321 0.504803 0.00519044
481.675 0.513952 0.00533817
482.03 0.513849 0.00543179
482.384 0.505622 0.00541076
482.738 0.496921 0.00531285
483.093 0.497016 0.00527456
483.447 0.491054 0.00512896
483.801 0.481504 0.00492027
484.155 0.492639 0.00491332
484.509 0.41619 0.00393244
484.863 0.380716 0.00256353
485.217 0.442559 0.002512
485.571 0.520944 0.0027958
485.925 0.643358 0.00395781
486.279 0.618162 0.00449855
486.632 0.554054 0.00460632
486.986 0.533822 0.00488752
487.34 0.527912 0.0051885
487.694 0.515472 0.00527012
488.047 0.50163 0.00522828
488.401 0.50005 0.00522667
488.754 0.498453 0.00525144
489.108 0.508342 0.00538983
489.461 0.506561 0.00540643
489.815 0.508096 0.00547109
490.168 0.494266 0.00533659
490.522 0.496464 0.00532569
490.875 0.501407 0.00536018
491.228 0.502789 0.00540448
491.581 0.498046 0.00534202
491.935 0.503123 0.00538903
492.288 0.503097 0.0054111
492.641 0.502494 0.0053695
492.994 0.499893 0.00535158
493.347 0.495497 0.00525401
493.7 0.496557 0.00526365
494.053 0.500642 0.00530334
494.406 0.514198 0.00546159
494.759 0.510511 0.00555293
495.111 0.486798 0.00525311
495.464 0.47825 0.00497827
495.817 0.486787 0.00493178
496.169 0.506745 0.00517306
496.522 0.524956 0.00550288
496.875 0.514456 0.0056295
497.227 0.509549 0.00565795
497.58 0.500552 0.005598
497.932 0.493476 0.00549304
498.285 0.490804 0.00542814
498.637 0.484445 0.00525855
498.989 0.488942 0.00522408
499.342 0.500241 0.00532327
499.694 0.510559 0.00549679
500.046 0.504143 0.00550904
500.398 0.488788 0.00529167
500.751 0.49538 0.00527864
501.103 0.492039 0.00524404
501.455 0.496676 0.00527678
501.807 0.497472 0.00528894
502.159 0.497342 0.0052911
502.511 0.495974 0.0052707
502.862 0.500285 0.00531636
503.214 0.502841 0.00540278
503.566 0.506403 0.00553178
503.918 0.500687 0.00555999
504.27 0.499115 0.00554538
504.621 0.498177 0.00555368
504.973 0.502513 0.00560927
505.324 0.493359 0.00552205
505.676 0.487601 0.00539408
506.027 0.501253 0.00548383
506.379 0.515405 0.00574602
506.73 0.505548 0.00577758
507.082 0.489924 0.00564724
507.433 0.488294 0.00553342
507.784 0.494826 0.00552373
508.136 0.500888 0.00565443
508.487 0.505012 0.00573593
508.838 0.501997 0.0057724
509.189 0.494548 0.00572312
509.54 0.489191 0.00561595
509.891 0.499008 0.00573764
510.242 0.496117 0.00572738
510.593 0.499688 0.00578453
510.944 0.503345 0.00583811
511.295 0.506272 0.00597699
511.646 0.503724 0.00602796
511.996 0.493436 0.00590462
512.347 0.487447 0.00582453
512.698 0.495763 0.00589342
513.049 0.498859 0.00594821
513.399 0.50008 0.00598311
513.75 0.498736 0.0059572
514.1 0.508902 0.00613178
514.451 0.513425 0.00628704
514.801 0.495639 0.00615006
515.152 0.490986 0.00606702
515.502 0.489715 0.00596525
515.852 0.494542 0.0059624
516.202 0.500219 0.00598849
516.553 0.505921 0.00611056
516.903 0.503724 0.00619027
517.253 0.504699 0.00628974
517.603 0.495807 0.00623295
517.953 0.496388 0.00620629
518.303 0.486706 0.00600123
518.653 0.490316 0.00597409
519.003 0.504542 0.00610668
519.353 0.514251 0.00638567
519.703 0.511311 0.00650242
520.052 0.502325 0.00647808
520.402 0.489886 0.00636213
520.752 0.494202 0.00631696
521.102 0.512139 0.0065348
521.451 0.502095 0.00651646
521.801 0.500298 0.00648619
522.15 0.488833 0.00630519
522.5 0.495942 0.00634057
522.849 0.495026 0.00631481
523.199 0.494456 0.00625156
523.548 0.491752 0.00617451
523.897 0.503609 0.00632075
524.246 0.50632 0.00644323
524.596 0.50642 0.00653506
524.945 0.494037 0.00641704
525.294 0.501057 0.00646173
525.643 0.493065 0.00639571
525.992 0.49489 0.00639658
526.341 0.494965 0.00635718
526.69 0.500153 0.00644071
527.039 0.50549 0.00653808
527.388 0.500828 0.00655339
527.737 0.479006 0.00621402
528.086 0.476837 0.00597183
528.434 0.489335 0.00593888
528.783 0.510541 0.00623196
529.132 0.507831 0.0063337
529.48 0.505467 0.00640025
529.829 0.500866 0.00640616
530.177 0.501987 0.00647914
530.526 0.500337 0.00648439
530.874 0.496195 0.00639593
531.223 0.494872 0.00637817
531.571 0.499066 0.00646031
531.919 0.494412 0.00636692
532.268 0.484126 0.00610795
532.616 0.479838 0.00588645
532.964 0.48947 0.00585705
533.312 0.492222 0.00587653
533.66 0.495449 0.00592237
534.008 0.494139 0.00590108
534.356 0.49394 0.00590379
534.704 0.498 0.00598187
535.052 0.500144 0.00607536
535.4 0.506749 0.00624461
535.748 0.504564 0.00637949
536.095 0.501628 0.00652206
536.443 0.497014 0.0065001
536.791 0.486971 0.006298
537.139 0.487027 0.00615334
537.486 0.484124 0.00599309
537.834 0.492171 0.00601067
538.181 0.488446 0.00595351
538.529 0.500427 0.00606003
538.876 0.49444 0.00600805
539.223 0.503954 0.00616814
539.571 0.501914 0.00628733
539.918 0.491939 0.00620248
540.265 0.484577 0.00603453
540.613 0.482417 0.00591751
540.96 0.496906 0.00608008
541.307 0.49235 0.00606318
541.654 0.487994 0.00603479
542.001 0.492225 0.00607976
542.348 0.492259 0.00607883
542.695 0.489735 0.0060709
543.042 0.485833 0.00595387
543.388 0.483745 0.00586593
543.735 0.488907 0.00588895
544.082 0.49219 0.0058997
544.429 0.491224 0.00592104
544.775 0.501888 0.00611676
545.122 0.508544 0.00633974
545.469 0.498623 0.00638023
545.815 0.492612 0.00630496
546.162 0.486989 0.00621899
546.508 0.478117 0.00603556
546.854 0.472691 0.00577879
547.201 0.474487 0.00557777
547.547 0.488002 0.00564027
547.893 0.50466 0.0058645
548.24 0.521858 0.00628298
548.586 0.51313 0.00648931
548.932 0.505221 0.0065349
549.278 0.491072 0.00644732
549.624 0.493486 0.00642862
549.97 0.500117 0.00653223
550.316 0.49847 0.00665166
550.662 0.496454 0.0067065
551.008 0.467352 0.00617031
551.353 0.466703 0.00583659
551.699 0.484973 0.00581813
552.045 0.506014 0.00610304
552.391 0.501762 0.00620329
552.736 0.494025 0.00618339
553.082 0.490579 0.00617083
553.427 0.500129 0.00634073
553.773 0.506961 0.00659526
554.118 0.493333 0.00650641
554.464 0.481446 0.00626262
554.809 0.466225 0.00591806
555.154 0.48608 0.00596138
555.5 0.492713 0.00601552
555.845 0.506876 0.0063386
556.19 0.504263 0.00649378
556.535 0.502301 0.00662668
556.88 0.488817 0.0064317
557.225 0.492092 0.0064293
557.57 0.498034 0.00659422
557.915 0.506555 0.00683069
558.26 0.500264 0.0068718
558.605 0.494293 0.00680644
558.95 0.483213 0.00658133
559.295 0.467657 0.00612925
559.639 0.472099 0.0059265
559.984 0.474216 0.00571277
560.329 0.48878 0.0057784
560.673 0.488179 0.00579489
561.018 0.500709 0.00604102
561.362 0.500085 0.0061982
561.707 0.497889 0.00633961
562.051 0.484866 0.00617989
562.395 0.47628 0.00604402
562.74 0.480073 0.00594763
563.084 0.4772 0.00585653
563.428 0.481728 0.00576138
563.772 0.490199 0.00583875
564.117 0.483289 0.00575506
564.461 0.485929 0.0057525
564.805 0.484222 0.0057924
565.149 0.482468 0.00575524
565.493 0.486765 0.00578967
565.836 0.48174 0.00564906
566.18 0.477871 0.0055441
566.524 0.458669 0.00506501
566.868 0.470475 0.00499224
567.212 0.477742 0.00494502
567.555 0.478124 0.00488449
567.899 0.464824 0.00459292
568.242 0.464615 0.00440438
568.586 0.456618 0.00408597
568.929 0.451219 0.00380192
569.273 0.460489 0.00363126
569.616 0.478134 0.0037054
569.96 0.47138 0.00360482
570.303 0.462726 0.00346059
570.646 0.470124 0.00344483
570.989 0.465916 0.00332317
571.333 0.482011 0.00342215
571.676 0.49641 0.00360269
572.019 0.505225 0.00393011
572.362 0.452964 0.00351125
572.705 0.444988 0.00323017
573.048 0.458497 0.00312094
573.391 0.45972 0.00302313
573.733 0.469364 0.00301224
574.076 0.472494 0.00298886
574.419 0.491252 0.0031405
574.762 0.49268 0.00331263
575.104 0.505091 0.0035904
575.447 0.464495 0.0033966
575.789 0.446887 0.00313157
576.132 0.456456 0.00298997
576.474 0.464012 0.00298087
576.817 0.450132 0.00271594
577.159 0.460184 0.00259643
577.501 0.49175 0.00270518
577.844 0.51334 0.00295814
578.186 0.520381 0.00334073
578.528 0.485678 0.00335924
578.87 0.474483 0.00333479
579.212 0.454949 0.00315651
579.554 0.465252 0.00309006
579.896 0.469584 0.00312332
580.238 0.447531 0.00287333
580.58 0.442574 0.00251053
580.922 0.48078 0.00251478
581.264 0.530595 0.00264179
581.606 0.519543 0.00272923
581.947 0.510761 0.00287239
582.289 0.520465 0.00322137
582.631 0.511002 0.00354054
582.972 0.491845 0.00370648
583.314 0.468328 0.00357691
583.655 0.452076 0.00339727
583.997 0.436924 0.00304865
584.338 0.445544 0.00286341
584.679 0.460438 0.00279286
585.021 0.490914 0.00296308
585.362 0.500925 0.00321612
585.703 0.50531 0.0034743
586.044 0.467996 0.00335603
586.385 0.44863 0.00310928
586.726 0.451749 0.00297996
587.067 0.489743 0.00322451
587.408 0.493549 0.00342262
587.749 0.49438 0.00358791
588.09 0.488451 0.00371499
588.431 0.500591 0.0039849
588.772 0.484133 0.00407571
589.113 0.465862 0.00392903
589.453 0.469409 0.00392256
589.794 0.485992 0.00412793
590.134 0.497001 0.00439716
590.475 0.484146 0.00444079
590.815 0.470155 0.00433566
591.156 0.474191 0.00436043
591.496 0.455105 0.00414155
591.837 0.426471 0.003449
592.177 0.434951 0.00316408
592.517 0.463302 0.00312647
592.857 0.495641 0.00340948
593.198 0.501396 0.00364858
593.538 0.516394 0.00408467
593.878 0.487499 0.00409556
594.218 0.454679 0.00382771
594.558 0.459433 0.00370465
594.898 0.482693 0.00390423
595.237 0.500661 0.00422274
595.577 0.501547 0.0044995
595.917 0.492131 0.00467966
596.257 0.459373 0.00433179
596.596 0.457029 0.00421212
596.936 0.474148 0.00421909
597.276 0.485532 0.00443633
597.615 0.463166 0.00425614
597.955 0.43018 0.00360751
598.294 0.448748 0.00345687
598.633 0.479008 0.00358336
598.973 0.488489 0.00375505
599.312 0.469573 0.00367039
599.651 0.47782 0.00373184
599.991 0.482915 0.00383362
600.33 0.481117 0.0038856
600.669 0.480265 0.00399343
601.008 0.489279 0.00417006
601.347 0.480807 0.00427468
601.686 0.460984 0.00406339
602.025 0.469373 0.00412755
602.364 0.454305 0.00385844
602.702 0.464782 0.00384668
603.041 0.479045 0.00393113
603.38 0.494137 0.00418355
603.719 0.494737 0.00437678
604.057 0.482595 0.00444423
604.396 0.472745 0.00439169
604.734 0.449981 0.00409219
605.073 0.449943 0.0037857
605.411 0.472668 0.00391778
605.75 0.495336 0.00415705
606.088 0.490432 0.00435295
606.426 0.467356 0.00414513
606.764 0.464662 0.00407635
607.103 0.486114 0.00430151
607.441 0.483823 0.00443948
607.779 0.479849 0.00452839
608.117 0.473723 0.00446862
608.455 0.492001 0.00474717
608.793 0.470978 0.00468943
609.131 0.444131 0.00424844
609.469 0.455975 0.00420084
609.806 0.482294 0.00437847
610.144 0.504422 0.00482943
610.482 0.477289 0.00474656
610.819 0.478541 0.00474237
611.157 0.475213 0.00475072
611.495 0.483971 0.00496232
611.832 0.473069 0.00492077
612.17 0.466471 0.00485079
612.507 0.468633 0.00480773
612.844 0.473357 0.00488265
613.182 0.47478 0.00490129
613.519 0.47225 0.0048581
613.856 0.472268 0.00484554
614.193 0.466142 0.0047533
614.53 0.465275 0.00464994
614.867 0.471487 0.00467581
615.205 0.492978 0.0050206
615.541 0.495356 0.00521456
615.878 0.483471 0.00537036
616.215 0.467699 0.00522812
616.552 0.474964 0.0053224
616.889 0.466331 0.00515273
617.226 0.470607 0.00512321
617.562 0.489123 0.00538906
617.899 0.500274 0.00577928
618.235 0.498991 0.00606925
618.572 0.483486 0.00619555
618.908 0.461023 0.00583998
619.245 0.457097 0.00557773
619.581 0.469426 0.00555336
619.918 0.515698 0.00630418
620.254 0.531347 0.00721872
620.59 0.487483 0.00701843
620.926 0.456719 0.00633412
621.262 0.453865 0.00596359
621.599 0.478509 0.0061512
621.935 0.468561 0.0060103
622.271 0.462259 0.00574592
622.606 0.467821 0.00565548
622.942 0.492625 0.00594735
623.278 0.482967 0.00606041
623.614 0.460011 0.00563665
623.95 0.46893 0.00566824
624.285 0.48665 0.00588198
624.621 0.498074 0.0062739
624.957 0.486968 0.00639651
625.292 0.488802 0.00660233
625.628 0.491292 0.00681939
625.963 0.475295 0.00675198
626.299 0.471248 0.00658475
626.634 0.469088 0.00646657
626.969 0.483191 0.00668444
627.304 0.517871 0.00750116
627.64 0.513514 0.00801192
627.975 0.47486 0.00755032
628.31 0.454509 0.00698231
628.645 0.47479 0.00697316
628.98 0.486876 0.00721653
629.315 0.49566 0.00742088
629.65 0.486764 0.00741266
629.985 0.478543 0.00732913
630.319 0.501241 0.00782896
630.654 0.487985 0.00781276
630.989 0.48587 0.00775762
631.323 0.482419 0.00786393
631.658 0.50944 0.0084105
631.993 0.502181 0.00871193
632.327 0.488027 0.00862101
632.662 0.486586 0.00856165
632.996 0.47808 0.00829826
633.33 0.485897 0.00824198
633.665 0.507164 0.00871533
633.999 0.500928 0.0089247
634.333 0.495329 0.0088729
634.667 0.485208 0.00881218
635.001 0.48143 0.00856392
635.335 0.474511 0.00817863
635.669 0.470311 0.0078402
636.003 0.492753 0.00813682
636.337 0.509828 0.0086903
636.671 0.523564 0.0092666
637.005 0.509419 0.00938882
637.339 0.489943 0.0091669
637.672 0.47445 0.00869142
638.006 0.482334 0.00853833
638.339 0.493349 0.00876117
638.673 0.511655 0.00920631
639.006 0.506343 0.00944608
639.34 0.497026 0.00935358
639.673 0.495423 0.00947177
640.007 0.48986 0.00939476
640.34 0.499599 0.00965318
640.673 0.496963 0.00970106
641.006 0.503722 0.00991035
641.34 0.493912 0.00992024
641.673 0.506298 0.0102837
642.006 0.501182 0.0104079
642.339 0.492152 0.0101313
642.672 0.499734 0.0101463
643.004 0.505166 0.0102595
643.337 0.513308 0.010675
643.67 0.502649 0.0105607
644.003 0.493508 0.0103617
644.336 0.499235 0.010378
644.668 0.495067 0.0103161
645.001 0.505927 0.0106089
645.333 0.516688 0.0109848
645.666 0.519346 0.0112402
645.998 0.518248 0.0114847
646.331 0.519689 0.0116754
646.663 0.508263 0.0114276
646.995 0.484842 0.0104805
647.327 0.457938 0.00935384
647.66 0.472047 0.00897712
647.992 0.487946 0.00898761
648.324 0.499855 0.00906303
648.656 0.494894 0.00914332
648.988 0.514305 0.009692
649.32 0.531148 0.0105358
649.652 0.530057 0.0110187
649.983 0.513661 0.0110806
650.315 0.510562 0.0111182
650.647 0.493691 0.0106822
650.979 0.477571 0.0100271
651.31 0.475569 0.00962123
651.642 0.486332 0.00951104
651.973 0.502215 0.00965866
652.305 0.499375 0.00959475
652.636 0.504752 0.00977994
652.967 0.509685 0.0100497
653.299 0.515458 0.010342
653.63 0.493618 0.0100062
653.961 0.453177 0.00890642
654.292 0.370464 0.00618086
654.623 0.240328 0.00180441
654.955 0.899805 0.00342737
655.286 0.89975 0.00342716
655.616 0.899694 0.00342694
655.947 0.899637 0.00342673
656.278 0.899579 0.00342651
656.609 0.536876 0.00277013
656.94 0.508919 0.00356887
657.27 0.443516 0.00390598
657.601 0.416076 0.00436352
657.932 0.417835 0.0052302
658.262 0.425706 0.00643094
658.593 0.446329 0.00789893
658.923 0.467223 0.0094497
659.254 0.491644 0.0107077
659.584 0.497749 0.0114391
659.914 0.511218 0.0121398
660.244 0.52229 0.012577
660.575 0.505855 0.012287
660.905 0.511619 0.0123752
661.235 0.503972 0.0121104
661.565 0.505305 0.0120392
661.895 0.512198 0.0120518
662.225 0.518431 0.0123159
662.555 0.520433 0.012511
662.884 0.507391 0.0122152
663.214 0.509598 0.0120729
663.544 0.515984 0.0120219
663.873 0.505726 0.0117255
664.203 0.512832 0.011679
664.533 0.498727 0.0112053
664.862 0.501956 0.0111633
665.192 0.526941 0.0117668
665.521 0.534031 0.0124887
665.85 0.518912 0.0126764
666.18 0.530854 0.0133496
666.509 0.515387 0.0130755
666.838 0.507211 0.0126647
667.167 0.506317 0.012491
667.496 0.531217 0.013015
667.825 0.540622 0.0131958
668.154 0.5209 0.0129313
668.483 0.51579 0.0127803
668.812 0.514712 0.012529
669.141 0.50925 0.012338
669.47 0.513543 0.0122374
669.798 0.531239 0.0125738
670.127 0.519772 0.0124491
670.456 0.482543 0.0113166
670.784 0.45698 0.00987826
671.113 0.455703 0.00905502
671.441 0.475618 0.00883956
671.77 0.49989 0.00921279
672.098 0.507941 0.00965205
672.426 0.550384 0.0111702
672.755 0.531492 0.0116712
673.083 0.510072 0.0115952
673.411 0.496426 0.0114163
673.739 0.502106 0.0116494
674.067 0.545697 0.012786
674.395 0.515852 0.01243
674.723 0.498291 0.0118985
675.051 0.495439 0.0116928
675.379 0.510122 0.0118549
675.706 0.520781 0.0121099
676.034 0.514682 0.0123104
676.362 0.505643 0.0122607
676.689 0.480964 0.0112324
677.017 0.468854 0.0103619
677.344 0.47526 0.0100215
677.672 0.510879 0.0105684
677.999 0.500699 0.0105899
678.327 0.479088 0.0101524
678.654 0.481591 0.0097359
678.981 0.483866 0.0094653
679.308 0.499028 0.00968911
679.636 0.511005 0.010263
679.963 0.512715 0.0107947
680.29 0.495303 0.0106386
680.617 0.482525 0.010305
680.944 0.48246 0.0101515
681.271 0.508847 0.0107258
681.597 0.532332 0.0117124
681.924 0.541581 0.0125822
682.251 0.505729 0.0121108
682.578 0.479075 0.0111679
682.904 0.4763 0.0103906
683.231 0.472015 0.00993232
683.557 0.474274 0.00973311
683.884 0.471455 0.00942729
684.21 0.472302 0.00921482
684.536 0.475927 0.00894782
684.863 0.480969 0.00885994
685.189 0.493861 0.00912937
685.515 0.509893 0.00977849
685.841 0.493202 0.00993204
686.167 0.483275 0.00984135
686.493 0.488441 0.00977556
686.819 0.492906 0.00987587
687.145 0.509254 0.0104766
687.471 0.52027 0.0113875
687.797 0.506852 0.0116168
688.123 0.496458 0.0114271
688.448 0.475648 0.0108181
688.774 0.484986 0.0105955
689.1 0.499751 0.0109377
689.425 0.521633 0.0116434
689.751 0.514846 0.0117546
690.076 0.47421 0.0106529
690.402 0.471548 0.00992493
690.727 0.479194 0.00969621
691.052 0.502195 0.0101864
691.377 0.500416 0.0104736
691.703 0.510564 0.0108471
692.028 0.492785 0.0106626
692.353 0.490924 0.0104174
692.678 0.496013 0.0105518
693.003 0.520831 0.0112236
693.328 0.533019 0.0121925
693.652 0.512792 0.0124988
693.977 0.490846 0.0119362
694.302 0.473588 0.0110551
694.627 0.492836 0.0111198
694.951 0.510265 0.0117216
695.276 0.550998 0.0133528
695.6 0.5095 0.0130561
695.925 0.442993 0.0106848
696.249 0.44065 0.00939649
696.574 0.464747 0.0091455
696.898 0.517348 0.0100884
697.222 0.518286 0.0106731
697.546 0.512613 0.0110416
697.871 0.504433 0.0111839
698.195 0.499267 0.011208
698.519 0.501459 0.0115168
698.843 0.521385 0.0120795
699.167 0.526555 0.0125954
699.491 0.525015 0.013056
699.814 0.510766 0.0129817
700.138 0.517417 0.0131058
700.462 0.527764 0.0134551
700.786 0.512158 0.0130786
701.109 0.49353 0.0125221
701.433 0.506491 0.0122462
701.756 0.49554 0.0116806
702.08 0.508129 0.0118291
702.403 0.518579 0.0121935
702.726 0.527386 0.0128185
703.05 0.521036 0.013052
703.373 0.528485 0.0132983
703.696 0.512883 0.0131115
704.019 0.53142 0.013812
704.342 0.540983 0.0144441
704.665 0.559155 0.0152909
704.988 0.522692 0.0146873
705.311 0.496726 0.013438
705.634 0.469153 0.0117257
705.957 0.461645 0.0105346
706.28 0.465124 0.00979572
706.602 0.497106 0.0100219
706.925 0.493721 0.0101977
707.247 0.515441 0.0108348
707.57 0.515555 0.0112634
707.892 0.508859 0.0115718
708.215 0.52088 0.0122798
708.537 0.506914 0.0124122
708.859 0.48989 0.0122718
709.182 0.491741 0.0121677
709.504 0.496788 0.0119081
709.826 0.497272 0.0117644
710.148 0.500196 0.0118465
710.47 0.520766 0.0124312
710.792 0.527557 0.0129743
711.114 0.516182 0.0132639
711.436 0.523462 0.0136543
711.758 0.514759 0.0133212
712.079 0.493633 0.0128959
712.401 0.485712 0.0121608
712.723 0.492135 0.0117966
713.044 0.476396 0.0109347
713.366 0.483457 0.0108928
713.687 0.506318 0.011238
714.009 0.506881 0.0115493
714.33 0.506897 0.0118084
714.652 0.509041 0.0121697
714.973 0.516948 0.0126888
715.294 0.53137 0.0135262
715.615 0.546851 0.0145993
715.936 0.523751 0.0144971
716.257 0.519992 0.014584
716.578 0.535493 0.0148992
716.899 0.509444 0.0142084
717.22 0.501818 0.0131919
717.541 0.492927 0.0127241
717.862 0.517353 0.0129917
718.182 0.519041 0.0129873
718.503 0.495853 0.012418
718.824 0.509365 0.0127653
719.144 0.512212 0.0130055
719.465 0.525734 0.013477
719.785 0.497593 0.0128409
720.105 0.505362 0.0127708
720.426 0.502844 0.0125809
720.746 0.508221 0.0128625
721.066 0.505032 0.0128452
721.386 0.50219 0.0129402
721.706 0.522931 0.0135888
722.026 0.529071 0.0140311
722.346 0.520418 0.0140316
722.666 0.517735 0.0138123
722.986 0.499137 0.0132255
723.306 0.515735 0.0135486
723.626 0.526644 0.0139625
723.946 0.512664 0.0137484
724.265 0.495661 0.0127958
724.585 0.477503 0.011897
724.904 0.51151 0.0122219
725.224 0.507778 0.0122098
725.543 0.494135 0.0120421
725.863 0.500816 0.0122394
726.182 0.516071 0.0129288
726.501 0.51443 0.0131116
726.82 0.509294 0.0131318
727.14 0.482946 0.0122924
727.459 0.479253 0.011876
727.778 0.485594 0.0118833
728.097 0.506721 0.012305
728.416 0.487753 0.0119361
728.734 0.481676 0.0114844
729.053 0.493077 0.0115056
729.372 0.494243 0.0114954
729.691 0.488952 0.0111456
730.009 0.477875 0.0104889
730.328 0.477297 0.0101741
730.647 0.486642 0.010285
730.965 0.493705 0.0107223
731.283 0.50818 0.011287
731.602 0.494482 0.0112635
731.92 0.473963 0.0108313
732.238 0.465044 0.0104706
732.557 0.48106 0.0105518
732.875 0.468172 0.0101571
733.193 0.449049 0.00935436
733.511 0.470569 0.00935704
733.829 0.483847 0.0097727
734.147 0.499652 0.0105842
734.465 0.49535 0.0110179
734.782 0.470922 0.0107331
735.1 0.476252 0.0104913
735.418 0.484375 0.0105717
735.735 0.479177 0.0105464
736.053 0.469684 0.0103257
736.371 0.471979 0.0104579
736.688 0.487564 0.0110165
737.005 0.507915 0.011929
737.323 0.508936 0.0123976
737.64 0.49472 0.0122372
737.957 0.470217 0.0113111
738.274 0.446547 0.010117
738.592 0.456835 0.0099838
738.909 0.492421 0.0106265
739.226 0.506675 0.0117405
739.543 0.519603 0.0128156
739.86 0.532026 0.0137218
740.176 0.524244 0.0139748
740.493 0.522693 0.0143754
740.81 0.503892 0.014159
741.127 0.508603 0.0140748
741.443 0.479172 0.0129446
741.76 0.478522 0.0125071
742.076 0.500904 0.0129095
742.393 0.525895 0.0139372
742.709 0.517209 0.0145867
743.025 0.526501 0.0149883
743.342 0.511581 0.0146387
743.658 0.500566 0.0142015
743.974 0.496455 0.0137519
744.29 0.500353 0.0137918
744.606 0.516875 0.0141674
744.922 0.506268 0.0140464
745.238 0.493286 0.0139073
745.554 0.511899 0.01451
745.87 0.51484 0.0147049
746.186 0.502875 0.0139343
746.501 0.490463 0.013255
746.817 0.515949 0.0138115
747.132 0.549313 0.015297
747.448 0.533109 0.0156617
747.763 0.500104 0.0149426
748.079 0.503485 0.0143691
748.394 0.480148 0.0130811
748.71 0.473414 0.0120926
749.025 0.462557 0.0112539
749.34 0.471141 0.0112102
749.655 0.479554 0.0115572
749.97 0.501357 0.0122424
750.285 0.481531 0.012035
750.6 0.472832 0.0116709
750.915 0.467972 0.0113222
751.23 0.489524 0.011808
751.545 0.50042 0.0124293
751.859 0.500271 0.0128956
752.174 0.48669 0.0128679
752.489 0.468886 0.0119944
752.803 0.452534 0.0110761
753.118 0.466852 0.0111655
753.432 0.482467 0.0117315
753.747 0.487457 0.0122291
754.061 0.452175 0.0113791
754.375 0.455485 0.0109427
754.689 0.45831 0.0106349
755.004 0.464437 0.0106885
755.318 0.457897 0.0103816
755.632 0.43545 0.00963016
755.946 0.445842 0.0095683
756.26 0.427327 0.00894874
756.573 0.433013 0.00861874
756.887 0.430662 0.00833364
757.201 0.445753 0.00865832
757.515 0.470953 0.00974879
757.828 0.480061 0.010556
758.142 0.456646 0.0102612
758.455 0.428472 0.00923097
758.769 0.430537 0.00876286
759.082 0.424169 0.00846123
759.396 0.435314 0.00844283
759.709 0.428677 0.00831325
760.022 0.437408 0.00847161
760.335 0.458879 0.00913307
760.648 0.476226 0.0100001
760.962 0.476842 0.0107407
761.275 0.467235 0.0111587
761.587 0.461474 0.011234
761.9 0.456604 0.0112029
762.213 0.448652 0.0107423
762.526 0.443501 0.0102951
762.839 0.443591 0.010255
763.151 0.442591 0.00994752
763.464 0.425095 0.00922075
763.776 0.415282 0.00846548
764.089 0.432754 0.00845922
764.401 0.446687 0.00889966
764.714 0.457531 0.00953676
765.026 0.468194 0.0102971
765.338 0.467829 0.0109598
765.65 0.47417 0.011876
765.962 0.474548 0.012433
766.275 0.474653 0.0128792
766.587 0.467238 0.0128204
766.898 0.451401 0.0121968
767.21 0.438829 0.0113149
767.522 0.431659 0.0104123
767.834 0.444573 0.0101797
768.146 0.446085 0.0102707
768.457 0.473943 0.0112335
768.769 0.481584 0.0119266
769.08 0.456293 0.0116616
769.392 0.441537 0.0110567
769.703 0.436285 0.010422
770.015 0.435322 0.0100133
770.326 0.449303 0.0101926
770.637 0.458345 0.0106669
770.948 0.46642 0.0115461
771.26 0.476314 0.0124009
771.571 0.468702 0.0124362
771.882 0.450246 0.0118927
772.193 0.467585 0.0122423
772.504 0.477324 0.0126787
772.814 0.462585 0.0127305
773.125 0.470468 0.0131042
773.436 0.484443 0.0136794
773.747 0.473261 0.0138249
774.057 0.495858 0.0144539
774.368 0.495574 0.014677
774.678 0.510294 0.0152816
774.989 0.490968 0.0152247
775.299 0.533089 0.0163982
775.609 0.502519 0.0157436
775.919 0.511112 0.0157474
776.23 0.504683 0.015667
776.54 0.48769 0.0152705
776.85 0.487818 0.0154331
777.16 0.48994 0.0150072
777.47 0.470224 0.0139383
777.78 0.463318 0.0132258
778.089 0.45394 0.0124333
778.399 0.464233 0.0124938
778.709 0.493512 0.013476
779.019 0.512984 0.0146419
779.328 0.50055 0.0152458
779.638 0.480782 0.0147442
779.947 0.446333 0.0129501
780.257 0.420917 0.0114722
780.566 0.43876 0.0112744
780.875 0.447003 0.01164
781.185 0.46854 0.0126729
781.494 0.468851 0.0128865
781.803 0.466693 0.0132003
782.112 0.479693 0.0135788
782.421 0.463598 0.0131736
782.73 0.457436 0.0127412
783.039 0.441531 0.0126766
783.348 0.502424 0.0146018
783.656 0.508019 0.0154895
783.965 0.492279 0.0154764
784.274 0.481955 0.0147314
784.582 0.459499 0.0139374
784.891 0.472428 0.0140488
785.199 0.486003 0.0144651
785.508 0.495241 0.0150041
785.816 0.496174 0.0152912
786.124 0.481866 0.0147365
786.432 0.452785 0.0135834
786.741 0.458882 0.0131519
787.049 0.453897 0.013003
787.357 0.475333 0.0135101
787.665 0.455243 0.013142
787.973 0.497289 0.0138604
788.281 0.476958 0.0138567
788.588 0.509888 0.0150898
788.896 0.507227 0.0159864
789.204 0.520069 0.0168452
789.511 0.512839 0.016773
789.819 0.521596 0.0172239
790.126 0.510153 0.017041
790.434 0.507832 0.0169983
790.741 0.509584 0.0169846
791.049 0.517752 0.0171021
791.356 0.519286 0.0176833
791.663 0.538018 0.0183242
791.97 0.54489 0.0184888
792.277 0.536599 0.0180068
792.584 0.478742 0.0161114
792.891 0.447324 0.0137747
793.198 0.441449 0.0127022
793.505 0.447621 0.0125404
793.812 0.469755 0.0132101
794.119 0.470647 0.0135266
794.425 0.461831 0.0137973
794.732 0.505529 0.0150933
795.038 0.537129 0.0171881
795.345 0.545087 0.0186199
795.651 0.559038 0.0198677
795.958 0.531465 0.0194109
796.264 0.504655 0.0176507
796.57 0.494776 0.0168377
796.876 0.498388 0.0167539
797.183 0.497532 0.017049
797.489 0.53993 0.0184895
797.795 0.527797 0.0184442
798.101 0.535584 0.0184976
798.406 0.536917 0.0186189
798.712 0.549197 0.0193869
799.018 0.555923 0.01981
799.324 0.537386 0.019528
799.629 0.54022 0.0196678
799.935 0.540457 0.019818
800.24 0.547985 0.0203351
800.546 0.549002 0.0203609
800.851 0.555781 0.0206727
801.157 0.580057 0.0220241
801.462 0.562175 0.0218923
801.767 0.575816 0.0222617
802.072 0.540333 0.0207283
802.377 0.549084 0.0201076
802.682 0.557924 0.0199423
802.987 0.553165 0.0204085
803.292 0.572411 0.0212913
803.597 0.578324 0.0215831
803.902 0.582213 0.0216011
804.207 0.560402 0.02106
804.511 0.54813 0.0205089
804.816 0.523933 0.0188398
805.12 0.498844 0.0171766
805.425 0.479703 0.0158649
805.729 0.508587 0.0164635
806.034 0.514508 0.0172
806.338 0.530763 0.0184652
806.642 0.538107 0.019066
806.946 0.524839 0.018639
807.251 0.538914 0.0190609
807.555 0.53426 0.0186764
807.859 0.517277 0.0182376
808.162 0.544661 0.0192573
808.466 0.558707 0.0201678
808.77 0.563551 0.0207917
809.074 0.609024 0.0223534
809.378 0.588096 0.0220043
809.681 0.56306 0.0213613
809.985 0.572427 0.0218866
810.288 0.624949 0.0231238
810.592 0.596068 0.0224138
810.895 0.592979 0.0228866
811.198 0.629957 0.0246325
811.502 0.607706 0.0245454
811.805 0.637704 0.0258347
812.108 0.581223 0.0235411
812.411 0.579082 0.0228017
812.714 0.547504 0.020658
813.017 0.531012 0.0192533
813.32 0.550483 0.019574
813.623 0.569487 0.020538
813.926 0.595723 0.0225273
814.228 0.627977 0.024366
814.531 0.636396 0.0253153
814.833 0.634792 0.025089
815.136 0.637414 0.0252936
815.438 0.652914 0.0258914
815.741 0.560621 0.022997
816.043 0.566886 0.0228438
816.345 0.591428 0.0231762
816.648 0.580455 0.0231472
816.95 0.59276 0.0237503
817.252 0.621661 0.0248688
817.554 0.623471 0.0249582
817.856 0.60876 0.0251887
818.158 0.62869 0.02582
818.46 0.629395 0.0264896
818.761 0.643631 0.0266899
819.063 0.623906 0.0258216
819.365 0.62978 0.0251765
819.666 0.561423 0.0225823
819.968 0.560579 0.0218209
820.269 0.570404 0.0217734
820.571 0.603182 0.0229773
820.872 0.645132 0.0246615
821.173 0.645481 0.0256481
821.475 0.652852 0.0267866
821.776 0.646718 0.0265224
822.077 0.612703 0.0256651
822.378 0.649085 0.0266005
822.679 0.671147 0.0274915
822.98 0.639319 0.0265825
823.281 0.662763 0.0279433
823.581 0.657642 0.0275543
823.882 0.67592 0.0282921
824.183 0.657018 0.0276107
824.483 0.650259 0.0264916
824.784 0.61424 0.0246898
825.084 0.641991 0.0256938
825.385 0.650271 0.026198
825.685 0.682594 0.0274185
825.985 0.676492 0.0270623
826.286 0.607028 0.0252832
826.586 0.623012 0.0251115
826.886 0.604899 0.0247897
827.186 0.661595 0.026306
827.486 0.693189 0.0278313
827.786 0.681525 0.0280167
828.086 0.664372 0.0273838
828.386 0.618155 0.026069
828.685 0.659692 0.0267816
828.985 0.703308 0.0284791
829.285 0.669991 0.0279883
829.584 0.651095 0.0280366
829.884 0.709188 0.0297067
830.183 0.739374 0.0319135
830.482 0.714148 0.0310221
830.782 0.693253 0.0306948
831.081 0.770397 0.0335823
831.38 0.726825 0.0315641
831.679 0.707076 0.031203
831.978 0.745773 0.0320965
832.277 0.693704 0.0299582
832.576 0.716926 0.0298826
832.875 0.691372 0.0293273
833.174 0.721369 0.0297688
833.472 0.697331 0.02949
833.771 0.677203 0.0294567
834.07 0.692828 0.0290865
834.368 0.704336 0.0296141
834.667 0.709312 0.0305033
834.965 0.703174 0.030827
835.263 0.725817 0.0313616
835.562 0.764926 0.03221
835.86 0.685567 0.030212
836.158 0.720565 0.031326
836.456 0.746417 0.0327228
836.754 0.694901 0.0314851
837.052 0.74189 0.0335652
837.35 0.764755 0.0334177
837.648 0.786028 0.0343286
837.946 0.787372 0.0346507
838.243 0.739775 0.0335966
838.541 0.794958 0.0339122
838.839 0.712948 0.0321625
839.136 0.773059 0.0334204
839.434 0.72685 0.0322092
839.731 0.766504 0.0339664
840.028 0.724441 0.0322647
840.326 0.827163 0.0349098
840.623 0.760608 0.0334454
840.92 0.778304 0.0341578
841.217 0.835196 0.0363776
841.514 0.797741 0.0357512
841.811 0.743397 0.0333728
842.108 0.809368 0.0358457
842.405 0.800017 0.0359041
842.701 0.799099 0.0360489
842.998 0.813471 0.0352519
843.295 0.825915 0.036297
843.591 0.80545 0.0359229
843.888 0.751837 0.0343054
844.184 0.787082 0.0353037
844.481 0.764524 0.0342234
844.777 0.735598 0.0337342
845.073 0.771684 0.0348121
845.369 0.828597 0.036435
845.665 0.812291 0.0366019
845.962 0.791079 0.0354122
846.258 0.783225 0.0359183
846.553 0.789249 0.0361085
846.849 0.767987 0.0356802
847.145 0.757628 0.0342871
847.441 0.755598 0.0344466
847.737 0.812346 0.0354206
848.032 0.807748 0.035995
848.328 0.829421 0.0366424
848.623 0.768703 0.0357467
848.919 0.806974 0.0358097
849.214 0.723456 0.0335192
849.509 0.756559 0.0347888
849.805 0.799023 0.0364691
850.1 0.839588 0.0382192
850.395 0.845804 0.0382333
850.69 0.850167 0.0385985
850.985 0.764995 0.0353148
851.28 0.772417 0.0353384
851.575 0.786228 0.0360883
851.869 0.776195 0.0357348
852.164 0.805783 0.0358672
852.459 0.755763 0.0337832
852.753 0.756538 0.0333302
853.048 0.683436 0.0300354
853.342 0.708674 0.0303727
853.637 0.724804 0.0312683
853.931 0.718695 0.0308022
854.225 0.712022 0.0305241
854.52 0.714573 0.0317181
854.814 0.773979 0.0331199
855.108 0.714791 0.0307957
855.402 0.706465 0.031176
855.696 0.758641 0.0332316
855.99 0.795663 0.0345816
856.283 0.753389 0.032912
856.577 0.74941 0.0335755
856.871 0.74642 0.0332436
857.164 0.786784 0.0345018
857.458 0.801902 0.0359887
857.751 0.770787 0.0346716
858.045 0.760826 0.0340289
858.338 0.823338 0.0359776
858.632 0.745217 0.0334447
858.925 0.695119 0.0331487
859.218 0.804834 0.035517
859.511 0.867357 0.038414
859.804 0.805156 0.0366408
860.097 0.751843 0.034469
860.39 0.791878 0.0364129
860.683 0.834644 0.0372249
860.976 0.815512 0.0370906
861.268 0.842921 0.0371259
861.561 0.868862 0.038773
861.854 0.880801 0.0402016
862.146 0.770427 0.0362631
862.439 0.835407 0.0375571
862.731 0.779506 0.0353904
863.023 0.827895 0.0376538
863.316 0.78612 0.0360295
863.608 0.84028 0.0374447
863.9 0.825226 0.0371313
864.192 0.793328 0.0355431
864.484 0.829837 0.0372214
864.776 0.8268 0.0374828
865.068 0.814686 0.036977
865.36 0.801899 0.0365897
865.651 0.845581 0.03856
865.943 0.81124 0.0370707
866.235 0.78502 0.0366516
866.526 0.886795 0.040005
866.818 0.817293 0.0371171
867.109 0.774235 0.0359047
867.4 0.843106 0.0381887
867.692 0.850854 0.0385733
867.983 0.815955 0.0374083
868.274 0.831577 0.0382384
868.565 0.826058 0.0376251
868.856 0.801413 0.0373021
869.147 0.81766 0.0375762
869.438 0.818619 0.0374969
869.729 0.813168 0.0375955
870.02 0.890799 0.0409006
870.31 0.840097 0.0384807
870.601 0.817533 0.0374134
870.892 0.795583 0.0365289
871.182 0.82241 0.0369833
871.473 0.817671 0.0376783
871.763 0.79489 0.0362589
872.053 0.770958 0.0361296
872.343 0.826545 0.0373517
872.634 0.838841 0.0380068
872.924 0.798801 0.0363516
873.214 0.832796 0.0378767
873.504 0.828695 0.0382905
873.794 0.86114 0.040008
874.084 0.839377 0.0393853
874.373 0.805652 0.0376149
874.663 0.776015 0.0360423
874.953 0.895952 0.0400158
875.242 0.848295 0.0384127
875.532 0.79655 0.0369169
875.821 0.812875 0.0375251
876.111 0.798418 0.0370489
876.4 0.861027 0.0389553
876.689 0.829395 0.0379789
876.978 0.830007 0.038007
877.268 0.803214 0.037455
877.557 0.865982 0.0393396
877.846 0.793694 0.0375358
878.134 0.831248 0.0387622
878.423 0.831401 0.0387693
878.712 0.831554 0.0387765
