178.41 0.744625 0.13348
178.791 0.74934 0.134326
179.172 0.754021 0.135165
179.553 0.351553 0.351553
179.934 0.884832 0.884832
180.316 0.575982 0.575982
180.697 0.658416 0.658416
181.078 0.694538 0.694538
181.459 0.444201 0.444201
181.84 0.52442 0.52442
182.221 1.41654 1.41654
182.602 0.628193 0.628193
182.983 4.38977 0.94871
183.364 0.719177 0.150483
183.744 0.612776 0.0877006
184.125 0.428703 0.0636321
184.506 0.519297 0.0573712
184.887 0.61999 0.0559004
185.268 0.660787 0.0496833
185.648 0.586272 0.045302
186.029 0.563353 0.0423574
186.41 0.652164 0.0443824
186.791 0.63888 0.0422165
187.171 0.488899 0.0315879
187.552 0.331705 0.021169
187.932 0.408097 0.0239087
188.313 0.365378 0.0211293
188.694 0.393081 0.0219032
189.074 0.388929 0.0210054
189.455 0.378312 0.0201418
189.835 0.410612 0.0215765
190.216 0.417355 0.0211798
190.596 0.382806 0.0194123
190.977 0.382388 0.019251
191.357 0.387145 0.0194276
191.737 0.383207 0.019087
192.118 0.385069 0.0190395
192.498 0.409986 0.0190364
192.878 0.413007 0.0192534
193.258 0.385344 0.0182765
193.639 0.404397 0.0184907
194.019 0.404966 0.0186668
194.399 0.406405 0.0185386
194.779 0.350155 0.0165182
195.159 0.374732 0.0175834
195.54 0.350849 0.016504
195.92 0.367554 0.0169423
196.3 0.367524 0.0166962
196.68 0.335112 0.0160225
197.06 0.351752 0.0163176
197.44 0.315941 0.0153162
197.82 0.333823 0.01562
198.2 0.328955 0.0154985
198.58 0.302578 0.0144718
198.959 0.325175 0.0149753
199.339 0.323857 0.0150098
199.719 0.298839 0.0141422
200.099 0.29245 0.0140238
200.479 0.287193 0.0138579
200.858 0.290213 0.0137252
201.238 0.270503 0.0130439
201.618 0.271857 0.0132233
201.998 0.258651 0.0125893
202.377 0.269425 0.0128486
202.757 0.267138 0.0126259
203.136 0.24077 0.0119088
203.516 0.231703 0.0115085
203.896 0.23569 0.0114641
204.275 0.21309 0.0106856
204.655 0.22093 0.010901
205.034 0.210392 0.0105127
205.414 0.203994 0.0102221
205.793 0.197064 0.00995691
206.172 0.223762 0.0106196
206.552 0.203749 0.00996079
206.931 0.199298 0.0097004
207.31 0.194107 0.00947012
207.69 0.186759 0.00921492
208.069 0.197182 0.00934325
208.448 0.180972 0.00883823
208.827 0.165078 0.00839268
209.207 0.173261 0.0085757
209.586 0.152765 0.00784183
209.965 0.172364 0.00830336
210.344 0.158548 0.00784747
210.723 0.162426 0.00784529
211.102 0.158516 0.00761621
211.481 0.152014 0.007419
211.86 0.145578 0.00718798
212.239 0.145513 0.00711378
212.618 0.142201 0.00693068
212.997 0.133513 0.0066061
213.376 0.143897 0.00683366
213.755 0.135943 0.00654883
214.134 0.136905 0.00648295
214.513 0.123057 0.00604684
214.891 0.118755 0.00590053
215.27 0.125074 0.00594165
215.649 0.120896 0.00579353
216.028 0.112721 0.00549762
216.406 0.107328 0.00530861
216.785 0.107833 0.00523448
217.164 0.105473 0.00512507
217.542 0.09791 0.00483437
217.921 0.100241 0.00482896
218.3 0.092513 0.00462265
218.678 0.0950276 0.00461136
219.057 0.0918572 0.00445306
219.435 0.0895167 0.00432372
219.814 0.0851052 0.00418477
220.192 0.0839672 0.00408969
220.57 0.083611 0.00403316
220.949 0.0850998 0.00400064
221.327 0.0813658 0.00384683
221.705 0.0772797 0.00371061
222.084 0.0782703 0.00365331
222.462 0.0741956 0.00351456
222.84 0.0688377 0.00335734
223.218 0.0668677 0.00322656
223.597 0.069551 0.00325742
223.975 0.0614302 0.00300623
224.353 0.0610278 0.00296346
224.731 0.0660767 0.00303392
225.109 0.057284 0.0027678
225.487 0.0540438 0.00265016
225.865 0.0539055 0.00260629
226.243 0.0529644 0.00255064
226.621 0.0551778 0.00256911
226.999 0.0492918 0.00237847
227.377 0.0473162 0.00230769
227.755 0.0487043 0.00231075
228.133 0.0447447 0.0021867
228.511 0.0470331 0.00221524
228.889 0.0447958 0.00212057
229.266 0.041908 0.00203162
229.644 0.0422097 0.00199878
230.022 0.0395268 0.00190917
230.4 0.0390676 0.00188016
230.777 0.0374453 0.0018232
231.155 0.0361097 0.00176712
231.533 0.0381252 0.00179005
231.91 0.0367752 0.00173428
232.288 0.0371746 0.00172715
232.665 0.0323829 0.00159124
233.043 0.0343016 0.00162225
233.42 0.033232 0.00157517
233.798 0.033187 0.0015626
234.175 0.0299874 0.00146601
234.553 0.0311053 0.00147719
234.93 0.0302901 0.0014431
235.307 0.0294171 0.00141064
235.685 0.0296947 0.00140571
236.062 0.028451 0.00135988
236.439 0.0283898 0.00135169
236.816 0.0266479 0.00129356
237.194 0.0270289 0.00128898
237.571 0.0260631 0.00125472
237.948 0.0277052 0.00128681
238.325 0.0257182 0.00122608
238.702 0.0254154 0.00121165
239.079 0.0242222 0.00117113
239.456 0.0251372 0.00118507
239.833 0.0248454 0.00117057
240.21 0.0238813 0.00113704
240.587 0.022427 0.00109677
240.964 0.0232613 0.00110787
241.341 0.023135 0.00109552
241.718 0.023118 0.00108476
242.095 0.023768 0.00109957
242.472 0.0230092 0.0010733
242.849 0.0220929 0.00104386
243.225 0.0226035 0.00104665
243.602 0.0218185 0.00102314
243.979 0.0226685 0.00103927
244.356 0.0204168 0.000982259
244.732 0.0216328 0.00100079
245.109 0.0206183 0.000970199
245.486 0.0218274 0.000996853
245.862 0.01945 0.000936353
246.239 0.0200081 0.000940011
246.615 0.0201231 0.000941
246.992 0.0193989 0.000917145
247.368 0.0200876 0.000933276
247.745 0.0194476 0.000910547
248.121 0.0181569 0.000873815
248.497 0.0182412 0.000874426
248.874 0.0186205 0.000878119
249.25 0.0194488 0.000889541
249.626 0.0171397 0.000833685
250.003 0.018987 0.000872313
250.379 0.0171021 0.000819821
250.755 0.0171203 0.000820968
251.131 0.0176964 0.000828808
251.507 0.016803 0.00080654
251.884 0.0169201 0.00080379
252.26 0.0172431 0.000811633
252.636 0.0183677 0.000830056
253.012 0.0168287 0.000791623
253.388 0.017095 0.000795461
253.764 0.0165802 0.000780188
254.14 0.0164291 0.000774776
254.516 0.0163326 0.000771443
254.892 0.0155636 0.000749253
255.268 0.0163069 0.000766123
255.643 0.0150556 0.000733051
256.019 0.0157821 0.000749974
256.395 0.0155452 0.000742772
256.771 0.0162127 0.000753019
257.147 0.0150864 0.000725567
257.522 0.0148212 0.000718023
257.898 0.0149989 0.000721128
258.274 0.0148921 0.000716697
258.649 0.015226 0.000724242
259.025 0.0148272 0.000710769
259.4 0.0149656 0.000713692
259.776 0.0153824 0.000721327
260.151 0.0157662 0.000732728
260.527 0.0146966 0.000704282
260.902 0.0158363 0.000729093
261.278 0.015874 0.000728419
261.653 0.0155125 0.000720056
262.028 0.015457 0.000719459
262.404 0.0146562 0.000697362
262.779 0.0144142 0.000689849
263.154 0.0143167 0.000686301
263.53 0.0148611 0.000697318
263.905 0.0150587 0.000703303
264.28 0.0153316 0.000709279
264.655 0.014715 0.00069285
265.03 0.0153089 0.000708873
265.405 0.0154108 0.000708861
265.781 0.0143061 0.000683793
266.156 0.014359 0.000684319
266.531 0.0145834 0.000686006
266.906 0.0146337 0.000690984
267.281 0.0145719 0.000686113
267.655 0.0145239 0.000687542
268.03 0.0150487 0.000700242
268.405 0.0151471 0.000701594
268.78 0.0155981 0.000711945
269.155 0.0159969 0.000719384
269.53 0.0144621 0.000686364
269.904 0.0146046 0.00068896
270.279 0.0159256 0.000719899
270.654 0.0152934 0.000703461
271.029 0.0148165 0.000693718
271.403 0.0153197 0.000703405
271.778 0.0147524 0.000692221
272.152 0.0156393 0.000713401
272.527 0.0147085 0.000691239
272.901 0.0152888 0.000701986
273.276 0.0150096 0.000693962
273.65 0.0150951 0.000698122
274.025 0.0146339 0.000685589
274.399 0.0140102 0.000674034
274.774 0.0145597 0.000685537
275.148 0.0135662 0.00065964
275.522 0.0149204 0.000693633
275.897 0.0146117 0.00068605
276.271 0.014302 0.000679417
276.645 0.0150937 0.000695948
277.019 0.014541 0.000681235
277.393 0.0139398 0.000665202
277.768 0.0153727 0.00070186
278.142 0.014652 0.000684523
278.516 0.0145214 0.000682668
278.89 0.0145096 0.000681043
279.264 0.0147582 0.000689057
279.638 0.0155289 0.000703401
280.012 0.0140773 0.000670895
280.386 0.0148575 0.00069284
280.76 0.0145813 0.00068376
281.133 0.0148813 0.000692025
281.507 0.0153317 0.000701856
281.881 0.0145081 0.000681183
282.255 0.0146761 0.000686076
282.629 0.0143404 0.000680153
283.002 0.0152724 0.000702286
283.376 0.0140494 0.000671737
283.75 0.0150905 0.000698543
284.123 0.0153405 0.00070185
284.497 0.0150491 0.000696418
284.87 0.0155197 0.000707946
285.244 0.0151341 0.00069781
285.618 0.0145419 0.000685777
285.991 0.0159698 0.000721692
286.364 0.0147371 0.000693021
286.738 0.0155269 0.000711217
287.111 0.0148921 0.000696823
287.485 0.0152334 0.000705161
287.858 0.0158233 0.000721367
288.231 0.0153306 0.000708803
288.605 0.0148725 0.000700045
288.978 0.0150979 0.000703828
289.351 0.0145869 0.000695413
289.724 0.0149343 0.000703619
290.097 0.0160357 0.000729973
290.47 0.0156933 0.000724472
290.843 0.0157963 0.000726589
291.217 0.0155274 0.000720521
291.59 0.0155219 0.000725385
291.963 0.0160377 0.000735714
292.336 0.0163621 0.000745492
292.708 0.016473 0.000749438
293.081 0.0155214 0.000730819
293.454 0.0151813 0.000719584
293.827 0.0161192 0.000743681
294.2 0.0155901 0.000736142
294.573 0.0161574 0.000747026
294.945 0.0160811 0.000749664
295.318 0.0161776 0.00075162
295.691 0.0161071 0.000751807
296.064 0.0168562 0.0007705
296.436 0.0162433 0.000755831
296.809 0.0165434 0.00076073
297.181 0.0163601 0.000760563
297.554 0.0168531 0.000773117
297.926 0.016406 0.000763399
298.299 0.0163399 0.000762674
298.671 0.0163384 0.000759318
299.044 0.0169328 0.000777242
299.416 0.0166188 0.000771166
299.788 0.0168101 0.000774388
300.161 0.0172545 0.000788009
300.533 0.0172065 0.000785814
300.905 0.0167117 0.000771488
301.278 0.0172287 0.000784976
301.65 0.015995 0.0007555
302.022 0.0166344 0.000772131
302.394 0.0167086 0.000775101
302.766 0.0169362 0.000779261
303.138 0.0157773 0.000755083
303.51 0.0170624 0.000783188
303.882 0.0168672 0.000777718
304.254 0.0163816 0.000767948
304.626 0.0166083 0.000770919
304.998 0.0169842 0.000779364
305.37 0.0166304 0.000775513
305.742 0.0169442 0.000779862
306.114 0.0167668 0.000775435
306.485 0.0168148 0.000776717
306.857 0.0173401 0.000788193
307.229 0.0175636 0.000796028
307.601 0.016756 0.000777298
307.972 0.0167215 0.0007757
308.344 0.0178203 0.000799778
308.716 0.0169203 0.000782533
309.087 0.0175127 0.000795113
309.459 0.016816 0.000780319
309.83 0.0171696 0.000788584
310.202 0.0158022 0.000755302
310.573 0.016416 0.00077028
310.945 0.0166289 0.000774721
311.316 0.016271 0.000770004
311.687 0.0175155 0.000795705
312.059 0.017205 0.000791388
312.43 0.0171629 0.000788983
312.801 0.017927 0.000809201
313.172 0.0162778 0.000771554
313.544 0.017362 0.000797658
313.915 0.0167006 0.000777343
314.286 0.0176536 0.000802686
314.657 0.017194 0.000790413
315.028 0.0173806 0.000796369
315.399 0.0172034 0.000792037
315.77 0.0167214 0.000779759
316.141 0.0175685 0.000802591
316.512 0.0170017 0.000789422
316.883 0.0174462 0.000801289
317.254 0.0177031 0.000806354
317.625 0.0183755 0.000826587
317.996 0.0172985 0.000797604
318.366 0.0174051 0.000802046
318.737 0.0178205 0.000810742
319.108 0.0175115 0.000806458
319.478 0.0174811 0.000806025
319.849 0.0178436 0.000813954
320.22 0.0166224 0.000786379
320.59 0.0172994 0.000801776
320.961 0.0176554 0.000811375
321.331 0.0179669 0.00081861
321.702 0.0180319 0.000824242
322.072 0.0173773 0.000811591
322.443 0.0181977 0.00082888
322.813 0.0184932 0.000834034
323.184 0.016772 0.000796501
323.554 0.0176351 0.000819332
323.924 0.0181671 0.000831171
324.295 0.0184202 0.000841
324.665 0.0184036 0.000841233
325.035 0.0186381 0.00084547
325.405 0.0177385 0.000828206
325.775 0.0179669 0.000837573
326.145 0.0187509 0.000854834
326.515 0.0167549 0.000809547
326.886 0.0178671 0.000840211
327.256 0.0199343 0.000888333
327.626 0.0187036 0.000865794
327.995 0.0186473 0.000866622
328.365 0.0192266 0.00088121
328.735 0.0181699 0.000860958
329.105 0.0198908 0.000910567
329.475 0.0197235 0.000913851
329.845 0.0199151 0.000931559
330.215 0.0201708 0.000934004
330.584 0.021926 0.000964409
330.954 0.0191469 0.000879921
331.324 0.018225 0.000834307
331.693 0.0181804 0.000818985
332.063 0.017002 0.000783467
332.432 0.0162693 0.00076245
332.802 0.0167852 0.000780802
333.171 0.0172604 0.000802166
333.541 0.01858 0.000847794
333.91 0.0185586 0.00085161
334.28 0.0196466 0.000881236
334.649 0.019129 0.00087207
335.018 0.0185895 0.000862617
335.388 0.0190413 0.000875852
335.757 0.0187034 0.00086817
336.126 0.0191489 0.000881606
336.495 0.0188484 0.000871704
336.865 0.0183357 0.000863327
337.234 0.019372 0.000892406
337.603 0.0189442 0.000880699
337.972 0.0200706 0.00090859
338.341 0.0192719 0.000888871
338.71 0.0189436 0.000880667
339.079 0.0189641 0.000884339
339.448 0.0196512 0.000898797
339.817 0.0205805 0.000922077
340.186 0.0193859 0.000895483
340.554 0.0206698 0.000923448
340.923 0.0199687 0.000909549
341.292 0.0198885 0.000908578
341.661 0.0193954 0.000898366
342.029 0.0203754 0.00091919
342.398 0.0191678 0.000892733
342.767 0.0211343 0.000941015
343.135 0.0201057 0.000917143
343.504 0.0196221 0.00090887
343.872 0.0207333 0.000930776
344.241 0.0206873 0.000931919
344.609 0.0192911 0.000903496
344.978 0.0200912 0.000921111
345.346 0.0202258 0.000920716
345.715 0.0203466 0.000927032
346.083 0.0198956 0.000918744
346.451 0.0205523 0.000932302
346.82 0.0201589 0.000926427
347.188 0.0193965 0.000907023
347.556 0.0208498 0.00094524
347.924 0.0210785 0.00094926
348.292 0.0202481 0.000932489
348.66 0.0214046 0.000957904
349.028 0.0202633 0.000933189
349.396 0.0211853 0.000957943
349.764 0.0207642 0.000947182
350.132 0.0210614 0.000953443
350.5 0.0209215 0.000951824
350.868 0.0200723 0.000933999
351.236 0.021481 0.000965449
351.604 0.0223676 0.000989
351.972 0.0206902 0.000952271
352.34 0.0208502 0.000957336
352.707 0.0206063 0.000952139
353.075 0.0208918 0.000958967
353.443 0.0210124 0.000963923
353.81 0.0218356 0.000985064
354.178 0.0210651 0.000968074
354.545 0.0217155 0.000980497
354.913 0.0213055 0.000975326
355.28 0.0218182 0.000987127
355.648 0.0213347 0.000974063
356.015 0.0217009 0.000984108
356.383 0.0216892 0.000982719
356.75 0.0224475 0.0010023
357.117 0.0224088 0.00100199
357.485 0.0216766 0.000986177
357.852 0.0214862 0.000988617
358.219 0.0222701 0.00100149
358.586 0.0216112 0.000986402
358.954 0.0226309 0.00101365
359.321 0.021201 0.000978731
359.688 0.0223812 0.00101055
360.055 0.0211555 0.000981095
360.422 0.0224471 0.00101206
360.789 0.0230832 0.00102807
361.156 0.0223294 0.00101026
361.523 0.0214121 0.000993292
361.89 0.02196 0.0010047
362.256 0.0220049 0.00100171
362.623 0.0235273 0.00104609
362.99 0.0218911 0.00100423
363.357 0.0230056 0.00103368
363.724 0.0217727 0.00100603
364.09 0.0226832 0.00102479
364.457 0.0214631 0.00100429
364.823 0.0212676 0.00099328
365.19 0.022783 0.00102959
365.557 0.0222518 0.00101593
365.923 0.0225185 0.00102539
366.29 0.0225137 0.00102851
366.656 0.022554 0.00102519
367.022 0.0216136 0.00100234
367.389 0.0229126 0.00103664
367.755 0.0225398 0.00103307
368.121 0.0225348 0.00103253
368.488 0.0231166 0.00104436
368.854 0.0228612 0.00104252
369.22 0.022546 0.00104019
369.586 0.0233443 0.00106205
369.952 0.0243132 0.00108622
370.318 0.0232059 0.0010617
370.684 0.0229535 0.00105899
371.051 0.0227716 0.00105508
371.416 0.0242902 0.00109643
371.782 0.0228469 0.00106017
372.148 0.0223241 0.00105013
372.514 0.0242785 0.00109749
372.88 0.0249169 0.00111509
373.246 0.0245603 0.00110606
373.612 0.023012 0.00107013
373.977 0.0239624 0.00108954
374.343 0.0234341 0.00107406
374.709 0.0239205 0.00108162
375.074 0.0237014 0.00107988
375.44 0.0223556 0.00105327
375.806 0.0231013 0.0010766
376.171 0.0236575 0.00108398
376.537 0.0228409 0.00106413
376.902 0.0233447 0.0010777
377.268 0.0223694 0.00105061
377.633 0.0244496 0.00109636
377.998 0.0241105 0.00108456
378.364 0.0230652 0.00105621
378.729 0.023157 0.00106009
379.094 0.0227624 0.00105562
379.459 0.0245462 0.00111088
379.825 0.0238912 0.0010911
380.19 0.0245041 0.00110672
380.555 0.0226918 0.0010725
380.92 0.0246489 0.00113176
381.285 0.0245558 0.00112748
381.65 0.0249559 0.00112778
382.015 0.0242464 0.00111327
382.38 0.0257065 0.00115076
382.745 0.025727 0.00115828
383.11 0.0243338 0.00112952
383.474 0.0251817 0.00114564
383.839 0.0249012 0.00114129
384.204 0.0249726 0.00114662
384.569 0.0257078 0.0011648
384.933 0.0253305 0.00115959
385.298 0.024926 0.00115208
385.663 0.0259565 0.00117232
386.027 0.0261335 0.00117388
386.392 0.0245909 0.00113385
386.756 0.0243442 0.00112247
387.121 0.0248878 0.00113461
387.485 0.0253622 0.00114185
387.849 0.0239983 0.00110553
388.214 0.0237503 0.001112
388.578 0.0255722 0.00115967
388.942 0.0261797 0.00117934
389.307 0.0258611 0.00117107
389.671 0.0261128 0.00118109
390.035 0.025815 0.00116899
390.399 0.0240944 0.00112671
390.763 0.0252294 0.00114614
391.127 0.0237426 0.00110785
391.492 0.0241499 0.00110194
391.856 0.022746 0.00105711
392.219 0.0237122 0.00107127
392.583 0.0230388 0.00106196
392.947 0.0246527 0.00112224
393.311 0.0249917 0.00114035
393.675 0.0252169 0.00114893
394.039 0.0243266 0.00113545
394.403 0.0250282 0.00115229
394.766 0.0236203 0.00112245
395.13 0.0260742 0.00118243
395.494 0.0233161 0.0011177
395.857 0.0238363 0.00112517
396.221 0.0257273 0.00116365
396.584 0.0251224 0.00114128
396.948 0.0238199 0.0010993
397.311 0.0231377 0.00106749
397.675 0.0228607 0.00105535
398.038 0.0234506 0.0010694
398.401 0.0234814 0.00108531
398.765 0.0246534 0.00112927
399.128 0.0258009 0.00117175
399.491 0.0260566 0.0011865
399.854 0.0259315 0.00118533
400.218 0.0246901 0.00115998
400.581 0.0280039 0.00123889
400.944 0.0286712 0.0012597
401.307 0.0279018 0.00125764
401.67 0.0281079 0.00125861
402.033 0.0272427 0.0012427
402.396 0.028513 0.00127205
402.759 0.0275653 0.00125226
403.122 0.0280806 0.00125774
403.485 0.0264203 0.00121968
403.847 0.0261398 0.00120309
404.21 0.0253102 0.00117773
404.573 0.0253327 0.00117697
404.936 0.0269122 0.00120713
405.298 0.026156 0.00120311
405.661 0.0281697 0.00126607
406.023 0.0286424 0.00129475
406.386 0.0277751 0.00127951
406.749 0.0280631 0.00129201
407.111 0.0276209 0.00128015
407.473 0.0268417 0.00124177
407.836 0.0273328 0.00125125
408.198 0.0273699 0.00124447
408.561 0.0260907 0.00121854
408.923 0.0267831 0.00123642
409.285 0.0263779 0.0012293
409.647 0.0294727 0.0013108
410.009 0.0294768 0.00132329
410.372 0.0288863 0.00130806
410.734 0.0282609 0.00130033
411.096 0.0282125 0.00129694
411.458 0.0284695 0.00130252
411.82 0.0293486 0.0013138
412.182 0.0292501 0.00130164
412.544 0.0272022 0.00125805
412.906 0.0279449 0.00127286
413.267 0.0288738 0.00129846
413.629 0.0265364 0.0012546
413.991 0.0281965 0.00129932
414.353 0.029992 0.00134374
414.714 0.029633 0.00134975
415.076 0.0288956 0.00132954
415.438 0.0290409 0.00133142
415.799 0.0285171 0.0013141
416.161 0.0301563 0.00136319
416.522 0.0284479 0.00132946
416.884 0.0301604 0.00136974
417.245 0.0302055 0.00137582
417.607 0.0283929 0.00133061
417.968 0.0295478 0.00135588
418.329 0.0300903 0.00136655
418.691 0.0292429 0.00134673
419.052 0.0310652 0.00138709
419.413 0.0300945 0.00135296
419.774 0.0292728 0.00133021
420.135 0.0288692 0.0012916
420.497 0.0265043 0.00121804
420.858 0.0266121 0.00120368
421.219 0.0263723 0.00120229
421.58 0.0272087 0.00123677
421.941 0.0275445 0.00126623
422.302 0.0290351 0.00131748
422.662 0.0289605 0.00132145
423.023 0.0302002 0.00135539
423.384 0.029117 0.00133532
423.745 0.0317531 0.00138604
424.106 0.0289574 0.00132287
424.466 0.0282814 0.0013048
424.827 0.0302611 0.00136833
425.187 0.0291417 0.00135977
425.548 0.0295663 0.00138258
425.909 0.032068 0.0014475
426.269 0.0300635 0.00139165
426.63 0.0307211 0.00139725
426.99 0.0292787 0.00135286
427.35 0.0314554 0.00140851
427.711 0.0297408 0.00135987
428.071 0.0288983 0.00132925
428.431 0.0287394 0.00130026
428.792 0.0261052 0.00119683
429.152 0.0261469 0.00116486
429.512 0.0251106 0.0011394
429.872 0.0239726 0.00112101
430.232 0.0262595 0.00119398
430.592 0.0282107 0.00127266
430.952 0.0302292 0.00135631
431.312 0.0289952 0.00136138
431.672 0.0315412 0.00143624
432.032 0.0312013 0.00142412
432.392 0.0323549 0.0014306
432.752 0.0261996 0.00122401
433.111 0.0267179 0.00120846
433.471 0.0280404 0.00125738
433.831 0.0289671 0.00132804
434.19 0.0294241 0.00133865
434.55 0.028653 0.00132075
434.91 0.0292015 0.00134889
435.269 0.0292971 0.00133248
435.629 0.0304521 0.0013555
435.988 0.0279002 0.00129191
436.348 0.0286029 0.00132808
436.707 0.0308686 0.00140068
437.066 0.0321854 0.00142946
437.426 0.0304768 0.00137449
437.785 0.0280143 0.0013141
438.144 0.0316431 0.00139488
438.503 0.0296009 0.00136692
438.862 0.0308429 0.00139788
439.222 0.0311362 0.00141572
439.581 0.0314411 0.00142874
439.94 0.0313723 0.00140718
440.299 0.0287407 0.00130147
440.658 0.0269945 0.00122921
441.017 0.0258358 0.00120293
441.376 0.0278904 0.00126443
441.734 0.0284329 0.00128978
442.093 0.0283748 0.0012879
442.452 0.0272168 0.00125229
442.811 0.0276429 0.00125651
443.169 0.0280109 0.00126437
443.528 0.0277506 0.00128458
443.887 0.0290025 0.00131408
444.245 0.0291719 0.00132369
444.604 0.029833 0.00134974
444.962 0.0287878 0.0013322
445.321 0.0310323 0.00138445
445.679 0.0295623 0.00134416
446.038 0.0289851 0.00132611
446.396 0.0294177 0.00135437
446.754 0.0298284 0.00138246
447.112 0.031325 0.00142388
447.471 0.0310102 0.00141833
447.829 0.0315216 0.00143746
448.187 0.0319283 0.00144413
448.545 0.0315677 0.00143156
448.903 0.0314534 0.00143266
449.261 0.0320462 0.00145031
449.619 0.0324474 0.00147318
449.977 0.0331857 0.0014971
450.335 0.0316645 0.00147841
450.693 0.0336917 0.00152878
451.051 0.034107 0.00153512
451.409 0.0328534 0.00151255
451.766 0.0327194 0.00151139
452.124 0.0350495 0.00158623
452.482 0.0353528 0.00160886
452.839 0.0356796 0.00163433
453.197 0.0362745 0.0016508
453.555 0.0363175 0.00165861
453.912 0.0365331 0.00165916
454.27 0.0371291 0.00164625
454.627 0.0356096 0.00159316
454.984 0.0346809 0.00157597
455.342 0.0327772 0.00155559
455.699 0.0360407 0.0016494
456.056 0.0352121 0.00162065
456.414 0.0355414 0.00161365
456.771 0.0341935 0.00155381
457.128 0.032978 0.00152011
457.485 0.0329863 0.00151503
457.842 0.0328562 0.0015214
458.199 0.0337979 0.00154126
458.556 0.0304095 0.00144786
458.913 0.0334254 0.00151802
459.27 0.0323512 0.00148497
459.627 0.0344142 0.00155387
459.984 0.033973 0.00153262
460.341 0.0320857 0.00148752
460.697 0.0331154 0.00152921
461.054 0.0369848 0.00166369
461.411 0.0392985 0.00175027
461.767 0.0375366 0.00173075
462.124 0.0368076 0.00170958
462.481 0.0366804 0.00168621
462.837 0.038002 0.00168968
463.194 0.0332404 0.0015472
463.55 0.0363601 0.00162859
463.907 0.0322186 0.00149279
464.263 0.0318341 0.00146342
464.619 0.0320919 0.00144152
464.976 0.0312986 0.00140388
465.332 0.0297474 0.00136831
465.688 0.0324737 0.00147351
466.044 0.0346643 0.00157705
466.4 0.035667 0.00162459
466.756 0.0355623 0.00163284
467.112 0.0369442 0.00166425
467.468 0.0347144 0.00161086
467.824 0.0365777 0.00167049
468.18 0.0366507 0.001694
468.536 0.0377135 0.00171982
468.892 0.0403042 0.00180627
469.248 0.0399904 0.00180721
469.604 0.0388785 0.00179263
469.959 0.0407019 0.00183353
470.315 0.0425071 0.00187274
470.671 0.0389646 0.00179122
471.026 0.0375746 0.00174413
471.382 0.0368138 0.00170987
471.737 0.0358691 0.00167421
472.093 0.0353607 0.00163637
472.448 0.0353594 0.00160493
472.804 0.0333367 0.00154506
473.159 0.0333115 0.00153179
473.514 0.0342771 0.00156173
473.87 0.0332679 0.00151665
474.225 0.0318381 0.0014413
474.58 0.0299723 0.00137086
474.935 0.0300858 0.00138513
475.29 0.0314233 0.00143467
475.645 0.031189 0.00143076
476 0.0314004 0.00143745
476.355 0.0333176 0.00149402
476.71 0.0329941 0.00148587
477.065 0.0310817 0.00140016
477.42 0.0297967 0.00135283
477.775 0.029397 0.00134535
478.13 0.0314219 0.00140342
478.485 0.0282686 0.0013215
478.839 0.0289146 0.00132052
479.194 0.0271424 0.00124663
479.549 0.0261003 0.00120747
479.903 0.0266862 0.0012242
480.258 0.0270268 0.00124169
480.612 0.0261687 0.00120588
480.967 0.0265979 0.00118762
481.321 0.025133 0.00115815
481.675 0.0274325 0.00123328
482.03 0.0263883 0.00123092
482.384 0.0281876 0.00127754
482.738 0.0280718 0.00126276
483.093 0.0273459 0.00123722
483.447 0.0259733 0.00117958
483.801 0.0246477 0.00111321
484.155 0.0232298 0.00106692
484.509 0.0178354 0.000814061
484.863 0.00821712 0.000376615
485.217 0.00677941 0.000310907
485.571 0.00733856 0.000331831
485.925 0.0121778 0.000544519
486.279 0.0159372 0.000722317
486.632 0.0191217 0.000855737
486.986 0.0219497 0.000991069
487.34 0.0254187 0.00113851
487.694 0.0265364 0.00119575
488.047 0.0267137 0.00120652
488.401 0.0258823 0.0011891
488.754 0.0266203 0.00121359
489.108 0.0284529 0.00127515
489.461 0.0279761 0.00127054
489.815 0.0299331 0.00132794
490.168 0.0284265 0.00127981
490.522 0.0272773 0.00124834
490.875 0.0264815 0.00123184
491.228 0.0267314 0.00124615
491.581 0.0270322 0.00124455
491.935 0.0263643 0.00123362
492.288 0.0269784 0.00125305
492.641 0.0285674 0.00128028
492.994 0.0263625 0.00122896
493.347 0.0251452 0.00118358
493.7 0.0266248 0.00121884
494.053 0.0270461 0.00123265
494.406 0.0282576 0.00128033
494.759 0.0305179 0.00135768
495.111 0.026406 0.00122347
495.464 0.0252713 0.00114437
495.817 0.0235586 0.00108495
496.169 0.0252891 0.00115563
496.522 0.0281966 0.00127534
496.875 0.0291498 0.00134003
497.227 0.0302282 0.00137807
497.58 0.0303715 0.00137893
497.932 0.0278062 0.00130392
498.285 0.0293792 0.00132806
498.637 0.0272536 0.00124726
498.989 0.0258737 0.00120174
499.342 0.0272399 0.0012422
499.694 0.0293809 0.00131862
500.046 0.0278547 0.00129494
500.398 0.028003 0.00126659
500.751 0.0261221 0.00121215
501.103 0.0280645 0.00125241
501.455 0.0261465 0.00121071
501.807 0.0263213 0.00121657
502.159 0.0256624 0.0012019
502.511 0.0264733 0.00121771
502.862 0.0266375 0.00122674
503.214 0.0273544 0.00126013
503.566 0.0277712 0.00129543
503.918 0.0301802 0.00136506
504.27 0.028438 0.00132367
504.621 0.0286123 0.00133096
504.973 0.030286 0.00137706
505.324 0.0307205 0.00137795
505.676 0.0290161 0.00131584
506.027 0.0278446 0.00129249
506.379 0.0304227 0.00139602
506.73 0.0307949 0.00142595
507.082 0.0319294 0.00144168
507.433 0.0309533 0.00139318
507.784 0.0294932 0.00134855
508.136 0.0304408 0.00139395
508.487 0.0323073 0.00145078
508.838 0.0325396 0.00146964
509.189 0.0310773 0.00143466
509.54 0.029813 0.00138639
509.891 0.0330902 0.00147751
510.242 0.0323197 0.00146183
510.593 0.0326941 0.00147963
510.944 0.0344441 0.0015272
511.295 0.031729 0.0014963
511.646 0.0343393 0.00157387
511.996 0.0357403 0.00158912
512.347 0.0334076 0.00152483
512.698 0.0338873 0.00154081
513.049 0.0347692 0.00157034
513.399 0.0338734 0.00155717
513.75 0.0333481 0.00154043
514.1 0.037162 0.00165699
514.451 0.0365833 0.00167822
514.801 0.0365443 0.00166996
515.152 0.0352414 0.00162543
515.502 0.0359304 0.0016158
515.852 0.0333842 0.00154914
516.202 0.0349623 0.0015832
516.553 0.035406 0.00161651
516.903 0.037595 0.00169114
517.253 0.0372031 0.00170768
517.603 0.0382567 0.00173137
517.953 0.0360142 0.0016717
518.303 0.0340918 0.0015883
518.653 0.0324196 0.00153616
519.003 0.0362544 0.00163696
519.353 0.0363966 0.00169883
519.703 0.0400454 0.00181974
520.052 0.0373987 0.00176759
520.402 0.0402234 0.00182303
520.752 0.0390794 0.00177636
521.102 0.0400963 0.00182848
521.451 0.0370444 0.00177003
521.801 0.0400787 0.00183583
522.15 0.0372845 0.00174133
522.5 0.0404985 0.00181189
522.849 0.0390563 0.00177375
523.199 0.0369759 0.00170956
523.548 0.0366862 0.00168648
523.897 0.0380575 0.00173757
524.246 0.0383109 0.00177236
524.596 0.0391399 0.00181679
524.945 0.039655 0.00181804
525.294 0.0404967 0.00183702
525.643 0.0415401 0.00185639
525.992 0.0407658 0.00183587
526.341 0.0375245 0.00175039
526.69 0.0387297 0.00179227
527.039 0.0378325 0.00178866
527.388 0.0405298 0.00186427
527.737 0.0381461 0.00175359
528.086 0.0356241 0.00163228
528.434 0.0328798 0.00153945
528.783 0.0360835 0.00165678
529.132 0.0376717 0.00172507
529.48 0.0403953 0.00180932
529.829 0.0393767 0.00179621
530.177 0.0375306 0.00177159
530.526 0.0407206 0.00184989
530.874 0.0391061 0.00179556
531.223 0.0395062 0.00180211
531.571 0.0404982 0.00184031
531.919 0.0381236 0.001768
532.268 0.0345185 0.00163095
532.616 0.0352159 0.00159469
532.964 0.0334633 0.00153144
533.312 0.0330398 0.00152251
533.66 0.033178 0.00153257
534.008 0.0340271 0.00154853
534.356 0.0347933 0.0015669
534.704 0.0335115 0.00155174
535.052 0.0341467 0.00158745
535.4 0.0372654 0.00169341
535.748 0.040571 0.00180899
536.095 0.0396696 0.0018341
536.443 0.0411194 0.00186964
536.791 0.0395833 0.00179559
537.139 0.0379805 0.00171836
537.486 0.0357172 0.00162784
537.834 0.0351944 0.00160732
538.181 0.0346674 0.00158608
538.529 0.0345806 0.00159302
538.876 0.0334065 0.00156168
539.223 0.0358956 0.00164619
539.571 0.0364649 0.00169468
539.918 0.0370944 0.00170319
540.265 0.0366059 0.00165858
540.613 0.0356457 0.00160854
540.96 0.0359641 0.00163571
541.307 0.0363492 0.00164745
541.654 0.0364587 0.00164951
542.001 0.0358547 0.00164088
542.348 0.0358841 0.00164125
542.695 0.0362526 0.00165174
543.042 0.0352725 0.00160426
543.388 0.0337402 0.00154918
543.735 0.0348743 0.00157282
544.082 0.0340455 0.00155165
544.429 0.0357364 0.00159703
544.775 0.0342183 0.00159715
545.122 0.0367935 0.00170527
545.469 0.0396981 0.00180026
545.815 0.039766 0.00179137
546.162 0.0387299 0.00175381
546.508 0.0381288 0.00170442
546.854 0.0345331 0.00156194
547.201 0.0322179 0.00145344
547.547 0.0309957 0.00142148
547.893 0.0338343 0.00151848
548.24 0.0357951 0.00164551
548.586 0.0395096 0.00180068
548.932 0.038847 0.00181208
549.278 0.0408719 0.00186002
549.624 0.0392012 0.00181188
549.97 0.0409067 0.0018682
550.316 0.0430348 0.00195443
550.662 0.043848 0.00199311
551.008 0.0384107 0.00176893
551.353 0.0337115 0.00156866
551.699 0.0329898 0.00151745
552.045 0.0358343 0.00162411
552.391 0.0356378 0.00165321
552.736 0.0355901 0.00165965
553.082 0.0363778 0.00168038
553.427 0.0388158 0.00176645
553.773 0.041064 0.00187705
554.118 0.0407765 0.00187058
554.464 0.0392191 0.00178744
554.809 0.0362724 0.00165071
555.154 0.0368577 0.00164156
555.5 0.0347123 0.00159668
555.845 0.0375759 0.00172583
556.19 0.0387177 0.00179938
556.535 0.0404508 0.00188052
556.88 0.039733 0.0018337
557.225 0.0400354 0.00183385
557.57 0.0399525 0.00186769
557.915 0.0434819 0.00200127
558.26 0.0438901 0.00203542
558.605 0.0423562 0.00199244
558.95 0.0431801 0.00196737
559.295 0.0368505 0.00172054
559.639 0.0346354 0.00160525
559.984 0.0324295 0.00149392
560.329 0.03345 0.00151164
560.673 0.0302275 0.00144197
561.018 0.0357506 0.00161421
561.362 0.0366357 0.00167763
561.707 0.0397096 0.00179037
562.051 0.036423 0.00169378
562.395 0.0351189 0.00164121
562.74 0.0332998 0.00156643
563.084 0.0337671 0.00155789
563.428 0.0344829 0.00154144
563.772 0.0332246 0.00152007
564.117 0.0313793 0.00146645
564.461 0.0358758 0.00156304
564.805 0.0325325 0.0015014
565.149 0.0321165 0.00148489
565.493 0.0317653 0.00147901
565.836 0.0304817 0.00142098
566.18 0.0297253 0.00138274
566.524 0.0267373 0.0012229
566.868 0.0257131 0.00116709
567.212 0.0247874 0.00112638
567.555 0.0240656 0.00109584
567.899 0.0213466 0.000984258
568.242 0.019461 0.000901406
568.586 0.0174155 0.000797968
568.929 0.0156133 0.000707222
569.273 0.0136477 0.00062514
569.616 0.0145333 0.000646016
569.96 0.0134204 0.000608248
570.303 0.012335 0.000565014
570.646 0.0123529 0.0005584
570.989 0.011465 0.000521296
571.333 0.0122415 0.000545366
571.676 0.0125582 0.000573021
572.019 0.0150219 0.000677679
572.362 0.0133277 0.000602293
572.705 0.0110955 0.000510064
573.048 0.010318 0.000468182
573.391 0.00947508 0.000434011
573.733 0.00912028 0.000419893
574.076 0.00915062 0.000415942
574.419 0.00951175 0.000436995
574.762 0.0105461 0.000484658
575.104 0.0120916 0.00055552
575.447 0.01188 0.000543204
575.789 0.0106146 0.000482631
576.132 0.00992355 0.000440859
576.474 0.00900181 0.000415187
576.817 0.00845177 0.000372155
577.159 0.00677418 0.00031502
577.501 0.00751072 0.000334322
577.844 0.00826477 0.000375346
578.186 0.0101731 0.000467097
578.528 0.0114825 0.000516517
578.87 0.0114566 0.000518187
579.212 0.0103571 0.000476261
579.554 0.0100728 0.000454671
579.896 0.00975356 0.000450133
580.238 0.00889705 0.000405132
580.58 0.00684815 0.000312291
580.922 0.0064596 0.000291494
581.264 0.00638089 0.000289706
581.606 0.00656863 0.000306878
581.947 0.00786858 0.000356519
582.289 0.00939537 0.000432815
582.631 0.0115455 0.000532188
582.972 0.0130351 0.000603397
583.314 0.0133227 0.000603293
583.655 0.0118997 0.000551178
583.997 0.00996935 0.000460509
584.338 0.00899015 0.000406744
584.679 0.00803065 0.00036884
585.021 0.00871179 0.000394725
585.362 0.0106146 0.000468165
585.703 0.0118529 0.00053211
586.044 0.0119891 0.000537153
586.385 0.0103378 0.000471988
586.726 0.00921259 0.000425552
587.067 0.0101488 0.000464182
587.408 0.0116826 0.000526578
587.749 0.012957 0.000580849
588.09 0.0134024 0.000615373
588.431 0.0148037 0.000685269
588.772 0.0158176 0.000736701
589.113 0.016254 0.0007339
589.453 0.0155016 0.000712823
589.794 0.0167905 0.000767272
590.134 0.0186631 0.000852091
590.475 0.018454 0.000866997
590.815 0.0193623 0.00087986
591.156 0.0192126 0.000877699
591.496 0.0174922 0.00081195
591.837 0.0134523 0.000612557
592.177 0.0105847 0.00049359
592.517 0.00998363 0.000458951
592.857 0.0106789 0.000500459
593.198 0.012752 0.000581865
593.538 0.0153442 0.000704106
593.878 0.0160474 0.000743068
594.218 0.0147545 0.000689524
594.558 0.014441 0.000656804
594.898 0.0144326 0.000675104
595.237 0.0164795 0.000766117
595.577 0.0197886 0.00089375
595.917 0.0217768 0.000984397
596.257 0.0197234 0.000897584
596.596 0.0187223 0.000852528
596.936 0.0187773 0.00083961
597.276 0.0198026 0.000895934
597.615 0.0194063 0.000871204
597.955 0.0136201 0.000641907
598.294 0.0123896 0.000574395
598.633 0.0128142 0.00058609
598.973 0.0136429 0.00062754
599.312 0.0135598 0.000623716
599.651 0.0135687 0.000628867
599.991 0.0148587 0.000672457
600.33 0.0155618 0.000698817
600.669 0.0154775 0.000716895
601.008 0.0172516 0.00078303
601.347 0.0174662 0.000814735
601.686 0.016786 0.000775387
602.025 0.0178246 0.000804346
602.364 0.0159531 0.000723037
602.702 0.0152999 0.000697922
603.041 0.0150913 0.000697738
603.38 0.01665 0.000767943
603.719 0.0190255 0.000858293
604.057 0.0199359 0.000903281
604.396 0.0199191 0.000901475
604.734 0.017494 0.000806868
605.073 0.0152892 0.000697845
605.411 0.0144723 0.000685537
605.75 0.0164397 0.000757326
606.088 0.0190168 0.000857162
606.426 0.0176683 0.000805956
606.764 0.0168916 0.00077721
607.103 0.0182817 0.000834182
607.441 0.0195076 0.000891437
607.779 0.0197978 0.000919816
608.117 0.0201501 0.000921614
608.455 0.0211417 0.000984061
608.793 0.0221874 0.00101782
609.131 0.0187693 0.000873368
609.469 0.0188299 0.000853669
609.806 0.0187757 0.000863901
610.144 0.0227851 0.00102642
610.482 0.0218411 0.00101537
610.819 0.0216525 0.00100877
611.157 0.0224875 0.00103344
611.495 0.0251019 0.00113013
611.832 0.0242356 0.00111378
612.17 0.0234973 0.0010887
612.507 0.0239836 0.00108763
612.844 0.0243043 0.00110638
613.182 0.024187 0.00110626
613.519 0.0241309 0.00109817
613.856 0.0235822 0.00108278
614.193 0.0221794 0.00103684
614.53 0.0211858 0.000992237
614.867 0.0216663 0.00100234
615.205 0.0251385 0.00113373
615.541 0.0263026 0.0012016
615.878 0.0293454 0.00132309
616.215 0.0274063 0.00126557
616.552 0.027952 0.00129117
616.889 0.0262471 0.00122245
617.226 0.0261861 0.0012085
617.562 0.0276922 0.00128228
617.899 0.0317635 0.00145624
618.235 0.0355188 0.00161926
618.572 0.0369148 0.00171194
618.908 0.0342294 0.00159129
619.245 0.0301598 0.00143274
619.581 0.0317217 0.00144361
619.918 0.0349802 0.00164188
620.254 0.0449883 0.00210049
620.59 0.0487902 0.00222037
620.926 0.0429402 0.0019422
621.262 0.0359238 0.00167778
621.599 0.0366322 0.00170195
621.935 0.0373132 0.00169607
622.271 0.0327835 0.00153019
622.606 0.0326825 0.00149481
622.942 0.0337113 0.0015558
623.278 0.0355113 0.00164334
623.614 0.0329375 0.00150828
623.95 0.0315665 0.00147064
624.285 0.0326732 0.00152409
624.621 0.0380022 0.00173298
624.957 0.040403 0.00184247
625.292 0.0437431 0.00197508
625.628 0.0435563 0.00203049
625.963 0.0450075 0.00207774
626.299 0.0424685 0.00197673
626.634 0.0410955 0.00191401
626.969 0.0432336 0.00199948
627.304 0.0490702 0.00230901
627.64 0.0592228 0.00272085
627.975 0.0560925 0.00259499
628.31 0.050941 0.00233755
628.645 0.0468932 0.00219146
628.98 0.0507373 0.00232961
629.315 0.0548439 0.00246847
629.65 0.0539617 0.00246807
629.985 0.0538494 0.00245857
630.319 0.0551576 0.00259707
630.654 0.0628461 0.00280376
630.989 0.0598426 0.00272254
631.323 0.0633516 0.00284975
631.658 0.0671624 0.00305378
631.993 0.0735339 0.00333371
632.327 0.0713724 0.00329687
632.662 0.0748766 0.00335854
632.996 0.0688121 0.00314825
633.33 0.0717879 0.003168
633.665 0.0715083 0.00327256
633.999 0.0672975 0.00327119
634.333 0.0717383 0.00337672
634.667 0.0727349 0.00341185
635.001 0.0705317 0.00327792
635.335 0.0666263 0.00306465
635.669 0.0607706 0.00281826
636.003 0.0629329 0.00290789
636.337 0.0698438 0.00321652
636.671 0.0797976 0.00361768
637.005 0.0812943 0.00375063
637.339 0.08846 0.00389514
637.672 0.0783686 0.00353237
638.006 0.0683908 0.00321513
638.339 0.0742861 0.00339969
638.673 0.0775876 0.00358503
639.006 0.0862391 0.00389835
639.34 0.0818469 0.00379568
639.673 0.0901611 0.00404066
640.007 0.0809644 0.00381941
640.34 0.0866729 0.0040207
640.673 0.0891276 0.00410831
641.006 0.091601 0.00422614
641.34 0.0943423 0.00433562
641.673 0.100976 0.00459255
642.006 0.0998231 0.00464495
642.339 0.0956733 0.00446696
642.672 0.100405 0.00454796
643.004 0.101792 0.00460539
643.337 0.105556 0.00484085
643.67 0.101531 0.00474638
644.003 0.102638 0.00472542
644.336 0.102332 0.00469859
644.668 0.104466 0.00473881
645.001 0.100534 0.00472915
645.333 0.111835 0.00511053
645.666 0.117603 0.00534879
645.998 0.114294 0.00539339
646.331 0.120476 0.00562148
646.663 0.124278 0.00565075
646.995 0.10804 0.00494738
647.327 0.0920381 0.00419344
647.66 0.0772003 0.00363039
647.992 0.079793 0.00363447
648.324 0.0769665 0.00355633
648.656 0.0808952 0.00369666
648.988 0.0865312 0.00397548
649.32 0.0956302 0.0044705
649.652 0.112354 0.00507299
649.983 0.107885 0.00507812
650.315 0.116838 0.00531868
650.647 0.106882 0.00497032
650.979 0.101654 0.00462616
651.31 0.0884612 0.00414954
651.642 0.0879651 0.00404498
651.973 0.0887972 0.00406136
652.305 0.0874956 0.00401618
652.636 0.0871404 0.00406356
652.967 0.0916307 0.00426111
653.299 0.0970711 0.00448802
653.63 0.100702 0.00451953
653.961 0.0798481 0.00373853
654.292 0.0473641 0.00221004
654.623 0.00644925 0.000295589
654.955 0.00615537 0.000283474
655.286 0.00660314 0.000293595
655.616 0.00698401 0.000301934
655.947 0.00658756 0.00029323
656.278 0.0070275 0.000302853
656.609 0.00722174 0.000321281
656.94 0.0118289 0.000544099
657.27 0.0170587 0.000766034
657.601 0.0231215 0.00102863
657.932 0.0306824 0.00141729
658.262 0.046412 0.00212341
658.593 0.0694821 0.00311657
658.923 0.091307 0.00417742
659.254 0.116972 0.0052229
659.584 0.122909 0.00568433
659.914 0.136005 0.00626161
660.244 0.142283 0.00656444
660.575 0.1513 0.00671975
660.905 0.139948 0.00647233
661.235 0.138287 0.00634376
661.565 0.131419 0.00613974
661.895 0.135878 0.0062074
662.225 0.14617 0.0065396
662.555 0.14343 0.00656795
662.884 0.144583 0.00652061
663.214 0.142486 0.00638387
663.544 0.130955 0.00605642
663.873 0.125713 0.00584605
664.203 0.123442 0.00572993
664.533 0.123633 0.00557903
664.862 0.122763 0.00552069
665.192 0.118745 0.00558578
665.521 0.133976 0.00625532
665.85 0.146712 0.00674033
666.18 0.153237 0.00717237
666.509 0.154059 0.00714885
666.838 0.151167 0.00691402
667.167 0.152468 0.0068545
667.496 0.142835 0.00674878
667.825 0.158812 0.00715203
668.154 0.148262 0.0068989
668.483 0.151467 0.00692568
668.812 0.145267 0.00665608
669.141 0.143319 0.00654534
669.47 0.13857 0.00635677
669.798 0.137197 0.00638991
670.127 0.139656 0.00645297
670.456 0.13086 0.0058932
670.784 0.102741 0.00468386
671.113 0.0858577 0.00393041
671.441 0.0777881 0.00357485
671.77 0.0816936 0.00372433
672.098 0.0838758 0.00392221
672.426 0.104832 0.00487502
672.755 0.123244 0.00562018
673.083 0.121889 0.00566821
673.411 0.124905 0.00572647
673.739 0.129968 0.00592685
674.067 0.140914 0.00649733
674.395 0.137141 0.00640903
674.723 0.135817 0.00621195
675.051 0.128392 0.00595239
675.379 0.125599 0.00588241
675.706 0.127498 0.00599191
676.034 0.138664 0.00638978
676.362 0.148189 0.00663745
676.689 0.121747 0.00565125
677.017 0.109208 0.00500088
677.344 0.0979563 0.00454971
677.672 0.101964 0.00472143
677.999 0.105354 0.00485769
678.327 0.103269 0.00471353
678.654 0.0902332 0.00421425
678.981 0.089352 0.00406747
679.308 0.0875791 0.00405903
679.636 0.0958998 0.00444601
679.963 0.106902 0.00492906
680.29 0.105342 0.00490628
680.617 0.102017 0.00473834
680.944 0.100408 0.00463109
681.271 0.102556 0.00481521
681.597 0.121943 0.00560574
681.924 0.135588 0.00629558
682.251 0.142588 0.00643067
682.578 0.120089 0.00559141
682.904 0.110223 0.00499847
683.231 0.0981274 0.00452864
683.557 0.0943491 0.00434116
683.884 0.0857267 0.00401999
684.21 0.0853819 0.00391796
684.536 0.0808462 0.00368788
684.863 0.0787598 0.00358529
685.189 0.0776562 0.00362015
685.515 0.0893229 0.00409273
685.841 0.0914105 0.00427586
686.167 0.0932417 0.00432277
686.493 0.0906918 0.0042123
686.819 0.0972843 0.00438748
687.145 0.105782 0.00477485
687.471 0.117732 0.00541703
687.797 0.128937 0.00585914
688.123 0.123864 0.00570778
688.448 0.119431 0.00542086
688.774 0.104872 0.00492706
689.1 0.119864 0.00535665
689.425 0.121138 0.00561097
689.751 0.128899 0.00588155
690.076 0.110527 0.00514302
690.402 0.0996202 0.00456182
690.727 0.0981849 0.00438903
691.052 0.0971877 0.00448117
691.377 0.103607 0.00476568
691.703 0.112319 0.00508762
692.028 0.111334 0.00506813
692.353 0.100403 0.00471115
692.678 0.105585 0.00486834
693.003 0.113557 0.00524074
693.328 0.129204 0.00600286
693.652 0.148481 0.00672564
693.977 0.136777 0.00630087
694.302 0.1175 0.00550656
694.627 0.114737 0.00536537
694.951 0.127951 0.00586963
695.276 0.146602 0.00688759
695.6 0.157841 0.00726693
695.925 0.12407 0.00565458
696.249 0.0898128 0.00424217
696.574 0.083988 0.00388783
696.898 0.0921426 0.00425756
697.222 0.103757 0.00477543
697.546 0.108157 0.00507181
697.871 0.119586 0.0054454
698.195 0.117991 0.0054486
698.519 0.119007 0.00561047
698.843 0.124725 0.00590807
699.167 0.148556 0.00669015
699.491 0.152346 0.00703297
699.814 0.151728 0.00707542
700.138 0.154542 0.00716255
700.462 0.157746 0.00735608
700.786 0.153207 0.00715318
701.109 0.148814 0.00687612
701.433 0.134483 0.00631026
701.756 0.130209 0.00598753
702.08 0.129606 0.00597417
702.403 0.133963 0.00619746
702.726 0.157154 0.00699737
703.05 0.155735 0.00713572
703.373 0.161195 0.00734436
703.696 0.159847 0.00731975
704.019 0.161008 0.00760261
704.342 0.172532 0.00815704
704.665 0.184698 0.00878819
704.988 0.188032 0.00880915
705.311 0.177393 0.00803053
705.634 0.143835 0.00649253
705.957 0.115529 0.00526997
706.28 0.0994956 0.00453058
706.602 0.0968119 0.00442271
706.925 0.100211 0.00459431
707.247 0.109196 0.00498695
707.57 0.124539 0.00553583
707.892 0.128184 0.00580791
708.215 0.127214 0.00606864
708.537 0.147525 0.00669601
708.859 0.151311 0.00682016
709.182 0.136576 0.0064125
709.504 0.137419 0.00626298
709.826 0.127751 0.00596284
710.148 0.128545 0.00600546
710.47 0.135873 0.00634978
710.792 0.150628 0.0069327
711.114 0.160797 0.00740302
711.436 0.163484 0.00763071
711.758 0.165378 0.00755056
712.079 0.159612 0.007333
712.401 0.14494 0.00664303
712.723 0.132202 0.00611409
713.044 0.114992 0.00537227
713.366 0.11565 0.00532764
713.687 0.115908 0.00537691
714.009 0.121984 0.0056657
714.33 0.129311 0.00596419
714.652 0.138005 0.00633653
714.973 0.144287 0.00670364
715.294 0.159606 0.00741312
715.615 0.186646 0.00852915
715.936 0.189541 0.00872108
716.257 0.197153 0.00898006
716.578 0.193692 0.0089607
716.899 0.190666 0.00869229
717.22 0.164594 0.00755512
717.541 0.153373 0.00709755
717.862 0.156882 0.00715419
718.182 0.149256 0.00696438
718.503 0.145839 0.00673458
718.824 0.147208 0.00686248
719.144 0.151014 0.00706175
719.465 0.158088 0.00739029
719.785 0.154927 0.00716509
720.105 0.153265 0.00703293
720.426 0.144126 0.00673543
720.746 0.149701 0.00698092
721.066 0.146811 0.00692568
721.386 0.150688 0.0070884
721.706 0.160382 0.00752553
722.026 0.174603 0.00806045
722.346 0.181813 0.0082936
722.666 0.175101 0.00803259
722.986 0.160354 0.0074962
723.306 0.163983 0.00763976
723.626 0.169709 0.00792608
723.946 0.163379 0.00776131
724.265 0.153033 0.00710998
724.585 0.140098 0.00644418
724.904 0.134543 0.0062682
725.224 0.141178 0.00643805
725.543 0.135038 0.00629517
725.863 0.147995 0.00665341
726.182 0.150512 0.00698214
726.501 0.1533 0.00715751
726.82 0.162435 0.0074162
727.14 0.146014 0.00675903
727.459 0.142597 0.00647801
727.778 0.131832 0.0061917
728.097 0.139109 0.00644726
728.416 0.132086 0.00621141
728.734 0.126542 0.00588639
729.053 0.124377 0.00577859
729.372 0.121511 0.00569983
729.691 0.125342 0.00564312
730.009 0.105283 0.00492326
730.328 0.102563 0.00471627
730.647 0.104832 0.0047736
730.965 0.113629 0.00514398
731.283 0.11493 0.00536767
731.602 0.129632 0.00576705
731.92 0.116498 0.00536995
732.238 0.107744 0.00503986
732.557 0.103281 0.00488917
732.875 0.101212 0.00472264
733.193 0.090663 0.00420322
733.511 0.0865664 0.0040133
733.829 0.0946377 0.00432208
734.147 0.104187 0.00483316
734.465 0.115689 0.00532462
734.782 0.111035 0.00521168
735.1 0.108508 0.00500772
735.418 0.102569 0.00486475
735.735 0.104306 0.00492055
736.053 0.107355 0.00493661
736.371 0.11261 0.00510823
736.688 0.114044 0.00532799
737.005 0.129715 0.00602842
737.323 0.141369 0.00653407
737.64 0.141861 0.00655292
737.957 0.132538 0.0060052
738.274 0.108855 0.00499509
738.592 0.0996556 0.00466302
738.909 0.105652 0.00492221
739.226 0.130584 0.00596027
739.543 0.138357 0.00661306
739.86 0.161746 0.00756593
740.176 0.170572 0.00797135
740.493 0.17968 0.00842846
740.81 0.182172 0.00851344
741.127 0.181327 0.00840396
741.443 0.15386 0.00733506
741.76 0.154783 0.00711323
742.076 0.158949 0.00727212
742.393 0.180652 0.00816859
742.709 0.195251 0.00896232
743.025 0.201787 0.00927895
743.342 0.195956 0.00905991
743.658 0.180138 0.00851937
743.974 0.178962 0.00825667
744.29 0.169535 0.00802809
744.606 0.183978 0.00845243
744.922 0.189723 0.00859875
745.238 0.182981 0.00847026
745.554 0.199411 0.00905629
745.87 0.19064 0.00894815
746.186 0.178216 0.00829522
746.501 0.172968 0.00787152
746.817 0.170967 0.00795051
747.132 0.204599 0.00933572
747.448 0.213547 0.00991241
747.763 0.205189 0.00957134
748.079 0.191259 0.0088562
748.394 0.16318 0.00762588
748.71 0.154402 0.00690596
749.025 0.125678 0.0058661
749.34 0.120767 0.00567559
749.655 0.133304 0.00609335
749.97 0.138745 0.00644026
750.285 0.140631 0.00650393
750.6 0.134355 0.00622125
750.915 0.126981 0.00589781
751.23 0.135751 0.00621817
751.545 0.141441 0.00660797
751.859 0.154752 0.00717227
752.174 0.156937 0.00730708
752.489 0.139268 0.00653691
752.803 0.13159 0.00597271
753.118 0.125836 0.00579685
753.432 0.132879 0.0061567
753.747 0.143873 0.0066438
754.061 0.131361 0.0061332
754.375 0.120595 0.00563053
754.689 0.116425 0.00536013
755.004 0.11333 0.00527989
755.318 0.110245 0.00509402
755.632 0.0963668 0.00453031
755.946 0.094199 0.00439813
756.26 0.085751 0.00400868
756.573 0.0783529 0.00366624
756.887 0.0783686 0.00355498
757.201 0.0802032 0.00367267
757.515 0.0925157 0.00432085
757.828 0.106872 0.0049806
758.142 0.112186 0.00508603
758.455 0.0926382 0.00429221
758.769 0.0868261 0.00393519
759.082 0.0758931 0.00357903
759.396 0.0755333 0.00351687
759.709 0.0756932 0.00349329
760.022 0.0752206 0.0035131
760.335 0.0858616 0.00395064
760.648 0.100738 0.00459932
760.962 0.115788 0.00529272
761.275 0.119601 0.00564563
761.587 0.128248 0.00592225
761.9 0.132719 0.00603985
762.213 0.118865 0.00552927
762.526 0.109222 0.00510902
762.839 0.109896 0.00510428
763.151 0.107257 0.00489695
763.464 0.0935097 0.00432466
763.776 0.0764183 0.00363144
764.089 0.0766044 0.00355907
764.401 0.083453 0.00384674
764.714 0.0923172 0.00428383
765.026 0.109542 0.00498071
765.338 0.120258 0.00555669
765.65 0.14092 0.00647424
765.962 0.149427 0.00697669
766.275 0.160705 0.00749404
766.587 0.166263 0.00764769
766.898 0.152394 0.00708678
767.21 0.128947 0.00613354
767.522 0.117638 0.0054356
767.834 0.107787 0.00501242
768.146 0.112571 0.00515945
768.457 0.130149 0.00588669
768.769 0.141947 0.00647503
769.08 0.140019 0.00645997
769.392 0.135182 0.0061179
769.703 0.117455 0.00540757
770.015 0.105003 0.00491782
770.326 0.106528 0.00496303
770.637 0.116768 0.00538401
770.948 0.129167 0.00607607
771.26 0.15461 0.00706518
771.571 0.153054 0.00710658
771.882 0.147666 0.00681076
772.193 0.144853 0.00681394
772.504 0.146553 0.00702531
772.814 0.1629 0.00755455
773.125 0.172407 0.00793273
773.436 0.184428 0.00844031
773.747 0.181936 0.00857181
774.057 0.19363 0.00903215
774.368 0.198286 0.00928387
774.678 0.229929 0.0102579
774.989 0.222733 0.0102545
775.299 0.247712 0.0111782
775.609 0.245296 0.0109995
775.919 0.233308 0.0106394
776.23 0.218961 0.0103195
776.54 0.232233 0.0105377
776.85 0.230214 0.0106021
777.16 0.211522 0.00986063
777.47 0.194803 0.00897127
777.78 0.166545 0.00792953
778.089 0.155829 0.00728467
778.399 0.147849 0.00705075
778.709 0.176742 0.0080646
779.019 0.193253 0.00898685
779.328 0.212885 0.00994258
779.638 0.214604 0.00985067
779.947 0.168951 0.00796753
780.257 0.147427 0.00678949
780.566 0.134295 0.00623752
780.875 0.143947 0.00660538
781.185 0.16006 0.00740701
781.494 0.164987 0.00764437
781.803 0.177104 0.00813174
782.112 0.176651 0.00824018
782.421 0.171509 0.0080127
782.73 0.165012 0.0076525
783.039 0.160342 0.00763917
783.348 0.194788 0.00909185
783.656 0.213833 0.0100493
783.965 0.235757 0.0107101
784.274 0.210646 0.00973911
784.582 0.185644 0.00885891
784.891 0.198877 0.00911514
785.199 0.20507 0.00939619
785.508 0.215748 0.00990318
785.816 0.229682 0.0104037
786.124 0.217992 0.00991178
786.432 0.19225 0.00885109
786.741 0.181793 0.00827805
787.049 0.172358 0.00801274
787.357 0.186282 0.0084576
787.665 0.180385 0.00827253
787.973 0.170414 0.00811377
788.281 0.185584 0.00864349
788.588 0.208911 0.00965889
788.896 0.223693 0.0106163
789.204 0.254472 0.0117832
789.511 0.234984 0.0113537
789.819 0.277531 0.0125638
790.126 0.260641 0.0121805
790.434 0.25923 0.0121448
790.741 0.263385 0.0122108
791.049 0.265395 0.0122444
791.356 0.270768 0.0127691
791.663 0.300461 0.0136937
791.97 0.287784 0.0134366
792.277 0.278732 0.0129779
792.584 0.242876 0.0114756
792.891 0.196265 0.00912415
793.198 0.169322 0.00786675
793.505 0.168543 0.00769506
793.812 0.178 0.00813166
794.119 0.189039 0.0085727
794.425 0.194001 0.00894242
794.732 0.205953 0.00963375
795.038 0.264329 0.0120576
795.345 0.289065 0.0135595
795.651 0.349947 0.0157191
795.958 0.331052 0.0153199
796.264 0.271805 0.0129537
796.57 0.26887 0.0124122
796.876 0.262835 0.0121667
797.183 0.261035 0.0123491
797.489 0.304824 0.0138925
797.795 0.288356 0.013633
798.101 0.311007 0.0140957
798.406 0.309561 0.0141376
798.712 0.30986 0.0145622
799.018 0.32242 0.0150865
799.324 0.338818 0.0155059
799.629 0.318712 0.0151067
799.935 0.324081 0.0153464
800.24 0.344881 0.0161323
800.546 0.355832 0.0163921
800.851 0.371282 0.0168965
801.157 0.39357 0.0181415
801.462 0.403179 0.0185397
801.767 0.385524 0.0182155
802.072 0.355517 0.0168137
802.377 0.3336 0.015673
802.682 0.335891 0.0154734
802.987 0.348392 0.0161964
803.292 0.367107 0.0170508
803.597 0.374761 0.0173743
803.902 0.359677 0.0169782
804.207 0.379456 0.0173296
804.511 0.342867 0.0162205
804.816 0.314804 0.0146036
805.12 0.270808 0.0126557
805.425 0.244117 0.0113175
805.729 0.254459 0.0116453
806.034 0.26393 0.012319
806.338 0.291229 0.013678
806.642 0.327906 0.0148833
806.946 0.31793 0.0145069
807.251 0.308491 0.0144213
807.555 0.287262 0.0136948
807.859 0.294599 0.0137633
808.162 0.316971 0.0146907
808.466 0.327551 0.0154421
808.77 0.366907 0.0167765
809.074 0.3759 0.0175616
809.378 0.378611 0.0176555
809.681 0.346674 0.0167614
809.985 0.39742 0.0182366
810.288 0.381077 0.0180569
810.592 0.376336 0.0178097
810.895 0.423256 0.0193358
811.198 0.439373 0.0205717
811.502 0.451968 0.0211679
811.805 0.472987 0.0222494
812.108 0.447945 0.0206666
812.411 0.415175 0.0193069
812.714 0.340738 0.0162969
813.017 0.338061 0.0153621
813.32 0.330341 0.0151632
813.623 0.334936 0.0157506
813.926 0.394885 0.018341
814.228 0.431547 0.0201989
814.531 0.449946 0.0212863
814.833 0.456562 0.0212774
815.136 0.473241 0.0217942
815.438 0.454377 0.0215991
815.741 0.432204 0.020192
816.043 0.424626 0.0197708
816.345 0.424864 0.0196434
816.648 0.429461 0.0199102
816.95 0.467585 0.0210941
817.252 0.485158 0.0219695
817.554 0.43535 0.0208557
817.856 0.475739 0.0222673
818.158 0.495777 0.0229288
818.46 0.521553 0.0241137
818.761 0.541631 0.0244839
819.063 0.483257 0.0227255
819.365 0.485694 0.0221097
819.666 0.421058 0.0195566
819.968 0.393258 0.0182765
820.269 0.360735 0.0173152
820.571 0.399277 0.0186944
820.872 0.4239 0.0199906
821.173 0.512903 0.0228629
821.475 0.511348 0.0237066
821.776 0.502977 0.02339
822.077 0.519709 0.0236373
822.378 0.501928 0.0233916
822.679 0.531916 0.0244743
822.98 0.529929 0.0242017
823.281 0.542793 0.0252881
823.581 0.542044 0.0250156
823.882 0.562056 0.0257992
824.183 0.546764 0.0251877
824.483 0.541339 0.0241713
824.784 0.463422 0.0214455
825.084 0.462673 0.0218123
825.385 0.498548 0.022939
825.685 0.492094 0.0232802
825.985 0.51813 0.0236839
826.286 0.478586 0.0224495
826.586 0.477515 0.0219845
826.886 0.444983 0.0212619
827.186 0.473279 0.0222494
827.486 0.556663 0.0249404
827.786 0.53749 0.0248806
828.086 0.508793 0.023964
828.386 0.478422 0.0229341
828.685 0.512945 0.0236157
828.985 0.523442 0.024569
829.285 0.523398 0.0247376
829.584 0.566151 0.0261438
829.884 0.574 0.0267257
830.183 0.638143 0.0296484
830.482 0.610142 0.0286742
830.782 0.632313 0.0293146
831.081 0.702678 0.0320724
831.38 0.629187 0.0293676
831.679 0.625794 0.0293548
831.978 0.621519 0.029301
832.277 0.583579 0.0274775
832.576 0.551218 0.0262025
832.875 0.593628 0.0271752
833.174 0.593523 0.0270023
833.472 0.574576 0.0267688
833.771 0.592497 0.0275529
834.07 0.522371 0.0252563
834.368 0.580719 0.0268901
834.667 0.618866 0.0284922
834.965 0.659833 0.0298619
835.263 0.6347 0.0293271
835.562 0.611797 0.0288061
835.86 0.56389 0.0274001
836.158 0.629374 0.0292767
836.456 0.679251 0.0312158
836.754 0.604586 0.0293679
837.052 0.712566 0.0328952
837.35 0.678979 0.0314879
837.648 0.725623 0.0329832
837.946 0.69606 0.0325796
838.243 0.712906 0.0329809
838.541 0.669373 0.0311185
838.839 0.70922 0.0320782
839.136 0.666057 0.0310213
839.434 0.703343 0.031684
839.731 0.68661 0.0321475
840.028 0.697512 0.0316593
840.326 0.695932 0.032021
840.623 0.708444 0.0322781
840.92 0.716616 0.0327762
841.217 0.754262 0.0345701
841.514 0.770904 0.0351447
841.811 0.706392 0.0325316
842.108 0.7251 0.0339284
842.405 0.764777 0.0351044
842.701 0.752458 0.034981
842.998 0.720285 0.0331714
843.295 0.729487 0.0341124
843.591 0.72177 0.0340057
843.888 0.684278 0.0327278
844.184 0.719213 0.0337473
844.481 0.727557 0.0333858
844.777 0.700001 0.0329078
845.073 0.772548 0.0348316
845.369 0.763119 0.0349657
845.665 0.764066 0.0354988
845.962 0.774863 0.0350473
846.258 0.757957 0.0353342
846.553 0.781254 0.0359251
846.849 0.735016 0.0349059
847.145 0.719735 0.0334186
847.441 0.746223 0.0342322
847.737 0.710675 0.03313
848.032 0.730339 0.0342268
848.328 0.744888 0.0347249
848.623 0.765379 0.0356693
848.919 0.7276 0.034003
849.214 0.737541 0.0338439
849.509 0.766509 0.0350168
849.805 0.766881 0.035728
850.1 0.800564 0.0373204
850.395 0.823716 0.0377308
850.69 0.772553 0.0367945
850.985 0.752475 0.0350246
851.28 0.75633 0.0349685
851.575 0.771618 0.0357514
851.869 0.751418 0.0351599
852.164 0.741443 0.0344054
852.459 0.6906 0.032294
852.753 0.679858 0.031596
853.048 0.595024 0.0280254
853.342 0.592703 0.0277766
853.637 0.60309 0.0285223
853.931 0.610088 0.0283795
854.225 0.610295 0.0282596
854.52 0.649839 0.0302473
854.814 0.640884 0.030138
855.108 0.613531 0.0285311
855.402 0.624468 0.029311
855.696 0.683455 0.0315419
855.99 0.685207 0.0320916
856.283 0.684032 0.0313604
856.577 0.731885 0.0331806
856.871 0.693889 0.0320524
857.164 0.693177 0.0323844
857.458 0.778951 0.0354699
857.751 0.725621 0.0336405
858.045 0.680039 0.0321716
858.338 0.753755 0.0344238
858.632 0.708128 0.0326018
858.925 0.734133 0.0340662
859.218 0.738566 0.0340234
859.511 0.754356 0.0358244
859.804 0.74928 0.0353465
860.097 0.788585 0.0353012
860.39 0.778534 0.0361048
860.683 0.740393 0.0350602
860.976 0.77624 0.0361865
861.268 0.733854 0.0346408
861.561 0.831039 0.0379197
861.854 0.818286 0.0387487
862.146 0.75247 0.035838
862.439 0.78651 0.0364414
862.731 0.763968 0.0350359
863.023 0.813784 0.0373315
863.316 0.826379 0.0369405
863.608 0.712381 0.0344774
863.9 0.793449 0.0364094
864.192 0.747657 0.0345048
864.484 0.739315 0.0351327
864.776 0.83545 0.0376784
865.068 0.773231 0.0360239
865.36 0.746921 0.0353132
865.651 0.797155 0.0374395
865.943 0.773243 0.0361922
866.235 0.736884 0.0355101
866.526 0.810456 0.0382444
866.818 0.747422 0.0354951
867.109 0.78366 0.0361225
867.4 0.797907 0.037151
867.692 0.827491 0.03804
867.983 0.779425 0.0365613
868.274 0.797607 0.0374492
868.565 0.805595 0.0371562
868.856 0.816675 0.0376556
869.147 0.780394 0.0367099
869.438 0.79131 0.0368662
869.729 0.782541 0.0368807
870.02 0.871588 0.0404572
870.31 0.830067 0.0382503
870.601 0.757726 0.0360189
870.892 0.811265 0.0368871
871.182 0.827566 0.037099
871.473 0.818626 0.0377003
871.763 0.765284 0.0355773
872.053 0.792563 0.0366323
872.343 0.789158 0.0364972
872.634 0.826597 0.0377284
872.924 0.710496 0.0342835
873.214 0.757962 0.0361348
873.504 0.833189 0.0383942
873.794 0.845805 0.0396502
874.084 0.862958 0.0399347
874.373 0.824057 0.0380421
874.663 0.769336 0.0358869
874.953 0.808182 0.0380053
875.242 0.777188 0.0367676
875.532 0.776121 0.0364404
875.821 0.824637 0.0377956
876.111 0.762762 0.0362122
876.4 0.80699 0.0377131
876.689 0.786908 0.0369934
876.978 0.827501 0.0379496
877.268 0.837395 0.0382436
877.557 0.809652 0.0380387
877.846 0.771984 0.0370189
878.134 0.840449 0.0389761
878.423 0.840603 0.0389833
878.712 0.840758 0.0389905
