178.41 0.806118 0.138883
178.791 0.811223 0.139762
179.172 0.81629 0.140635
179.553 0.474047 0.474047
179.934 0.845136 0.845136
180.316 0.622016 0.622016
180.697 0.270371 0.270371
181.078 0.774764 0.774764
181.459 0.650546 0.650546
181.84 0.736989 0.736989
182.221 2.21076 2.21076
182.602 0.496358 0.496358
182.983 -1.29171 -1.29171
183.364 0.584095 0.135616
183.744 0.774066 0.0985691
184.125 0.65793 0.0788294
184.506 0.613357 0.0623509
184.887 0.504974 0.0504495
185.268 0.463773 0.0416228
185.648 0.603249 0.0459533
186.029 0.59329 0.0434682
186.41 0.553216 0.040877
186.791 0.584064 0.0403648
187.171 0.499369 0.0319244
187.552 0.397457 0.0231723
187.932 0.486971 0.0261171
188.313 0.443554 0.0232802
188.694 0.470802 0.0239709
189.074 0.43762 0.0222815
189.455 0.424628 0.0213392
189.835 0.480509 0.0233408
190.216 0.440872 0.0217683
190.596 0.435649 0.0207088
190.977 0.425332 0.0203032
191.357 0.46465 0.0212836
191.737 0.460661 0.0209272
192.118 0.443606 0.0204355
192.498 0.424278 0.0193654
192.878 0.421668 0.0194542
193.258 0.439453 0.0195175
193.639 0.430539 0.019079
194.019 0.445974 0.0195891
194.399 0.439513 0.0192789
194.779 0.404327 0.01775
195.159 0.412891 0.0184569
195.54 0.402391 0.0176747
195.92 0.408538 0.0178619
196.3 0.403666 0.0174979
196.68 0.400321 0.0175122
197.06 0.383968 0.0170484
197.44 0.424205 0.0177475
197.82 0.377786 0.0166168
198.2 0.373293 0.0165099
198.58 0.351494 0.0155978
198.959 0.370169 0.0159778
199.339 0.364511 0.0159241
199.719 0.358082 0.0154807
200.099 0.378487 0.0159539
200.479 0.333118 0.0149248
200.858 0.349879 0.0150702
201.238 0.331898 0.0144485
201.618 0.340485 0.0147985
201.998 0.326979 0.0141548
202.377 0.306808 0.013711
202.757 0.310312 0.013608
203.136 0.314816 0.0136174
203.516 0.30535 0.0132114
203.896 0.309887 0.0131453
204.275 0.287148 0.0124042
204.655 0.285647 0.0123952
205.034 0.283886 0.0122116
205.414 0.26854 0.0117283
205.793 0.278584 0.0118386
206.172 0.281949 0.0119207
206.552 0.250599 0.0110468
206.931 0.270549 0.0113022
207.31 0.260561 0.0109721
207.69 0.256801 0.0108056
208.069 0.248671 0.0104924
208.448 0.241954 0.0102194
208.827 0.244626 0.0102166
209.207 0.240818 0.0101103
209.586 0.247088 0.00997314
209.965 0.238276 0.00976272
210.344 0.238748 0.00962985
210.723 0.2239 0.00921103
211.102 0.225965 0.00909334
211.481 0.21456 0.00881411
211.86 0.220262 0.00884157
212.239 0.22194 0.00878553
212.618 0.219298 0.00860683
212.997 0.213127 0.00834645
213.376 0.207472 0.00820556
213.755 0.209456 0.0081289
214.134 0.207903 0.00798901
214.513 0.208203 0.00786536
214.891 0.202697 0.00770885
215.27 0.199618 0.00750626
215.649 0.202787 0.00750339
216.028 0.19046 0.00714617
216.406 0.190892 0.00707973
216.785 0.179269 0.00674918
217.164 0.18612 0.00680809
217.542 0.181097 0.00657479
217.921 0.177804 0.00643134
218.3 0.186139 0.00655705
218.678 0.173125 0.0062242
219.057 0.17604 0.00616464
219.435 0.172071 0.00599458
219.814 0.175295 0.0060059
220.192 0.16952 0.00581093
220.57 0.166337 0.00568863
220.949 0.168498 0.00562939
221.327 0.163197 0.00544802
221.705 0.167058 0.00545565
222.084 0.154887 0.00513919
222.462 0.15502 0.00508015
222.84 0.162348 0.00515592
223.218 0.158048 0.00496051
223.597 0.157749 0.00490575
223.975 0.154647 0.00476982
224.353 0.151187 0.00466437
224.731 0.154468 0.00463873
225.109 0.151977 0.00450823
225.487 0.148891 0.0043988
225.865 0.148233 0.00432194
226.243 0.148635 0.00427286
226.621 0.145922 0.00417792
226.999 0.143549 0.00405892
227.377 0.143492 0.00401871
227.755 0.14743 0.00402034
228.133 0.14194 0.00389468
228.511 0.143408 0.00386818
228.889 0.141745 0.00377214
229.266 0.14337 0.00375771
229.644 0.137145 0.00360287
230.022 0.135966 0.0035409
230.4 0.140983 0.00357167
230.777 0.137717 0.00349647
231.155 0.142593 0.00351157
231.533 0.138771 0.00341514
231.91 0.137094 0.00334849
232.288 0.137397 0.00332043
232.665 0.138549 0.00329139
233.043 0.138339 0.00325786
233.42 0.135603 0.00318189
233.798 0.135123 0.00315302
234.175 0.135856 0.00312038
234.553 0.136492 0.00309437
234.93 0.135071 0.0030474
235.307 0.137422 0.0030489
235.685 0.139438 0.00304611
236.062 0.134719 0.00295913
236.439 0.137657 0.00297644
236.816 0.135513 0.00291705
237.194 0.135777 0.00288898
237.571 0.137054 0.00287726
237.948 0.138373 0.0028758
238.325 0.136087 0.00282038
238.702 0.135236 0.00279495
239.079 0.133945 0.00275397
239.456 0.134663 0.0027429
239.833 0.135172 0.00273036
240.21 0.135677 0.00271018
240.587 0.136052 0.00270135
240.964 0.136141 0.00268019
241.341 0.136739 0.00266338
241.718 0.137444 0.00264496
242.095 0.137404 0.00264378
242.472 0.13799 0.00262842
242.849 0.13758 0.00260492
243.225 0.136804 0.00257492
243.602 0.136683 0.00256081
243.979 0.137783 0.00256221
244.356 0.138964 0.00256261
244.732 0.136885 0.00251747
245.109 0.136541 0.0024967
245.486 0.136049 0.00248872
245.862 0.137774 0.00249209
246.239 0.138513 0.00247329
246.615 0.138951 0.00247271
246.992 0.13766 0.00244317
247.368 0.141299 0.00247524
247.745 0.139382 0.00243766
248.121 0.14066 0.00243211
248.497 0.139518 0.00241831
248.874 0.141226 0.00241833
249.25 0.139983 0.00238648
249.626 0.141821 0.00239812
250.003 0.1385 0.00235597
250.379 0.14084 0.00235265
250.755 0.141084 0.00235673
251.131 0.142566 0.00235245
251.507 0.14088 0.00233538
251.884 0.141227 0.0023222
252.26 0.141143 0.0023221
252.636 0.143081 0.00231671
253.012 0.140735 0.00228926
253.388 0.142774 0.00229884
253.764 0.142296 0.0022856
254.14 0.142075 0.00227839
254.516 0.145038 0.00229889
254.892 0.142978 0.00227095
255.268 0.144099 0.00227742
255.643 0.142998 0.00225918
256.019 0.14351 0.00226155
256.395 0.144085 0.00226134
256.771 0.145654 0.00225705
257.147 0.146182 0.00225856
257.522 0.144976 0.00224567
257.898 0.145625 0.00224698
258.274 0.14463 0.0022335
258.649 0.144714 0.00223278
259.025 0.145689 0.00222798
259.4 0.145227 0.00222325
259.776 0.146241 0.0022241
260.151 0.147492 0.00224111
260.527 0.148093 0.00223566
260.902 0.146356 0.00221647
261.278 0.146586 0.00221352
261.653 0.147768 0.00222237
262.028 0.148793 0.00223221
262.404 0.14719 0.00220997
262.779 0.14713 0.00220399
263.154 0.148775 0.00221237
263.53 0.150008 0.00221545
263.905 0.148963 0.00221201
264.28 0.148774 0.00220947
264.655 0.148015 0.00219742
265.03 0.149461 0.00221493
265.405 0.149309 0.00220644
265.781 0.151344 0.00222405
266.156 0.150449 0.00221509
266.531 0.150262 0.00220203
266.906 0.150988 0.00221954
267.281 0.150019 0.00220146
267.655 0.147718 0.00219267
268.03 0.150505 0.00221449
268.405 0.151756 0.00222072
268.78 0.152247 0.00222426
269.155 0.152875 0.00222388
269.53 0.150577 0.00221472
269.904 0.151636 0.00221998
270.279 0.152939 0.00223092
270.654 0.153141 0.00222604
271.029 0.153215 0.0022308
271.403 0.15235 0.00221821
271.778 0.152056 0.00222236
272.152 0.151856 0.00222301
272.527 0.153127 0.00223033
272.901 0.152571 0.00221757
273.276 0.152393 0.00221123
273.65 0.153856 0.0022288
274.025 0.154136 0.00222503
274.399 0.154023 0.00223487
274.774 0.152297 0.00221717
275.148 0.153403 0.00221817
275.522 0.153073 0.00222172
275.897 0.152354 0.00221529
276.271 0.153283 0.00222425
276.645 0.153835 0.00222181
277.019 0.154065 0.00221744
277.393 0.152936 0.00220334
277.768 0.153372 0.00221691
278.142 0.151921 0.00220419
278.516 0.154242 0.00222488
278.89 0.153273 0.0022135
279.264 0.154327 0.00222823
279.638 0.153189 0.00220925
280.012 0.152354 0.0022071
280.386 0.15324 0.00222508
280.76 0.151732 0.0022057
281.133 0.153837 0.00222501
281.507 0.153107 0.00221794
281.881 0.151462 0.00220095
282.255 0.152033 0.00220819
282.629 0.152908 0.00222096
283.002 0.151867 0.00221458
283.376 0.151184 0.00220355
283.75 0.152664 0.00222183
284.123 0.152214 0.00221081
284.497 0.152145 0.00221434
284.87 0.152144 0.0022166
285.244 0.150876 0.00220327
285.618 0.151226 0.00221149
285.991 0.152865 0.00223283
286.364 0.151796 0.00222418
286.738 0.150846 0.0022168
287.111 0.1515 0.00222254
287.485 0.150995 0.00222009
287.858 0.150142 0.00222208
288.231 0.150763 0.00222276
288.605 0.151839 0.00223679
288.978 0.150036 0.00221874
289.351 0.149609 0.0022271
289.724 0.148277 0.00221708
290.097 0.148345 0.00222024
290.47 0.147249 0.00221917
290.843 0.148885 0.00223068
291.217 0.147348 0.00221958
291.59 0.148866 0.00224644
291.963 0.146817 0.00222601
292.336 0.146822 0.00223315
292.708 0.147759 0.00224454
293.081 0.146763 0.00224725
293.454 0.144671 0.00222135
293.827 0.145374 0.00223336
294.2 0.146083 0.0022534
294.573 0.144546 0.00223436
294.945 0.144491 0.00224713
295.318 0.144937 0.00224973
295.691 0.144409 0.0022511
296.064 0.144387 0.00225505
296.436 0.142584 0.00223935
296.809 0.14376 0.00224252
297.181 0.142425 0.00224407
297.554 0.142659 0.00224934
297.926 0.141904 0.00224516
298.299 0.143586 0.00226084
298.671 0.140455 0.00222632
299.044 0.140653 0.0022401
299.416 0.140604 0.0022431
299.788 0.139045 0.00222716
300.161 0.139959 0.0022443
300.533 0.13954 0.00223781
300.905 0.14075 0.00223894
301.278 0.139877 0.00223668
301.65 0.140425 0.00223854
302.022 0.138763 0.0022301
302.394 0.139377 0.00223864
302.766 0.139937 0.00223997
303.138 0.139039 0.00224154
303.51 0.139233 0.00223726
303.882 0.139263 0.0022347
304.254 0.138941 0.0022365
304.626 0.137884 0.00222129
304.998 0.137695 0.0022191
305.37 0.136322 0.00222035
305.742 0.136053 0.00220984
306.114 0.135146 0.00220152
306.485 0.134602 0.00219757
306.857 0.134644 0.00219634
307.229 0.135047 0.00220732
307.601 0.134797 0.00220466
307.972 0.13404 0.00219621
308.344 0.133519 0.00218919
308.716 0.134977 0.00221018
309.087 0.133626 0.00219633
309.459 0.135046 0.00221132
309.83 0.136322 0.00222204
310.202 0.136772 0.00222208
310.573 0.139935 0.00224894
310.945 0.141846 0.00226268
311.316 0.143424 0.00228611
311.687 0.14689 0.00230429
312.059 0.151853 0.00235111
312.43 0.154586 0.00236787
312.801 0.158174 0.00240364
313.172 0.164522 0.00245291
313.544 0.166441 0.00246972
313.915 0.171339 0.00248986
314.286 0.176182 0.00253577
314.657 0.178629 0.00254766
315.028 0.181604 0.00257422
315.399 0.186736 0.00260947
315.77 0.18932 0.00262375
316.141 0.193279 0.00266207
316.512 0.195668 0.00267807
316.883 0.198677 0.00270404
317.254 0.200725 0.0027152
317.625 0.20281 0.00274608
317.996 0.200889 0.00271808
318.366 0.202794 0.00273771
318.737 0.204459 0.00274616
319.108 0.203608 0.0027499
319.478 0.205753 0.00276527
319.849 0.208236 0.00278059
320.22 0.211516 0.00280515
320.59 0.214424 0.00282276
320.961 0.219082 0.00285816
321.331 0.223046 0.00288428
321.702 0.229035 0.00293755
322.072 0.23695 0.00299691
322.443 0.242751 0.00302736
322.813 0.251831 0.00307774
323.184 0.260098 0.00313662
323.554 0.268905 0.00319942
323.924 0.276486 0.00324253
324.295 0.28032 0.00328077
324.665 0.287603 0.00332554
325.035 0.294677 0.00336178
325.405 0.302557 0.00342045
325.775 0.306502 0.00345942
326.145 0.308857 0.00346936
326.515 0.308736 0.00347508
326.886 0.315924 0.00353307
327.256 0.314931 0.00353088
327.626 0.318265 0.00357147
327.995 0.31858 0.00358204
328.365 0.320238 0.00359638
328.735 0.323337 0.0036319
329.105 0.328201 0.00369875
329.475 0.336208 0.003773
329.845 0.346071 0.0038833
330.215 0.349179 0.00388607
330.584 0.342447 0.00381134
330.954 0.331765 0.00366277
331.324 0.315884 0.00347341
331.693 0.305939 0.00335964
332.063 0.300001 0.00329104
332.432 0.295221 0.00324788
332.802 0.299955 0.00330069
333.171 0.304988 0.00337194
333.541 0.306031 0.00344072
333.91 0.30628 0.0034596
334.28 0.299209 0.00343903
334.649 0.294436 0.00342138
335.018 0.289632 0.00340492
335.388 0.284844 0.00338756
335.757 0.275968 0.00333483
336.126 0.27013 0.00331123
336.495 0.265781 0.00327336
336.865 0.259272 0.00324642
337.234 0.255316 0.00323977
337.603 0.247428 0.00318283
337.972 0.245713 0.00317909
338.341 0.241365 0.00314568
338.71 0.235276 0.00310363
339.079 0.227573 0.00306347
339.448 0.226341 0.00305034
339.817 0.22375 0.00304033
340.186 0.220701 0.00302146
340.554 0.215904 0.00298452
340.923 0.214305 0.00297967
341.292 0.211901 0.0029657
341.661 0.21123 0.00296471
342.029 0.207613 0.00293413
342.398 0.207602 0.002938
342.767 0.204373 0.00292627
343.135 0.202664 0.00291183
343.504 0.204054 0.0029309
343.872 0.203234 0.00291413
344.241 0.201414 0.00290784
344.609 0.202825 0.00292961
344.978 0.19899 0.00289884
345.346 0.19531 0.00286111
345.715 0.196119 0.00287812
346.083 0.192918 0.0028609
346.451 0.191361 0.00284481
346.82 0.191407 0.00285467
347.188 0.192763 0.00285936
347.556 0.191259 0.00286288
347.924 0.19044 0.00285328
348.292 0.189245 0.00285078
348.66 0.190461 0.0028574
349.028 0.190372 0.00286033
349.396 0.191023 0.00287651
349.764 0.191416 0.00287584
350.132 0.192824 0.00288491
350.5 0.195998 0.00291331
350.868 0.19664 0.00292337
351.236 0.197391 0.00292662
351.604 0.203164 0.00298065
351.972 0.204709 0.00299535
352.34 0.207089 0.00301709
352.707 0.210888 0.00304597
353.075 0.213693 0.00306697
353.443 0.215309 0.00308557
353.81 0.220015 0.00312686
354.178 0.222086 0.00314331
354.545 0.227505 0.00317364
354.913 0.231498 0.00321498
355.28 0.233984 0.00323264
355.648 0.23803 0.00325357
356.015 0.244018 0.00330001
356.383 0.247066 0.00331677
356.75 0.249817 0.00334368
357.117 0.256171 0.00338781
357.485 0.258546 0.00340587
357.852 0.26702 0.00348514
358.219 0.268354 0.00347649
358.586 0.271974 0.00349928
358.954 0.275408 0.0035361
359.321 0.276722 0.00353596
359.688 0.282977 0.0035933
360.055 0.286959 0.00361334
360.422 0.290394 0.00364018
360.789 0.296036 0.0036817
361.156 0.298213 0.00369196
361.523 0.301956 0.00373009
361.89 0.304167 0.00373918
362.256 0.310076 0.00376023
362.623 0.311892 0.00380878
362.99 0.313964 0.00380312
363.357 0.318462 0.00384591
363.724 0.322996 0.00387486
364.09 0.32511 0.00387968
364.457 0.332583 0.00395332
364.823 0.329212 0.00390796
365.19 0.33603 0.0039541
365.557 0.336214 0.00394904
365.923 0.340645 0.00398815
366.29 0.346685 0.004036
366.656 0.349975 0.00403843
367.022 0.351794 0.00404385
367.389 0.354732 0.00407889
367.755 0.359217 0.00412412
368.121 0.36 0.00412695
368.488 0.365165 0.00415083
368.854 0.368834 0.00418747
369.22 0.371769 0.00422391
369.586 0.37467 0.00425479
369.952 0.37811 0.00428358
370.318 0.380529 0.00429929
370.684 0.387964 0.00435375
371.051 0.3895 0.00436356
371.416 0.39097 0.00439881
371.782 0.396922 0.00441892
372.148 0.400047 0.00444541
372.514 0.401678 0.00446403
372.88 0.405829 0.00450022
373.246 0.409323 0.00451539
373.612 0.413585 0.00453671
373.977 0.409909 0.00450631
374.343 0.414824 0.00451892
374.709 0.418048 0.00452172
375.074 0.416404 0.00452634
375.44 0.421457 0.00457322
375.806 0.42868 0.00463771
376.171 0.429199 0.00461705
376.537 0.427017 0.00460109
376.902 0.429821 0.00462429
377.268 0.434469 0.00463014
377.633 0.432066 0.00460885
377.998 0.433762 0.00460021
378.364 0.439507 0.00461055
378.729 0.44025 0.00462221
379.094 0.44372 0.0046607
379.459 0.450272 0.00475788
379.825 0.443129 0.00469907
380.19 0.447263 0.00472826
380.555 0.449334 0.00477249
380.92 0.456986 0.0048731
381.285 0.455954 0.00485839
381.65 0.453238 0.00480621
382.015 0.457409 0.00483538
382.38 0.458446 0.00485967
382.745 0.461596 0.00490624
383.11 0.461619 0.00491962
383.474 0.463995 0.00491771
383.839 0.462673 0.00491955
384.204 0.468503 0.00496642
384.569 0.467173 0.00496544
384.933 0.469485 0.0049922
385.298 0.468448 0.00499445
385.663 0.467858 0.00497715
386.027 0.469 0.00497291
386.392 0.469536 0.00495452
386.756 0.470093 0.00493253
387.121 0.475124 0.00495743
387.485 0.478569 0.00496008
387.849 0.477281 0.00493021
388.214 0.48275 0.0050134
388.578 0.485075 0.00505073
388.942 0.483438 0.00506788
389.307 0.481683 0.00505406
389.671 0.487039 0.0051008
390.035 0.488457 0.00508495
390.399 0.488146 0.0050714
390.763 0.484388 0.00502205
391.127 0.48903 0.00502786
391.492 0.488611 0.00495659
391.856 0.486962 0.00489118
392.219 0.491309 0.00487631
392.583 0.495832 0.00492661
392.947 0.504081 0.00507461
393.311 0.503815 0.00512009
393.675 0.500586 0.00511903
394.039 0.504302 0.00516981
394.403 0.501589 0.00515845
394.766 0.508235 0.00520662
395.13 0.507899 0.00521867
395.494 0.505941 0.00520653
395.857 0.506168 0.00518495
396.221 0.503634 0.00514854
396.584 0.509767 0.005141
396.948 0.506624 0.00506979
397.311 0.509867 0.00501109
397.675 0.507444 0.00497217
398.038 0.51511 0.00501202
398.401 0.514019 0.00507787
398.765 0.523842 0.00520544
399.128 0.528915 0.00530531
399.491 0.527516 0.0053386
399.854 0.525534 0.00533615
400.218 0.525828 0.00535316
400.581 0.527283 0.00537584
400.944 0.529208 0.00541201
401.307 0.535925 0.00551179
401.67 0.533596 0.00548382
402.033 0.533859 0.00550117
402.396 0.529247 0.00548041
402.759 0.536048 0.00552223
403.122 0.542457 0.00552804
403.485 0.543578 0.00553232
403.847 0.542206 0.00547936
404.21 0.540055 0.00544023
404.573 0.550938 0.00548877
404.936 0.546506 0.00543971
405.298 0.548859 0.00551126
405.661 0.55471 0.00561823
406.023 0.557764 0.00571356
406.386 0.557436 0.0057321
406.749 0.557382 0.00575803
407.111 0.557081 0.00574909
407.473 0.554158 0.00564224
407.836 0.559825 0.00566275
408.198 0.557391 0.00561602
408.561 0.563387 0.0056624
408.923 0.568995 0.00569891
409.285 0.563018 0.00567937
409.647 0.567283 0.0057508
410.009 0.573481 0.00583681
410.372 0.568104 0.00580092
410.734 0.568963 0.0058345
411.096 0.57061 0.00583268
411.458 0.571039 0.00583346
411.82 0.572574 0.00580298
412.182 0.571676 0.00575442
412.544 0.572166 0.00576976
412.906 0.574195 0.00576976
413.267 0.57937 0.00581642
413.629 0.577376 0.0058521
413.991 0.581204 0.00589907
414.353 0.581401 0.00591632
414.714 0.589108 0.00601813
415.076 0.581538 0.00596449
415.438 0.581024 0.00595536
415.799 0.582612 0.0059397
416.161 0.586659 0.00601255
416.522 0.587797 0.00604315
416.884 0.583958 0.00602713
417.245 0.589854 0.00607983
417.607 0.586963 0.00604995
417.968 0.583547 0.00602553
418.329 0.588004 0.00604093
418.691 0.58935 0.00604583
419.052 0.594838 0.00606969
419.413 0.588831 0.00598463
419.774 0.592423 0.00598418
420.135 0.580935 0.00579395
420.497 0.581887 0.00570719
420.858 0.589487 0.00566509
421.219 0.593809 0.00570502
421.58 0.59776 0.00579695
421.941 0.606357 0.005941
422.302 0.60078 0.00599294
422.662 0.601859 0.00602413
423.023 0.598229 0.00603243
423.384 0.598121 0.00605211
423.745 0.597681 0.00601338
424.106 0.59687 0.00600591
424.466 0.601175 0.00601581
424.827 0.603947 0.0061129
425.187 0.605939 0.00620045
425.548 0.604972 0.00625404
425.909 0.600413 0.00626338
426.269 0.601305 0.00622383
426.63 0.599384 0.00617175
426.99 0.600465 0.00612661
427.35 0.604139 0.00617276
427.711 0.599959 0.00610776
428.071 0.598795 0.00605076
428.431 0.590122 0.00589201
428.792 0.589722 0.00568843
429.152 0.590808 0.00553715
429.512 0.598627 0.00556323
429.872 0.601203 0.00561388
430.232 0.612884 0.00576825
430.592 0.618953 0.00596123
430.952 0.615965 0.00612241
431.312 0.62172 0.00630397
431.672 0.607108 0.00630119
432.032 0.608953 0.00629148
432.392 0.60502 0.00618632
432.752 0.58919 0.00580452
433.111 0.588438 0.00567129
433.471 0.608216 0.00585603
433.831 0.617626 0.00613227
434.19 0.608227 0.00608622
434.55 0.608614 0.00608706
434.91 0.608716 0.00615858
435.269 0.601901 0.00603966
435.629 0.60325 0.0060331
435.988 0.601768 0.00599989
436.348 0.611324 0.00613983
436.707 0.618398 0.00626922
437.066 0.60556 0.00620042
437.426 0.60267 0.00611218
437.785 0.601698 0.00609014
438.144 0.604532 0.00609686
438.503 0.616176 0.00623651
438.862 0.604766 0.00618995
439.222 0.612687 0.00628007
439.581 0.60927 0.00628941
439.94 0.605396 0.00618155
440.299 0.598706 0.00594008
440.658 0.598079 0.00578586
441.017 0.606674 0.00582917
441.376 0.614033 0.00593286
441.734 0.614955 0.00599829
442.093 0.605416 0.00594899
442.452 0.606773 0.00591289
442.811 0.603371 0.00587038
443.169 0.607135 0.00588645
443.528 0.617486 0.00605955
443.887 0.61261 0.00603944
444.245 0.61713 0.00608823
444.604 0.612374 0.00611521
444.962 0.611891 0.00614188
445.321 0.608052 0.00612829
445.679 0.607108 0.00609135
446.038 0.608052 0.00607382
446.396 0.613464 0.00618484
446.754 0.614748 0.00627603
447.112 0.620151 0.00633543
447.471 0.611315 0.00629734
447.829 0.609572 0.00632125
448.187 0.610514 0.00631489
448.545 0.608035 0.00628277
448.903 0.60879 0.00630295
449.261 0.6094 0.00632445
449.619 0.613511 0.00640584
449.977 0.61846 0.00646296
450.335 0.611804 0.00649852
450.693 0.61772 0.00654603
451.051 0.611746 0.00650139
451.409 0.608174 0.0065078
451.766 0.61627 0.00655933
452.124 0.617881 0.00666004
452.482 0.615214 0.00671148
452.839 0.612262 0.00677013
453.197 0.611948 0.00678035
453.555 0.610036 0.00679773
453.912 0.612648 0.00679438
454.27 0.605233 0.00664662
454.627 0.60918 0.00658946
454.984 0.609615 0.00660738
455.342 0.619237 0.00676142
455.699 0.617848 0.00682919
456.056 0.609353 0.00674182
456.414 0.609927 0.0066847
456.771 0.607111 0.00654729
457.128 0.606587 0.00651943
457.485 0.613316 0.00653276
457.842 0.613708 0.00657529
458.199 0.613887 0.00656864
458.556 0.60929 0.00648087
458.913 0.611547 0.00649313
459.27 0.609245 0.00644419
459.627 0.616601 0.00657729
459.984 0.611961 0.00650473
460.341 0.614622 0.00651047
460.697 0.612053 0.00657426
461.054 0.62228 0.00682423
461.411 0.619787 0.00695085
461.767 0.619058 0.00702868
462.124 0.610711 0.00696367
462.481 0.609454 0.0068733
462.837 0.609684 0.00676789
463.194 0.606783 0.00661045
463.55 0.610813 0.00667501
463.907 0.603768 0.00646218
464.263 0.606404 0.00638712
464.619 0.605593 0.00626201
464.976 0.605784 0.00617626
465.332 0.613407 0.00621347
465.688 0.621355 0.00644549
466.044 0.628296 0.00671409
466.4 0.624232 0.00679646
466.756 0.616106 0.00679638
467.112 0.610999 0.0067681
467.468 0.61319 0.0067702
467.824 0.613791 0.006843
468.18 0.620648 0.00697099
468.536 0.614155 0.00694023
468.892 0.61604 0.00706176
469.248 0.616892 0.00709799
469.604 0.610044 0.00710093
469.959 0.617489 0.0071416
470.315 0.614798 0.00712218
470.671 0.612795 0.00710347
471.026 0.611396 0.00703547
471.382 0.608081 0.00694925
471.737 0.611651 0.00691354
472.093 0.604812 0.00676753
472.448 0.601391 0.00661883
472.804 0.607043 0.00659315
473.159 0.609288 0.0065511
473.514 0.616637 0.00662399
473.87 0.603496 0.00645966
474.225 0.596606 0.00623914
474.58 0.599724 0.00613208
474.935 0.616725 0.00627128
475.29 0.620089 0.00637315
475.645 0.609624 0.00632555
476 0.609198 0.00633148
476.355 0.61113 0.00639861
476.71 0.611085 0.00639462
477.065 0.596618 0.00613443
477.42 0.599247 0.00606684
477.775 0.602269 0.00608945
478.13 0.610953 0.00618836
478.485 0.613965 0.00615865
478.839 0.607662 0.00605366
479.194 0.598053 0.0058517
479.549 0.600123 0.00578993
479.903 0.609485 0.00585047
480.258 0.606878 0.00588389
480.612 0.606575 0.00580571
480.967 0.599124 0.00563654
481.321 0.608909 0.00570059
481.675 0.613104 0.00583039
482.03 0.616023 0.00594735
482.384 0.613882 0.00596194
482.738 0.602722 0.00585117
483.093 0.602686 0.00580826
483.447 0.597319 0.00565676
483.801 0.591485 0.00545332
484.155 0.598621 0.0054161
484.509 0.542955 0.00449157
484.863 0.514232 0.00297932
485.217 0.56262 0.00283232
485.571 0.619368 0.0030485
485.925 0.706522 0.00414755
486.279 0.695683 0.0047723
486.632 0.654301 0.00500572
486.986 0.634674 0.00532924
487.34 0.631689 0.00567561
487.694 0.622942 0.00579351
488.047 0.607425 0.00575325
488.401 0.608538 0.00576583
488.754 0.604837 0.00578476
489.108 0.610001 0.00590421
489.461 0.607266 0.00591949
489.815 0.609649 0.00599296
490.168 0.600918 0.00588426
490.522 0.603475 0.00587167
490.875 0.606692 0.00589615
491.228 0.606256 0.00593457
491.581 0.601282 0.00586962
491.935 0.608884 0.00592845
492.288 0.608603 0.0059515
492.641 0.605353 0.0058935
492.994 0.601367 0.00586967
493.347 0.59748 0.00576942
493.7 0.602695 0.00579897
494.053 0.607155 0.00584031
494.406 0.607647 0.00593717
494.759 0.615926 0.00609936
495.111 0.591876 0.00579238
495.464 0.584848 0.00550519
495.817 0.591154 0.00543481
496.169 0.613806 0.00569336
496.522 0.624849 0.00600366
496.875 0.616775 0.00616395
497.227 0.609978 0.00619046
497.58 0.608142 0.00617037
497.932 0.602719 0.00607068
498.285 0.601182 0.00600758
498.637 0.593814 0.00582195
498.989 0.5978 0.00577642
499.342 0.602617 0.00584265
499.694 0.611364 0.00601501
500.046 0.603038 0.00602521
500.398 0.593053 0.0058288
500.751 0.600303 0.00581083
501.103 0.598203 0.00578217
501.455 0.600996 0.00580454
501.807 0.60432 0.00582931
502.159 0.60483 0.00583493
502.511 0.601887 0.00580626
502.862 0.603316 0.00583819
503.214 0.60895 0.00594556
503.566 0.611909 0.00608079
503.918 0.607786 0.00612585
504.27 0.607146 0.00611614
504.621 0.607243 0.00613156
504.973 0.604952 0.00615451
505.324 0.600522 0.00609233
505.676 0.599347 0.00598032
506.027 0.605455 0.00602694
506.379 0.614247 0.00627284
506.73 0.61377 0.00636601
507.082 0.602812 0.00626416
507.433 0.599426 0.00613084
507.784 0.599313 0.00607902
508.136 0.604622 0.00621242
508.487 0.610652 0.00630739
508.838 0.607543 0.00635031
509.189 0.602457 0.00631672
509.54 0.598189 0.00621017
509.891 0.605065 0.00631802
510.242 0.605854 0.00632918
510.593 0.60638 0.00637222
510.944 0.604033 0.00639543
511.295 0.618544 0.00660657
511.646 0.614045 0.0066554
511.996 0.599722 0.00650956
512.347 0.595344 0.00643697
512.698 0.607455 0.0065236
513.049 0.608049 0.006567
513.399 0.605886 0.00658571
513.75 0.605252 0.00656259
514.1 0.607322 0.00669852
514.451 0.612605 0.00686749
514.801 0.602493 0.00678067
515.152 0.604753 0.00673333
515.502 0.597112 0.00658696
515.852 0.604322 0.00659104
516.202 0.602666 0.00657318
516.553 0.613684 0.00672996
516.903 0.611065 0.00681801
517.253 0.611575 0.00692375
517.603 0.607862 0.00690144
517.953 0.60114 0.00682982
518.303 0.595719 0.00663938
518.653 0.599622 0.00660651
519.003 0.60626 0.00669401
519.353 0.617715 0.00699863
519.703 0.611421 0.00711054
520.052 0.606586 0.00711869
520.402 0.603706 0.00706265
520.752 0.599971 0.00696019
521.102 0.609592 0.00712948
521.451 0.609693 0.00718083
521.801 0.61013 0.00716286
522.15 0.591905 0.00693816
522.5 0.604842 0.00700218
522.849 0.601322 0.00695985
523.199 0.598579 0.00687837
523.548 0.598183 0.00680998
523.897 0.607547 0.00694243
524.246 0.614012 0.00709544
524.596 0.613042 0.00719018
524.945 0.600853 0.00707684
525.294 0.597593 0.0070568
525.643 0.600776 0.0070598
525.992 0.603853 0.00706577
526.341 0.598437 0.00699015
526.69 0.601234 0.00706162
527.039 0.604042 0.00714707
527.388 0.605601 0.00720635
527.737 0.591409 0.00690473
528.086 0.588513 0.00663438
528.434 0.593631 0.00654123
528.783 0.609471 0.00680904
529.132 0.607851 0.00692942
529.48 0.61108 0.0070372
529.829 0.605163 0.00704163
530.177 0.607281 0.00712633
530.526 0.608137 0.00714889
530.874 0.604427 0.0070591
531.223 0.599156 0.0070181
531.571 0.608186 0.00713168
531.919 0.598221 0.0070035
532.268 0.586339 0.00672187
532.616 0.586962 0.00651046
532.964 0.593009 0.00644684
533.312 0.598182 0.00647824
533.66 0.599177 0.00651289
534.008 0.599426 0.00649941
534.356 0.599743 0.00650543
534.704 0.604852 0.00659245
535.052 0.608952 0.00670373
535.4 0.606342 0.00683074
535.748 0.60861 0.00700644
536.095 0.611133 0.00719883
536.443 0.599114 0.00713658
536.791 0.59032 0.00693417
537.139 0.588298 0.00676291
537.486 0.586935 0.00659883
537.834 0.596604 0.00661772
538.181 0.596008 0.00657644
538.529 0.601198 0.00664222
538.876 0.600889 0.0066233
539.223 0.606132 0.00676461
539.571 0.612323 0.00694452
539.918 0.601857 0.00686051
540.265 0.592431 0.00667238
540.613 0.590567 0.0065473
540.96 0.602307 0.00669393
541.307 0.598589 0.00668541
541.654 0.595167 0.0066646
542.001 0.600459 0.00671501
542.348 0.596702 0.00669272
542.695 0.594943 0.00669129
543.042 0.594343 0.00658528
543.388 0.588265 0.00646867
543.735 0.599407 0.00652057
544.082 0.595788 0.00649096
544.429 0.601305 0.00655097
544.775 0.608209 0.00673356
545.122 0.613922 0.00696568
545.469 0.608244 0.00704676
545.815 0.594645 0.00692721
546.162 0.597004 0.00688571
546.508 0.58975 0.00670324
546.854 0.576477 0.00638174
547.201 0.580515 0.00616958
547.547 0.595993 0.00623318
547.893 0.607022 0.00643182
548.24 0.626382 0.0068835
548.586 0.614238 0.00709992
548.932 0.611124 0.00718725
549.278 0.59387 0.0070901
549.624 0.605998 0.00712386
549.97 0.604207 0.0071799
550.316 0.60383 0.00732096
550.662 0.603237 0.00739266
551.008 0.579297 0.00686967
551.353 0.578505 0.00649819
551.699 0.587724 0.00640488
552.045 0.609905 0.00670033
552.391 0.604031 0.00680618
552.736 0.598617 0.00680654
553.082 0.59459 0.00679357
553.427 0.599599 0.0069427
553.773 0.610216 0.00723579
554.118 0.597442 0.0071601
554.464 0.58552 0.00690642
554.809 0.577031 0.00658387
555.154 0.595731 0.0065996
555.5 0.594239 0.00660628
555.845 0.605557 0.0069282
556.19 0.605567 0.00711623
556.535 0.605868 0.00727784
556.88 0.597009 0.00710793
557.225 0.594707 0.00706793
557.57 0.610954 0.00730362
557.915 0.614929 0.00752599
558.26 0.604061 0.00755112
558.605 0.605149 0.00753111
558.95 0.588065 0.00726034
559.295 0.570481 0.00676961
559.639 0.578727 0.00656174
559.984 0.579573 0.00631556
560.329 0.586102 0.00632758
560.673 0.593575 0.0063899
561.018 0.606982 0.00665129
561.362 0.608819 0.00683892
561.707 0.606341 0.00699608
562.051 0.59352 0.00683734
562.395 0.587048 0.00671014
562.74 0.589993 0.00659347
563.084 0.584297 0.00648048
563.428 0.584926 0.00634857
563.772 0.594697 0.00643105
564.117 0.591578 0.00636725
564.461 0.590534 0.0063415
564.805 0.59474 0.00641948
565.149 0.594185 0.0063869
565.493 0.590862 0.00637878
565.836 0.592123 0.0062629
566.18 0.583613 0.00612687
566.524 0.565604 0.00562455
566.868 0.577952 0.00553316
567.212 0.584332 0.00546892
567.555 0.582453 0.00539112
567.899 0.572549 0.00509743
568.242 0.572119 0.00488744
568.586 0.562321 0.0045343
568.929 0.557368 0.00422552
569.273 0.561615 0.00401021
569.616 0.585166 0.00409921
569.96 0.577341 0.00398946
570.303 0.57205 0.00384774
570.646 0.578387 0.00382094
570.989 0.57151 0.00368053
571.333 0.585321 0.0037711
571.676 0.599237 0.00395828
572.019 0.61461 0.00433473
572.362 0.566825 0.00392785
572.705 0.555529 0.00360915
573.048 0.56502 0.00346457
573.391 0.564647 0.00335041
573.733 0.573201 0.0033288
574.076 0.579754 0.00331077
574.419 0.594103 0.00345364
574.762 0.601258 0.00365949
575.104 0.615162 0.00396235
575.447 0.578702 0.00379124
575.789 0.562346 0.0035129
576.132 0.563386 0.00332177
576.474 0.57025 0.00330454
576.817 0.55802 0.00302395
577.159 0.566563 0.00288094
577.501 0.596213 0.00297869
577.844 0.61714 0.00324346
578.186 0.632952 0.0036844
578.528 0.608501 0.00376008
578.87 0.589561 0.00371726
579.212 0.568012 0.00352699
579.554 0.573184 0.00342981
579.896 0.57985 0.0034707
580.238 0.561605 0.00321876
580.58 0.551606 0.00280277
580.922 0.592821 0.00279247
581.264 0.642194 0.00290636
581.606 0.6247 0.00299271
581.947 0.624192 0.00317537
582.289 0.63775 0.00356591
582.631 0.631366 0.00393549
582.972 0.616904 0.00415103
583.314 0.588459 0.0040095
583.655 0.567601 0.00380667
583.997 0.550469 0.00342193
584.338 0.551891 0.00318687
584.679 0.562656 0.00308734
585.021 0.590571 0.00324995
585.362 0.608316 0.00354414
585.703 0.61684 0.00383862
586.044 0.58941 0.00376629
586.385 0.562789 0.00348249
586.726 0.561182 0.00332134
587.067 0.59237 0.00354631
587.408 0.604602 0.00378816
587.749 0.60658 0.00397425
588.09 0.600144 0.00411789
588.431 0.61602 0.00442052
588.772 0.602353 0.00454617
589.113 0.582649 0.004394
589.453 0.579631 0.00435883
589.794 0.595332 0.00456875
590.134 0.608337 0.00486481
590.475 0.596884 0.0049308
590.815 0.586108 0.00484087
591.156 0.586808 0.00485066
591.496 0.569372 0.00463239
591.837 0.532605 0.00385435
592.177 0.536065 0.00351265
592.517 0.560588 0.00343909
592.857 0.595929 0.00373854
593.198 0.609619 0.00402311
593.538 0.627175 0.00450153
593.878 0.608721 0.00457653
594.218 0.574251 0.00430167
594.558 0.568314 0.00412032
594.898 0.591979 0.00432367
595.237 0.613108 0.00467295
595.577 0.615167 0.00498316
595.917 0.612096 0.00521895
596.257 0.576807 0.004854
596.596 0.5685 0.0046978
596.936 0.580145 0.00466692
597.276 0.593621 0.00490535
597.615 0.581358 0.00476837
597.955 0.538793 0.00403732
598.294 0.551625 0.00383269
598.633 0.578843 0.00393912
598.973 0.596563 0.0041497
599.312 0.580651 0.00408149
599.651 0.587464 0.00413791
599.991 0.594173 0.00425236
600.33 0.592696 0.0043127
600.669 0.594875 0.00444445
601.008 0.601539 0.00462377
601.347 0.59952 0.00477331
601.686 0.576502 0.00454407
602.025 0.581936 0.0045959
602.364 0.565329 0.00430416
602.702 0.572546 0.00426941
603.041 0.579845 0.00432499
603.38 0.601939 0.0046174
603.719 0.605345 0.00484138
604.057 0.599167 0.00495198
604.396 0.58755 0.00489599
604.734 0.564136 0.00458195
605.073 0.554984 0.00420443
605.411 0.577729 0.00433136
605.75 0.594391 0.00455377
606.088 0.606136 0.00483926
606.426 0.579921 0.00461741
606.764 0.576536 0.00454064
607.103 0.594101 0.00475535
607.441 0.597569 0.00493381
607.779 0.593854 0.00503769
608.117 0.581603 0.00495136
608.455 0.601368 0.00524834
608.793 0.587606 0.00523796
609.131 0.559019 0.00476636
609.469 0.564294 0.00467324
609.806 0.588864 0.00483808
610.144 0.611311 0.00531655
610.482 0.591163 0.00528252
610.819 0.587773 0.00525582
611.157 0.58153 0.00525535
611.495 0.599474 0.00552282
611.832 0.586431 0.00547873
612.17 0.577802 0.00539871
612.507 0.576792 0.00533375
612.844 0.587062 0.00543755
613.182 0.581736 0.00542534
613.519 0.5826 0.00539593
613.856 0.582863 0.00538308
614.193 0.572605 0.00526822
614.53 0.572721 0.00515898
614.867 0.579752 0.00518493
615.205 0.603691 0.00555583
615.541 0.607812 0.00577622
615.878 0.598568 0.00597551
616.215 0.586156 0.00585287
616.552 0.587085 0.00591736
616.889 0.573766 0.00571555
617.226 0.575077 0.00566338
617.562 0.592787 0.00593271
617.899 0.609422 0.00637865
618.235 0.61518 0.00673891
618.572 0.601095 0.00690811
618.908 0.57817 0.00654
619.245 0.568747 0.00622176
619.581 0.570367 0.00612138
619.918 0.619445 0.00690927
620.254 0.646161 0.00796052
620.59 0.611906 0.00786325
620.926 0.559566 0.00701112
621.262 0.563166 0.00664298
621.599 0.585033 0.0068015
621.935 0.573983 0.00665216
622.271 0.569906 0.00637996
622.606 0.570583 0.00624582
622.942 0.59258 0.00652287
623.278 0.596251 0.00673376
623.614 0.565377 0.00624893
623.95 0.573403 0.00626794
624.285 0.591497 0.00648472
624.621 0.60506 0.00691496
624.957 0.595643 0.00707434
625.292 0.602921 0.00733265
625.628 0.602947 0.00755467
625.963 0.590345 0.00752493
626.299 0.582216 0.00731908
626.634 0.571951 0.00714046
626.969 0.589472 0.00738308
627.304 0.619272 0.00820273
627.64 0.626686 0.00885087
627.975 0.585125 0.00838121
628.31 0.556956 0.00772927
628.645 0.56778 0.00762551
628.98 0.589333 0.00793961
629.315 0.59733 0.00814649
629.65 0.592135 0.00817571
629.985 0.58779 0.00812275
630.319 0.604819 0.0085999
630.654 0.595992 0.00863419
630.989 0.590235 0.00855029
631.323 0.595529 0.00873733
631.658 0.608968 0.00919543
631.993 0.619148 0.00967346
632.327 0.601639 0.00957203
632.662 0.595382 0.00947055
632.996 0.584058 0.00917201
633.33 0.571852 0.00894132
633.665 0.598008 0.00946374
633.999 0.608147 0.00983355
634.333 0.592053 0.00970061
634.667 0.588888 0.00970812
635.001 0.582651 0.0094213
635.335 0.567865 0.00894706
635.669 0.568659 0.00862105
636.003 0.595913 0.00894811
636.337 0.613009 0.0095292
636.671 0.62524 0.0101265
637.005 0.61372 0.0103053
637.339 0.603399 0.0101731
637.672 0.583164 0.00963587
638.006 0.5817 0.00937667
638.339 0.601236 0.0096718
638.673 0.612675 0.0100742
639.006 0.611408 0.0103799
639.34 0.60324 0.0103047
639.673 0.606836 0.0104828
640.007 0.589069 0.0103023
640.34 0.597809 0.0105595
640.673 0.59887 0.0106494
641.006 0.61041 0.0109095
641.34 0.595538 0.0108931
641.673 0.608149 0.0112707
642.006 0.606417 0.0114486
642.339 0.599839 0.011185
642.672 0.592712 0.01105
643.004 0.597092 0.011154
643.337 0.614939 0.0116841
643.67 0.60239 0.0115611
644.003 0.604293 0.0114659
644.336 0.595677 0.0113362
644.668 0.592243 0.0112832
645.001 0.601997 0.0115724
645.333 0.618843 0.0120217
645.666 0.625933 0.0123399
645.998 0.619076 0.0125523
646.331 0.61969 0.0127494
646.663 0.618368 0.0126047
646.995 0.58491 0.0115114
647.327 0.556488 0.0103113
647.66 0.563895 0.00981168
647.992 0.575723 0.0097626
648.324 0.591941 0.00986258
648.656 0.603822 0.0100996
648.988 0.620685 0.0106473
649.32 0.645217 0.0116121
649.652 0.64411 0.0121465
649.983 0.628453 0.0122563
650.315 0.616747 0.0122198
650.647 0.600633 0.0117825
650.979 0.586863 0.0111154
651.31 0.579061 0.0106166
651.642 0.591073 0.0104853
651.973 0.597809 0.0105379
652.305 0.600035 0.0105174
652.636 0.597492 0.0106405
652.967 0.609441 0.0109892
653.299 0.614112 0.0112884
653.63 0.605262 0.0110801
653.961 0.565429 0.00994851
654.292 0.480847 0.00704173
654.623 0.375017 0.00225402
654.955 0.896198 0.00342049
655.286 0.896143 0.00342028
655.616 0.896087 0.00342007
655.947 0.896031 0.00341985
656.278 0.895973 0.00341963
656.609 0.747748 0.0032692
656.94 0.804721 0.00448775
657.27 0.784167 0.00519374
657.601 0.776722 0.00596188
657.932 0.757073 0.00704019
658.262 0.726866 0.00840323
658.593 0.692775 0.00984095
658.923 0.667592 0.0112957
659.254 0.652256 0.0123333
659.584 0.630459 0.0128741
659.914 0.63453 0.0135249
660.244 0.625366 0.0137622
660.575 0.604897 0.0134361
660.905 0.608441 0.0134955
661.235 0.60543 0.0132736
661.565 0.600732 0.0131269
661.895 0.596567 0.0130066
662.225 0.606901 0.0133254
662.555 0.611759 0.0135644
662.884 0.605351 0.0133424
663.214 0.616229 0.013276
663.544 0.602075 0.0129862
663.873 0.600268 0.0127745
664.203 0.606866 0.0127047
664.533 0.589486 0.0121823
664.862 0.583097 0.0120318
665.192 0.607387 0.0126331
665.521 0.633859 0.013606
665.85 0.62816 0.0139471
666.18 0.639258 0.0146494
666.509 0.631685 0.0144758
666.838 0.6012 0.0137883
667.167 0.615506 0.0137722
667.496 0.623518 0.0141004
667.825 0.621118 0.0141441
668.154 0.604673 0.0139324
668.483 0.616836 0.0139762
668.812 0.607035 0.0136063
669.141 0.617987 0.0135916
669.47 0.616788 0.0134113
669.798 0.61667 0.0135472
670.127 0.602594 0.0134043
670.456 0.577908 0.0123845
670.784 0.543463 0.0107725
671.113 0.548053 0.00993024
671.441 0.565654 0.00963999
671.77 0.588949 0.00999983
672.098 0.6029 0.0105156
672.426 0.653013 0.0121672
672.755 0.646068 0.0128679
673.083 0.630748 0.0128941
673.411 0.607826 0.0126324
673.739 0.617666 0.0129206
674.067 0.63315 0.0137724
674.395 0.625108 0.0136831
674.723 0.604412 0.0131044
675.051 0.586287 0.0127197
675.379 0.602967 0.0128887
675.706 0.599278 0.0129905
676.034 0.61339 0.0134392
676.362 0.605287 0.0134145
676.689 0.576657 0.0122991
677.017 0.57449 0.0114699
677.344 0.568643 0.0109619
677.672 0.604075 0.011492
677.999 0.604444 0.0116354
678.327 0.584556 0.0112143
678.654 0.574294 0.0106317
678.981 0.563684 0.0102162
679.308 0.596521 0.0105934
679.636 0.621168 0.0113153
679.963 0.626589 0.0119334
680.29 0.608229 0.0117892
680.617 0.589855 0.0113936
680.944 0.589304 0.0112194
681.271 0.613732 0.0117794
681.597 0.640861 0.012851
681.924 0.643898 0.0137194
682.251 0.620345 0.0134132
682.578 0.587454 0.0123668
682.904 0.563959 0.0113064
683.231 0.575984 0.0109718
683.557 0.568661 0.0106577
683.884 0.573367 0.0103964
684.21 0.57136 0.0101352
684.536 0.566498 0.00976217
684.863 0.571646 0.00965908
685.189 0.596619 0.0100343
685.515 0.615559 0.010744
685.841 0.615147 0.0110921
686.167 0.594878 0.0109187
686.493 0.58928 0.0107373
686.819 0.602933 0.0109226
687.145 0.615023 0.0115133
687.471 0.631197 0.0125429
687.797 0.628723 0.0129382
688.123 0.606832 0.0126336
688.448 0.581355 0.01196
688.774 0.580519 0.0115922
689.1 0.600407 0.0119887
689.425 0.616728 0.0126603
689.751 0.613531 0.0128318
690.076 0.571601 0.0116958
690.402 0.563851 0.0108529
690.727 0.577642 0.0106457
691.052 0.611276 0.0112384
691.377 0.60563 0.0115222
691.703 0.602537 0.0117837
692.028 0.604366 0.0118082
692.353 0.585661 0.0113783
692.678 0.600082 0.0116061
693.003 0.622641 0.0122717
693.328 0.636046 0.0133188
693.652 0.64081 0.0139721
693.977 0.596371 0.0131569
694.302 0.565295 0.0120781
694.627 0.587607 0.012142
694.951 0.613409 0.0128518
695.276 0.659543 0.0146089
695.6 0.619853 0.0144007
695.925 0.560958 0.0120235
696.249 0.539742 0.0103995
696.574 0.550747 0.00995578
696.898 0.597549 0.0108422
697.222 0.61975 0.0116711
697.546 0.622758 0.0121701
697.871 0.600475 0.0122022
698.195 0.59957 0.0122823
698.519 0.605707 0.0126574
698.843 0.620956 0.0131826
699.167 0.631906 0.013798
699.491 0.634953 0.014358
699.814 0.620568 0.0143092
700.138 0.621132 0.0143594
700.462 0.623404 0.0146235
700.786 0.599511 0.0141501
701.109 0.593951 0.0137372
701.433 0.591654 0.0132357
701.756 0.579526 0.0126318
702.08 0.598954 0.0128428
702.403 0.608732 0.013211
702.726 0.619617 0.0138942
703.05 0.621045 0.0142497
703.373 0.615115 0.0143469
703.696 0.60803 0.014276
704.019 0.637091 0.015123
704.342 0.648703 0.0158169
704.665 0.656547 0.0165692
704.988 0.625137 0.0160623
705.311 0.582071 0.0145467
705.634 0.552181 0.012721
705.957 0.543182 0.0114271
706.28 0.539799 0.0105528
706.602 0.572824 0.0107581
706.925 0.587903 0.011128
707.247 0.604274 0.0117314
707.57 0.615615 0.0123079
707.892 0.611433 0.0126846
708.215 0.625974 0.0134617
708.537 0.615834 0.0136809
708.859 0.612817 0.0137254
709.182 0.600864 0.0134502
709.504 0.593438 0.013015
709.826 0.595315 0.012872
710.148 0.598257 0.0129558
710.47 0.609279 0.0134462
710.792 0.625789 0.0141307
711.114 0.625006 0.0145952
711.436 0.618983 0.0148479
711.758 0.60603 0.014454
712.079 0.604748 0.0142737
712.401 0.583249 0.013326
712.723 0.579871 0.012805
713.044 0.559118 0.0118461
713.366 0.577787 0.0119082
713.687 0.593766 0.0121698
714.009 0.602108 0.0125875
714.33 0.613181 0.0129875
714.652 0.600839 0.0132215
714.973 0.622521 0.0139243
715.294 0.633118 0.0147645
715.615 0.65811 0.0160157
715.936 0.644277 0.0160789
716.257 0.619231 0.0159149
716.578 0.63129 0.0161771
716.899 0.627172 0.0157649
717.22 0.581209 0.0141971
717.541 0.598185 0.0140169
717.862 0.598627 0.013975
718.182 0.59102 0.0138586
718.503 0.587172 0.0135131
718.824 0.62493 0.0141394
719.144 0.615578 0.0142576
719.465 0.614664 0.0145724
719.785 0.588644 0.0139664
720.105 0.596564 0.0138753
720.426 0.606037 0.0138116
720.746 0.613096 0.0141275
721.066 0.60694 0.0140817
721.386 0.605323 0.014207
721.706 0.625695 0.0148642
722.026 0.628103 0.0152879
722.346 0.614298 0.0152447
722.666 0.624666 0.0151717
722.986 0.599339 0.0144923
723.306 0.60844 0.014716
723.626 0.619066 0.0151382
723.946 0.619576 0.0151142
724.265 0.582928 0.0138766
724.585 0.576314 0.0130701
724.904 0.586856 0.0130912
725.224 0.596521 0.0132338
725.543 0.590888 0.0131683
725.863 0.593623 0.0133253
726.182 0.610818 0.0140656
726.501 0.607136 0.0142441
726.82 0.619213 0.0144798
727.14 0.57915 0.0134612
727.459 0.587228 0.0131459
727.778 0.586174 0.0130561
728.097 0.595092 0.0133349
728.416 0.587725 0.0131024
728.734 0.568668 0.0124784
729.053 0.580441 0.0124834
729.372 0.585164 0.0125082
729.691 0.57463 0.0120827
730.009 0.563057 0.0113854
730.328 0.567696 0.0110958
730.647 0.586303 0.0112891
730.965 0.583095 0.0116526
731.283 0.607855 0.0123444
731.602 0.587463 0.0122769
731.92 0.580741 0.0119895
732.238 0.575268 0.0116455
732.557 0.566244 0.0114479
732.875 0.571786 0.011225
733.193 0.548931 0.0103425
733.511 0.55857 0.0101945
733.829 0.582557 0.0107233
734.147 0.611724 0.0117112
734.465 0.60478 0.0121742
734.782 0.591653 0.0120305
735.1 0.56925 0.0114699
735.418 0.578192 0.0115502
735.735 0.583987 0.0116429
736.053 0.575873 0.0114335
736.371 0.581442 0.0116074
736.688 0.590959 0.0121285
737.005 0.621408 0.0131946
737.323 0.611271 0.013587
737.64 0.613258 0.0136246
737.957 0.563342 0.0123806
738.274 0.547093 0.0111982
738.592 0.560852 0.0110622
738.909 0.587885 0.0116109
739.226 0.612963 0.0129133
739.543 0.632658 0.0141412
739.86 0.63479 0.0149886
740.176 0.639205 0.0154311
740.493 0.63192 0.0158062
740.81 0.618563 0.0156876
741.127 0.608832 0.0153993
741.443 0.58304 0.0142788
741.76 0.577595 0.013741
742.076 0.580628 0.0138989
742.393 0.623573 0.0151764
742.709 0.634992 0.0161625
743.025 0.626733 0.0163529
743.342 0.602725 0.0158893
743.658 0.599259 0.0155386
743.974 0.592141 0.0150189
744.29 0.602095 0.0151292
744.606 0.61525 0.015457
744.922 0.599153 0.0152807
745.238 0.607075 0.0154282
745.554 0.601368 0.015727
745.87 0.623625 0.0161841
746.186 0.580533 0.0149716
746.501 0.568452 0.01427
746.817 0.611489 0.015036
747.132 0.631906 0.0164067
747.448 0.636152 0.0171085
747.763 0.61566 0.0165793
748.079 0.590185 0.0155572
748.394 0.577479 0.0143458
748.71 0.550243 0.0130369
749.025 0.543688 0.012201
749.34 0.565126 0.0122775
749.655 0.586183 0.0127777
749.97 0.601168 0.0134058
750.285 0.592103 0.0133455
750.6 0.580111 0.0129273
750.915 0.574989 0.0125502
751.23 0.589319 0.0129558
751.545 0.612759 0.0137539
751.859 0.617809 0.0143307
752.174 0.603508 0.0143292
752.489 0.583237 0.0133773
752.803 0.567679 0.0124054
753.118 0.559785 0.0122265
753.432 0.592428 0.0129998
753.747 0.604347 0.0136166
754.061 0.561134 0.0126762
754.375 0.559831 0.0121315
754.689 0.543794 0.0115843
755.004 0.5616 0.0117535
755.318 0.559396 0.0114747
755.632 0.5384 0.0107082
755.946 0.554727 0.0106729
756.26 0.535054 0.0100134
756.573 0.5395 0.0096203
756.887 0.537365 0.00930895
757.201 0.559221 0.00969791
757.515 0.590317 0.0109145
757.828 0.604007 0.0118405
758.142 0.579849 0.0115629
758.455 0.550533 0.0104635
758.769 0.541011 0.00982299
759.082 0.544522 0.00958675
759.396 0.544707 0.00944427
759.709 0.544438 0.00936871
760.022 0.557048 0.00956024
760.335 0.57848 0.0102544
760.648 0.599269 0.0112178
760.962 0.61641 0.0122118
761.275 0.61522 0.0128044
761.587 0.597097 0.0127786
761.9 0.598448 0.0128255
762.213 0.569125 0.0120989
762.526 0.559441 0.0115627
762.839 0.559959 0.0115218
763.151 0.551994 0.0111092
763.464 0.533307 0.0103279
763.776 0.516503 0.00944097
764.089 0.538893 0.00943976
764.401 0.554964 0.00991983
764.714 0.560789 0.0105582
765.026 0.590311 0.0115622
765.338 0.605161 0.0124651
765.65 0.622523 0.0136076
765.962 0.619007 0.0141998
766.275 0.609868 0.0145989
766.587 0.608602 0.0146319
766.898 0.581009 0.0138375
767.21 0.561559 0.0127998
767.522 0.534574 0.0115872
767.834 0.536494 0.0111827
768.146 0.543881 0.0113408
768.457 0.57801 0.0124056
768.769 0.588804 0.0131876
769.08 0.575407 0.0130956
769.392 0.566331 0.0125221
769.703 0.54971 0.0116986
770.015 0.551342 0.0112689
770.326 0.558153 0.0113603
770.637 0.569451 0.0118897
770.948 0.585575 0.0129371
771.26 0.612272 0.0140597
771.571 0.593144 0.01399
771.882 0.576919 0.0134621
772.193 0.588491 0.0137342
772.504 0.596734 0.0141762
772.814 0.593814 0.0144236
773.125 0.611624 0.0149413
773.436 0.59536 0.0151647
773.747 0.601339 0.0155838
774.057 0.606353 0.0159834
774.368 0.607438 0.0162493
774.678 0.619641 0.0168395
774.989 0.61316 0.0170141
775.299 0.626105 0.0177714
775.609 0.610834 0.0173576
775.919 0.603854 0.0171166
776.23 0.612002 0.0172525
776.54 0.60423 0.0169974
776.85 0.600694 0.0171258
777.16 0.578438 0.0163063
777.47 0.563006 0.0152515
777.78 0.572511 0.0147019
778.089 0.554193 0.0137378
778.399 0.551421 0.0136166
778.709 0.576948 0.0145707
779.019 0.619707 0.016093
779.328 0.628876 0.0170887
779.638 0.610833 0.0166191
779.947 0.559055 0.0144934
780.257 0.536426 0.012951
780.566 0.540541 0.012514
780.875 0.55228 0.0129383
781.185 0.594936 0.0142803
781.494 0.588464 0.014437
781.803 0.607927 0.0150659
782.112 0.598785 0.015171
782.421 0.581374 0.0147524
782.73 0.571688 0.0142438
783.039 0.590358 0.0146582
783.348 0.629866 0.0163491
783.656 0.62649 0.0172011
783.965 0.621263 0.017386
784.274 0.605395 0.0165106
784.582 0.589459 0.0157858
784.891 0.592475 0.0157328
785.199 0.594763 0.016002
785.508 0.602875 0.0165544
785.816 0.606885 0.0169114
786.124 0.578113 0.0161413
786.432 0.57391 0.0152927
786.741 0.566651 0.0146149
787.049 0.57248 0.0146031
787.357 0.586591 0.0150082
787.665 0.575728 0.0147791
787.973 0.59046 0.0151031
788.281 0.589282 0.0154021
788.588 0.611671 0.0165274
788.896 0.638968 0.0179427
789.204 0.645518 0.0187672
789.511 0.645935 0.0188241
789.819 0.649231 0.019216
790.126 0.644652 0.0191561
790.434 0.622913 0.0188261
790.741 0.633623 0.0189393
791.049 0.610041 0.0185639
791.356 0.637571 0.0195941
791.663 0.631971 0.0198598
791.97 0.628541 0.0198574
792.277 0.619871 0.0193536
792.584 0.602913 0.0180805
792.891 0.544235 0.0151937
793.198 0.544832 0.0141114
793.505 0.552998 0.0139386
793.812 0.572467 0.0145829
794.119 0.578104 0.0149915
794.425 0.59669 0.0156829
794.732 0.617106 0.016676
795.038 0.659992 0.0190528
795.345 0.675229 0.0207239
795.651 0.695686 0.0221633
795.958 0.671745 0.0218228
796.264 0.628778 0.0197021
796.57 0.603296 0.0185927
796.876 0.624517 0.0187544
797.183 0.631382 0.0192059
797.489 0.648099 0.0202572
797.795 0.643409 0.0203643
798.101 0.634312 0.0201304
798.406 0.650346 0.0204915
798.712 0.627612 0.0207248
799.018 0.678421 0.021884
799.324 0.648769 0.0214566
799.629 0.647569 0.0215334
799.935 0.639172 0.021552
800.24 0.672233 0.0225228
800.546 0.654584 0.0222328
800.851 0.66178 0.0225581
801.157 0.69396 0.0240896
801.462 0.708214 0.0245718
801.767 0.692358 0.0244108
802.072 0.66326 0.0229654
802.377 0.654506 0.0219531
802.682 0.633182 0.0212447
802.987 0.678193 0.0225975
803.292 0.661236 0.0228837
803.597 0.673226 0.0232868
803.902 0.654903 0.0229099
804.207 0.66215 0.0228922
804.511 0.660426 0.022512
804.816 0.584375 0.0198968
805.12 0.586235 0.0186205
805.425 0.566755 0.0172444
805.729 0.584217 0.0176452
806.034 0.619802 0.0188781
806.338 0.652132 0.0204679
806.642 0.656461 0.0210586
806.946 0.658538 0.0208785
807.251 0.651325 0.0209547
807.555 0.652836 0.0206452
807.859 0.628285 0.0200995
808.162 0.65761 0.02116
808.466 0.682409 0.0222889
808.77 0.707366 0.0232941
809.074 0.704032 0.0240339
809.378 0.692772 0.0238825
809.681 0.670236 0.0233058
809.985 0.679575 0.0238472
810.288 0.719699 0.0248148
810.592 0.708475 0.024436
810.895 0.701611 0.0248948
811.198 0.735098 0.0266088
811.502 0.705339 0.0264437
811.805 0.743737 0.0279
812.108 0.662183 0.0251273
812.411 0.667716 0.0244846
812.714 0.654328 0.0225836
813.017 0.633498 0.0210294
813.32 0.643589 0.0211647
813.623 0.667968 0.022243
813.926 0.694429 0.0243221
814.228 0.732768 0.0263206
814.531 0.748921 0.0274623
814.833 0.700991 0.0263648
815.136 0.69052 0.0263262
815.438 0.736284 0.0274947
815.741 0.697029 0.0256425
816.043 0.677572 0.0249746
816.345 0.676454 0.0247862
816.648 0.731338 0.025982
816.95 0.711474 0.0260202
817.252 0.719892 0.0267616
817.554 0.726649 0.0269443
817.856 0.706428 0.0271342
818.158 0.713651 0.0275094
818.46 0.748721 0.0288918
818.761 0.758625 0.0289763
819.063 0.68139 0.0269849
819.365 0.734001 0.02718
819.666 0.677835 0.0248133
819.968 0.681609 0.0240614
820.269 0.676822 0.0237176
820.571 0.691507 0.0246021
820.872 0.708832 0.0258503
821.173 0.750715 0.0276599
821.475 0.758933 0.028881
821.776 0.741555 0.0284006
822.077 0.712856 0.0276834
822.378 0.719453 0.0280053
822.679 0.74734 0.02901
822.98 0.75229 0.0288357
823.281 0.752184 0.0297687
823.581 0.732511 0.0290805
823.882 0.746689 0.0297363
824.183 0.783179 0.0301452
824.483 0.743432 0.028326
824.784 0.674629 0.025875
825.084 0.69786 0.0267885
825.385 0.718675 0.0275415
825.685 0.718123 0.028123
825.985 0.723358 0.027984
826.286 0.703331 0.0272149
826.586 0.710372 0.0268143
826.886 0.721059 0.0270654
827.186 0.732919 0.0276877
827.486 0.7286 0.0285333
827.786 0.752276 0.029435
828.086 0.728606 0.0286771
828.386 0.751379 0.0287412
828.685 0.760927 0.0287632
828.985 0.775118 0.0298977
829.285 0.759375 0.0297968
829.584 0.764288 0.0303761
829.884 0.735618 0.0302552
830.183 0.792834 0.0330471
830.482 0.751947 0.0318325
830.782 0.77992 0.0325569
831.081 0.826391 0.0347813
831.38 0.763712 0.0323551
831.679 0.754306 0.0322283
831.978 0.78372 0.032903
832.277 0.770683 0.0315766
832.576 0.783937 0.0312479
832.875 0.736828 0.030276
833.174 0.751971 0.0303936
833.472 0.78776 0.0313438
833.771 0.785025 0.0317151
834.07 0.723258 0.0297184
834.368 0.760056 0.0307632
834.667 0.764682 0.0316715
834.965 0.803898 0.032961
835.263 0.80299 0.0329868
835.562 0.79642 0.0328664
835.86 0.747837 0.0315543
836.158 0.741007 0.0317672
836.456 0.79195 0.0337061
836.754 0.775801 0.0332674
837.052 0.805185 0.0349677
837.35 0.767632 0.0334805
837.648 0.808532 0.0348166
837.946 0.792099 0.0347546
838.243 0.838844 0.0357756
838.541 0.768281 0.0333384
838.839 0.777122 0.0335788
839.136 0.79515 0.0338945
839.434 0.817869 0.0341664
839.731 0.824092 0.0352192
840.028 0.794106 0.0337804
840.326 0.821711 0.0347945
840.623 0.801036 0.0343227
840.92 0.8195 0.0350502
841.217 0.856285 0.036834
841.514 0.846801 0.0368341
841.811 0.788417 0.0343685
842.108 0.812035 0.0359047
842.405 0.890913 0.0378889
842.701 0.892688 0.0381014
842.998 0.761898 0.0341161
843.295 0.801461 0.0357557
843.591 0.872212 0.037382
843.888 0.823748 0.0359086
844.184 0.800542 0.0356042
844.481 0.824027 0.0355303
844.777 0.772 0.0345588
845.073 0.83802 0.0362776
845.369 0.850386 0.0369109
845.665 0.853441 0.0375176
845.962 0.779809 0.035159
846.258 0.838341 0.0371606
846.553 0.818275 0.0367665
846.849 0.862475 0.0378115
847.145 0.800299 0.0352394
847.441 0.815711 0.0357906
847.737 0.798755 0.0351231
848.032 0.843197 0.0367763
848.328 0.810109 0.0362133
848.623 0.839435 0.0373551
848.919 0.729396 0.0340449
849.214 0.798342 0.0352113
849.509 0.783754 0.0354085
849.805 0.784824 0.0361436
850.1 0.859804 0.0386766
850.395 0.856571 0.0384759
850.69 0.826755 0.0380634
850.985 0.810756 0.0363557
851.28 0.820095 0.0364127
851.575 0.838838 0.0372761
851.869 0.804179 0.0363733
852.164 0.814819 0.0360677
852.459 0.838382 0.0355819
852.753 0.847667 0.0352806
853.048 0.757884 0.031629
853.342 0.768046 0.0316194
853.637 0.827227 0.0334046
853.931 0.798735 0.0324721
854.225 0.777633 0.0318994
854.52 0.875748 0.0351135
854.814 0.836622 0.0344341
855.108 0.77118 0.0319873
855.402 0.759886 0.0323332
855.696 0.787929 0.033867
855.99 0.836981 0.0354682
856.283 0.787191 0.0336422
856.577 0.850045 0.0357588
856.871 0.799721 0.0344101
857.164 0.847665 0.0358118
857.458 0.860047 0.0372706
857.751 0.82163 0.0357969
858.045 0.821234 0.035354
858.338 0.807271 0.0356249
858.632 0.8035 0.0347279
858.925 0.800052 0.0355628
859.218 0.792374 0.035241
859.511 0.884693 0.038796
859.804 0.823581 0.0370577
860.097 0.800247 0.0355613
860.39 0.850749 0.0377422
860.683 0.830377 0.0371297
860.976 0.842773 0.0377054
861.268 0.786769 0.035868
861.561 0.840365 0.0381319
861.854 0.892232 0.0404616
862.146 0.87306 0.038603
862.439 0.842093 0.0377071
862.731 0.840097 0.0367401
863.023 0.853138 0.0382235
863.316 0.826841 0.0369509
863.608 0.855398 0.03778
863.9 0.83373 0.0373222
864.192 0.786528 0.0353904
864.484 0.818918 0.0369757
864.776 0.850862 0.0380243
865.068 0.843703 0.0376297
865.36 0.821299 0.0370297
865.651 0.855041 0.0387751
865.943 0.850625 0.03796
866.235 0.837435 0.0378554
866.526 0.844258 0.0390338
866.818 0.812017 0.0369971
867.109 0.83799 0.0373537
867.4 0.806746 0.0373562
867.692 0.851816 0.0385951
867.983 0.837342 0.0378954
868.274 0.884415 0.0394345
868.565 0.844497 0.0380427
868.856 0.847215 0.0383532
869.147 0.840178 0.0380901
869.438 0.869767 0.0386506
869.729 0.794395 0.037159
870.02 0.905691 0.0412411
870.31 0.828569 0.0382158
870.601 0.823816 0.0375569
870.892 0.806988 0.0367898
871.182 0.761507 0.0355875
871.473 0.837846 0.0381403
871.763 0.836619 0.0371985
872.053 0.847794 0.0378872
872.343 0.808316 0.0369375
872.634 0.857387 0.0384247
872.924 0.834914 0.0371642
873.214 0.841581 0.0380759
873.504 0.897944 0.0398582
873.794 0.894858 0.0407838
874.084 0.890753 0.0405727
874.373 0.838511 0.0383743
874.663 0.807821 0.0367735
874.953 0.897436 0.0400489
875.242 0.83445 0.038098
875.532 0.834875 0.0377946
875.821 0.877714 0.038993
876.111 0.864726 0.0385566
876.4 0.864499 0.0390338
876.689 0.796299 0.0372135
876.978 0.849725 0.0384558
877.268 0.816576 0.0377652
877.557 0.892824 0.0399447
877.846 0.855629 0.0389729
878.134 0.914304 0.0406526
878.423 0.914473 0.0406601
878.712 0.914641 0.0406676
