178.41 0.711126 0.130443
178.791 0.715629 0.131269
179.172 0.7201 0.132089
179.553 0.279361 0.279361
179.934 0.721745 0.721745
180.316 0.359611 0.359611
180.697 0.491602 0.491602
181.078 0.862065 0.862065
181.459 0.593981 0.593981
181.84 0.761407 0.761407
182.221 2.9164 2.9164
182.602 0.0248289 0.0248289
182.983 -2.69209 -2.69209
183.364 1.24156 0.197721
183.744 0.473452 0.0770885
184.125 0.695993 0.0810776
184.506 0.552066 0.0591537
184.887 0.48068 0.049221
185.268 0.584245 0.0467172
185.648 0.671195 0.0484722
186.029 0.57071 0.042633
186.41 0.572244 0.0415741
186.791 0.654864 0.0427414
187.171 0.478511 0.0312505
187.552 0.399037 0.0232183
187.932 0.457542 0.0253157
188.313 0.435954 0.0230799
188.694 0.457316 0.0236251
189.074 0.408963 0.0215396
189.455 0.421926 0.0212712
189.835 0.46187 0.0228836
190.216 0.444257 0.0218518
190.596 0.456636 0.0212018
190.977 0.447372 0.0208226
191.357 0.445864 0.0208489
191.737 0.441542 0.0204884
192.118 0.469805 0.0210303
192.498 0.410516 0.0190487
192.878 0.434431 0.0197465
193.258 0.452759 0.0198108
193.639 0.416656 0.0187689
194.019 0.425255 0.0191287
194.399 0.437382 0.0192321
194.779 0.387106 0.0173679
195.159 0.420407 0.0186242
195.54 0.404176 0.0177139
195.92 0.400815 0.0176923
196.3 0.392509 0.0172543
196.68 0.398827 0.0174795
197.06 0.393438 0.0172574
197.44 0.396027 0.0171479
197.82 0.359565 0.0162111
198.2 0.379112 0.0166381
198.58 0.370549 0.016015
198.959 0.365693 0.0158809
199.339 0.35921 0.0158078
199.719 0.34216 0.0151326
200.099 0.353155 0.0154107
200.479 0.354569 0.0153979
200.858 0.348062 0.015031
201.238 0.340119 0.0146264
201.618 0.340324 0.014795
201.998 0.31136 0.0138126
202.377 0.308224 0.0137426
202.757 0.305252 0.0134965
203.136 0.297628 0.0132405
203.516 0.306664 0.0132398
203.896 0.286824 0.0126467
204.275 0.278049 0.0122061
204.655 0.294355 0.0125827
205.034 0.279137 0.0121091
205.414 0.270881 0.0117793
205.793 0.26334 0.0115101
206.172 0.273391 0.0117384
206.552 0.255727 0.0111592
206.931 0.25156 0.0108983
207.31 0.239095 0.0105104
207.69 0.248572 0.0106311
208.069 0.261478 0.0107592
208.448 0.254566 0.0104824
208.827 0.245727 0.0102396
209.207 0.251056 0.010323
209.586 0.231591 0.00965531
209.965 0.22752 0.00953983
210.344 0.230506 0.00946217
210.723 0.227242 0.00927953
211.102 0.21416 0.00885262
211.481 0.215393 0.0088312
211.86 0.214746 0.00873017
212.239 0.216338 0.00867393
212.618 0.223899 0.00869664
212.997 0.211287 0.00831034
213.376 0.207576 0.00820761
213.755 0.19437 0.00783068
214.134 0.200179 0.00783921
214.513 0.205945 0.00782259
214.891 0.202539 0.00770584
215.27 0.195955 0.00743705
215.649 0.199575 0.00744372
216.028 0.1888 0.00711496
216.406 0.180131 0.0068773
216.785 0.185888 0.00687265
217.164 0.183311 0.00675652
217.542 0.178541 0.00652822
217.921 0.173077 0.00634527
218.3 0.175902 0.00637419
218.678 0.170791 0.0061821
219.057 0.175803 0.00616048
219.435 0.171488 0.00598443
219.814 0.17019 0.0059178
220.192 0.160471 0.00565371
220.57 0.170078 0.00575225
220.949 0.164949 0.00556979
221.327 0.166178 0.00549755
221.705 0.156861 0.00528653
222.084 0.157489 0.00518218
222.462 0.157749 0.00512467
222.84 0.162307 0.00515527
223.218 0.154106 0.00489825
223.597 0.150622 0.00479364
223.975 0.148231 0.00466983
224.353 0.150017 0.00464628
224.731 0.151416 0.00459267
225.109 0.147994 0.00444877
225.487 0.141843 0.00429342
225.865 0.142428 0.00423647
226.243 0.144256 0.00420945
226.621 0.142094 0.00412276
226.999 0.138203 0.00398262
227.377 0.141947 0.00399703
227.755 0.137837 0.00388734
228.133 0.139485 0.00386086
228.511 0.139492 0.003815
228.889 0.137163 0.00371068
229.266 0.13598 0.00365957
229.644 0.133967 0.00356088
230.022 0.132561 0.00349629
230.4 0.139417 0.00355177
230.777 0.135212 0.00346452
231.155 0.136 0.00342943
231.533 0.133304 0.00334719
231.91 0.13246 0.00329142
232.288 0.133884 0.00327771
232.665 0.133274 0.00322813
233.043 0.133701 0.00320278
233.42 0.131236 0.00313023
233.798 0.132564 0.00312302
234.175 0.132327 0.00307959
234.553 0.13056 0.00302638
234.93 0.131708 0.00300922
235.307 0.131163 0.00297866
235.685 0.132138 0.00296531
236.062 0.1299 0.00290573
236.439 0.132533 0.00292052
236.816 0.131229 0.00287058
237.194 0.131075 0.00283852
237.571 0.131784 0.0028214
237.948 0.130047 0.00278794
238.325 0.129453 0.00275077
238.702 0.133464 0.00277657
239.079 0.129747 0.00271048
239.456 0.131205 0.00270745
239.833 0.131668 0.00269473
240.21 0.131776 0.00267094
240.587 0.130914 0.00264986
240.964 0.132793 0.00264704
241.341 0.130573 0.00260264
241.718 0.129925 0.0025716
242.095 0.130395 0.00257547
242.472 0.131828 0.00256906
242.849 0.131268 0.00254446
243.225 0.130111 0.00251113
243.602 0.132634 0.0025226
243.979 0.130814 0.00249658
244.356 0.132863 0.00250573
244.732 0.131227 0.00246489
245.109 0.133109 0.00246512
245.486 0.132401 0.00245514
245.862 0.133733 0.00245527
246.239 0.131081 0.00240602
246.615 0.134673 0.00243435
246.992 0.13354 0.00240633
247.368 0.135415 0.00242315
247.745 0.134612 0.00239558
248.121 0.134222 0.00237581
248.497 0.136243 0.00238975
248.874 0.134688 0.00236169
249.25 0.133106 0.00232712
249.626 0.134972 0.0023395
250.003 0.135176 0.00232753
250.379 0.133029 0.00228648
250.755 0.13543 0.00230902
251.131 0.137177 0.00230756
251.507 0.135534 0.00229064
251.884 0.136499 0.002283
252.26 0.135133 0.00227212
252.636 0.136709 0.00226453
253.012 0.135967 0.00225015
253.388 0.136308 0.00224618
253.764 0.13766 0.00224806
254.14 0.137483 0.00224126
254.516 0.138939 0.00225003
254.892 0.137145 0.00222415
255.268 0.139932 0.00224425
255.643 0.139234 0.00222925
256.019 0.138419 0.00222107
256.395 0.138545 0.00221744
256.771 0.139131 0.00220592
257.147 0.139817 0.00220885
257.522 0.13797 0.00219073
257.898 0.139978 0.00220299
258.274 0.14003 0.0021977
258.649 0.140829 0.00220261
259.025 0.140669 0.00218927
259.4 0.140563 0.00218726
259.776 0.140383 0.0021791
260.151 0.141909 0.00219828
260.527 0.142088 0.00218987
260.902 0.142088 0.00218391
261.278 0.142481 0.00218231
261.653 0.141977 0.00217838
262.028 0.142097 0.0021814
262.404 0.141755 0.00216879
262.779 0.141064 0.00215808
263.154 0.142389 0.00216436
263.53 0.142822 0.00216174
263.905 0.142775 0.00216558
264.28 0.1426 0.00216314
264.655 0.143058 0.0021603
265.03 0.144234 0.00217586
265.405 0.144198 0.00216834
265.781 0.1435 0.00216566
266.156 0.144442 0.00217042
266.531 0.143225 0.00214985
266.906 0.144504 0.00217136
267.281 0.145707 0.00216959
267.655 0.144624 0.00216959
268.03 0.145232 0.00217536
268.405 0.145118 0.00217161
268.78 0.145645 0.0021755
269.155 0.145224 0.00216752
269.53 0.145201 0.00217482
269.904 0.146704 0.00218358
270.279 0.147398 0.00219013
270.654 0.146256 0.00217543
271.029 0.147257 0.002187
271.403 0.147296 0.0021811
271.778 0.147819 0.00219118
272.152 0.148083 0.00219522
272.527 0.148365 0.00219539
272.901 0.147788 0.00218253
273.276 0.147641 0.00217648
273.65 0.148102 0.00218672
274.025 0.147921 0.00217971
274.399 0.146837 0.00218211
274.774 0.145932 0.00217035
275.148 0.14799 0.00217868
275.522 0.148505 0.00218832
275.897 0.147348 0.0021786
276.271 0.146269 0.00217277
276.645 0.148109 0.00218007
277.019 0.146698 0.00216378
277.393 0.147487 0.00216373
277.768 0.148041 0.00217805
278.142 0.146987 0.0021681
278.516 0.146884 0.00217116
278.89 0.148317 0.00217743
279.264 0.145894 0.00216649
279.638 0.14627 0.00215879
280.012 0.147481 0.00217152
280.386 0.147402 0.00218228
280.76 0.147561 0.00217516
281.133 0.146482 0.00217117
281.507 0.14764 0.00217799
281.881 0.147258 0.00217019
282.255 0.14692 0.00217074
282.629 0.146193 0.00217165
283.002 0.144681 0.00216155
283.376 0.145854 0.00216436
283.75 0.145879 0.0021719
284.123 0.145478 0.00216134
284.497 0.147752 0.00218214
284.87 0.145246 0.00216576
285.244 0.14537 0.0021627
285.618 0.146214 0.00217454
285.991 0.146071 0.00218265
286.364 0.145322 0.00217624
286.738 0.14489 0.0021726
287.111 0.146085 0.00218246
287.485 0.145898 0.0021823
287.858 0.145643 0.00218853
288.231 0.142436 0.0021605
288.605 0.144294 0.00218051
288.978 0.145609 0.00218576
289.351 0.143728 0.00218289
289.724 0.142662 0.0021747
290.097 0.144707 0.00219285
290.47 0.144524 0.00219854
290.843 0.143439 0.0021895
291.217 0.143514 0.00219051
291.59 0.142707 0.00219948
291.963 0.142343 0.00219182
292.336 0.141573 0.00219287
292.708 0.142279 0.00220252
293.081 0.140482 0.00219864
293.454 0.139312 0.00217982
293.827 0.140698 0.00219715
294.2 0.139414 0.00220136
294.573 0.139378 0.00219405
294.945 0.140026 0.00221214
295.318 0.139908 0.00221036
295.691 0.140106 0.00221731
296.064 0.137707 0.00220227
296.436 0.137504 0.00219909
296.809 0.137022 0.00218934
297.181 0.137729 0.00220676
297.554 0.136524 0.00220044
297.926 0.135554 0.00219436
298.299 0.135631 0.00219732
298.671 0.134606 0.00217947
299.044 0.136056 0.00220318
299.416 0.137828 0.00222084
299.788 0.135133 0.00219561
300.161 0.133899 0.00219518
300.533 0.135896 0.0022084
300.905 0.132657 0.00217362
301.278 0.135208 0.00219903
301.65 0.135118 0.00219583
302.022 0.134598 0.00219638
302.394 0.134661 0.00220044
302.766 0.134613 0.00219694
303.138 0.134553 0.00220509
303.51 0.133922 0.00219418
303.882 0.134814 0.00219871
304.254 0.133984 0.00219624
304.626 0.13211 0.00217427
304.998 0.134131 0.00219019
305.37 0.132202 0.00218654
305.742 0.130471 0.00216404
306.114 0.130066 0.00215974
306.485 0.130358 0.00216265
306.857 0.13028 0.00216046
307.229 0.130131 0.00216677
307.601 0.130629 0.00217031
307.972 0.128812 0.00215295
308.344 0.129066 0.00215237
308.716 0.127757 0.00215026
309.087 0.131074 0.00217525
309.459 0.130575 0.00217441
309.83 0.132926 0.00219418
310.202 0.132828 0.00218981
310.573 0.13543 0.00221245
310.945 0.136341 0.00221833
311.316 0.139569 0.00225518
311.687 0.141523 0.0022618
312.059 0.145853 0.0023042
312.43 0.149694 0.0023301
312.801 0.153508 0.00236792
313.172 0.158458 0.00240728
313.544 0.161791 0.00243497
313.915 0.164752 0.00244153
314.286 0.170094 0.00249157
314.657 0.173882 0.00251358
315.028 0.17592 0.00253361
315.399 0.180615 0.00256634
315.77 0.181781 0.00257098
316.141 0.185584 0.00260854
316.512 0.18803 0.00262528
316.883 0.189962 0.00264406
317.254 0.191248 0.00265033
317.625 0.194347 0.00268818
317.996 0.194661 0.00267561
318.366 0.194326 0.00267994
318.737 0.195195 0.00268323
319.108 0.196576 0.002702
319.478 0.198809 0.00271821
319.849 0.200087 0.00272563
320.22 0.203397 0.00275079
320.59 0.206915 0.0027729
320.961 0.209195 0.00279292
321.331 0.214625 0.0028293
321.702 0.221596 0.00288945
322.072 0.229901 0.002952
322.443 0.236522 0.00298827
322.813 0.240165 0.00300561
323.184 0.251635 0.00308517
323.554 0.258763 0.0031385
323.924 0.265995 0.00318042
324.295 0.27265 0.00323558
324.665 0.278657 0.00327341
325.035 0.283276 0.00329611
325.405 0.288814 0.00334187
325.775 0.295697 0.0033979
326.145 0.298496 0.00341067
326.515 0.30121 0.00343246
326.886 0.303851 0.00346491
327.256 0.304564 0.00347228
327.626 0.304978 0.00349612
327.995 0.305958 0.00351037
328.365 0.304506 0.00350693
328.735 0.309076 0.0035509
329.105 0.315025 0.00362375
329.475 0.326288 0.00371692
329.845 0.331931 0.00380315
330.215 0.333719 0.00379907
330.584 0.329881 0.00374076
330.954 0.317169 0.00358129
331.324 0.303259 0.00340329
331.693 0.293669 0.00329157
332.063 0.284634 0.00320564
332.432 0.283073 0.00318036
332.802 0.284403 0.00321399
333.171 0.292092 0.00329988
333.541 0.293969 0.00337223
333.91 0.290821 0.00337117
334.28 0.2879 0.00337341
334.649 0.279939 0.00333609
335.018 0.272067 0.00330006
335.388 0.266724 0.00327804
335.757 0.262957 0.00325527
336.126 0.25879 0.00324098
336.495 0.251144 0.00318195
336.865 0.246204 0.00316355
337.234 0.243484 0.00316381
337.603 0.238026 0.00312177
337.972 0.233671 0.0031002
338.341 0.229886 0.00306996
338.71 0.226064 0.00304226
339.079 0.219569 0.00300911
339.448 0.214804 0.00297158
339.817 0.212046 0.00295975
340.186 0.208019 0.00293336
340.554 0.202533 0.00289063
340.923 0.203147 0.00290106
341.292 0.199677 0.00287889
341.661 0.200915 0.00289142
342.029 0.19747 0.00286156
342.398 0.198738 0.00287459
342.767 0.196757 0.00287123
343.135 0.196002 0.00286357
343.504 0.193285 0.00285252
343.872 0.193053 0.0028402
344.241 0.192297 0.00284127
344.609 0.190137 0.00283649
344.978 0.188945 0.00282472
345.346 0.188543 0.00281111
345.715 0.185643 0.00280019
346.083 0.183907 0.00279328
346.451 0.188058 0.00282015
346.82 0.183289 0.00279349
347.188 0.183685 0.00279122
347.556 0.1854 0.00281869
347.924 0.183659 0.00280202
348.292 0.183173 0.00280467
348.66 0.184494 0.00281229
349.028 0.184575 0.00281645
349.396 0.187928 0.00285311
349.764 0.187116 0.00284335
350.132 0.188601 0.00285314
350.5 0.190012 0.00286847
350.868 0.192015 0.00288879
351.236 0.195966 0.00291604
351.604 0.199612 0.00295447
351.972 0.202365 0.00297815
352.34 0.201535 0.00297635
352.707 0.207131 0.00301872
353.075 0.210173 0.00304161
353.443 0.213258 0.00307084
353.81 0.216644 0.00310281
354.178 0.221671 0.00314037
354.545 0.222258 0.00313682
354.913 0.229721 0.00320261
355.28 0.231324 0.00321421
355.648 0.235111 0.00323356
356.015 0.240378 0.00327531
356.383 0.243189 0.00329064
356.75 0.247578 0.00332867
357.117 0.250536 0.00335035
357.485 0.255781 0.00338761
357.852 0.262843 0.00345777
358.219 0.262023 0.00343523
358.586 0.266904 0.00346651
358.954 0.272704 0.0035187
359.321 0.273541 0.00351558
359.688 0.281869 0.00358625
360.055 0.280429 0.003572
360.422 0.288022 0.00362527
360.789 0.289161 0.0036387
361.156 0.291849 0.00365235
361.523 0.298969 0.0037116
361.89 0.298791 0.00370599
362.256 0.302784 0.00371575
362.623 0.308012 0.00378502
362.99 0.308963 0.0037727
363.357 0.315742 0.00382945
363.724 0.317798 0.00384355
364.09 0.318671 0.00384107
364.457 0.326927 0.00391956
364.823 0.323361 0.00387308
365.19 0.329547 0.00391577
365.557 0.334539 0.00393919
365.923 0.338777 0.0039772
366.29 0.338229 0.00398647
366.656 0.339111 0.00397525
367.022 0.346917 0.00401572
367.389 0.348892 0.00404517
367.755 0.353656 0.00409208
368.121 0.356038 0.00410418
368.488 0.356283 0.00410004
368.854 0.360407 0.00413935
369.22 0.363262 0.0041753
369.586 0.366837 0.00421008
369.952 0.369308 0.00423343
370.318 0.373154 0.00425743
370.684 0.377052 0.00429209
371.051 0.382277 0.00432291
371.416 0.384942 0.00436477
371.782 0.386614 0.00436116
372.148 0.392628 0.00440399
372.514 0.390213 0.00439986
372.88 0.396676 0.00444918
373.246 0.395752 0.00443991
373.612 0.400982 0.00446705
373.977 0.40185 0.00446179
374.343 0.404605 0.00446291
374.709 0.408615 0.00447042
375.074 0.40914 0.00448668
375.44 0.409835 0.00450973
375.806 0.414606 0.00456094
376.171 0.415909 0.00454501
376.537 0.418424 0.00455456
376.902 0.420387 0.00457327
377.268 0.423837 0.00457314
377.633 0.423391 0.00456235
377.998 0.424354 0.00455005
378.364 0.426238 0.00454042
378.729 0.428175 0.00455838
379.094 0.436112 0.00462057
379.459 0.436257 0.00468325
379.825 0.437716 0.00467028
380.19 0.434375 0.00465964
380.555 0.43902 0.0047174
380.92 0.443248 0.00479929
381.285 0.442524 0.00478631
381.65 0.44071 0.00473932
382.015 0.444269 0.00476542
382.38 0.449258 0.00481073
382.745 0.446939 0.00482771
383.11 0.45222 0.00486928
383.474 0.450134 0.00484369
383.839 0.451988 0.00486241
384.204 0.456392 0.00490181
384.569 0.454509 0.00489767
384.933 0.456692 0.00492371
385.298 0.45663 0.00493105
385.663 0.457411 0.00492126
386.027 0.455643 0.00490159
386.392 0.460838 0.00490842
386.756 0.458313 0.00487033
387.121 0.459731 0.00487647
387.485 0.465194 0.00489027
387.849 0.462699 0.00485431
388.214 0.470327 0.00494847
388.578 0.472224 0.00498337
388.942 0.468357 0.00498821
389.307 0.473265 0.00500971
389.671 0.474414 0.00503426
390.035 0.472668 0.00500209
390.399 0.474528 0.00500016
390.763 0.474113 0.0049685
391.127 0.476262 0.00496179
391.492 0.47455 0.00488475
391.856 0.47667 0.00483922
392.219 0.477396 0.00480678
392.583 0.483664 0.00486578
392.947 0.491343 0.00501008
393.311 0.490958 0.00505433
393.675 0.490236 0.00506584
394.039 0.489662 0.00509422
394.403 0.491022 0.00510383
394.766 0.490662 0.00511582
395.13 0.492143 0.00513709
395.494 0.493752 0.00514343
395.857 0.493246 0.00511835
396.221 0.494053 0.00509933
396.584 0.494415 0.00506299
396.948 0.491567 0.00499389
397.311 0.495579 0.00494038
397.675 0.495271 0.00491217
398.038 0.500385 0.00493986
398.401 0.501469 0.00501551
398.765 0.510414 0.00513829
399.128 0.512529 0.00522248
399.491 0.509484 0.00524656
399.854 0.506175 0.00523694
400.218 0.512793 0.00528639
400.581 0.512438 0.00529962
400.944 0.517809 0.00535341
401.307 0.519952 0.00542904
401.67 0.516369 0.00539457
402.033 0.517984 0.00541876
402.396 0.520124 0.00543296
402.759 0.522783 0.00545347
403.122 0.523434 0.00543024
403.485 0.525639 0.00544027
403.847 0.525194 0.00539272
404.21 0.524225 0.0053599
404.573 0.531553 0.00539135
404.936 0.530865 0.00536131
405.298 0.533321 0.00543269
405.661 0.539399 0.00554015
406.023 0.543871 0.00564196
406.386 0.537307 0.00562765
406.749 0.541085 0.00567323
407.111 0.541561 0.00566845
407.473 0.53086 0.00552236
407.836 0.541489 0.00556924
408.198 0.540175 0.00552861
408.561 0.545464 0.0055716
408.923 0.545376 0.00557938
409.285 0.545466 0.00559014
409.647 0.550907 0.00566718
410.009 0.55185 0.00572567
410.372 0.550975 0.0057128
410.734 0.551328 0.00574336
411.096 0.551664 0.00573503
411.458 0.556853 0.00576055
411.82 0.558062 0.00572897
412.182 0.556432 0.00567718
412.544 0.557835 0.00569705
412.906 0.557856 0.00568707
413.267 0.563544 0.00573643
413.629 0.564612 0.00578706
413.991 0.56532 0.0058179
414.353 0.569706 0.00585651
414.714 0.570174 0.00592063
415.076 0.569846 0.00590423
415.438 0.569579 0.00589641
415.799 0.56775 0.00586345
416.161 0.569067 0.00592172
416.522 0.567205 0.00593635
416.884 0.569848 0.00595387
417.245 0.570173 0.00597754
417.607 0.568087 0.00595188
417.968 0.568089 0.00594519
418.329 0.576108 0.00597951
418.691 0.57547 0.00597422
419.052 0.572852 0.00595646
419.413 0.569972 0.00588801
419.774 0.569724 0.00586841
420.135 0.567939 0.00572877
420.497 0.566068 0.00562908
420.858 0.569013 0.00556584
421.219 0.575614 0.00561694
421.58 0.581383 0.00571699
421.941 0.589819 0.00585942
422.302 0.583613 0.00590669
422.662 0.584026 0.0059342
423.023 0.582029 0.00595019
423.384 0.579618 0.00595776
423.745 0.579851 0.005923
424.106 0.57788 0.0059096
424.466 0.58712 0.00594507
424.827 0.588127 0.00603231
425.187 0.59367 0.00613736
425.548 0.587457 0.00616284
425.909 0.587305 0.00619463
426.269 0.581875 0.00612245
426.63 0.577106 0.00605597
426.99 0.584527 0.00604476
427.35 0.587536 0.00608735
427.711 0.581507 0.00601311
428.071 0.578504 0.00594735
428.431 0.579827 0.00584039
428.792 0.575218 0.00561805
429.152 0.575118 0.00546314
429.512 0.576785 0.0054608
429.872 0.582955 0.00552803
430.232 0.589934 0.00565922
430.592 0.597354 0.00585629
430.952 0.603096 0.00605812
431.312 0.601826 0.0062023
431.672 0.593677 0.0062311
432.032 0.589554 0.00619045
432.392 0.585178 0.00608403
432.752 0.570985 0.00571414
433.111 0.571316 0.00558817
433.471 0.591793 0.00577642
433.831 0.602259 0.0060555
434.19 0.593634 0.00601277
434.55 0.593731 0.00601217
434.91 0.590865 0.00606761
435.269 0.587839 0.00596869
435.629 0.588329 0.00595802
435.988 0.58646 0.00592309
436.348 0.596856 0.00606674
436.707 0.597442 0.00616208
437.066 0.594719 0.00614467
437.426 0.585176 0.00602282
437.785 0.588864 0.00602484
438.144 0.588834 0.00601718
438.503 0.599875 0.00615346
438.862 0.592058 0.00612457
439.222 0.596098 0.00619447
439.581 0.592972 0.00620472
439.94 0.587631 0.00609017
440.299 0.582837 0.00586083
440.658 0.58372 0.00571598
441.017 0.587952 0.00573852
441.376 0.598935 0.00585946
441.734 0.595639 0.00590334
442.093 0.587455 0.00586009
442.452 0.587546 0.00581846
442.811 0.589814 0.00580405
443.169 0.58643 0.00578521
443.528 0.601789 0.00598203
443.887 0.592313 0.00593855
444.245 0.595715 0.00598166
444.604 0.592519 0.00601525
444.962 0.590882 0.00603552
445.321 0.591922 0.00604646
445.679 0.586375 0.00598644
446.038 0.592211 0.00599419
446.396 0.595594 0.0060941
446.754 0.597274 0.00618619
447.112 0.600635 0.00623494
447.471 0.596973 0.00622303
447.829 0.594356 0.00624186
448.187 0.595542 0.00623698
448.545 0.589697 0.0061873
448.903 0.592873 0.00622001
449.261 0.593858 0.00624328
449.619 0.596279 0.00631524
449.977 0.600273 0.00636722
450.335 0.596386 0.00641611
450.693 0.597514 0.00643808
451.051 0.594702 0.00641019
451.409 0.594692 0.00643527
451.766 0.595813 0.00644954
452.124 0.601253 0.00656981
452.482 0.595033 0.00660049
452.839 0.602719 0.00671717
453.197 0.600026 0.00671397
453.555 0.599109 0.00673658
453.912 0.596455 0.00670399
454.27 0.587199 0.00654684
454.627 0.591922 0.00649545
454.984 0.592939 0.00651638
455.342 0.601951 0.00666638
455.699 0.6034 0.00674887
456.056 0.587489 0.00661977
456.414 0.595808 0.00660687
456.771 0.586546 0.00643545
457.128 0.59187 0.00643986
457.485 0.595606 0.00643775
457.842 0.596621 0.00648311
458.199 0.594986 0.00646673
458.556 0.59125 0.0063842
458.913 0.590728 0.00638165
459.27 0.594416 0.00636528
459.627 0.599902 0.00648762
459.984 0.592153 0.00639858
460.341 0.599189 0.00642821
460.697 0.59799 0.00649829
461.054 0.610576 0.00675975
461.411 0.614254 0.00691975
461.767 0.603435 0.00693942
462.124 0.597084 0.00688555
462.481 0.59126 0.00676993
462.837 0.589901 0.00665718
463.194 0.58931 0.00651457
463.55 0.595171 0.00658899
463.907 0.590144 0.00638886
464.263 0.586878 0.00628344
464.619 0.590386 0.00618289
464.976 0.58808 0.00608535
465.332 0.59311 0.0061098
465.688 0.602837 0.00634872
466.044 0.610435 0.00661797
466.4 0.610177 0.00671951
466.756 0.59874 0.00669992
467.112 0.599861 0.00670613
467.468 0.592589 0.0066555
467.824 0.598774 0.00675877
468.18 0.603057 0.00687149
468.536 0.600549 0.00686292
468.892 0.603046 0.00698689
469.248 0.601769 0.00701044
469.604 0.598327 0.00703241
469.959 0.599222 0.00703518
470.315 0.597908 0.00702367
470.671 0.597877 0.00701647
471.026 0.594457 0.00693733
471.382 0.58841 0.00683592
471.737 0.594058 0.00681339
472.093 0.595241 0.00671378
472.448 0.586512 0.00653643
472.804 0.58949 0.00649713
473.159 0.587686 0.00643392
473.514 0.603056 0.00655064
473.87 0.588463 0.00637869
474.225 0.578832 0.00614551
474.58 0.584023 0.00605128
474.935 0.59859 0.00617839
475.29 0.601179 0.00627523
475.645 0.600405 0.00627754
476 0.590085 0.00623137
476.355 0.596283 0.00632041
476.71 0.594997 0.00630988
477.065 0.579318 0.00604483
477.42 0.580545 0.00597142
477.775 0.587083 0.00601219
478.13 0.595697 0.0061106
478.485 0.588762 0.00603092
478.839 0.58466 0.00593797
479.194 0.578922 0.00575734
479.549 0.586382 0.00572326
479.903 0.594193 0.00577661
480.258 0.59218 0.0058122
480.612 0.588408 0.0057181
480.967 0.585292 0.00557109
481.321 0.590311 0.00561286
481.675 0.596504 0.00575092
482.03 0.603522 0.00588669
482.384 0.594069 0.00586494
482.738 0.590592 0.00579199
483.093 0.586651 0.00573048
483.447 0.580772 0.00557786
483.801 0.575315 0.00537825
484.155 0.57858 0.00532467
484.509 0.529069 0.00443376
484.863 0.497689 0.00293101
485.217 0.545617 0.00278919
485.571 0.601346 0.00300381
485.925 0.695074 0.00411381
486.279 0.687658 0.00474469
486.632 0.644061 0.00496639
486.986 0.621289 0.00527274
487.34 0.615425 0.00560207
487.694 0.600861 0.00568991
488.047 0.593627 0.00568753
488.401 0.592912 0.00569132
488.754 0.592048 0.00572327
489.108 0.596811 0.00584003
489.461 0.592697 0.00584805
489.815 0.598671 0.00593875
490.168 0.590849 0.00583475
490.522 0.588602 0.00579887
490.875 0.5909 0.00581891
491.228 0.590437 0.00585663
491.581 0.587602 0.00580247
491.935 0.593753 0.00585432
492.288 0.594035 0.00587984
492.641 0.589257 0.00581462
492.994 0.587148 0.00579986
493.347 0.58731 0.00572011
493.7 0.588634 0.00573093
494.053 0.592698 0.00577036
494.406 0.597587 0.00588782
494.759 0.600131 0.00602064
495.111 0.57909 0.00572948
495.464 0.569922 0.00543449
495.817 0.581212 0.00538891
496.169 0.597971 0.00561944
496.522 0.603039 0.00589795
496.875 0.604416 0.00610188
497.227 0.596554 0.00612197
497.58 0.588607 0.00607045
497.932 0.586893 0.00599045
498.285 0.580029 0.00590094
498.637 0.578368 0.00574574
498.989 0.583655 0.00570767
499.342 0.590984 0.00578598
499.694 0.604477 0.00598103
500.046 0.592857 0.00597413
500.398 0.580693 0.00576774
500.751 0.583332 0.00572811
501.103 0.587258 0.00572903
501.455 0.587246 0.00573776
501.807 0.59291 0.00577402
502.159 0.592074 0.00577307
502.511 0.590621 0.00575167
502.862 0.589269 0.00576982
503.214 0.594023 0.00587224
503.566 0.593188 0.00598705
503.918 0.590805 0.00603967
504.27 0.591246 0.00603552
504.621 0.591975 0.00605398
504.973 0.592196 0.00608927
505.324 0.587967 0.00602831
505.676 0.584092 0.00590372
506.027 0.58811 0.00593998
506.379 0.597616 0.00618734
506.73 0.600076 0.0062946
507.082 0.588385 0.00618875
507.433 0.58411 0.00605201
507.784 0.586139 0.00601183
508.136 0.594783 0.00616166
508.487 0.59911 0.0062475
508.838 0.592306 0.00627017
509.189 0.590766 0.00625513
509.54 0.585945 0.00614628
509.891 0.593445 0.00625705
510.242 0.587351 0.00623178
510.593 0.597821 0.00632709
510.944 0.590523 0.0063235
511.295 0.600085 0.00650724
511.646 0.595322 0.00655315
511.996 0.589439 0.00645351
512.347 0.583238 0.00637119
512.698 0.592343 0.00644195
513.049 0.593987 0.00649062
513.399 0.592422 0.00651213
513.75 0.590416 0.00648166
514.1 0.596583 0.00663904
514.451 0.602552 0.00681091
514.801 0.590336 0.00671191
515.152 0.58348 0.00661385
515.502 0.581528 0.00650043
515.852 0.588669 0.00650512
516.202 0.592542 0.00651773
516.553 0.600954 0.00665979
516.903 0.595515 0.0067307
517.253 0.600957 0.00686338
517.603 0.594341 0.00682425
517.953 0.586655 0.00674704
518.303 0.583427 0.00657052
518.653 0.586699 0.00653493
519.003 0.591963 0.0066146
519.353 0.59665 0.00687827
519.703 0.599874 0.00704308
520.052 0.593702 0.00704269
520.402 0.590319 0.00698391
520.752 0.583354 0.00686313
521.102 0.59687 0.00705469
521.451 0.595202 0.00709499
521.801 0.593236 0.007063
522.15 0.58124 0.00687537
522.5 0.587633 0.00690186
522.849 0.58987 0.00689326
523.199 0.584276 0.00679569
523.548 0.581339 0.00671342
523.897 0.589307 0.00683743
524.246 0.592275 0.00696872
524.596 0.598446 0.00710406
524.945 0.588757 0.00700524
525.294 0.58296 0.00696987
525.643 0.590762 0.00700072
525.992 0.590046 0.00698452
526.341 0.586495 0.00692005
526.69 0.593071 0.00701351
527.039 0.591829 0.00707444
527.388 0.591765 0.00712355
527.737 0.580211 0.00683904
528.086 0.569829 0.00652822
528.434 0.576527 0.00644631
528.783 0.596117 0.00673403
529.132 0.601139 0.00689105
529.48 0.600267 0.00697465
529.829 0.590525 0.00695594
530.177 0.593419 0.00704453
530.526 0.596386 0.00707948
530.874 0.587488 0.00695948
531.223 0.583271 0.00692444
531.571 0.594873 0.0070532
531.919 0.584657 0.00692365
532.268 0.568049 0.0066162
532.616 0.57289 0.00643194
532.964 0.575191 0.00634924
533.312 0.587774 0.00642164
533.66 0.587862 0.0064511
534.008 0.588806 0.00644159
534.356 0.585487 0.00642765
534.704 0.588835 0.00650458
535.052 0.593954 0.00662066
535.4 0.594441 0.00676338
535.748 0.593378 0.00691821
536.095 0.594468 0.0071
536.443 0.594947 0.00711172
536.791 0.579315 0.00686924
537.139 0.578475 0.00670621
537.486 0.577339 0.00654467
537.834 0.582987 0.00654176
538.181 0.58199 0.00649864
538.529 0.587688 0.00656716
538.876 0.586106 0.00654132
539.223 0.59461 0.0067
539.571 0.593885 0.00683916
539.918 0.588274 0.00678265
540.265 0.582201 0.00661452
540.613 0.579253 0.00648428
540.96 0.589218 0.0066208
541.307 0.587756 0.00662463
541.654 0.580642 0.00658278
542.001 0.591321 0.00666372
542.348 0.58338 0.00661758
542.695 0.585347 0.00663711
543.042 0.581398 0.00651317
543.388 0.575308 0.00639704
543.735 0.583414 0.006433
544.082 0.586077 0.00643785
544.429 0.587396 0.00647475
544.775 0.595178 0.00666103
545.122 0.597832 0.00687379
545.469 0.599904 0.00699828
545.815 0.581452 0.00684994
546.162 0.579634 0.0067848
546.508 0.572484 0.00660438
546.854 0.568957 0.00633998
547.201 0.565714 0.00609042
547.547 0.582036 0.00615976
547.893 0.595749 0.00637182
548.24 0.61227 0.00680552
548.586 0.60472 0.00704469
548.932 0.602759 0.00713789
549.278 0.58452 0.00703406
549.624 0.590422 0.00703172
549.97 0.589906 0.00709442
550.316 0.591528 0.007246
550.662 0.59446 0.00733868
551.008 0.57176 0.00682483
551.353 0.5661 0.00642814
551.699 0.577597 0.00634946
552.045 0.594988 0.00661789
552.391 0.594529 0.00675243
552.736 0.587441 0.0067427
553.082 0.582766 0.00672568
553.427 0.586803 0.00686822
553.773 0.599081 0.00716947
554.118 0.583403 0.00707548
554.464 0.572371 0.00682843
554.809 0.561626 0.0064954
555.154 0.572679 0.00647066
555.5 0.579005 0.00652105
555.845 0.59439 0.00686402
556.19 0.599394 0.00707987
556.535 0.592641 0.00719796
556.88 0.581798 0.0070168
557.225 0.584552 0.00700732
557.57 0.593439 0.00719816
557.915 0.599769 0.00743264
558.26 0.595963 0.00750034
558.605 0.589589 0.00743366
558.95 0.570787 0.00715289
559.295 0.561151 0.00671403
559.639 0.565795 0.00648801
559.984 0.56441 0.00623241
560.329 0.576008 0.00627286
560.673 0.587422 0.00635669
561.018 0.594394 0.00658195
561.362 0.594742 0.00675939
561.707 0.592465 0.00691556
562.051 0.581218 0.00676611
562.395 0.567509 0.00659753
562.74 0.5718 0.00649101
563.084 0.573112 0.00641816
563.428 0.572129 0.00627874
563.772 0.581663 0.00636018
564.117 0.575495 0.0062801
564.461 0.58004 0.00628491
564.805 0.578777 0.00633275
565.149 0.580529 0.00631308
565.493 0.579225 0.00631565
565.836 0.576376 0.00617907
566.18 0.572572 0.00606864
566.524 0.553717 0.00556513
566.868 0.561765 0.00545513
567.212 0.572224 0.00541196
567.555 0.566231 0.00531551
567.899 0.558367 0.0050339
568.242 0.557814 0.00482595
568.586 0.551237 0.00448939
568.929 0.545426 0.00418
569.273 0.5462 0.00395479
569.616 0.570994 0.00404927
569.96 0.566225 0.00395087
570.303 0.558668 0.00380247
570.646 0.564783 0.00377574
570.989 0.560693 0.00364553
571.333 0.573898 0.00373412
571.676 0.586294 0.0039153
572.019 0.603813 0.00429648
572.362 0.557093 0.00389398
572.705 0.540737 0.00356077
573.048 0.550743 0.00342052
573.391 0.553794 0.00331806
573.733 0.557649 0.00328333
574.076 0.566501 0.00327271
574.419 0.582419 0.00341951
574.762 0.58867 0.00362098
575.104 0.605594 0.00393141
575.447 0.567798 0.00375536
575.789 0.544985 0.00345824
576.132 0.54556 0.0032688
576.474 0.558873 0.00327142
576.817 0.545239 0.00298912
577.159 0.552332 0.00284453
577.501 0.580622 0.00293948
577.844 0.602973 0.00320601
578.186 0.622628 0.00365422
578.528 0.600541 0.00373541
578.87 0.579802 0.00368636
579.212 0.556908 0.00349235
579.554 0.558682 0.00338614
579.896 0.564706 0.00342508
580.238 0.547124 0.00317699
580.58 0.536707 0.00276466
580.922 0.576023 0.00275262
581.264 0.626109 0.00286973
581.606 0.611031 0.00295979
581.947 0.609849 0.00313867
582.289 0.624409 0.00352842
582.631 0.624287 0.00391336
582.972 0.609697 0.00412671
583.314 0.574119 0.00396035
583.655 0.554433 0.00376226
583.997 0.534494 0.00337191
584.338 0.535025 0.0031378
584.679 0.55022 0.00305303
585.021 0.577105 0.00321268
585.362 0.594829 0.00350463
585.703 0.609559 0.0038159
586.044 0.577216 0.00372712
586.385 0.550329 0.00344372
586.726 0.548736 0.0032843
587.067 0.578083 0.00350328
587.408 0.589063 0.00373917
587.749 0.591845 0.00392569
588.09 0.589393 0.00408084
588.431 0.60522 0.00438159
588.772 0.593588 0.00451297
589.113 0.567221 0.00433543
589.453 0.567202 0.00431184
589.794 0.585181 0.00452963
590.134 0.594697 0.00480996
590.475 0.588129 0.0048945
590.815 0.572776 0.0047855
591.156 0.573507 0.00479537
591.496 0.556348 0.0045791
591.837 0.520931 0.00381187
592.177 0.521492 0.00346458
592.517 0.547392 0.00339837
592.857 0.578739 0.00368423
593.198 0.599097 0.00398824
593.538 0.620582 0.00447781
593.878 0.597247 0.00453319
594.218 0.559989 0.00424792
594.558 0.555331 0.00407299
594.898 0.574034 0.00425763
595.237 0.596404 0.00460886
595.577 0.603436 0.00493541
595.917 0.600109 0.0051676
596.257 0.566016 0.00480838
596.596 0.552832 0.00463261
596.936 0.566507 0.00461173
597.276 0.585566 0.00487195
597.615 0.564571 0.00469902
597.955 0.526062 0.00398934
598.294 0.535247 0.00377536
598.633 0.562778 0.00388407
598.973 0.580265 0.00409262
599.312 0.569031 0.00404044
599.651 0.575069 0.00409402
599.991 0.578252 0.00419501
600.33 0.57685 0.00425465
600.669 0.577753 0.00438003
601.008 0.589893 0.00457879
601.347 0.58638 0.00472072
601.686 0.564577 0.00449683
602.025 0.568821 0.00454382
602.364 0.550416 0.00424701
602.702 0.557384 0.00421249
603.041 0.567716 0.00427951
603.38 0.589668 0.0045701
603.719 0.597419 0.00480958
604.057 0.583782 0.00488799
604.396 0.574145 0.00483982
604.734 0.550397 0.00452581
605.073 0.540582 0.00414952
605.411 0.563869 0.00427909
605.75 0.583187 0.00451065
606.088 0.593994 0.00479054
606.426 0.564907 0.00455725
606.764 0.564009 0.00449103
607.103 0.582165 0.00470734
607.441 0.585226 0.00488259
607.779 0.584222 0.00499667
608.117 0.567611 0.00489143
608.455 0.589614 0.00519679
608.793 0.577849 0.00519429
609.131 0.543866 0.00470132
609.469 0.549258 0.00461056
609.806 0.573099 0.00477288
610.144 0.600751 0.00527043
610.482 0.581224 0.00523793
610.819 0.5754 0.00520021
611.157 0.571611 0.00521033
611.495 0.584864 0.0054551
611.832 0.57482 0.00542422
612.17 0.567191 0.00534891
612.507 0.56667 0.00528674
612.844 0.573049 0.00537226
613.182 0.570557 0.00537296
613.519 0.566415 0.00532045
613.856 0.563971 0.00529512
614.193 0.559721 0.00520861
614.53 0.560534 0.0051038
614.867 0.566457 0.00512514
615.205 0.589179 0.00548864
615.541 0.597423 0.00572664
615.878 0.588098 0.00592302
616.215 0.574432 0.00579404
616.552 0.576877 0.00586569
616.889 0.55847 0.00563885
617.226 0.566134 0.00561917
617.562 0.580902 0.00587293
617.899 0.601375 0.0063364
618.235 0.603101 0.00667243
618.572 0.59179 0.00685443
618.908 0.566529 0.00647383
619.245 0.555987 0.00615157
619.581 0.560294 0.00606709
619.918 0.607163 0.00684043
620.254 0.639058 0.00791665
620.59 0.598171 0.0077745
620.926 0.553421 0.00697252
621.262 0.544863 0.00653414
621.599 0.566 0.00668994
621.935 0.55931 0.00656658
622.271 0.551838 0.00627801
622.606 0.554338 0.00615627
622.942 0.580282 0.00645483
623.278 0.581135 0.00664786
623.614 0.552051 0.00617484
623.95 0.560115 0.00619488
624.285 0.579456 0.00641838
624.621 0.59201 0.00683998
624.957 0.589807 0.00703959
625.292 0.590275 0.00725535
625.628 0.592099 0.0074864
625.963 0.574703 0.00742456
626.299 0.562783 0.0071959
626.634 0.558182 0.00705399
626.969 0.573521 0.0072825
627.304 0.605402 0.00811034
627.64 0.617546 0.00878609
627.975 0.571305 0.00828164
628.31 0.547005 0.00765991
628.645 0.558643 0.0075639
628.98 0.577476 0.00785934
629.315 0.588259 0.0080844
629.65 0.581035 0.00809872
629.985 0.574679 0.00803165
630.319 0.591081 0.00850167
630.654 0.587662 0.00857363
630.989 0.579788 0.00847429
631.323 0.582183 0.00863888
631.658 0.60174 0.0091407
631.993 0.603475 0.00955024
632.327 0.587596 0.00945966
632.662 0.579325 0.00934197
632.996 0.566574 0.00903369
633.33 0.571554 0.00893899
633.665 0.586438 0.00937175
633.999 0.597872 0.00975012
634.333 0.580126 0.0096024
634.667 0.585061 0.00967653
635.001 0.575167 0.00936059
635.335 0.566151 0.00893354
635.669 0.551932 0.00849331
636.003 0.573544 0.00877856
636.337 0.59272 0.00937017
636.671 0.613481 0.0100308
637.005 0.604482 0.0102274
637.339 0.58956 0.0100557
637.672 0.568258 0.00951193
638.006 0.564747 0.00923902
638.339 0.585605 0.00954526
638.673 0.603984 0.0100025
639.006 0.603913 0.0103161
639.34 0.585653 0.0101533
639.673 0.593481 0.0103668
640.007 0.587055 0.0102846
640.34 0.597304 0.010555
640.673 0.582432 0.0105022
641.006 0.597327 0.0107919
641.34 0.589804 0.0108406
641.673 0.595472 0.0111526
642.006 0.604403 0.0114295
642.339 0.587002 0.0110646
642.672 0.582754 0.0109567
643.004 0.578479 0.0109788
643.337 0.596304 0.0115057
643.67 0.596042 0.0115001
644.003 0.587352 0.0113041
644.336 0.587134 0.0112546
644.668 0.584498 0.0112092
645.001 0.594833 0.0115033
645.333 0.611255 0.0119478
645.666 0.610166 0.0121835
645.998 0.612612 0.0124866
646.331 0.613313 0.0126836
646.663 0.604807 0.0124657
646.995 0.578168 0.0114448
647.327 0.546835 0.0102215
647.66 0.552464 0.00971172
647.992 0.576269 0.00976723
648.324 0.574977 0.00972024
648.656 0.590938 0.00999123
648.988 0.605377 0.0105152
649.32 0.632504 0.0114972
649.652 0.623193 0.0119476
649.983 0.612907 0.0121038
650.315 0.619425 0.0122463
650.647 0.591715 0.0116947
650.979 0.573836 0.0109913
651.31 0.566936 0.0105049
651.642 0.571924 0.0103141
651.973 0.579813 0.0103781
652.305 0.582135 0.0103593
652.636 0.603671 0.0106954
652.967 0.603526 0.0109358
653.299 0.607852 0.0112308
653.63 0.589621 0.010936
653.961 0.559448 0.00989575
654.292 0.472833 0.00698281
654.623 0.362711 0.00221673
654.955 0.896122 0.00342034
655.286 0.896067 0.00342013
655.616 0.896011 0.00341992
655.947 0.895954 0.00341971
656.278 0.895897 0.00341949
656.609 0.758615 0.00329287
656.94 0.82275 0.00453775
657.27 0.806167 0.00526609
657.601 0.784521 0.00599173
657.932 0.771996 0.00710924
658.262 0.732398 0.00843515
658.593 0.687008 0.00979991
658.923 0.661186 0.0112413
659.254 0.637891 0.0121967
659.584 0.62298 0.0127975
659.914 0.631183 0.0134892
660.244 0.625711 0.013766
660.575 0.615352 0.0135517
660.905 0.605209 0.0134596
661.235 0.597925 0.0131911
661.565 0.595325 0.0130677
661.895 0.594766 0.012987
662.225 0.602606 0.0132782
662.555 0.612186 0.0135691
662.884 0.605851 0.0133479
663.214 0.602113 0.0131231
663.544 0.589806 0.0128532
663.873 0.577434 0.0125292
664.203 0.590815 0.0125355
664.533 0.582039 0.0121051
664.862 0.581044 0.0120106
665.192 0.604265 0.0126006
665.521 0.629578 0.01356
665.85 0.619393 0.0138494
666.18 0.629831 0.0145409
666.509 0.613688 0.0142681
666.838 0.599097 0.0137642
667.167 0.583634 0.0134109
667.496 0.612086 0.0139706
667.825 0.619337 0.0141238
668.154 0.617013 0.0140738
668.483 0.605218 0.0138439
668.812 0.591865 0.0134353
669.141 0.597651 0.0133661
669.47 0.602146 0.0132511
669.798 0.607754 0.0134489
670.127 0.601938 0.013397
670.456 0.567319 0.0122705
670.784 0.534157 0.0106799
671.113 0.535226 0.00981334
671.441 0.549648 0.00950262
671.77 0.578113 0.00990741
672.098 0.590668 0.0104084
672.426 0.632827 0.0119777
672.755 0.638082 0.0127881
673.083 0.614208 0.0127239
673.411 0.589879 0.0124445
673.739 0.602476 0.0127607
674.067 0.628753 0.0137245
674.395 0.618465 0.0136102
674.723 0.585731 0.0129003
675.051 0.588669 0.0127455
675.379 0.587161 0.0127187
675.706 0.586471 0.012851
676.034 0.601627 0.0133097
676.362 0.597697 0.0133301
676.689 0.572447 0.0122541
677.017 0.554636 0.01127
677.344 0.557355 0.0108526
677.672 0.589276 0.0113503
677.999 0.590938 0.0115047
678.327 0.573246 0.0111053
678.654 0.571489 0.0106057
678.981 0.563028 0.0102103
679.308 0.575242 0.0104027
679.636 0.607939 0.0111942
679.963 0.612332 0.0117968
680.29 0.594759 0.0116579
680.617 0.576276 0.0112617
680.944 0.566195 0.0109972
681.271 0.597858 0.0116261
681.597 0.621789 0.0126583
681.924 0.632641 0.0135989
682.251 0.60772 0.013276
682.578 0.575632 0.0122417
682.904 0.551569 0.0111815
683.231 0.558152 0.0108006
683.557 0.563174 0.0106062
683.884 0.564843 0.0103188
684.21 0.556546 0.0100029
684.536 0.550002 0.00961898
684.863 0.560656 0.00956578
685.189 0.579505 0.00988933
685.515 0.60849 0.0106821
685.841 0.60007 0.0109554
686.167 0.585587 0.0108331
686.493 0.581609 0.0106672
686.819 0.587469 0.0107817
687.145 0.606143 0.0114299
687.471 0.617029 0.0124013
687.797 0.627331 0.0129239
688.123 0.590088 0.0124581
688.448 0.578503 0.0119306
688.774 0.567037 0.0114568
689.1 0.587126 0.0118553
689.425 0.616808 0.0126611
689.751 0.603655 0.0127281
690.076 0.572931 0.0117094
690.402 0.544056 0.0106607
690.727 0.55873 0.01047
691.052 0.580403 0.0109509
691.377 0.602379 0.0114912
691.703 0.596064 0.0117202
692.028 0.584455 0.0116121
692.353 0.5786 0.0113095
692.678 0.591308 0.0115209
693.003 0.604695 0.0120935
693.328 0.630649 0.0132622
693.652 0.632192 0.0138778
693.977 0.589041 0.0130758
694.302 0.553283 0.0119491
694.627 0.569422 0.0119526
694.951 0.598874 0.0126986
695.276 0.649036 0.0144921
695.6 0.616604 0.014363
695.925 0.540161 0.0117985
696.249 0.522631 0.0102333
696.574 0.545818 0.00991112
696.898 0.590487 0.0107779
697.222 0.616493 0.0116404
697.546 0.611092 0.0120556
697.871 0.584784 0.0120417
698.195 0.590044 0.0121844
698.519 0.595534 0.0125507
698.843 0.602967 0.0129902
699.167 0.62623 0.0137359
699.491 0.62494 0.0142443
699.814 0.606892 0.0141506
700.138 0.597748 0.0140865
700.462 0.609556 0.0144602
700.786 0.579131 0.0139075
701.109 0.591924 0.0137137
701.433 0.578904 0.0130924
701.756 0.572583 0.0125559
702.08 0.58483 0.0126905
702.403 0.591392 0.0130215
702.726 0.605939 0.01374
703.05 0.611498 0.0141397
703.373 0.606924 0.014251
703.696 0.587674 0.014035
704.019 0.617584 0.0148897
704.342 0.633967 0.0156362
704.665 0.645453 0.0164286
704.988 0.611873 0.0158909
705.311 0.58066 0.014529
705.634 0.540277 0.0125831
705.957 0.52907 0.0112777
706.28 0.537418 0.0105295
706.602 0.560439 0.0106411
706.925 0.580144 0.0110543
707.247 0.594362 0.0116348
707.57 0.599106 0.0121418
707.892 0.608599 0.0126552
708.215 0.621568 0.0134143
708.537 0.603595 0.0135443
708.859 0.588805 0.0134538
709.182 0.594596 0.0133799
709.504 0.577276 0.0128366
709.826 0.580186 0.0127073
710.148 0.589939 0.0128654
710.47 0.607062 0.0134217
710.792 0.607604 0.0139239
711.114 0.61201 0.0144427
711.436 0.616016 0.0148123
711.758 0.601042 0.0143944
712.079 0.580808 0.0139883
712.401 0.574785 0.0132289
712.723 0.571869 0.0127163
713.044 0.550221 0.0117515
713.366 0.571615 0.0118444
713.687 0.586875 0.012099
714.009 0.584258 0.0123995
714.33 0.589321 0.0127323
714.652 0.595596 0.0131637
714.973 0.605214 0.0137294
715.294 0.62795 0.0147041
715.615 0.641043 0.0158067
715.936 0.627135 0.0158635
716.257 0.625538 0.0159958
716.578 0.628521 0.0161416
716.899 0.625635 0.0157455
717.22 0.580737 0.0141914
717.541 0.581536 0.0138205
717.862 0.590458 0.0138793
718.182 0.595105 0.0139064
718.503 0.572288 0.0133408
718.824 0.593249 0.0137764
719.144 0.600781 0.0140852
719.465 0.593773 0.0143226
719.785 0.583942 0.0139105
720.105 0.584891 0.0137389
720.426 0.578187 0.0134905
720.746 0.594703 0.0139139
721.066 0.596397 0.0139589
721.386 0.589258 0.0140172
721.706 0.605814 0.0146261
722.026 0.607961 0.0150408
722.346 0.609872 0.0151897
722.666 0.591856 0.0147679
722.986 0.595635 0.0144475
723.306 0.595342 0.0145567
723.626 0.599436 0.0148963
723.946 0.612589 0.0150287
724.265 0.568291 0.0137013
724.585 0.558096 0.0128619
724.904 0.582566 0.0130432
725.224 0.589108 0.0131513
725.543 0.575645 0.0129974
725.863 0.582906 0.0132045
726.182 0.623537 0.0142113
726.501 0.60212 0.0141851
726.82 0.600167 0.0142553
727.14 0.576719 0.0134329
727.459 0.573985 0.0129968
727.778 0.569127 0.0128648
728.097 0.585715 0.0132294
728.416 0.590655 0.013135
728.734 0.560314 0.0123864
729.053 0.569802 0.0123684
729.372 0.556096 0.0121935
729.691 0.56211 0.0119504
730.009 0.550148 0.0112542
730.328 0.554005 0.0109612
730.647 0.576848 0.0111977
730.965 0.583165 0.0116533
731.283 0.592615 0.0121887
731.602 0.578093 0.0121786
731.92 0.576778 0.0119485
732.238 0.561394 0.0115042
732.557 0.563117 0.0114163
732.875 0.551059 0.0110196
733.193 0.531512 0.0101771
733.511 0.536713 0.00999305
733.829 0.563912 0.0105503
734.147 0.598888 0.0115877
734.465 0.597678 0.0121025
734.782 0.578539 0.0118964
735.1 0.554952 0.011325
735.418 0.566155 0.0114293
735.735 0.568481 0.0114873
736.053 0.567297 0.0113481
736.371 0.562569 0.0114175
736.688 0.576161 0.0119756
737.005 0.611709 0.0130912
737.323 0.606079 0.0135292
737.64 0.591307 0.0133786
737.957 0.563427 0.0123816
738.274 0.538099 0.0111058
738.592 0.548036 0.010935
738.909 0.567636 0.0114092
739.226 0.604533 0.0128242
739.543 0.614916 0.0139415
739.86 0.638941 0.0150375
740.176 0.619361 0.0151897
740.493 0.616022 0.0156062
740.81 0.600775 0.0154604
741.127 0.595558 0.0152305
741.443 0.568014 0.0140936
741.76 0.569494 0.0136443
742.076 0.584441 0.0139445
742.393 0.613585 0.0150544
742.709 0.627065 0.0160613
743.025 0.618626 0.0162468
743.342 0.609892 0.0159835
743.658 0.598598 0.01553
743.974 0.596096 0.0150689
744.29 0.602319 0.015132
744.606 0.577365 0.0149735
744.922 0.59208 0.0151903
745.238 0.578899 0.0150659
745.554 0.608401 0.0158187
745.87 0.610471 0.0160125
746.186 0.573309 0.0148782
746.501 0.551841 0.0140599
746.817 0.590744 0.0147788
747.132 0.630488 0.0163883
747.448 0.633713 0.0170757
747.763 0.609793 0.0165001
748.079 0.578021 0.015396
748.394 0.566039 0.014203
748.71 0.542675 0.012947
749.025 0.533954 0.0120912
749.34 0.544993 0.0120568
749.655 0.566934 0.0125661
749.97 0.583561 0.013208
750.285 0.578643 0.0131929
750.6 0.570192 0.0128163
750.915 0.561459 0.0124017
751.23 0.584898 0.0129072
751.545 0.594912 0.0135521
751.859 0.604579 0.0141764
752.174 0.598398 0.0142684
752.489 0.567616 0.013197
752.803 0.542388 0.012126
753.118 0.552009 0.0121412
753.432 0.579603 0.0128583
753.747 0.595825 0.0135203
754.061 0.553497 0.0125896
754.375 0.541013 0.0119259
754.689 0.537714 0.0115194
755.004 0.55105 0.0116426
755.318 0.546575 0.0113424
755.632 0.531704 0.0106414
755.946 0.527962 0.0104123
756.26 0.520529 0.00987652
756.573 0.520983 0.00945377
756.887 0.518721 0.00914604
757.201 0.534022 0.0094769
757.515 0.58079 0.0108261
757.828 0.595501 0.0117569
758.142 0.578202 0.0115465
758.455 0.538663 0.0103501
758.769 0.528687 0.00971047
759.082 0.522301 0.00938911
759.396 0.526266 0.00928302
759.709 0.53264 0.00926665
760.022 0.539931 0.00941221
760.335 0.557476 0.0100665
760.648 0.580968 0.0110452
760.962 0.594375 0.0119916
761.275 0.594196 0.0125838
761.587 0.59559 0.0127625
761.9 0.58382 0.0126678
762.213 0.555871 0.0119571
762.526 0.550056 0.0114653
762.839 0.542058 0.0113362
763.151 0.539149 0.0109791
763.464 0.528739 0.0102836
763.776 0.504713 0.0093326
764.089 0.515231 0.00923019
764.401 0.530324 0.00969712
764.714 0.56566 0.010604
765.026 0.584384 0.011504
765.338 0.582716 0.0122317
765.65 0.609483 0.0134643
765.962 0.603785 0.0140241
766.275 0.596624 0.0144395
766.587 0.578673 0.0142675
766.898 0.560429 0.0135902
767.21 0.535661 0.0125011
767.522 0.514225 0.0113645
767.834 0.518489 0.0109935
768.146 0.532625 0.0112228
768.457 0.566939 0.0122862
768.769 0.580519 0.0130945
769.08 0.571768 0.0130541
769.392 0.542564 0.0122565
769.703 0.525829 0.0114416
770.015 0.531916 0.0110686
770.326 0.53821 0.0111555
770.637 0.552339 0.0117097
770.948 0.581774 0.012895
771.26 0.597812 0.0138927
771.571 0.595269 0.0140151
771.882 0.569141 0.013371
772.193 0.572071 0.0135412
772.504 0.584347 0.0140283
772.814 0.581114 0.0142685
773.125 0.582789 0.0145848
773.436 0.595804 0.0151704
773.747 0.591974 0.0154619
774.057 0.599288 0.01589
774.368 0.58942 0.0160065
774.678 0.621705 0.0168675
774.989 0.594096 0.0167475
775.299 0.624279 0.0177454
775.609 0.597966 0.0171738
775.919 0.599371 0.0170529
776.23 0.603004 0.0171252
776.54 0.58814 0.0167696
776.85 0.595772 0.0170555
777.16 0.56245 0.0160794
777.47 0.561858 0.015236
777.78 0.533843 0.0141968
778.089 0.549067 0.0136741
778.399 0.547204 0.0135644
778.709 0.563377 0.0143983
779.019 0.605214 0.0159037
779.328 0.620034 0.0169682
779.638 0.585485 0.0162706
779.947 0.548132 0.0143511
780.257 0.518197 0.012729
780.566 0.517793 0.0122478
780.875 0.53641 0.012751
781.185 0.589496 0.0142148
781.494 0.58076 0.0143422
781.803 0.58697 0.0148039
782.112 0.590628 0.0150673
782.421 0.579083 0.0147233
782.73 0.556627 0.0140549
783.039 0.571047 0.0144164
783.348 0.615862 0.0161664
783.656 0.621999 0.0171393
783.965 0.622231 0.0173996
784.274 0.574717 0.0160868
784.582 0.570161 0.0155252
784.891 0.57177 0.0154555
785.199 0.588744 0.0159208
785.508 0.599956 0.0165143
785.816 0.603063 0.016858
786.124 0.579645 0.0161627
786.432 0.572211 0.0152701
786.741 0.545881 0.0143446
787.049 0.558529 0.0144241
787.357 0.575754 0.0148689
787.665 0.579666 0.0148295
787.973 0.589498 0.0150908
788.281 0.588509 0.015392
788.588 0.600672 0.0163782
788.896 0.625122 0.0177473
789.204 0.648448 0.0188097
789.511 0.630224 0.0185938
789.819 0.64397 0.019138
790.126 0.633945 0.0189964
790.434 0.625974 0.0188723
790.741 0.630775 0.0188967
791.049 0.612922 0.0186077
791.356 0.623691 0.0193796
791.663 0.629349 0.0198186
791.97 0.625028 0.0198018
792.277 0.605085 0.0191214
792.584 0.585389 0.0178158
792.891 0.547463 0.0152387
793.198 0.514043 0.0137069
793.505 0.547215 0.0138655
793.812 0.56344 0.0144675
794.119 0.587582 0.0151139
794.425 0.579039 0.0154492
794.732 0.596147 0.0163903
795.038 0.652749 0.018948
795.345 0.67596 0.0207351
795.651 0.705261 0.0223152
795.958 0.665967 0.0217287
796.264 0.612628 0.0194474
796.57 0.585568 0.0183175
796.876 0.612335 0.0185706
797.183 0.636004 0.019276
797.489 0.627787 0.0199372
797.795 0.635075 0.020232
798.101 0.63253 0.0201021
798.406 0.638356 0.0203017
798.712 0.64249 0.020969
799.018 0.642617 0.0212987
799.324 0.636982 0.0212607
799.629 0.638304 0.0213788
799.935 0.646781 0.0216799
800.24 0.67673 0.022598
800.546 0.662921 0.0223739
800.851 0.665924 0.0226286
801.157 0.678632 0.0238221
801.462 0.680788 0.0240913
801.767 0.678527 0.0241657
802.072 0.656549 0.022849
802.377 0.638115 0.0216765
802.682 0.623752 0.0210859
802.987 0.673968 0.022527
803.292 0.662827 0.0229112
803.597 0.639806 0.0227014
803.902 0.643611 0.0227115
804.207 0.674021 0.0230965
804.511 0.640521 0.0221701
804.816 0.614406 0.0204017
805.12 0.568083 0.0183299
805.425 0.564116 0.0172042
805.729 0.597877 0.0178503
806.034 0.59813 0.0185452
806.338 0.629353 0.0201072
806.642 0.661427 0.0211381
806.946 0.62517 0.0203427
807.251 0.657426 0.0210526
807.555 0.647894 0.0205669
807.859 0.623051 0.0200156
808.162 0.643046 0.0209244
808.466 0.690024 0.0224129
808.77 0.655449 0.022423
809.074 0.713779 0.0241997
809.378 0.668394 0.0234585
809.681 0.674158 0.0233739
809.985 0.69401 0.0240992
810.288 0.703057 0.0245263
810.592 0.680654 0.0239514
810.895 0.690905 0.0247042
811.198 0.723694 0.0264016
811.502 0.698082 0.0263073
811.805 0.734589 0.0277279
812.108 0.700236 0.0258392
812.411 0.678652 0.0246843
812.714 0.650391 0.0225155
813.017 0.612842 0.0206837
813.32 0.625548 0.020866
813.623 0.651696 0.0219704
813.926 0.699515 0.024411
814.228 0.750958 0.0266453
814.531 0.758346 0.0276346
814.833 0.728786 0.0268824
815.136 0.697656 0.0264619
815.438 0.729929 0.0273758
815.741 0.68986 0.0255103
816.043 0.679422 0.0250087
816.345 0.681612 0.0248805
816.648 0.681807 0.0250868
816.95 0.725225 0.0262704
817.252 0.703885 0.0264624
817.554 0.694178 0.0263355
817.856 0.712942 0.027259
818.158 0.731678 0.0278547
818.46 0.720671 0.0283454
818.761 0.754895 0.0289049
819.063 0.717725 0.0276951
819.365 0.703283 0.0266052
819.666 0.64627 0.0242287
819.968 0.648517 0.02347
820.269 0.667688 0.0235571
820.571 0.655174 0.0239471
820.872 0.702733 0.0257389
821.173 0.720192 0.0270918
821.475 0.744975 0.0286142
821.776 0.742197 0.0284129
822.077 0.738443 0.0281758
822.378 0.714853 0.0279156
822.679 0.779557 0.0296288
822.98 0.734495 0.0284926
823.281 0.800912 0.0307178
823.581 0.76621 0.0297419
823.882 0.749401 0.0297902
824.183 0.756283 0.0296231
824.483 0.694595 0.0273798
824.784 0.65612 0.0255176
825.084 0.701099 0.0268506
825.385 0.726169 0.0276847
825.685 0.759611 0.028924
825.985 0.699497 0.0275186
826.286 0.728394 0.0276956
826.586 0.733024 0.0272385
826.886 0.729136 0.0272166
827.186 0.723191 0.0275033
827.486 0.75077 0.0289642
827.786 0.761444 0.0296138
828.086 0.714261 0.0283934
828.386 0.728402 0.0282984
828.685 0.740976 0.0283836
828.985 0.748064 0.0293713
829.285 0.749484 0.0296021
829.584 0.783472 0.0307549
829.884 0.794862 0.0314499
830.183 0.806539 0.0333315
830.482 0.772619 0.032267
830.782 0.773424 0.0324211
831.081 0.828923 0.0348346
831.38 0.790565 0.032919
831.679 0.798053 0.0331496
831.978 0.780639 0.0328383
832.277 0.774384 0.0316523
832.576 0.767757 0.0309238
832.875 0.765765 0.0308648
833.174 0.716861 0.0296756
833.472 0.760598 0.0307987
833.771 0.778541 0.0315839
834.07 0.717763 0.0296053
834.368 0.757628 0.030714
834.667 0.813401 0.0326648
834.965 0.832643 0.0335451
835.263 0.819928 0.0333329
835.562 0.735344 0.0315811
835.86 0.785223 0.0323334
836.158 0.764213 0.0322608
836.456 0.767591 0.0331837
836.754 0.768568 0.0331119
837.052 0.802223 0.0349034
837.35 0.77597 0.0336619
837.648 0.810286 0.0348543
837.946 0.78783 0.0346608
838.243 0.819863 0.0353685
838.541 0.761352 0.0331877
838.839 0.782099 0.0336861
839.136 0.78823 0.0337467
839.434 0.784342 0.0334587
839.731 0.877901 0.0363509
840.028 0.768887 0.0332397
840.326 0.828017 0.0349278
840.623 0.821096 0.0347498
840.92 0.776625 0.034121
841.217 0.837462 0.0364269
841.514 0.813218 0.0360964
841.811 0.796957 0.0345541
842.108 0.889063 0.0375691
842.405 0.854868 0.0371145
842.701 0.845251 0.0370753
842.998 0.788815 0.0347135
843.295 0.857596 0.0369866
843.591 0.863175 0.0371879
843.888 0.794946 0.0352752
844.184 0.818103 0.0359926
844.481 0.789312 0.0347738
844.777 0.820747 0.0356331
845.073 0.816693 0.035813
845.369 0.81272 0.0360842
845.665 0.889972 0.0383121
845.962 0.861224 0.0369488
846.258 0.795876 0.0362072
846.553 0.827707 0.0369778
846.849 0.884621 0.0382939
847.145 0.784937 0.0348995
847.441 0.792611 0.0352802
847.737 0.809303 0.0353542
848.032 0.822778 0.0363283
848.328 0.840462 0.0368854
848.623 0.842311 0.037419
848.919 0.752898 0.0345891
849.214 0.795748 0.0351541
849.509 0.803782 0.0358581
849.805 0.827386 0.0371107
850.1 0.825304 0.0378927
850.395 0.806606 0.0373369
850.69 0.827807 0.0380876
850.985 0.862125 0.0374897
851.28 0.802262 0.0360146
851.575 0.869896 0.03796
851.869 0.86023 0.0376196
852.164 0.829364 0.0363882
852.459 0.84699 0.0357641
852.753 0.804848 0.034378
853.048 0.784468 0.032179
853.342 0.795747 0.0321846
853.637 0.827659 0.0334133
853.931 0.808121 0.0326624
854.225 0.791765 0.032188
854.52 0.824346 0.0340674
854.814 0.820196 0.0340944
855.108 0.803168 0.032644
855.402 0.81295 0.0334431
855.696 0.813971 0.0344221
855.99 0.800803 0.0346932
856.283 0.826773 0.0344776
856.577 0.854784 0.0358583
856.871 0.810263 0.0346361
857.164 0.833564 0.0355126
857.458 0.855509 0.0371721
857.751 0.773017 0.0347217
858.045 0.850182 0.0359717
858.338 0.806422 0.0356061
858.632 0.771199 0.0340227
858.925 0.805932 0.0356932
859.218 0.781747 0.0350039
859.511 0.880882 0.0387123
859.804 0.85863 0.037838
860.097 0.813284 0.0358498
860.39 0.872165 0.0382143
860.683 0.808761 0.0366432
860.976 0.844257 0.0377386
861.268 0.831818 0.0368806
861.561 0.851214 0.0383772
861.854 0.922471 0.0411416
862.146 0.822281 0.0374636
862.439 0.825378 0.037331
862.731 0.784535 0.0355044
863.023 0.873106 0.0386682
863.316 0.816124 0.0367106
863.608 0.888103 0.0384954
863.9 0.869802 0.038121
864.192 0.820909 0.0361557
864.484 0.883846 0.0384136
864.776 0.869724 0.0384435
865.068 0.789947 0.0364112
865.36 0.854023 0.0377602
865.651 0.879536 0.0393266
865.943 0.808868 0.0370165
866.235 0.853024 0.0382061
866.526 0.841244 0.038964
866.818 0.809202 0.0369329
867.109 0.821506 0.0369845
867.4 0.865212 0.0386861
867.692 0.87023 0.03901
867.983 0.830104 0.0377312
868.274 0.838575 0.038399
868.565 0.836289 0.0378574
868.856 0.870915 0.0388859
869.147 0.847586 0.0382576
869.438 0.855683 0.0383364
869.729 0.852155 0.0384862
870.02 0.994179 0.0432089
870.31 0.863645 0.0390163
870.601 0.809297 0.0372245
870.892 0.811315 0.0368883
871.182 0.798378 0.0364389
871.473 0.824095 0.037826
871.763 0.824942 0.036938
872.053 0.820483 0.037272
872.343 0.813633 0.0370588
872.634 0.82422 0.0376741
872.924 0.814319 0.036703
873.214 0.835759 0.037944
873.504 0.854845 0.0388899
873.794 0.870657 0.0402285
874.084 0.896057 0.0406933
874.373 0.864977 0.0389752
874.663 0.843008 0.0375659
874.953 0.875703 0.039561
875.242 0.816742 0.0376916
875.532 0.832993 0.0377519
875.821 0.864497 0.0386983
876.111 0.8082 0.0372751
876.4 0.854559 0.0388087
876.689 0.864455 0.0387734
876.978 0.816206 0.0376897
877.268 0.838443 0.0382675
877.557 0.841659 0.0387832
877.846 0.865251 0.0391914
878.134 0.881028 0.039906
878.423 0.88119 0.0399133
878.712 0.881352 0.0399207
