178.41 0.318236 0.0872617
178.791 0.320251 0.0878142
179.172 0.322252 0.0883628
179.553 0.349877 0.349877
179.934 0.751448 0.751448
180.316 0.473438 0.473438
180.697 0.453359 0.453359
181.078 0.776232 0.776232
181.459 0.54234 0.54234
181.84 0.745541 0.745541
182.221 1.29643 1.29643
182.602 0.0404293 0.0404293
182.983 0.85294 0.418188
183.364 1.27304 0.200213
183.744 0.500312 0.0792451
184.125 0.570565 0.0734093
184.506 0.641563 0.0637684
184.887 0.531737 0.0517691
185.268 0.616707 0.0479975
185.648 0.620822 0.0466178
186.029 0.563003 0.0423442
186.41 0.689677 0.045641
186.791 0.644933 0.0424161
187.171 0.619374 0.035554
187.552 0.433433 0.0241983
187.932 0.510713 0.0267462
188.313 0.458351 0.0236653
188.694 0.489732 0.0244481
189.074 0.483895 0.0234299
189.455 0.465324 0.0223383
189.835 0.497448 0.0237487
190.216 0.521 0.023664
190.596 0.47661 0.0216605
190.977 0.466484 0.0212628
191.357 0.496345 0.0219975
191.737 0.494002 0.0216713
192.118 0.488096 0.0214358
192.498 0.44299 0.0197878
192.878 0.49463 0.0210702
193.258 0.472054 0.0202286
193.639 0.456342 0.0196424
194.019 0.471736 0.020147
194.399 0.479216 0.0201309
194.779 0.419927 0.0180892
195.159 0.456083 0.0193983
195.54 0.438398 0.0184486
195.92 0.442767 0.0185951
196.3 0.427452 0.018006
196.68 0.4428 0.0184179
197.06 0.439461 0.0182388
197.44 0.41234 0.0174975
197.82 0.408169 0.017272
198.2 0.441508 0.0179552
198.58 0.388503 0.0163984
198.959 0.4211 0.0170416
199.339 0.389875 0.0164688
199.719 0.381152 0.0159715
200.099 0.385084 0.0160923
200.479 0.378361 0.0159061
200.858 0.375565 0.0156136
201.238 0.367663 0.0152071
201.618 0.371043 0.0154483
201.998 0.343763 0.0145135
202.377 0.354167 0.0147313
202.757 0.335793 0.0141556
203.136 0.346641 0.0142892
203.516 0.317439 0.0134704
203.896 0.324998 0.013462
204.275 0.303191 0.012746
204.655 0.304187 0.0127911
205.034 0.313602 0.0128349
205.414 0.28301 0.0120402
205.793 0.28694 0.0120148
206.172 0.300032 0.012297
206.552 0.287676 0.0118358
206.931 0.285615 0.0116126
207.31 0.274653 0.0112649
207.69 0.276462 0.0112116
208.069 0.261292 0.0107554
208.448 0.260009 0.0105938
208.827 0.254009 0.0104107
209.207 0.263141 0.0105685
209.586 0.25183 0.0100684
209.965 0.237664 0.00975018
210.344 0.241456 0.0096843
210.723 0.237599 0.00948862
211.102 0.227894 0.00913206
211.481 0.233185 0.00918872
211.86 0.233688 0.00910706
212.239 0.226924 0.00888362
212.618 0.227196 0.00876043
212.997 0.220214 0.00848407
213.376 0.22342 0.00851508
213.755 0.221561 0.00836049
214.134 0.213862 0.00810269
214.513 0.205565 0.00781536
214.891 0.204902 0.00775066
215.27 0.200705 0.00752666
215.649 0.192626 0.00731298
216.028 0.194222 0.0072164
216.406 0.197842 0.00720746
216.785 0.185708 0.00686932
217.164 0.187711 0.00683713
217.542 0.187208 0.0066848
217.921 0.177383 0.00642372
218.3 0.183571 0.00651165
218.678 0.183277 0.0064041
219.057 0.181623 0.00626162
219.435 0.176999 0.00607983
219.814 0.1823 0.00612472
220.192 0.170398 0.00582597
220.57 0.171807 0.00578142
220.949 0.171714 0.00568286
221.327 0.161997 0.00542795
221.705 0.167692 0.005466
222.084 0.163955 0.00528749
222.462 0.165983 0.00525671
222.84 0.158962 0.00510186
223.218 0.161669 0.00501702
223.597 0.158376 0.00491549
223.975 0.157446 0.0048128
224.353 0.157044 0.00475385
224.731 0.158057 0.0046923
225.109 0.158765 0.00460781
225.487 0.15797 0.00453093
225.865 0.158094 0.00446338
226.243 0.154622 0.00435807
226.621 0.160208 0.00437766
226.999 0.156092 0.00423254
227.377 0.157555 0.00421104
227.755 0.154944 0.00412152
228.133 0.154805 0.00406735
228.511 0.155259 0.00402483
228.889 0.158923 0.00399418
229.266 0.156637 0.00392772
229.644 0.156003 0.00384259
230.022 0.15989 0.00383981
230.4 0.158555 0.00378772
230.777 0.161119 0.00378189
231.155 0.158595 0.00370338
231.533 0.16167 0.00368617
231.91 0.159574 0.00361262
232.288 0.162029 0.00360581
232.665 0.161164 0.00354987
233.043 0.16084 0.00351283
233.42 0.16466 0.00350626
233.798 0.163647 0.0034699
234.175 0.163799 0.00342629
234.553 0.162427 0.00337558
234.93 0.164401 0.00336201
235.307 0.164646 0.00333727
235.685 0.168199 0.00334554
236.062 0.1675 0.00329958
236.439 0.16741 0.00328237
236.816 0.169518 0.00326258
237.194 0.168113 0.00321464
237.571 0.170848 0.00321246
237.948 0.169836 0.00318602
238.325 0.170193 0.00315406
238.702 0.171456 0.00314705
239.079 0.170028 0.00310283
239.456 0.172038 0.00310026
239.833 0.174298 0.00310043
240.21 0.172041 0.00305184
240.587 0.174868 0.00306256
240.964 0.171723 0.00301014
241.341 0.175723 0.00301926
241.718 0.175412 0.00298804
242.095 0.176154 0.00299345
242.472 0.177849 0.00298397
242.849 0.179917 0.00297888
243.225 0.178429 0.00294067
243.602 0.178803 0.00292892
243.979 0.178955 0.00292005
244.356 0.179172 0.00290982
244.732 0.178545 0.00287515
245.109 0.180463 0.00287031
245.486 0.181454 0.00287418
245.862 0.181475 0.00286014
246.239 0.180102 0.00282026
246.615 0.184366 0.00284828
246.992 0.184489 0.00282836
247.368 0.182611 0.00281391
247.745 0.183714 0.0027986
248.121 0.183375 0.00277695
248.497 0.18579 0.00279067
248.874 0.184037 0.00276065
249.25 0.183805 0.00273463
249.626 0.186822 0.00275242
250.003 0.186609 0.0027347
250.379 0.187998 0.00271814
250.755 0.186399 0.0027089
251.131 0.186409 0.00268996
251.507 0.185715 0.00268137
251.884 0.187599 0.00267643
252.26 0.188822 0.00268582
252.636 0.188786 0.00266113
253.012 0.187502 0.00264239
253.388 0.188188 0.00263925
253.764 0.188046 0.00262746
254.14 0.189214 0.00262934
254.516 0.191201 0.0026395
254.892 0.189926 0.00261738
255.268 0.188754 0.00260652
255.643 0.188002 0.0025904
256.019 0.189636 0.00259971
256.395 0.191497 0.00260698
256.771 0.19002 0.00257798
257.147 0.190184 0.00257616
257.522 0.190611 0.00257496
257.898 0.192109 0.00258081
258.274 0.191897 0.00257272
258.649 0.191727 0.00257
259.025 0.190624 0.00254852
259.4 0.191468 0.00255277
259.776 0.191484 0.00254499
260.151 0.192937 0.00256322
260.527 0.192881 0.00255143
260.902 0.192744 0.00254359
261.278 0.192933 0.00253946
261.653 0.192825 0.00253868
262.028 0.190891 0.00252835
262.404 0.191649 0.00252174
262.779 0.191742 0.00251604
263.154 0.194158 0.00252738
263.53 0.193404 0.00251558
263.905 0.194504 0.00252762
264.28 0.195703 0.00253409
264.655 0.192369 0.00250511
265.03 0.193567 0.00252065
265.405 0.193119 0.00250934
265.781 0.194176 0.00251919
266.156 0.193742 0.00251367
266.531 0.191762 0.0024876
266.906 0.195564 0.00252601
267.281 0.194164 0.0025045
267.655 0.194006 0.00251284
268.03 0.192857 0.00250678
268.405 0.193619 0.00250839
268.78 0.195186 0.00251846
269.155 0.19551 0.00251494
269.53 0.195057 0.00252069
269.904 0.194169 0.00251211
270.279 0.19408 0.00251313
270.654 0.194324 0.00250756
271.029 0.193383 0.00250621
271.403 0.192539 0.00249368
271.778 0.192886 0.00250301
272.152 0.195288 0.00252095
272.527 0.193112 0.00250466
272.901 0.193389 0.00249665
273.276 0.19267 0.00248632
273.65 0.194037 0.00250297
274.025 0.193464 0.00249278
274.399 0.19473 0.0025129
274.774 0.193745 0.00250075
275.148 0.192309 0.00248358
275.522 0.193972 0.00250098
275.897 0.194052 0.00250014
276.271 0.193106 0.00249652
276.645 0.193503 0.00249185
277.019 0.191796 0.00247411
277.393 0.191308 0.0024643
277.768 0.191348 0.00247621
278.142 0.191905 0.00247732
278.516 0.188753 0.00246123
278.89 0.19184 0.00247638
279.264 0.191239 0.00248043
279.638 0.189918 0.00245989
280.012 0.192145 0.00247862
280.386 0.189885 0.00247688
280.76 0.189856 0.00246728
281.133 0.191031 0.00247944
281.507 0.190256 0.00247242
281.881 0.190108 0.0024658
282.255 0.189314 0.0024641
282.629 0.18824 0.00246423
283.002 0.187912 0.00246341
283.376 0.186851 0.00244972
283.75 0.189864 0.00247778
284.123 0.187024 0.00245061
284.497 0.186363 0.00245073
284.87 0.186864 0.00245653
285.244 0.185887 0.00244559
285.618 0.186405 0.00245528
285.991 0.185963 0.00246272
286.364 0.186179 0.00246324
286.738 0.184543 0.00245193
287.111 0.185037 0.00245626
287.485 0.18358 0.00244794
287.858 0.183763 0.00245831
288.231 0.183031 0.00244911
288.605 0.182738 0.00245386
288.978 0.18355 0.00245406
289.351 0.18225 0.00245807
289.724 0.180011 0.00244284
290.097 0.181672 0.00245702
290.47 0.180655 0.00245804
290.843 0.178718 0.00244397
291.217 0.179494 0.00244976
291.59 0.178316 0.00245862
291.963 0.178386 0.00245368
292.336 0.177931 0.00245838
292.708 0.17707 0.0024571
293.081 0.177664 0.00247254
293.454 0.176266 0.00245195
293.827 0.174673 0.00244809
294.2 0.175553 0.00247026
294.573 0.174185 0.00245277
294.945 0.173591 0.00246304
295.318 0.171622 0.00244809
295.691 0.173805 0.00246961
296.064 0.17005 0.00244727
296.436 0.169272 0.00243995
296.809 0.170673 0.00244343
297.181 0.171239 0.00246062
297.554 0.169611 0.00245263
297.926 0.168526 0.00244672
298.299 0.166733 0.00243627
298.671 0.167731 0.00243291
299.044 0.166688 0.00243862
299.416 0.166693 0.00244234
299.788 0.167096 0.0024415
300.161 0.164484 0.002433
300.533 0.164132 0.002427
300.905 0.165424 0.00242727
301.278 0.164812 0.00242786
301.65 0.164519 0.00242298
302.022 0.16297 0.00241681
302.394 0.162412 0.00241656
302.766 0.16594 0.00243922
303.138 0.164583 0.00243877
303.51 0.164704 0.00243332
303.882 0.166028 0.00244001
304.254 0.165121 0.00243812
304.626 0.165642 0.00243463
304.998 0.167419 0.00244692
305.37 0.168897 0.00247143
305.742 0.165674 0.00243856
306.114 0.168077 0.00245513
306.485 0.16683 0.00244655
306.857 0.169443 0.00246388
307.229 0.170678 0.00248148
307.601 0.169005 0.00246861
307.972 0.169469 0.00246946
308.344 0.1689 0.00246222
308.716 0.16875 0.00247127
309.087 0.16882 0.00246868
309.459 0.166431 0.00245487
309.83 0.166952 0.00245903
310.202 0.16606 0.00244846
310.573 0.16495 0.0024417
310.945 0.165256 0.00244226
311.316 0.168204 0.00247574
311.687 0.168928 0.00247111
312.059 0.17038 0.00249041
312.43 0.171351 0.00249296
312.801 0.174995 0.00252822
313.172 0.180675 0.0025705
313.544 0.185445 0.0026069
313.915 0.190235 0.00262357
314.286 0.196266 0.0026764
314.657 0.203239 0.0027175
315.028 0.210492 0.00277141
315.399 0.219301 0.00282786
315.77 0.22813 0.00288015
316.141 0.235144 0.00293625
316.512 0.243576 0.00298799
316.883 0.251471 0.00304217
317.254 0.259651 0.00308813
317.625 0.266086 0.00314542
317.996 0.272859 0.00316776
318.366 0.279977 0.00321678
318.737 0.283569 0.00323409
319.108 0.291335 0.0032894
319.478 0.291693 0.00329252
319.849 0.295174 0.00331053
320.22 0.295774 0.00331715
320.59 0.298296 0.00332936
320.961 0.296288 0.00332384
321.331 0.299721 0.00334348
321.702 0.29919 0.00335743
322.072 0.295992 0.00334954
322.443 0.296766 0.00334727
322.813 0.295039 0.00333133
323.184 0.29249 0.00332621
323.554 0.290918 0.00332779
323.924 0.288316 0.00331117
324.295 0.289246 0.0033326
324.665 0.28785 0.00332697
325.035 0.28816 0.0033244
325.405 0.291576 0.00335781
325.775 0.294306 0.00338989
326.145 0.293642 0.00338283
326.515 0.29791 0.00341361
326.886 0.3016 0.00345205
327.256 0.30655 0.00348358
327.626 0.308745 0.00351765
327.995 0.313218 0.00355178
328.365 0.315399 0.0035691
328.735 0.312805 0.00357226
329.105 0.318793 0.00364536
329.475 0.328919 0.00373188
329.845 0.346044 0.00388315
330.215 0.357257 0.00393077
330.584 0.367602 0.00394884
330.954 0.362906 0.00383081
331.324 0.356358 0.00368923
331.693 0.349521 0.00359097
332.063 0.340734 0.00350735
332.432 0.331481 0.00344156
332.802 0.326218 0.00344216
333.171 0.326429 0.00348846
333.541 0.32782 0.00356111
333.91 0.324498 0.00356101
334.28 0.320719 0.0035605
334.649 0.318254 0.00355707
335.018 0.317305 0.00356387
335.388 0.313862 0.00355592
335.757 0.308743 0.00352731
336.126 0.303848 0.00351181
336.495 0.296995 0.00346024
336.865 0.296578 0.00347213
337.234 0.29287 0.00346987
337.603 0.29011 0.00344644
337.972 0.284585 0.00342132
338.341 0.279293 0.00338381
338.71 0.277772 0.00337229
339.079 0.272585 0.00335277
339.448 0.273457 0.00335283
339.817 0.269697 0.00333793
340.186 0.266755 0.00332178
340.554 0.264631 0.00330419
340.923 0.262534 0.00329795
341.292 0.262021 0.00329783
341.661 0.263447 0.00331094
342.029 0.2588 0.00327593
342.398 0.260683 0.00329224
342.767 0.263433 0.00332229
343.135 0.265094 0.00333025
343.504 0.266127 0.00334714
343.872 0.265994 0.00333385
344.241 0.267772 0.00335281
344.609 0.272406 0.00339513
344.978 0.27425 0.00340316
345.346 0.276421 0.00340376
345.715 0.279075 0.00343328
346.083 0.286629 0.00348719
346.451 0.289988 0.003502
346.82 0.293947 0.00353763
347.188 0.296622 0.00354698
347.556 0.303028 0.00360357
347.924 0.304335 0.00360696
348.292 0.309871 0.00364789
348.66 0.315011 0.00367478
349.028 0.317029 0.00369117
349.396 0.324682 0.00375018
349.764 0.327169 0.00375977
350.132 0.332324 0.00378732
350.5 0.33648 0.00381715
350.868 0.339096 0.00383892
351.236 0.345251 0.00387053
351.604 0.349987 0.00391212
351.972 0.355904 0.00394953
352.34 0.355616 0.00395367
352.707 0.364628 0.00400521
353.075 0.36943 0.00403256
353.443 0.375341 0.00407397
353.81 0.383325 0.0041273
354.178 0.389482 0.00416265
354.545 0.395356 0.00418365
354.913 0.406597 0.00426075
355.28 0.410215 0.00428025
355.648 0.412933 0.00428533
356.015 0.42399 0.00434993
356.383 0.428541 0.00436822
356.75 0.432887 0.0044015
357.117 0.438935 0.0044346
357.485 0.446926 0.00447793
357.852 0.456192 0.00455535
358.219 0.459812 0.00455069
358.586 0.461256 0.00455707
358.954 0.467136 0.0046053
359.321 0.470149 0.00460896
359.688 0.479954 0.00467969
360.055 0.482797 0.00468686
360.422 0.489599 0.0047266
360.789 0.494178 0.00475684
361.156 0.4944 0.00475371
361.523 0.503413 0.00481626
361.89 0.503572 0.00481118
362.256 0.508074 0.0048133
362.623 0.517796 0.00490753
362.99 0.517175 0.00488111
363.357 0.52182 0.00492301
363.724 0.523425 0.00493269
364.09 0.531081 0.00495862
364.457 0.533898 0.00500889
364.823 0.535533 0.00498432
365.19 0.539236 0.00500896
365.557 0.538912 0.00499969
365.923 0.546412 0.00505104
366.29 0.549615 0.00508174
366.656 0.551241 0.00506832
367.022 0.555667 0.00508227
367.389 0.560465 0.00512703
367.755 0.566351 0.00517841
368.121 0.56526 0.00517132
368.488 0.567497 0.00517455
368.854 0.570805 0.0052093
369.22 0.572891 0.00524341
369.586 0.576212 0.00527649
369.952 0.577644 0.00529453
370.318 0.573772 0.00527926
370.684 0.580938 0.00532761
371.051 0.586394 0.00535405
371.416 0.589203 0.00540003
371.782 0.58802 0.00537847
372.148 0.594186 0.00541773
372.514 0.593699 0.00542714
372.88 0.5967 0.00545683
373.246 0.597628 0.00545604
373.612 0.604615 0.00548527
373.977 0.602651 0.00546399
374.343 0.605266 0.00545853
374.709 0.607309 0.00544999
375.074 0.609339 0.00547544
375.44 0.609669 0.00550039
375.806 0.616697 0.00556253
376.171 0.61124 0.00550987
376.537 0.61934 0.00554118
376.902 0.617375 0.00554212
377.268 0.622701 0.00554312
377.633 0.617476 0.0055097
377.998 0.62174 0.00550752
378.364 0.628079 0.00551159
378.729 0.625721 0.00551049
379.094 0.635686 0.0055785
379.459 0.635607 0.00565289
379.825 0.629798 0.00560205
380.19 0.633312 0.00562637
380.555 0.635789 0.00567698
380.92 0.641269 0.00577264
381.285 0.638441 0.005749
381.65 0.631471 0.00567304
382.015 0.637607 0.00570893
382.38 0.64405 0.00576
382.745 0.6435 0.00579284
383.11 0.643614 0.00580902
383.474 0.645009 0.00579814
383.839 0.646334 0.00581456
384.204 0.650977 0.00585423
384.569 0.64616 0.00583967
384.933 0.651947 0.00588284
385.298 0.649537 0.00588111
385.663 0.64567 0.00584694
386.027 0.647297 0.00584219
386.392 0.646461 0.00581351
386.756 0.644657 0.0057762
387.121 0.653063 0.00581207
387.485 0.653814 0.00579754
387.849 0.655338 0.00577712
388.214 0.665747 0.00588743
388.578 0.661151 0.00589658
388.942 0.655487 0.00590117
389.307 0.655562 0.00589613
389.671 0.66231 0.00594822
390.035 0.659182 0.00590712
390.399 0.65929 0.00589374
390.763 0.658679 0.00585627
391.127 0.663231 0.00585529
391.492 0.660027 0.00576079
391.856 0.663782 0.00571057
392.219 0.67269 0.00570587
392.583 0.677717 0.00575977
392.947 0.687804 0.00592768
393.311 0.675889 0.00593034
393.675 0.675735 0.00594753
394.039 0.680587 0.0060058
394.403 0.682544 0.00601742
394.766 0.680346 0.00602405
395.13 0.680646 0.00604132
395.494 0.681008 0.00604053
395.857 0.680401 0.00601146
396.221 0.679597 0.00598071
396.584 0.685814 0.005963
396.948 0.68027 0.00587473
397.311 0.682488 0.00579764
397.675 0.691537 0.00580443
398.038 0.69714 0.00583073
398.401 0.699907 0.00592533
398.765 0.703461 0.00603222
399.128 0.705062 0.00612536
399.491 0.706991 0.0061804
399.854 0.695806 0.00614004
400.218 0.702721 0.00618842
400.581 0.700092 0.00619443
400.944 0.705851 0.00625032
401.307 0.713104 0.00635796
401.67 0.70827 0.00631796
402.033 0.706256 0.00632737
402.396 0.712958 0.00636085
402.759 0.711961 0.00636415
403.122 0.716697 0.00635413
403.485 0.718663 0.0063612
403.847 0.714548 0.00629019
404.21 0.714711 0.00625839
404.573 0.724075 0.00629239
404.936 0.721887 0.00625192
405.298 0.730925 0.00635999
405.661 0.732333 0.00645536
406.023 0.731181 0.00654175
406.386 0.730294 0.00656092
406.749 0.729135 0.0065857
407.111 0.725605 0.00656131
407.473 0.716727 0.0064167
407.836 0.725349 0.00644577
408.198 0.730413 0.00642885
408.561 0.732621 0.00645709
408.923 0.735044 0.0064773
409.285 0.73956 0.00650917
409.647 0.7409 0.00657216
410.009 0.745549 0.0066551
410.372 0.736847 0.0066065
410.734 0.737824 0.00664412
411.096 0.739592 0.0066404
411.458 0.744474 0.00666068
411.82 0.73943 0.00659453
412.182 0.742585 0.00655842
412.544 0.743937 0.00657908
412.906 0.748926 0.00658942
413.267 0.750036 0.00661788
413.629 0.747391 0.0066582
413.991 0.750093 0.00670157
414.353 0.75808 0.00675571
414.714 0.757536 0.00682442
415.076 0.748688 0.0067676
415.438 0.751721 0.0067739
415.799 0.751395 0.00674542
416.161 0.7564 0.00682718
416.522 0.756371 0.00685515
416.884 0.754974 0.00685308
417.245 0.758342 0.00689369
417.607 0.754087 0.00685737
417.968 0.749673 0.00682957
418.329 0.756834 0.00685353
418.691 0.758349 0.00685811
419.052 0.760712 0.006864
419.413 0.749277 0.00675092
419.774 0.750974 0.00673753
420.135 0.751566 0.00659013
420.497 0.746798 0.00646554
420.858 0.759835 0.00643175
421.219 0.765139 0.00647596
421.58 0.7725 0.00659
421.941 0.779793 0.00673729
422.302 0.760541 0.00674284
422.662 0.768313 0.00680637
423.023 0.763906 0.00681677
423.384 0.763625 0.00683836
423.745 0.755153 0.00675929
424.106 0.755673 0.00675781
424.466 0.767111 0.00679552
424.827 0.775329 0.00692613
425.187 0.771029 0.00699431
425.548 0.771126 0.00706083
425.909 0.761794 0.00705509
426.269 0.762508 0.00700862
426.63 0.754612 0.00692497
426.99 0.767234 0.00692533
427.35 0.771205 0.00697422
427.711 0.756766 0.00685965
428.071 0.75702 0.00680337
428.431 0.743995 0.00661573
428.792 0.746531 0.00640019
429.152 0.748205 0.00623123
429.512 0.767302 0.00629843
429.872 0.773848 0.00636914
430.232 0.777756 0.00649796
430.592 0.785141 0.00671399
430.952 0.785571 0.00691413
431.312 0.786494 0.0070903
431.672 0.768406 0.007089
432.032 0.760925 0.00703286
432.392 0.757204 0.00692076
432.752 0.739076 0.00650105
433.111 0.74824 0.00639516
433.471 0.784195 0.00664946
433.831 0.78762 0.00692495
434.19 0.768334 0.00684054
434.55 0.763443 0.00681749
434.91 0.768176 0.00691837
435.269 0.756611 0.00677152
435.629 0.760267 0.0067729
435.988 0.765764 0.00676825
436.348 0.776881 0.00692146
436.707 0.769361 0.00699269
437.066 0.764052 0.00696472
437.426 0.758064 0.00685503
437.785 0.759757 0.00684345
438.144 0.767345 0.00686897
438.503 0.772333 0.00698219
438.862 0.772386 0.00699537
439.222 0.772595 0.00705214
439.581 0.764839 0.00704677
439.94 0.755853 0.00690711
440.299 0.747356 0.00663665
440.658 0.74794 0.00647026
441.017 0.770558 0.00656949
441.376 0.785091 0.00670854
441.734 0.775812 0.00673727
442.093 0.762183 0.00667492
442.452 0.760431 0.00661937
442.811 0.76768 0.00662161
443.169 0.765903 0.00661147
443.528 0.781944 0.0068189
443.887 0.769297 0.00676786
444.245 0.772338 0.00681093
444.604 0.768895 0.0068523
444.962 0.767382 0.00687812
445.321 0.767056 0.00688308
445.679 0.763834 0.00683251
446.038 0.773637 0.0068511
446.396 0.775926 0.00695576
446.754 0.777471 0.00705795
447.112 0.773478 0.0070754
447.471 0.769255 0.00706416
447.829 0.761327 0.00706441
448.187 0.761333 0.00705188
448.545 0.764956 0.00704702
448.903 0.76762 0.00707756
449.261 0.766697 0.00709388
449.619 0.770945 0.00718087
449.977 0.773086 0.00722586
450.335 0.774073 0.00730969
450.693 0.768424 0.007301
451.051 0.762873 0.00726017
451.409 0.770423 0.00732462
451.766 0.769428 0.00732922
452.124 0.776061 0.00746401
452.482 0.773321 0.00752464
452.839 0.777427 0.00762884
453.197 0.761127 0.00756176
453.555 0.760851 0.00759165
453.912 0.761155 0.00757323
454.27 0.756959 0.00743319
454.627 0.760229 0.0073612
454.984 0.7647 0.00740026
455.342 0.783402 0.00760505
455.699 0.771663 0.00763207
456.056 0.760567 0.00753203
456.414 0.764866 0.00748575
456.771 0.757115 0.00731154
457.128 0.761974 0.0073069
457.485 0.763968 0.00729109
457.842 0.767652 0.00735388
458.199 0.768806 0.00735089
458.556 0.760804 0.00724199
458.913 0.761253 0.00724442
459.27 0.765646 0.00722414
459.627 0.772128 0.0073602
459.984 0.757239 0.00723575
460.341 0.76286 0.00725321
460.697 0.768946 0.00736885
461.054 0.781363 0.00764693
461.411 0.777812 0.00778671
461.767 0.767235 0.00782478
462.124 0.750523 0.00771974
462.481 0.758426 0.00766745
462.837 0.749085 0.00750181
463.194 0.761463 0.00740523
463.55 0.761618 0.0074536
463.907 0.745708 0.00718172
464.263 0.753312 0.00711888
464.619 0.751722 0.00697673
464.976 0.757878 0.00690823
465.332 0.766413 0.0069453
465.688 0.784014 0.00724015
466.044 0.780834 0.00748487
466.4 0.774821 0.007572
466.756 0.766274 0.00757953
467.112 0.761799 0.0075573
467.468 0.760695 0.00754066
467.824 0.774023 0.00768446
468.18 0.769719 0.00776315
468.536 0.765942 0.00775056
468.892 0.772391 0.00790728
469.248 0.765247 0.00790553
469.604 0.768318 0.00796903
469.959 0.759721 0.00792151
470.315 0.763891 0.00793894
470.671 0.757005 0.00789518
471.026 0.759959 0.00784381
471.382 0.75697 0.00775347
471.737 0.75895 0.00770115
472.093 0.751417 0.00754329
472.448 0.748522 0.00738422
472.804 0.763723 0.00739522
473.159 0.761649 0.00732454
473.514 0.767185 0.00738848
473.87 0.752389 0.00721262
474.225 0.737667 0.00693763
474.58 0.747737 0.0068471
474.935 0.774323 0.00702703
475.29 0.771872 0.0071105
475.645 0.768442 0.00710187
476 0.754934 0.00704824
476.355 0.766925 0.00716796
476.71 0.756275 0.00711384
477.065 0.745095 0.00685538
477.42 0.744711 0.00676322
477.775 0.75646 0.00682457
478.13 0.764613 0.00692297
478.485 0.755366 0.00683113
478.839 0.74181 0.00668857
479.194 0.742365 0.0065196
479.549 0.745589 0.00645361
479.903 0.762206 0.00654253
480.258 0.759412 0.00658192
480.612 0.749719 0.00645449
480.967 0.743103 0.00627738
481.321 0.758727 0.00636336
481.675 0.770814 0.00653741
482.03 0.767875 0.00664003
482.384 0.75547 0.00661384
482.738 0.751209 0.00653227
483.093 0.749078 0.00647537
483.447 0.739336 0.0062934
483.801 0.734568 0.00607722
484.155 0.748796 0.00605749
484.509 0.633315 0.00485094
484.863 0.601294 0.00322167
485.217 0.703455 0.00316703
485.571 0.819337 0.00350625
485.925 0.980825 0.0048868
486.279 0.874909 0.00535184
486.632 0.77491 0.00544757
486.986 0.774209 0.00588598
487.34 0.784628 0.00632547
487.694 0.768621 0.00643538
488.047 0.7495 0.00639077
488.401 0.756187 0.00642736
488.754 0.756461 0.00646933
489.108 0.764205 0.00660848
489.461 0.758092 0.00661387
489.815 0.756487 0.00667578
490.168 0.748676 0.00656797
490.522 0.749791 0.00654489
490.875 0.753859 0.00657248
491.228 0.760269 0.00664576
491.581 0.749743 0.00655431
491.935 0.761149 0.0066284
492.288 0.754682 0.00662738
492.641 0.754256 0.00657852
492.994 0.748052 0.00654651
493.347 0.744527 0.00644037
493.7 0.75267 0.00648044
494.053 0.752495 0.00650186
494.406 0.768815 0.00667828
494.759 0.759531 0.00677318
495.111 0.736137 0.00645983
495.464 0.725532 0.00613168
495.817 0.744565 0.00609938
496.169 0.775731 0.00640042
496.522 0.77996 0.00670756
496.875 0.768013 0.00687828
497.227 0.760857 0.00691381
497.58 0.749816 0.0068515
497.932 0.748714 0.00676609
498.285 0.74022 0.00666618
498.637 0.732382 0.00646565
498.989 0.742604 0.00643813
499.342 0.758401 0.00655448
499.694 0.765637 0.00673128
500.046 0.753029 0.00673295
500.398 0.73453 0.0064869
500.751 0.745553 0.00647578
501.103 0.744857 0.00645213
501.455 0.751276 0.00648981
501.807 0.750941 0.00649811
502.159 0.755662 0.00652202
502.511 0.747308 0.00646977
502.862 0.748632 0.00650339
503.214 0.758693 0.00663644
503.566 0.759687 0.00677539
503.918 0.749909 0.00680448
504.27 0.751911 0.00680634
504.621 0.752041 0.00682355
504.973 0.754089 0.00687138
505.324 0.744145 0.00678184
505.676 0.735342 0.00662414
506.027 0.753415 0.00672315
506.379 0.766353 0.0070066
506.73 0.752153 0.00704722
507.082 0.739238 0.00693688
507.433 0.7301 0.00676618
507.784 0.74605 0.00678251
508.136 0.750512 0.00692145
508.487 0.756553 0.00702057
508.838 0.745515 0.00703451
509.189 0.735508 0.00697947
509.54 0.740904 0.00691139
509.891 0.745107 0.00701114
510.242 0.748545 0.00703514
510.593 0.75046 0.00708895
510.944 0.746481 0.00710966
511.295 0.759492 0.00732069
511.646 0.755151 0.00738059
511.996 0.737241 0.00721741
512.347 0.738589 0.00716967
512.698 0.754107 0.00726854
513.049 0.747319 0.00728032
513.399 0.747954 0.00731719
513.75 0.741057 0.00726161
514.1 0.756869 0.00747791
514.451 0.760743 0.00765292
514.801 0.74135 0.00752157
515.152 0.742647 0.0074616
515.502 0.733335 0.00729975
515.852 0.744245 0.00731438
516.202 0.75026 0.00733404
516.553 0.760082 0.0074898
516.903 0.75163 0.00756164
517.253 0.755358 0.00769472
517.603 0.744264 0.00763661
517.953 0.738682 0.00757095
518.303 0.735763 0.00737863
518.653 0.747587 0.00737674
519.003 0.750319 0.00744697
519.353 0.766575 0.00779644
519.703 0.754982 0.00790135
520.052 0.736878 0.00784607
520.402 0.735883 0.00779758
520.752 0.742289 0.00774181
521.102 0.760083 0.00796102
521.451 0.7515 0.0079723
521.801 0.744713 0.00791352
522.15 0.733342 0.00772274
522.5 0.744639 0.00776937
522.849 0.737563 0.00770808
523.199 0.736608 0.00763032
523.548 0.738147 0.00756485
523.897 0.752566 0.0077267
524.246 0.751435 0.0078494
524.596 0.750081 0.00795332
524.945 0.740285 0.00785516
525.294 0.740932 0.00785768
525.643 0.743154 0.00785191
525.992 0.746435 0.00785579
526.341 0.74155 0.00778121
526.69 0.746133 0.00786666
527.039 0.751064 0.00796953
527.388 0.738731 0.00795912
527.737 0.720086 0.00761894
528.086 0.721657 0.00734663
528.434 0.740981 0.00730811
528.783 0.771072 0.00765873
529.132 0.759143 0.00774391
529.48 0.748367 0.00778768
529.829 0.746471 0.00782066
530.177 0.745557 0.00789608
530.526 0.747992 0.00792841
530.874 0.740855 0.00781527
531.223 0.735707 0.00777682
531.571 0.752465 0.00793263
531.919 0.733162 0.00775326
532.268 0.720474 0.00745118
532.616 0.725558 0.0072384
532.964 0.739647 0.00719993
533.312 0.745417 0.0072317
533.66 0.741355 0.00724451
534.008 0.736457 0.00720411
534.356 0.743977 0.00724558
534.704 0.750656 0.00734417
535.052 0.748494 0.00743222
535.4 0.753203 0.00761317
535.748 0.748877 0.00777201
536.095 0.749598 0.00797275
536.443 0.736384 0.00791203
536.791 0.728547 0.00770336
537.139 0.730305 0.00753507
537.486 0.738194 0.00740044
537.834 0.741544 0.00737791
538.181 0.741453 0.00733511
538.529 0.750316 0.00742038
538.876 0.740781 0.00735397
539.223 0.751992 0.00753469
539.571 0.747912 0.00767497
539.918 0.73806 0.00759723
540.265 0.728106 0.00739706
540.613 0.733211 0.00729528
540.96 0.745299 0.00744625
541.307 0.735331 0.00740977
541.654 0.733148 0.00739691
542.001 0.740528 0.0074572
542.348 0.741174 0.00745905
542.695 0.736746 0.00744614
543.042 0.731844 0.00730743
543.388 0.734874 0.00722995
543.735 0.742206 0.00725583
544.082 0.739478 0.00723146
544.429 0.749487 0.00731375
544.775 0.752282 0.00748873
545.122 0.754008 0.00771961
545.469 0.740135 0.00777331
545.815 0.729639 0.00767333
546.162 0.734798 0.00763913
546.508 0.726371 0.00743926
546.854 0.718155 0.0071229
547.201 0.724498 0.00689235
547.547 0.748511 0.00698535
547.893 0.758309 0.00718878
548.24 0.767353 0.00761881
548.586 0.748134 0.00783564
548.932 0.73362 0.00787469
549.278 0.727747 0.00784868
549.624 0.729237 0.00781474
549.97 0.745506 0.00797538
550.316 0.75 0.00815909
550.662 0.740736 0.00819197
551.008 0.703906 0.00757256
551.353 0.719609 0.00724748
551.699 0.743852 0.00720556
552.045 0.766936 0.00751354
552.391 0.736343 0.00751473
552.736 0.735793 0.00754622
553.082 0.730938 0.00753233
553.427 0.749175 0.0077605
553.773 0.747707 0.00800959
554.118 0.722541 0.00787413
554.464 0.71667 0.00764085
554.809 0.713229 0.00731975
555.154 0.739374 0.00735233
555.5 0.747028 0.00740704
555.845 0.753084 0.00772617
556.19 0.740867 0.00787116
556.535 0.733739 0.00800912
556.88 0.727875 0.00784841
557.225 0.739225 0.00788005
557.57 0.748592 0.00808456
557.915 0.753124 0.00832884
558.26 0.733616 0.00832157
558.605 0.732935 0.00828821
558.95 0.724256 0.00805731
559.295 0.714444 0.00757578
559.639 0.720661 0.0073223
559.984 0.727796 0.00707723
560.329 0.738219 0.00710139
560.673 0.742549 0.00714691
561.018 0.74836 0.00738538
561.362 0.740396 0.0075418
561.707 0.73296 0.00769195
562.051 0.723474 0.00754885
562.395 0.718335 0.00742264
562.74 0.726195 0.00731504
563.084 0.721637 0.00720194
563.428 0.729975 0.00709218
563.772 0.736385 0.00715627
564.117 0.724834 0.00704799
564.461 0.733828 0.00706915
564.805 0.728654 0.00710554
565.149 0.725309 0.00705652
565.493 0.732024 0.00709998
565.836 0.723464 0.00692274
566.18 0.723849 0.00682339
566.524 0.702542 0.00626855
566.868 0.725092 0.00619761
567.212 0.732627 0.00612369
567.555 0.720367 0.0059955
567.899 0.71019 0.00567717
568.242 0.718574 0.00547739
568.586 0.706711 0.00508322
568.929 0.708283 0.00476335
569.273 0.72017 0.00454115
569.616 0.740216 0.00461041
569.96 0.721103 0.00445858
570.303 0.719125 0.00431411
570.646 0.726641 0.00428273
570.989 0.718445 0.00412662
571.333 0.739683 0.00423929
571.676 0.748718 0.00442452
572.019 0.741274 0.00476049
572.362 0.68571 0.00432017
572.705 0.695824 0.00403925
573.048 0.724277 0.00392256
573.391 0.721898 0.00378833
573.733 0.729966 0.00375652
574.076 0.730018 0.00371513
574.419 0.745473 0.00386868
574.762 0.73817 0.00405479
575.104 0.743176 0.00435516
575.447 0.688488 0.00413525
575.789 0.689794 0.00389066
576.132 0.721626 0.00375944
576.474 0.717654 0.00370712
576.817 0.709727 0.00341032
577.159 0.726176 0.0032616
577.501 0.763671 0.00337114
577.844 0.769816 0.00362251
578.186 0.746829 0.00400213
578.528 0.700667 0.00403481
578.87 0.70438 0.00406314
579.212 0.694817 0.00390086
579.554 0.726116 0.00386034
579.896 0.726594 0.00388513
580.238 0.690515 0.00356911
580.58 0.708657 0.00317681
580.922 0.765032 0.00317224
581.264 0.817435 0.00327901
581.606 0.772218 0.00332735
581.947 0.753068 0.0034878
582.289 0.741644 0.00384541
582.631 0.720742 0.00420483
582.972 0.699442 0.00442
583.314 0.693839 0.00435374
583.655 0.693126 0.00420659
583.997 0.691114 0.00383424
584.338 0.712033 0.00361983
584.679 0.731016 0.00351906
585.021 0.757878 0.00368163
585.362 0.747437 0.00392856
585.703 0.733336 0.00418543
586.044 0.68595 0.00406304
586.385 0.693744 0.00386648
586.726 0.714209 0.00374692
587.067 0.752489 0.00399697
587.408 0.735599 0.00417844
587.749 0.726628 0.00434978
588.09 0.721138 0.00451394
588.431 0.732986 0.00482196
588.772 0.709179 0.00493285
589.113 0.702715 0.00482554
589.453 0.720218 0.00485877
589.794 0.735948 0.00507974
590.134 0.732469 0.00533812
590.475 0.714402 0.00539441
590.815 0.706002 0.00531298
591.156 0.721772 0.00537963
591.496 0.689621 0.00509815
591.837 0.680247 0.00435594
592.177 0.70602 0.00403121
592.517 0.744576 0.00396348
592.857 0.754532 0.00420672
593.198 0.745803 0.00444985
593.538 0.730991 0.00485984
593.878 0.698899 0.00490382
594.218 0.685822 0.00470102
594.558 0.718694 0.0046335
594.898 0.73902 0.00483089
595.237 0.745321 0.00515222
595.577 0.728767 0.00542378
595.917 0.708542 0.00561509
596.257 0.690295 0.00531009
596.596 0.69884 0.00520857
596.936 0.738135 0.00526417
597.276 0.728657 0.00543472
597.615 0.701365 0.00523745
597.955 0.679101 0.00453262
598.294 0.724231 0.00439157
598.633 0.748482 0.00447929
598.973 0.734996 0.00460607
599.312 0.705989 0.00450049
599.651 0.72262 0.00458929
599.991 0.721144 0.00468473
600.33 0.717281 0.00474436
600.669 0.71788 0.00488238
601.008 0.726437 0.00508116
601.347 0.711361 0.00519952
601.686 0.702342 0.00501556
602.025 0.714757 0.00509346
602.364 0.705098 0.00480687
602.702 0.717456 0.00477925
603.041 0.730641 0.00485491
603.38 0.73221 0.0050926
603.719 0.72772 0.00530823
604.057 0.706794 0.00537837
604.396 0.701236 0.00534873
604.734 0.685177 0.00504963
605.073 0.71627 0.00477645
605.411 0.732952 0.00487865
605.75 0.749453 0.00511338
606.088 0.713563 0.00525061
606.426 0.700421 0.00507451
606.764 0.71483 0.00505597
607.103 0.738855 0.00530312
607.441 0.717385 0.00540586
607.779 0.711631 0.00551467
608.117 0.715458 0.00549165
608.455 0.733882 0.00579782
608.793 0.700258 0.00571806
609.131 0.695507 0.00531648
609.469 0.718725 0.00527408
609.806 0.746481 0.00544723
610.144 0.734043 0.00582585
610.482 0.70192 0.00575614
610.819 0.714956 0.00579663
611.157 0.715932 0.00583111
611.495 0.721026 0.00605691
611.832 0.706048 0.00601157
612.17 0.709333 0.00598171
612.507 0.719959 0.00595905
612.844 0.718251 0.0060145
613.182 0.714032 0.00601067
613.519 0.713476 0.00597133
613.856 0.719588 0.00598122
614.193 0.706922 0.00585359
614.53 0.714203 0.00576107
614.867 0.727658 0.00580879
615.205 0.731966 0.00611768
615.541 0.722473 0.00629753
615.878 0.700375 0.00646373
616.215 0.704899 0.00641839
616.552 0.707961 0.00649803
616.889 0.703639 0.00632944
617.226 0.722826 0.00634936
617.562 0.740125 0.00662913
617.899 0.73156 0.00698868
618.235 0.714193 0.007261
618.572 0.69961 0.00745274
618.908 0.692106 0.00715544
619.245 0.706179 0.00693284
619.581 0.727514 0.00691342
619.918 0.769728 0.00770193
620.254 0.733552 0.00848177
620.59 0.678175 0.0082781
620.926 0.682275 0.0077418
621.262 0.714997 0.00748509
621.599 0.745569 0.00767818
621.935 0.71362 0.00741732
622.271 0.713908 0.00714065
622.606 0.725654 0.0070436
622.942 0.740352 0.00729096
623.278 0.712374 0.00736033
623.614 0.695351 0.00693008
623.95 0.724137 0.00704376
624.285 0.728193 0.00719513
624.621 0.727893 0.00758445
624.957 0.708771 0.00771695
625.292 0.728077 0.00805786
625.628 0.711027 0.00820387
625.963 0.6953 0.00816649
626.299 0.70904 0.008077
626.634 0.714922 0.00798318
626.969 0.735723 0.00824827
627.304 0.747666 0.00901304
627.64 0.711462 0.00943054
627.975 0.686881 0.00908078
628.31 0.682424 0.0085557
628.645 0.732144 0.00865919
628.98 0.728637 0.00882825
629.315 0.726715 0.00898556
629.65 0.721151 0.00902253
629.985 0.717486 0.00897427
630.319 0.725454 0.00941858
630.654 0.705103 0.00939134
630.989 0.708093 0.00936513
631.323 0.716643 0.00958471
631.658 0.739607 0.0101339
631.993 0.719054 0.0104247
632.327 0.709236 0.0103928
632.662 0.712021 0.0103568
632.996 0.720126 0.0101845
633.33 0.716739 0.0100101
633.665 0.733004 0.0104776
633.999 0.714359 0.0106577
634.333 0.711075 0.0106311
634.667 0.714709 0.0106951
635.001 0.712701 0.0104198
635.335 0.711607 0.0100156
635.669 0.718586 0.00969111
636.003 0.74135 0.00998048
636.337 0.752177 0.0105556
636.671 0.734237 0.0109737
637.005 0.713452 0.0111111
637.339 0.708503 0.0110235
637.672 0.704413 0.0105903
638.006 0.721376 0.0104419
638.339 0.732071 0.0106724
638.673 0.722911 0.0109431
639.006 0.720986 0.0112718
639.34 0.71709 0.0112351
639.673 0.723529 0.0114464
640.007 0.72302 0.0114137
640.34 0.711984 0.0115238
640.673 0.714492 0.011632
641.006 0.721657 0.011862
641.34 0.719027 0.0119693
641.673 0.716369 0.0122325
642.006 0.715534 0.012436
642.339 0.715968 0.0122198
642.672 0.727864 0.0122451
643.004 0.722847 0.0122725
643.337 0.739079 0.0128093
643.67 0.706338 0.012519
644.003 0.709049 0.01242
644.336 0.712259 0.012396
644.668 0.715464 0.0124016
645.001 0.731297 0.0127548
645.333 0.74452 0.013186
645.666 0.72783 0.0133064
645.998 0.717054 0.0135091
646.331 0.719099 0.013734
646.663 0.720352 0.0136045
646.995 0.697372 0.0125694
647.327 0.707625 0.0116275
647.66 0.723742 0.0111157
647.992 0.732274 0.0110102
648.324 0.724393 0.0109104
648.656 0.738888 0.0111722
648.988 0.734899 0.0115855
649.32 0.731165 0.0123614
649.652 0.71487 0.0127963
649.983 0.713028 0.013055
650.315 0.70902 0.0131021
650.647 0.705464 0.0127694
650.979 0.720371 0.012315
651.31 0.716406 0.0118087
651.642 0.726637 0.0116257
651.973 0.725719 0.0116106
652.305 0.723469 0.0115486
652.636 0.734302 0.011796
652.967 0.725864 0.0119931
653.299 0.709496 0.0121335
653.63 0.694268 0.0118669
653.961 0.680005 0.01091
654.292 0.569336 0.00766233
654.623 0.447526 0.00246231
654.955 0.900094 0.00342792
655.286 0.900038 0.0034277
655.616 0.899982 0.00342749
655.947 0.899925 0.00342727
656.278 0.899868 0.00342706
656.609 0.482632 0.00262647
656.94 0.417545 0.00323265
657.27 0.380854 0.00361955
657.601 0.403315 0.00429608
657.932 0.454274 0.00545349
658.262 0.526235 0.00715005
658.593 0.58839 0.00906929
658.923 0.641651 0.011074
659.254 0.668966 0.0124903
659.584 0.677469 0.0133454
659.914 0.704066 0.0142467
660.244 0.703743 0.0145992
660.575 0.705214 0.0145075
660.905 0.718486 0.0146652
661.235 0.725849 0.0145338
661.565 0.727005 0.0144407
661.895 0.722954 0.0143183
662.225 0.734118 0.0146557
662.555 0.722324 0.0147393
662.884 0.70302 0.0143785
663.214 0.71371 0.0142876
663.544 0.731393 0.014313
663.873 0.717148 0.0139629
664.203 0.7315 0.0139484
664.533 0.712837 0.0133963
664.862 0.721714 0.0133857
665.192 0.730034 0.0138499
665.521 0.744097 0.0147418
665.85 0.708166 0.0148087
666.18 0.715238 0.0154955
666.509 0.72167 0.0154726
666.838 0.702324 0.0149029
667.167 0.720662 0.0149023
667.496 0.751095 0.0154759
667.825 0.731485 0.0153494
668.154 0.720608 0.0152095
668.483 0.741095 0.0153194
668.812 0.737008 0.0149924
669.141 0.746736 0.0149405
669.47 0.750033 0.0147891
669.798 0.758153 0.0150211
670.127 0.717251 0.014624
670.456 0.680269 0.0134366
670.784 0.693775 0.0121714
671.113 0.713483 0.0113303
671.441 0.739149 0.0110196
671.77 0.753696 0.0113123
672.098 0.750751 0.0117344
672.426 0.751257 0.0130504
672.755 0.708621 0.0134764
673.083 0.693443 0.0135198
673.411 0.684309 0.0134036
673.739 0.719009 0.0139403
674.067 0.72736 0.0147616
674.395 0.711048 0.0145934
674.723 0.694685 0.014049
675.051 0.726286 0.0141571
675.379 0.721898 0.0141026
675.706 0.733518 0.014372
676.034 0.728074 0.0146417
676.362 0.722463 0.0146555
676.689 0.69863 0.0135375
677.017 0.722163 0.0128599
677.344 0.736207 0.0124729
677.672 0.757311 0.0128673
677.999 0.735253 0.0128329
678.327 0.716641 0.0124168
678.654 0.717663 0.011885
678.981 0.721222 0.011556
679.308 0.739967 0.0117985
679.636 0.741693 0.0123644
679.963 0.74034 0.0129714
680.29 0.703147 0.0126758
680.617 0.702522 0.0124342
680.944 0.714714 0.0123556
681.271 0.746422 0.0129905
681.597 0.738441 0.0137947
681.924 0.722963 0.0145373
682.251 0.686266 0.0141078
682.578 0.6897 0.0133998
682.904 0.705579 0.0126466
683.231 0.725396 0.0123129
683.557 0.721358 0.0120036
683.884 0.717643 0.0116311
684.21 0.721206 0.0113869
684.536 0.714664 0.0109647
684.863 0.721719 0.0108532
685.189 0.732301 0.0111169
685.515 0.733857 0.0117311
685.841 0.716 0.0119669
686.167 0.689124 0.0117518
686.493 0.713694 0.0118166
686.819 0.717456 0.0119149
687.145 0.728299 0.0125288
687.471 0.723331 0.0134271
687.797 0.700664 0.0136584
688.123 0.692742 0.0134983
688.448 0.699239 0.0131166
688.774 0.718254 0.0128943
689.1 0.728542 0.0132061
689.425 0.735158 0.0138225
689.751 0.710979 0.0138133
690.076 0.692533 0.0128737
690.402 0.710502 0.0121828
690.727 0.723179 0.0119116
691.052 0.748775 0.0124383
691.377 0.726125 0.0126164
691.703 0.730646 0.012976
692.028 0.703094 0.0127362
692.353 0.716358 0.012584
692.678 0.721214 0.0127237
693.003 0.75279 0.0134934
693.328 0.743085 0.0143959
693.652 0.710425 0.0147115
693.977 0.685391 0.0141047
694.302 0.692906 0.0133721
694.627 0.74596 0.0136806
694.951 0.739887 0.0141147
695.276 0.758898 0.0156707
695.6 0.698416 0.0152861
695.925 0.655095 0.0129933
696.249 0.701298 0.0118541
696.574 0.73559 0.0115058
696.898 0.771296 0.012318
697.222 0.737896 0.0127351
697.546 0.720167 0.0130874
697.871 0.700378 0.0131782
698.195 0.717805 0.0134389
698.519 0.709687 0.0137008
698.843 0.720655 0.0142015
699.167 0.717511 0.014703
699.491 0.702625 0.0151037
699.814 0.712203 0.0153293
700.138 0.713982 0.0153953
700.462 0.730365 0.0158284
700.786 0.711558 0.0154158
701.109 0.719276 0.0151171
701.433 0.731733 0.0147194
701.756 0.728125 0.0141589
702.08 0.73447 0.0142217
702.403 0.746522 0.01463
702.726 0.73224 0.0151042
703.05 0.715541 0.0152954
703.373 0.719705 0.0155187
703.696 0.71534 0.0154846
704.019 0.731547 0.0162054
704.342 0.719933 0.0166626
704.665 0.730397 0.0174762
704.988 0.709824 0.0171157
705.311 0.687563 0.01581
705.634 0.685847 0.0141773
705.957 0.706422 0.0130315
706.28 0.726441 0.012242
706.602 0.757204 0.0123689
706.925 0.752363 0.0125886
707.247 0.742595 0.0130049
707.57 0.715803 0.0132717
707.892 0.720705 0.0137715
708.215 0.739651 0.0146331
708.537 0.695706 0.0145411
708.859 0.686571 0.0145279
709.182 0.698026 0.0144969
709.504 0.706115 0.0141969
709.826 0.733651 0.0142895
710.148 0.731536 0.0143264
710.47 0.734736 0.0147658
710.792 0.72792 0.0152402
711.114 0.720009 0.0156653
711.436 0.696902 0.0157548
711.758 0.694744 0.0154758
712.079 0.711606 0.0154835
712.401 0.712795 0.0147318
712.723 0.713945 0.0142084
713.044 0.707202 0.0133228
713.366 0.728148 0.0133681
713.687 0.741946 0.0136038
714.009 0.733228 0.0138906
714.33 0.724744 0.0141197
714.652 0.717958 0.0144528
714.973 0.729228 0.0150705
715.294 0.726024 0.0158107
715.615 0.730527 0.0168739
715.936 0.698445 0.0167412
716.257 0.715145 0.0171031
716.578 0.722938 0.0173116
716.899 0.727845 0.0169831
717.22 0.720952 0.015812
717.541 0.727824 0.0154614
717.862 0.746982 0.0156109
718.182 0.720551 0.015302
718.503 0.715667 0.0149186
718.824 0.748327 0.0154725
719.144 0.741912 0.0156524
719.465 0.706524 0.0156234
719.785 0.698464 0.0152135
720.105 0.724078 0.0152865
720.426 0.724097 0.0150971
720.746 0.730751 0.0154236
721.066 0.712928 0.0152618
721.386 0.716695 0.0154588
721.706 0.719295 0.0159372
722.026 0.716188 0.0163248
722.346 0.715832 0.0164564
722.666 0.729615 0.0163967
722.986 0.721416 0.0158999
723.306 0.737673 0.0162036
723.626 0.73029 0.016442
723.946 0.724811 0.0163474
724.265 0.703053 0.0152395
724.585 0.715908 0.0145673
724.904 0.746999 0.0147697
725.224 0.734951 0.0146892
725.543 0.728077 0.0146173
725.863 0.720365 0.014679
726.182 0.733708 0.0154158
726.501 0.697339 0.0152656
726.82 0.714914 0.0155585
727.14 0.702076 0.0148211
727.459 0.711335 0.0144685
727.778 0.711187 0.0143811
728.097 0.733582 0.0148055
728.416 0.709912 0.0144001
728.734 0.715067 0.0139928
729.053 0.724197 0.0139438
729.372 0.720104 0.0138756
729.691 0.701547 0.0133506
730.009 0.703562 0.012727
730.328 0.71459 0.0124489
730.647 0.742878 0.0127074
730.965 0.728616 0.0130257
731.283 0.723391 0.0134666
731.602 0.687757 0.0132836
731.92 0.687786 0.0130478
732.238 0.698524 0.0128326
732.557 0.725822 0.0129611
732.875 0.700109 0.0124208
733.193 0.694823 0.011636
733.511 0.716303 0.0115445
733.829 0.725796 0.0119693
734.147 0.741452 0.0128934
734.465 0.697734 0.0130764
734.782 0.705479 0.0131368
735.1 0.703294 0.012749
735.418 0.700307 0.0127115
735.735 0.719356 0.012922
736.053 0.701257 0.012617
736.371 0.709985 0.0128265
736.688 0.717244 0.0133617
737.005 0.715424 0.0141576
737.323 0.699251 0.014532
737.64 0.691632 0.0144691
737.957 0.668432 0.0134861
738.274 0.691802 0.0125924
738.592 0.728288 0.0126057
738.909 0.738234 0.0130112
739.226 0.728656 0.0140793
739.543 0.699725 0.0148719
739.86 0.715499 0.0159129
740.176 0.714403 0.0163136
740.493 0.700064 0.0166367
740.81 0.686291 0.0165241
741.127 0.688812 0.0163796
741.443 0.697738 0.0156202
741.76 0.724476 0.0153893
742.076 0.713835 0.015411
742.393 0.737817 0.0165082
742.709 0.73646 0.017406
743.025 0.716725 0.0174875
743.342 0.701866 0.0171463
743.658 0.726797 0.0171124
743.974 0.729681 0.0166721
744.29 0.735599 0.0167226
744.606 0.721469 0.0167382
744.922 0.70343 0.0165572
745.238 0.708368 0.0166657
745.554 0.729305 0.0173193
745.87 0.721444 0.0174072
746.186 0.703262 0.0164783
746.501 0.700726 0.0158435
746.817 0.706356 0.0161603
747.132 0.738845 0.0177408
747.448 0.707327 0.0180402
747.763 0.679112 0.0174127
748.079 0.68541 0.0167653
748.394 0.693057 0.015716
748.71 0.694483 0.0146463
749.025 0.702119 0.0138651
749.34 0.721326 0.0138708
749.655 0.71508 0.0141128
749.97 0.711266 0.0145818
750.285 0.683876 0.0143425
750.6 0.677675 0.0139721
750.915 0.684153 0.0136898
751.23 0.701375 0.014134
751.545 0.712653 0.0148327
751.859 0.684877 0.0150885
752.174 0.679415 0.0152037
752.489 0.66562 0.0142909
752.803 0.675347 0.0135308
753.118 0.686919 0.0135439
753.432 0.69897 0.0141205
753.747 0.687499 0.0145232
754.061 0.664209 0.0137913
754.375 0.654392 0.0131161
754.689 0.672395 0.0128815
755.004 0.690808 0.0130356
755.318 0.677644 0.0126294
755.632 0.6683 0.0119303
755.946 0.688341 0.011889
756.26 0.667581 0.0111849
756.573 0.684443 0.0108358
756.887 0.679282 0.0104663
757.201 0.696778 0.0108251
757.515 0.689786 0.0117983
757.828 0.664872 0.0124228
758.142 0.633908 0.0120899
758.455 0.644727 0.0113233
758.769 0.666912 0.0109062
759.082 0.668467 0.0106219
759.396 0.674249 0.0105074
759.709 0.658334 0.0103022
760.022 0.67365 0.0105133
760.335 0.689094 0.011192
760.648 0.665945 0.0118254
760.962 0.664054 0.012675
761.275 0.634434 0.0130029
761.587 0.634036 0.013168
761.9 0.654889 0.0134166
762.213 0.651397 0.0129439
762.526 0.660955 0.0125681
762.839 0.668919 0.012593
763.151 0.665102 0.0121943
763.464 0.663394 0.0115189
763.776 0.671571 0.0107653
764.089 0.682797 0.0106257
764.401 0.68138 0.0109917
764.714 0.671552 0.0115539
765.026 0.653239 0.0121629
765.338 0.654643 0.0129646
765.65 0.646009 0.0138619
765.962 0.624228 0.0142596
766.275 0.620646 0.0147273
766.587 0.624552 0.0148223
766.898 0.628334 0.01439
767.21 0.66452 0.0139238
767.522 0.647862 0.012756
767.834 0.672865 0.0125236
768.146 0.661108 0.0125034
768.457 0.68431 0.0134982
768.769 0.656068 0.0139205
769.08 0.640773 0.0138194
769.392 0.644593 0.0133594
769.703 0.661342 0.0128316
770.015 0.673608 0.0124559
770.326 0.679084 0.0125307
770.637 0.661224 0.012812
770.948 0.65228 0.0136541
771.26 0.633791 0.0143047
771.571 0.629675 0.0144144
771.882 0.629147 0.0140582
772.193 0.655052 0.0144901
772.504 0.666536 0.0149824
772.814 0.659973 0.0152059
773.125 0.650573 0.0154097
773.436 0.648623 0.0158285
773.747 0.649398 0.0161945
774.057 0.655226 0.016615
774.368 0.659955 0.0169371
774.678 0.667281 0.0174749
774.989 0.653483 0.0175647
775.299 0.67912 0.0185085
775.609 0.667379 0.0181432
775.919 0.668441 0.0180087
776.23 0.686954 0.0182785
776.54 0.663181 0.0178073
776.85 0.673366 0.0181322
777.16 0.640136 0.0171539
777.47 0.645303 0.0163282
777.78 0.681137 0.0160361
778.089 0.656577 0.014953
778.399 0.672871 0.0150415
778.709 0.661738 0.0156047
779.019 0.679598 0.0168527
779.328 0.656278 0.017457
779.638 0.629792 0.016875
779.947 0.629371 0.0153779
780.257 0.640222 0.0141486
780.566 0.653939 0.0137642
780.875 0.661413 0.014159
781.185 0.653718 0.0149691
781.494 0.635844 0.0150069
781.803 0.627066 0.0153012
782.112 0.615605 0.0153826
782.421 0.627867 0.0153309
782.73 0.630277 0.0149558
783.039 0.647084 0.0153462
783.348 0.656287 0.0166885
783.656 0.622202 0.0171421
783.965 0.624076 0.0174253
784.274 0.630836 0.0168539
784.582 0.651416 0.0165947
784.891 0.654385 0.0165344
785.199 0.653418 0.0167725
785.508 0.640663 0.0170654
785.816 0.662851 0.0176739
786.124 0.635677 0.0169258
786.432 0.645923 0.0162239
786.741 0.660623 0.0157803
787.049 0.64713 0.0155261
787.357 0.64341 0.0157183
787.665 0.634202 0.0155114
787.973 0.653337 0.0158869
788.281 0.63158 0.0159453
788.588 0.635398 0.0168449
788.896 0.623213 0.0177201
789.204 0.636717 0.0186388
789.511 0.633538 0.0186426
789.819 0.658439 0.0193518
790.126 0.632425 0.0189736
790.434 0.640454 0.0190893
790.741 0.679709 0.019616
791.049 0.652398 0.0191976
791.356 0.665295 0.0200156
791.663 0.642268 0.020021
791.97 0.662217 0.0203824
792.277 0.643794 0.0197235
792.584 0.643096 0.0186733
792.891 0.61279 0.0161223
793.198 0.643098 0.0153313
793.505 0.640303 0.0149986
793.812 0.637376 0.0153875
794.119 0.631318 0.0156663
794.425 0.62652 0.0160702
794.732 0.612383 0.016612
795.038 0.631496 0.018637
795.345 0.583409 0.0192633
795.651 0.613583 0.0208144
795.958 0.614675 0.0208752
796.264 0.602627 0.0192881
796.57 0.633385 0.0190507
796.876 0.647101 0.0190905
797.183 0.655318 0.0195665
797.489 0.647314 0.0202449
797.795 0.637711 0.0202739
798.101 0.64684 0.0203282
798.406 0.65227 0.0205218
798.712 0.666121 0.0213511
799.018 0.666201 0.021686
799.324 0.631277 0.0211653
799.629 0.641032 0.0214245
799.935 0.672295 0.0221034
800.24 0.681303 0.0226742
800.546 0.654713 0.022235
800.851 0.634559 0.0220893
801.157 0.667418 0.0236244
801.462 0.67465 0.0239825
801.767 0.684973 0.0242802
802.072 0.671029 0.0230996
802.377 0.679968 0.0223761
802.682 0.671104 0.0218717
802.987 0.700616 0.022968
803.292 0.65958 0.022855
803.597 0.673588 0.0232931
803.902 0.66432 0.023074
804.207 0.643962 0.0225756
804.511 0.646475 0.0222729
804.816 0.633605 0.020718
805.12 0.632964 0.0193484
805.425 0.628217 0.0181554
805.729 0.635252 0.0183998
806.034 0.640444 0.0191899
806.338 0.639034 0.0202613
806.642 0.616584 0.020409
806.946 0.614062 0.0201612
807.251 0.635859 0.0207045
807.555 0.634556 0.0203541
807.859 0.628034 0.0200955
808.162 0.630661 0.0207219
808.466 0.64681 0.0216998
808.77 0.632605 0.0220287
809.074 0.665488 0.0233667
809.378 0.664557 0.0233911
809.681 0.63192 0.0226298
809.985 0.678537 0.023829
810.288 0.666198 0.0238747
810.592 0.650767 0.0234197
810.895 0.669069 0.0243107
811.198 0.688152 0.0257452
811.502 0.699619 0.0263363
811.805 0.717571 0.0274048
812.108 0.686621 0.0255867
812.411 0.708971 0.0252297
812.714 0.690097 0.0231926
813.017 0.65881 0.0214454
813.32 0.678438 0.0217302
813.623 0.642815 0.0218202
813.926 0.67292 0.0239425
814.228 0.653542 0.024857
814.531 0.663636 0.0258514
814.833 0.656835 0.0255209
815.136 0.681888 0.0261611
815.438 0.674003 0.0263062
815.741 0.659579 0.0249442
816.043 0.648317 0.0244295
816.345 0.680967 0.0248687
816.648 0.672281 0.0249109
816.95 0.672087 0.0252897
817.252 0.692494 0.0262474
817.554 0.654743 0.0255765
817.856 0.718987 0.0273743
818.158 0.670301 0.0266608
818.46 0.735343 0.0286325
818.761 0.718095 0.0281916
819.063 0.722107 0.0277795
819.365 0.694889 0.0264459
819.666 0.658215 0.0244516
819.968 0.664001 0.0237486
820.269 0.67555 0.0236954
820.571 0.657774 0.0239945
820.872 0.670878 0.0251487
821.173 0.651707 0.0257715
821.475 0.6829 0.0273961
821.776 0.687866 0.0273532
822.077 0.665564 0.0267493
822.378 0.683217 0.0272909
822.679 0.677059 0.0276123
822.98 0.656407 0.0269354
823.281 0.708687 0.0288952
823.581 0.687267 0.0281681
823.882 0.706638 0.0289278
824.183 0.713409 0.0287712
824.483 0.692307 0.0273347
824.784 0.660189 0.0255966
825.084 0.694261 0.0267193
825.385 0.732893 0.0278126
825.685 0.719566 0.0281513
825.985 0.657958 0.026689
826.286 0.688609 0.0269286
826.586 0.66444 0.0259329
826.886 0.659433 0.025883
827.186 0.65762 0.0262269
827.486 0.696531 0.0278983
827.786 0.698674 0.028367
828.086 0.671585 0.0275321
828.386 0.679061 0.0273231
828.685 0.701737 0.0276219
828.985 0.733533 0.0290847
829.285 0.693035 0.0284656
829.584 0.689269 0.0288468
829.884 0.725252 0.0300413
830.183 0.755201 0.0322532
830.482 0.733849 0.0314471
830.782 0.728929 0.0314746
831.081 0.788476 0.0339741
831.38 0.715379 0.0313146
831.679 0.744007 0.0320075
831.978 0.770652 0.0326275
832.277 0.755145 0.0312567
832.576 0.713588 0.0298129
832.875 0.701087 0.0295326
833.174 0.706935 0.0294694
833.472 0.715202 0.0298655
833.771 0.70684 0.0300944
834.07 0.702023 0.0292789
834.368 0.702768 0.0295811
834.667 0.737029 0.0310936
834.965 0.766598 0.0321873
835.263 0.780576 0.0325232
835.562 0.722079 0.0312949
835.86 0.739383 0.0313754
836.158 0.718073 0.0312717
836.456 0.741353 0.0326116
836.754 0.71901 0.0320266
837.052 0.802436 0.034908
837.35 0.779489 0.0337381
837.648 0.766283 0.0338947
837.946 0.841659 0.0358253
838.243 0.79629 0.0348563
838.541 0.747609 0.0328868
838.839 0.773669 0.0335041
839.136 0.753612 0.0329973
839.434 0.74893 0.0326947
839.731 0.799603 0.034692
840.028 0.74749 0.032774
840.326 0.781445 0.0339313
840.623 0.782521 0.0339237
840.92 0.762804 0.033816
841.217 0.821507 0.0360782
841.514 0.836627 0.0366122
841.811 0.744056 0.0333876
842.108 0.810511 0.035871
842.405 0.83363 0.0366506
842.701 0.833022 0.0368061
842.998 0.762157 0.0341219
843.295 0.801286 0.0357518
843.591 0.837044 0.0366207
843.888 0.800049 0.0353883
844.184 0.826859 0.0361848
844.481 0.768676 0.0343162
844.777 0.795097 0.0350719
845.073 0.873025 0.0370275
845.369 0.819769 0.0362404
845.665 0.809751 0.0365447
845.962 0.830884 0.0362921
846.258 0.858255 0.0375994
846.553 0.815764 0.03671
846.849 0.847257 0.0374764
847.145 0.791765 0.035051
847.441 0.786597 0.0351461
847.737 0.805149 0.0352634
848.032 0.778411 0.0353353
848.328 0.775483 0.0354309
848.623 0.831705 0.0371827
848.919 0.808134 0.0358354
849.214 0.755432 0.0342519
849.509 0.821698 0.0362555
849.805 0.817233 0.0368823
850.1 0.869477 0.0388935
850.395 0.819102 0.037625
850.69 0.885741 0.0393978
850.985 0.818907 0.036538
851.28 0.80341 0.0360404
851.575 0.795421 0.0362987
851.869 0.777856 0.0357731
852.164 0.794719 0.0356201
852.459 0.786403 0.0344612
852.753 0.785906 0.033971
853.048 0.735285 0.0311539
853.342 0.743561 0.0311113
853.637 0.740694 0.0316092
853.931 0.717784 0.0307827
854.225 0.711852 0.0305204
854.52 0.728371 0.0320229
854.814 0.742459 0.0324385
855.108 0.679632 0.0300287
855.402 0.714884 0.0313612
855.696 0.744011 0.0329096
855.99 0.809551 0.0348821
856.283 0.740565 0.0326306
856.577 0.814484 0.0350029
856.871 0.769339 0.0337501
857.164 0.777146 0.0342898
857.458 0.805811 0.0360763
857.751 0.82411 0.0358509
858.045 0.751572 0.0338213
858.338 0.788374 0.0352054
858.632 0.753968 0.0336405
858.925 0.808398 0.0357478
859.218 0.726372 0.0337414
859.511 0.839149 0.0377842
859.804 0.798319 0.0364849
860.097 0.762415 0.0347105
860.39 0.81542 0.0369502
860.683 0.825015 0.0370096
860.976 0.799031 0.0367139
861.268 0.817199 0.036555
861.561 0.886303 0.0391603
861.854 0.8837 0.0402677
862.146 0.796371 0.0368686
862.439 0.83664 0.0375848
862.731 0.810291 0.0360825
863.023 0.845671 0.0380559
863.316 0.794806 0.036228
863.608 0.790822 0.036326
863.9 0.8416 0.0374979
864.192 0.791767 0.0355081
864.484 0.761403 0.0356536
864.776 0.831405 0.0375871
865.068 0.833046 0.0373913
865.36 0.834372 0.0373232
865.651 0.852843 0.0387252
865.943 0.772566 0.0361763
866.235 0.767309 0.0362358
866.526 0.863514 0.0394764
866.818 0.80991 0.0369491
867.109 0.765993 0.0357131
867.4 0.849264 0.0383279
867.692 0.824816 0.0379785
867.983 0.79968 0.0370333
868.274 0.850813 0.0386781
868.565 0.879304 0.0388188
868.856 0.84751 0.0383599
869.147 0.83068 0.0378742
869.438 0.806716 0.0372233
869.729 0.840074 0.0382124
870.02 0.899625 0.0411028
870.31 0.854392 0.0388067
870.601 0.862477 0.0384281
870.892 0.850092 0.0377595
871.182 0.791992 0.0362929
871.473 0.834686 0.0380683
871.763 0.798429 0.0363396
872.053 0.863946 0.0382464
872.343 0.823456 0.0372819
872.634 0.829834 0.0378022
872.924 0.817826 0.0367819
873.214 0.842357 0.0380935
873.504 0.866628 0.0391571
873.794 0.848761 0.0397194
874.084 0.9325 0.0415125
874.373 0.822863 0.0380145
874.663 0.836128 0.0374123
874.953 0.881011 0.0396807
875.242 0.819456 0.0377541
875.532 0.826919 0.0376141
875.821 0.837716 0.0380941
876.111 0.832354 0.037828
876.4 0.850311 0.0387121
876.689 0.831151 0.0380191
876.978 0.89052 0.0393681
877.268 0.86396 0.0388455
877.557 0.867787 0.0393806
877.846 0.867523 0.0392428
878.134 0.852559 0.0392559
878.423 0.852716 0.0392632
878.712 0.852873 0.0392704
