178.41 0.572107 0.117
178.791 0.57573 0.117741
179.172 0.579326 0.118477
179.553 0.485225 0.485225
179.934 0.79045 0.79045
180.316 0.671677 0.671677
180.697 0.460898 0.460898
181.078 0.790783 0.790783
181.459 0.463566 0.463566
181.84 0.426006 0.426006
182.221 1.63649 1.63649
182.602 0.610835 0.610835
182.983 3.90794 0.895131
183.364 0.63605 0.141519
183.744 0.644281 0.0899269
184.125 0.703171 0.0814946
184.506 0.471886 0.0546896
184.887 0.589497 0.0545084
185.268 0.596647 0.0472104
185.648 0.534184 0.0432427
186.029 0.480549 0.0391208
186.41 0.558169 0.0410596
186.791 0.686359 0.0437571
187.171 0.522472 0.0326545
187.552 0.447699 0.0245933
187.932 0.49326 0.0262852
188.313 0.453207 0.0235322
188.694 0.491526 0.0244928
189.074 0.454625 0.0227103
189.455 0.473903 0.0225433
189.835 0.512947 0.0241158
190.216 0.517389 0.0235818
190.596 0.449283 0.0210304
190.977 0.445627 0.020782
191.357 0.449374 0.0209308
191.737 0.481909 0.0214044
192.118 0.463309 0.0208844
192.498 0.492913 0.020873
192.878 0.459805 0.020315
193.258 0.459312 0.0199537
193.639 0.437683 0.0192366
194.019 0.473973 0.0201947
194.399 0.452164 0.0195544
194.779 0.428358 0.0182699
195.159 0.462906 0.0195429
195.54 0.438437 0.0184494
195.92 0.443689 0.0186145
196.3 0.448121 0.0184362
196.68 0.449786 0.0185626
197.06 0.424481 0.0179253
197.44 0.424369 0.0177509
197.82 0.416281 0.0174428
198.2 0.42686 0.0176548
198.58 0.396186 0.0165597
198.959 0.397686 0.0165611
199.339 0.418689 0.0170665
199.719 0.395594 0.0162713
200.099 0.41388 0.0166831
200.479 0.395252 0.0162573
200.858 0.375045 0.0156028
201.238 0.371254 0.0152812
201.618 0.373809 0.0155058
201.998 0.357507 0.0148008
202.377 0.350031 0.014645
202.757 0.339373 0.0142309
203.136 0.337988 0.0141097
203.516 0.34047 0.0139505
203.896 0.352662 0.0140233
204.275 0.319003 0.0130741
204.655 0.341241 0.0135478
205.034 0.334157 0.0132488
205.414 0.326273 0.0129277
205.793 0.310766 0.0125037
206.172 0.327601 0.0128496
206.552 0.321208 0.0125066
206.931 0.288581 0.0116727
207.31 0.308293 0.0119348
207.69 0.296695 0.0116147
208.069 0.299543 0.0115158
208.448 0.289481 0.0111781
208.827 0.30391 0.0113875
209.207 0.28683 0.011034
209.586 0.273612 0.0104948
209.965 0.277544 0.0105365
210.344 0.269177 0.0102251
210.723 0.288857 0.0104622
211.102 0.279674 0.0101165
211.481 0.272432 0.00993192
211.86 0.277065 0.00991633
212.239 0.272183 0.00972928
212.618 0.255682 0.00929342
212.997 0.262833 0.00926878
213.376 0.262789 0.00923488
213.755 0.255639 0.00898047
214.134 0.248067 0.00872663
214.513 0.252015 0.00865343
214.891 0.253048 0.00861324
215.27 0.246092 0.00833436
215.649 0.249111 0.00831636
216.028 0.245118 0.00810698
216.406 0.248922 0.00808453
216.785 0.239525 0.00780143
217.164 0.230752 0.00758056
217.542 0.240956 0.00758394
217.921 0.233711 0.00737344
218.3 0.229259 0.00727701
218.678 0.234456 0.00724328
219.057 0.230862 0.00705956
219.435 0.225863 0.00686797
219.814 0.227467 0.00684151
220.192 0.222041 0.00665046
220.57 0.222773 0.00658332
220.949 0.224399 0.00649644
221.327 0.222464 0.00636081
221.705 0.219284 0.00625052
222.084 0.221597 0.00614709
222.462 0.213405 0.00596053
222.84 0.212745 0.00590217
223.218 0.209837 0.00571574
223.597 0.214298 0.00571782
223.975 0.214148 0.00561292
224.353 0.210235 0.00550031
224.731 0.206127 0.00535855
225.109 0.203758 0.00522005
225.487 0.210102 0.00522535
225.865 0.209778 0.00514145
226.243 0.203456 0.00499911
226.621 0.199601 0.00488631
226.999 0.20284 0.0048249
227.377 0.200866 0.00475474
227.755 0.202439 0.00471104
228.133 0.20087 0.00463316
228.511 0.202041 0.00459133
228.889 0.201057 0.00449256
229.266 0.200106 0.00443939
229.644 0.198297 0.00433228
230.022 0.196855 0.00426062
230.4 0.196625 0.004218
230.777 0.196986 0.0041817
231.155 0.196042 0.00411744
231.533 0.193602 0.0040338
231.91 0.193193 0.003975
232.288 0.193543 0.0039409
232.665 0.193733 0.00389208
233.043 0.192593 0.00384396
233.42 0.19144 0.00378065
233.798 0.192384 0.00376224
234.175 0.194651 0.00373505
234.553 0.19132 0.00366353
234.93 0.192104 0.00363426
235.307 0.192055 0.00360436
235.685 0.191419 0.00356901
236.062 0.193183 0.00354352
236.439 0.190376 0.00350029
236.816 0.192017 0.00347235
237.194 0.188563 0.00340455
237.571 0.189117 0.00337985
237.948 0.192947 0.00339588
238.325 0.192855 0.00335749
238.702 0.191911 0.00332948
239.079 0.189978 0.00327981
239.456 0.189797 0.00325635
239.833 0.190246 0.00323917
240.21 0.188756 0.00319666
240.587 0.189541 0.00318846
240.964 0.192841 0.00318985
241.341 0.190048 0.00313991
241.718 0.192266 0.0031283
242.095 0.194141 0.00314257
242.472 0.190327 0.00308688
242.849 0.193949 0.00309285
243.225 0.193617 0.00306327
243.602 0.190202 0.00302085
243.979 0.191098 0.00301749
244.356 0.195022 0.00303581
244.732 0.19216 0.00298276
245.109 0.192639 0.00296556
245.486 0.193739 0.00296988
245.862 0.192001 0.00294192
246.239 0.193447 0.00292288
246.615 0.193969 0.00292152
246.992 0.194236 0.00290212
247.368 0.195121 0.0029087
247.745 0.195886 0.00288982
248.121 0.195419 0.0028667
248.497 0.193119 0.00284518
248.874 0.195141 0.00284271
249.25 0.197031 0.0028313
249.626 0.198708 0.00283863
250.003 0.194921 0.00279495
250.379 0.194663 0.0027659
250.755 0.198575 0.00279598
251.131 0.196099 0.00275899
251.507 0.195919 0.00275405
251.884 0.195445 0.00273183
252.26 0.197332 0.00274569
252.636 0.194458 0.00270081
253.012 0.19575 0.00269988
253.388 0.1965 0.0026969
253.764 0.197188 0.00269057
254.14 0.198015 0.00268979
254.516 0.197183 0.00268048
254.892 0.197559 0.00266945
255.268 0.19899 0.00267626
255.643 0.198121 0.0026592
256.019 0.198501 0.00265978
256.395 0.197457 0.00264724
256.771 0.199835 0.00264372
257.147 0.198611 0.00263261
257.522 0.199554 0.00263467
257.898 0.200096 0.00263391
258.274 0.198907 0.00261928
258.649 0.199486 0.00262149
259.025 0.198469 0.00260043
259.4 0.199437 0.00260535
259.776 0.200998 0.00260745
260.151 0.199813 0.0026085
260.527 0.201634 0.00260868
260.902 0.201741 0.00260227
261.278 0.201969 0.00259825
261.653 0.20086 0.00259103
262.028 0.202631 0.00260493
262.404 0.201365 0.00258488
262.779 0.201381 0.0025785
263.154 0.200811 0.00257031
263.53 0.202678 0.00257519
263.905 0.201953 0.00257557
264.28 0.202239 0.00257606
264.655 0.201393 0.00256319
265.03 0.201734 0.00257328
265.405 0.202032 0.0025666
265.781 0.201863 0.00256857
266.156 0.202638 0.00257074
266.531 0.200692 0.00254486
266.906 0.205088 0.00258679
267.281 0.20355 0.00256432
267.655 0.202357 0.00256636
268.03 0.202591 0.00256927
268.405 0.204251 0.00257634
268.78 0.203941 0.00257432
269.155 0.20512 0.00257601
269.53 0.204584 0.00258152
269.904 0.205256 0.00258283
270.279 0.20623 0.0025906
270.654 0.202657 0.00256076
271.029 0.204086 0.00257464
271.403 0.205118 0.00257385
271.778 0.205522 0.0025837
272.152 0.204564 0.00258012
272.527 0.204111 0.002575
272.901 0.204066 0.00256464
273.276 0.204102 0.00255903
273.65 0.205242 0.00257423
274.025 0.204525 0.00256305
274.399 0.204537 0.00257541
274.774 0.204189 0.00256727
275.148 0.201587 0.00254279
275.522 0.204499 0.00256794
275.897 0.202984 0.00255703
276.271 0.202614 0.00255725
276.645 0.204366 0.00256084
277.019 0.204936 0.00255746
277.393 0.201326 0.00252799
277.768 0.20128 0.00253967
278.142 0.201949 0.00254133
278.516 0.202654 0.00255025
278.89 0.200993 0.00253477
279.264 0.203058 0.00255593
279.638 0.200232 0.0025258
280.012 0.200396 0.00253127
280.386 0.200293 0.00254386
280.76 0.201901 0.00254434
281.133 0.201732 0.00254794
281.507 0.201264 0.00254294
281.881 0.200581 0.00253282
282.255 0.200542 0.00253612
282.629 0.201537 0.00254978
283.002 0.199116 0.00253579
283.376 0.198878 0.00252734
283.75 0.198442 0.00253314
284.123 0.200118 0.00253494
284.497 0.197336 0.00252184
284.87 0.199602 0.00253887
285.244 0.197855 0.00252309
285.618 0.197965 0.00253027
285.991 0.197032 0.00253496
286.364 0.19787 0.0025394
286.738 0.197779 0.00253834
287.111 0.196919 0.00253389
287.485 0.195585 0.00252672
287.858 0.195427 0.00253513
288.231 0.194603 0.00252534
288.605 0.195279 0.00253666
288.978 0.192515 0.00251328
289.351 0.194197 0.00253736
289.724 0.192643 0.00252709
290.097 0.194259 0.0025407
290.47 0.192408 0.00253674
290.843 0.192441 0.00253607
291.217 0.190323 0.00252257
291.59 0.190255 0.00253959
291.963 0.188689 0.00252355
292.336 0.188478 0.00253019
292.708 0.189995 0.00254519
293.081 0.189576 0.00255409
293.454 0.189499 0.00254232
293.827 0.188343 0.00254208
294.2 0.186377 0.00254527
294.573 0.18636 0.00253704
294.945 0.187692 0.00256113
295.318 0.185842 0.00254749
295.691 0.183863 0.00254006
296.064 0.184838 0.00255146
296.436 0.183685 0.0025417
296.809 0.18082 0.00251502
297.181 0.184241 0.00255232
297.554 0.182196 0.002542
297.926 0.18127 0.00253754
298.299 0.180733 0.00253649
298.671 0.180362 0.00252285
299.044 0.181007 0.0025412
299.416 0.179639 0.00253542
299.788 0.180466 0.0025373
300.161 0.177527 0.00252762
300.533 0.176993 0.0025203
300.905 0.178083 0.00251842
301.278 0.178621 0.00252752
301.65 0.176652 0.00251074
302.022 0.176655 0.00251623
302.394 0.177293 0.00252484
302.766 0.17489 0.00250413
303.138 0.174211 0.00250909
303.51 0.173373 0.00249653
303.882 0.172793 0.00248923
304.254 0.171985 0.00248827
304.626 0.170914 0.00247307
304.998 0.168516 0.00245493
305.37 0.169919 0.0024789
305.742 0.166969 0.00244808
306.114 0.165465 0.00243598
306.485 0.165857 0.00243941
306.857 0.165717 0.00243664
307.229 0.166081 0.00244784
307.601 0.163865 0.00243078
307.972 0.162946 0.00242146
308.344 0.162809 0.00241741
308.716 0.164077 0.00243681
309.087 0.166929 0.00245481
309.459 0.168234 0.00246813
309.83 0.171667 0.00249351
310.202 0.172709 0.002497
310.573 0.174356 0.00251035
310.945 0.180193 0.00255024
311.316 0.18557 0.0026004
311.687 0.190019 0.00262083
312.059 0.195969 0.00267089
312.43 0.200652 0.00269771
312.801 0.208339 0.00275859
313.172 0.215626 0.00280814
313.544 0.220326 0.00284151
313.915 0.224238 0.00284841
314.286 0.229971 0.00289711
314.657 0.232667 0.00290759
315.028 0.239213 0.00295443
315.399 0.240427 0.00296094
315.77 0.242735 0.00297092
316.141 0.246322 0.00300524
316.512 0.245709 0.00300105
316.883 0.245821 0.00300779
317.254 0.243218 0.00298882
317.625 0.243267 0.00300753
317.996 0.242858 0.00298854
318.366 0.242185 0.00299181
318.737 0.240211 0.00297659
319.108 0.243087 0.0030047
319.478 0.243434 0.00300784
319.849 0.250348 0.00304881
320.22 0.260935 0.00311567
320.59 0.269614 0.00316525
320.961 0.279246 0.00322684
321.331 0.294864 0.00331627
321.702 0.31023 0.00341882
322.072 0.323059 0.00349934
322.443 0.333099 0.00354626
322.813 0.347886 0.0036174
323.184 0.359735 0.00368881
323.554 0.373806 0.0037722
323.924 0.382052 0.00381161
324.295 0.394341 0.00389121
324.665 0.402323 0.00393326
325.035 0.408727 0.00395925
325.405 0.415385 0.00400779
325.775 0.424062 0.00406913
326.145 0.429382 0.00409065
326.515 0.432746 0.00411422
326.886 0.43963 0.00416778
327.256 0.445149 0.00419786
327.626 0.445424 0.00422512
327.995 0.450506 0.00425964
328.365 0.45229 0.00427403
328.735 0.454227 0.0043047
329.105 0.455695 0.00435836
329.475 0.456443 0.00439619
329.845 0.456381 0.00445946
330.215 0.461227 0.00446626
330.584 0.463267 0.00443299
330.954 0.458554 0.00430615
331.324 0.454622 0.00416694
331.693 0.453629 0.00409096
332.063 0.44964 0.00402906
332.432 0.447103 0.00399696
332.802 0.445378 0.00402199
333.171 0.447249 0.00408333
333.541 0.439158 0.00412171
333.91 0.429937 0.00409893
334.28 0.423923 0.00409347
334.649 0.418923 0.00408106
335.018 0.413751 0.00406961
335.388 0.406538 0.004047
335.757 0.401078 0.00402031
336.126 0.389563 0.00397641
336.495 0.378291 0.00390522
336.865 0.3736 0.003897
337.234 0.362048 0.00385797
337.603 0.352375 0.00379832
337.972 0.343704 0.00375993
338.341 0.336882 0.00371634
338.71 0.329398 0.00367233
339.079 0.326226 0.00366786
339.448 0.324973 0.00365503
339.817 0.323098 0.00365348
340.186 0.320653 0.00364193
340.554 0.319093 0.0036283
340.923 0.325186 0.00367043
341.292 0.322017 0.00365595
341.661 0.322889 0.00366548
342.029 0.327743 0.00368654
342.398 0.325615 0.00367949
342.767 0.323967 0.00368428
343.135 0.326664 0.00369682
343.504 0.325667 0.00370267
343.872 0.321637 0.00366601
344.241 0.31813 0.0036545
344.609 0.320663 0.0036836
344.978 0.315451 0.00364985
345.346 0.311759 0.00361478
345.715 0.312187 0.00363125
346.083 0.310941 0.00363207
346.451 0.309003 0.00361499
346.82 0.308536 0.00362436
347.188 0.305684 0.00360075
347.556 0.308543 0.00363621
347.924 0.305815 0.00361572
348.292 0.304956 0.00361885
348.66 0.304441 0.0036126
349.028 0.302943 0.00360824
349.396 0.305211 0.00363599
349.764 0.306402 0.00363849
350.132 0.307511 0.00364319
350.5 0.307836 0.00365107
350.868 0.308579 0.00366211
351.236 0.313441 0.00368791
351.604 0.313856 0.00370469
351.972 0.320063 0.00374539
352.34 0.322604 0.00376569
352.707 0.324233 0.00377684
353.075 0.327143 0.00379476
353.443 0.331304 0.00382752
353.81 0.332094 0.00384161
354.178 0.34078 0.00389371
354.545 0.341986 0.00389104
354.913 0.34953 0.00395045
355.28 0.353251 0.00397197
355.648 0.358591 0.00399341
356.015 0.362503 0.00402217
356.383 0.365743 0.00403549
356.75 0.370757 0.00407341
357.117 0.376532 0.00410729
357.485 0.381951 0.00413964
357.852 0.388575 0.00420422
358.219 0.39112 0.00419703
358.586 0.395745 0.00422107
358.954 0.400908 0.00426637
359.321 0.405301 0.00427931
359.688 0.413522 0.00434377
360.055 0.418181 0.00436196
360.422 0.422388 0.0043902
360.789 0.429943 0.00443692
361.156 0.431264 0.00443981
361.523 0.440193 0.0045037
361.89 0.442346 0.00450923
362.256 0.445921 0.0045093
362.623 0.458802 0.00461952
362.99 0.454326 0.00457492
363.357 0.464487 0.00464469
363.724 0.468904 0.00466873
364.09 0.469442 0.004662
364.457 0.477848 0.00473867
364.823 0.476277 0.00470049
365.19 0.483929 0.00474514
365.557 0.490574 0.00477019
365.923 0.492951 0.00479758
366.29 0.498341 0.0048389
366.656 0.499779 0.00482595
367.022 0.50358 0.00483822
367.389 0.50371 0.0048605
367.755 0.510636 0.0049171
368.121 0.516215 0.00494189
368.488 0.51422 0.00492567
368.854 0.51998 0.00497198
369.22 0.525906 0.0050238
369.586 0.530745 0.00506404
369.952 0.534918 0.00509497
370.318 0.53482 0.00509691
370.684 0.545721 0.00516361
371.051 0.546233 0.00516745
371.416 0.556697 0.00524896
371.782 0.561081 0.00525382
372.148 0.565082 0.00528338
372.514 0.570353 0.00531937
372.88 0.576766 0.00536491
373.246 0.576109 0.00535692
373.612 0.583942 0.00539068
373.977 0.583788 0.0053778
374.343 0.593037 0.00540311
374.709 0.598313 0.00540947
375.074 0.595882 0.00541464
375.44 0.599709 0.00545527
375.806 0.606398 0.00551589
376.171 0.60989 0.00550378
376.537 0.61125 0.00550487
376.902 0.614945 0.00553121
377.268 0.618692 0.00552525
377.633 0.617391 0.00550932
377.998 0.622417 0.00551052
378.364 0.63 0.00552001
378.729 0.635375 0.00555284
379.094 0.637212 0.0055852
379.459 0.64274 0.00568452
379.825 0.639749 0.00564614
380.19 0.640478 0.00565812
380.555 0.639975 0.00569564
380.92 0.647855 0.00580221
381.285 0.653917 0.00581826
381.65 0.648073 0.00574713
382.015 0.656126 0.00579125
382.38 0.658878 0.00582593
382.745 0.658222 0.00585873
383.11 0.661825 0.00589063
383.474 0.662605 0.0058767
383.839 0.665298 0.00589924
384.204 0.670525 0.00594148
384.569 0.671066 0.00595116
384.933 0.670478 0.00596586
385.298 0.677553 0.0060066
385.663 0.677468 0.00598919
386.027 0.679559 0.00598602
386.392 0.680639 0.00596521
386.756 0.678035 0.00592385
387.121 0.685874 0.00595628
387.485 0.690466 0.00595782
387.849 0.696237 0.00595467
388.214 0.694792 0.00601448
388.578 0.694874 0.00604509
388.942 0.696145 0.00608144
389.307 0.703459 0.00610773
389.671 0.708287 0.00615122
390.035 0.704769 0.00610797
390.399 0.709982 0.00611613
390.763 0.706107 0.00606345
391.127 0.712631 0.00606943
391.492 0.717001 0.00600429
391.856 0.716 0.00593093
392.219 0.721938 0.00591104
392.583 0.724186 0.00595396
392.947 0.728665 0.00610121
393.311 0.727124 0.00615101
393.675 0.730374 0.00618331
394.039 0.736241 0.00624654
394.403 0.741045 0.00627
394.766 0.737062 0.00627012
395.13 0.742375 0.00630933
395.494 0.740151 0.00629736
395.857 0.744018 0.00628622
396.221 0.74416 0.00625835
396.584 0.750162 0.00623647
396.948 0.749647 0.00616702
397.311 0.752552 0.00608797
397.675 0.761299 0.00609017
398.038 0.759943 0.0060877
398.401 0.762174 0.00618329
398.765 0.764348 0.00628786
399.128 0.771713 0.00640834
399.491 0.772229 0.00645926
399.854 0.771725 0.00646634
400.218 0.780764 0.00652301
400.581 0.779869 0.00653785
400.944 0.782176 0.00657957
401.307 0.785744 0.00667393
401.67 0.788355 0.00666558
402.033 0.78749 0.00668135
402.396 0.791304 0.00670124
402.759 0.799063 0.00674222
403.122 0.800672 0.00671608
403.485 0.801538 0.00671798
403.847 0.797405 0.00664488
404.21 0.80983 0.00666185
404.573 0.812914 0.00666724
404.936 0.807108 0.00661066
405.298 0.811014 0.00669938
405.661 0.815462 0.0068119
406.023 0.814102 0.00690273
406.386 0.819684 0.00695087
406.749 0.816069 0.00696725
407.111 0.819974 0.00697494
407.473 0.815623 0.0068451
407.836 0.832229 0.00690435
408.198 0.828517 0.00684699
408.561 0.827886 0.00686408
408.923 0.831741 0.00689019
409.285 0.835944 0.00692034
409.647 0.840947 0.00700184
410.009 0.842531 0.00707472
410.372 0.841676 0.00706083
410.734 0.847695 0.00712166
411.096 0.843069 0.00708973
411.458 0.850401 0.00711878
411.82 0.853867 0.00708647
412.182 0.849071 0.00701291
412.544 0.852947 0.00704463
412.906 0.856635 0.00704735
413.267 0.862248 0.00709568
413.629 0.853839 0.00711657
413.991 0.858806 0.00717078
414.353 0.860357 0.00719703
414.714 0.86525 0.00729348
415.076 0.865817 0.00727775
415.438 0.871599 0.00729406
415.799 0.872335 0.00726802
416.161 0.871377 0.00732772
416.522 0.871905 0.00736011
416.884 0.869927 0.00735633
417.245 0.878206 0.00741852
417.607 0.871838 0.00737335
417.968 0.865334 0.00733752
418.329 0.873982 0.00736487
418.691 0.880978 0.00739184
419.052 0.877925 0.00737387
419.413 0.871432 0.00728045
419.774 0.877254 0.00728201
420.135 0.879171 0.00712766
420.497 0.878089 0.00701088
420.858 0.881585 0.0069279
421.219 0.887277 0.0069737
421.58 0.883811 0.00704881
421.941 0.890909 0.00720132
422.302 0.889888 0.00729373
422.662 0.88873 0.00732035
423.023 0.883186 0.00732967
423.384 0.890232 0.00738352
423.745 0.88646 0.00732341
424.106 0.893519 0.00734837
424.466 0.892446 0.00732968
424.827 0.892748 0.00743211
425.187 0.893039 0.00752739
425.548 0.893926 0.00760228
425.909 0.895738 0.00765022
426.269 0.898153 0.00760651
426.63 0.891607 0.00752736
426.99 0.893798 0.00747474
427.35 0.898505 0.00752785
427.711 0.893293 0.00745278
428.071 0.89205 0.00738525
428.431 0.889835 0.00723515
428.792 0.890457 0.00698997
429.152 0.896342 0.00682025
429.512 0.90027 0.00682238
429.872 0.900525 0.00687069
430.232 0.903168 0.00700228
430.592 0.904323 0.00720558
430.952 0.903556 0.00741519
431.312 0.906461 0.00761187
431.672 0.904017 0.00768914
432.032 0.896926 0.00763553
432.392 0.904522 0.0075641
432.752 0.897931 0.00716573
433.111 0.904146 0.00702992
433.471 0.918692 0.00719713
433.831 0.907184 0.00743201
434.19 0.900109 0.00740393
434.55 0.909819 0.00744242
434.91 0.909856 0.00752939
435.269 0.901968 0.00739342
435.629 0.906951 0.00739748
435.988 0.906929 0.00736572
436.348 0.908659 0.00748551
436.707 0.908545 0.00759893
437.066 0.90616 0.00758481
437.426 0.902268 0.00747867
437.785 0.901045 0.00745265
438.144 0.911932 0.0074882
438.503 0.917105 0.0076085
438.862 0.910614 0.00759558
439.222 0.913939 0.00767015
439.581 0.911502 0.00769279
439.94 0.901353 0.00754267
440.299 0.909075 0.00731957
440.658 0.906777 0.00712424
441.017 0.916346 0.00716405
441.376 0.910068 0.00722279
441.734 0.913361 0.00731016
442.093 0.907307 0.00728272
442.452 0.908292 0.00723435
442.811 0.913039 0.00722135
443.169 0.912977 0.0072184
443.528 0.919381 0.00739391
443.887 0.916623 0.00738754
444.245 0.92028 0.00743468
444.604 0.913346 0.00746828
444.962 0.907915 0.00748147
445.321 0.90864 0.00749143
445.679 0.910078 0.00745796
446.038 0.91098 0.00743441
446.396 0.918675 0.0075686
446.754 0.91284 0.00764775
447.112 0.916795 0.00770306
447.471 0.908559 0.00767717
447.829 0.907024 0.00771081
448.187 0.911364 0.0077155
448.545 0.912935 0.00769852
448.903 0.912354 0.007716
449.261 0.912696 0.00773989
449.619 0.912595 0.00781275
449.977 0.920036 0.00788275
450.335 0.913859 0.00794232
450.693 0.916443 0.00797324
451.051 0.911393 0.00793549
451.409 0.916319 0.00798811
451.766 0.916957 0.00800108
452.124 0.918814 0.00812154
452.482 0.912552 0.00817399
452.839 0.920845 0.00830275
453.197 0.905852 0.00824941
453.555 0.919226 0.00834445
453.912 0.916304 0.00830929
454.27 0.906117 0.00813263
454.627 0.915621 0.00807857
454.984 0.915109 0.00809539
455.342 0.911238 0.0082021
455.699 0.921144 0.00833858
456.056 0.913081 0.00825273
456.414 0.917612 0.00819922
456.771 0.914419 0.00803527
457.128 0.910112 0.00798566
457.485 0.916143 0.00798429
457.842 0.917846 0.00804116
458.199 0.923273 0.00805557
458.556 0.91803 0.00795518
458.913 0.912038 0.0079295
459.27 0.916107 0.00790215
459.627 0.921791 0.00804195
459.984 0.910412 0.00793389
460.341 0.927317 0.00799691
460.697 0.915355 0.00803983
461.054 0.917821 0.00828781
461.411 0.91083 0.00842627
461.767 0.912499 0.00853344
462.124 0.9112 0.00850604
462.481 0.919144 0.00844086
462.837 0.910693 0.00827154
463.194 0.916449 0.00812397
463.55 0.915739 0.00817304
463.907 0.918403 0.00797005
464.263 0.914835 0.00784504
464.619 0.91594 0.00770117
464.976 0.920272 0.00761246
465.332 0.924492 0.00762801
465.688 0.92635 0.00786998
466.044 0.923989 0.00814214
466.4 0.920015 0.00825102
466.756 0.916898 0.00829107
467.112 0.919133 0.0083011
467.468 0.916964 0.00827904
467.824 0.918918 0.00837287
468.18 0.916174 0.00846956
468.536 0.912012 0.00845736
468.892 0.919592 0.00862792
469.248 0.91412 0.00864036
469.604 0.918878 0.00871493
469.959 0.917493 0.00870527
470.315 0.917761 0.00870185
470.671 0.919815 0.00870288
471.026 0.910374 0.00858503
471.382 0.91616 0.00852987
471.737 0.920911 0.00848316
472.093 0.910595 0.00830392
472.448 0.918161 0.00817828
472.804 0.914618 0.00809288
473.159 0.922983 0.00806306
473.514 0.92712 0.00812218
473.87 0.912393 0.00794261
474.225 0.916112 0.00773135
474.58 0.921055 0.00759933
474.935 0.928857 0.00769636
475.29 0.927185 0.00779311
475.645 0.919733 0.00776959
476 0.91564 0.00776227
476.355 0.919934 0.0078505
476.71 0.911084 0.00780806
477.065 0.914557 0.00759506
477.42 0.919978 0.00751707
477.775 0.920143 0.0075268
478.13 0.917266 0.00758262
478.485 0.912999 0.00751015
478.839 0.911795 0.00741541
479.194 0.915973 0.00724191
479.549 0.922181 0.0071773
479.903 0.929582 0.00722526
480.258 0.918441 0.00723835
480.612 0.91687 0.00713784
480.967 0.923829 0.00699922
481.321 0.922757 0.00701758
481.675 0.923404 0.00715528
482.03 0.915541 0.00725043
482.384 0.913433 0.00727249
482.738 0.914192 0.00720614
483.093 0.913753 0.0071518
483.447 0.914398 0.00699894
483.801 0.911489 0.00676962
484.155 0.918784 0.00670992
484.509 0.843098 0.005597
484.863 0.881579 0.00390094
485.217 0.91196 0.00360597
485.571 0.950753 0.00377698
485.925 0.965374 0.00484816
486.279 0.922261 0.00549476
486.632 0.923158 0.00594587
486.986 0.93106 0.00645474
487.34 0.922125 0.00685734
487.694 0.920931 0.0070442
488.047 0.911692 0.00704841
488.401 0.926405 0.00711407
488.754 0.917815 0.00712597
489.108 0.926835 0.00727777
489.461 0.917801 0.00727728
489.815 0.920096 0.00736237
490.168 0.925365 0.00730197
490.522 0.918895 0.00724545
490.875 0.913715 0.00723585
491.228 0.919752 0.00730965
491.581 0.919202 0.00725732
491.935 0.92163 0.00729377
492.288 0.923061 0.00732951
492.641 0.919068 0.00726177
492.994 0.917366 0.00724962
493.347 0.915253 0.00714071
493.7 0.92033 0.00716595
494.053 0.917549 0.00717961
494.406 0.923274 0.00731845
494.759 0.918034 0.00744645
495.111 0.917633 0.00721235
495.464 0.911301 0.00687198
495.817 0.920719 0.00678262
496.169 0.925119 0.0069896
496.522 0.925364 0.00730609
496.875 0.914501 0.00750564
497.227 0.92169 0.00760954
497.58 0.91617 0.00757349
497.932 0.922471 0.00751028
498.285 0.910305 0.00739248
498.637 0.915889 0.00723044
498.989 0.922971 0.00717753
499.342 0.929776 0.00725735
499.694 0.924089 0.00739508
500.046 0.914888 0.00742136
500.398 0.907412 0.00720999
500.751 0.922053 0.00720164
501.103 0.916474 0.00715692
501.455 0.915149 0.00716272
501.807 0.922888 0.00720375
502.159 0.916926 0.00718432
502.511 0.917652 0.00716932
502.862 0.922999 0.00722115
503.214 0.924135 0.00732436
503.566 0.916278 0.00744098
503.918 0.913743 0.00751109
504.27 0.916827 0.00751579
504.621 0.919889 0.0075467
504.973 0.920971 0.00759374
505.324 0.919444 0.00753844
505.676 0.914233 0.00738607
506.027 0.926318 0.0074548
506.379 0.919437 0.00767457
506.73 0.915589 0.00777526
507.082 0.925998 0.00776384
507.433 0.91456 0.00757284
507.784 0.916112 0.0075159
508.136 0.924175 0.00768061
508.487 0.922557 0.00775264
508.838 0.919916 0.00781412
509.189 0.922003 0.00781438
509.54 0.922273 0.00771106
509.891 0.91687 0.00777738
510.242 0.924503 0.00781839
510.593 0.923178 0.0078625
510.944 0.918427 0.00788608
511.295 0.924491 0.00807685
511.646 0.918877 0.00814147
511.996 0.912811 0.00803095
512.347 0.913285 0.00797261
512.698 0.929174 0.00806824
513.049 0.920222 0.00807875
513.399 0.918599 0.00810906
513.75 0.921786 0.00809882
514.1 0.925309 0.00826824
514.451 0.921293 0.00842184
514.801 0.908652 0.00832713
515.152 0.920187 0.00830575
515.502 0.91615 0.00815906
515.852 0.920046 0.0081325
516.202 0.92268 0.00813322
516.553 0.924776 0.00826149
516.903 0.921221 0.00837135
517.253 0.916928 0.00847782
517.603 0.916376 0.00847372
517.953 0.914398 0.00842343
518.303 0.917709 0.00824061
518.653 0.920414 0.00818512
519.003 0.914846 0.00822301
519.353 0.919593 0.0085392
519.703 0.917801 0.00871178
520.052 0.911576 0.00872671
520.402 0.920743 0.00872217
520.752 0.925193 0.00864315
521.102 0.929549 0.00880389
521.451 0.920726 0.00882438
521.801 0.92267 0.00880844
522.15 0.909151 0.00859876
522.5 0.924743 0.00865811
522.849 0.911021 0.00856664
523.199 0.916036 0.00850905
523.548 0.914096 0.00841831
523.897 0.915771 0.00852345
524.246 0.919102 0.00868106
524.596 0.917845 0.00879791
524.945 0.916664 0.00874098
525.294 0.920983 0.00876054
525.643 0.923959 0.00875513
525.992 0.919127 0.00871729
526.341 0.918099 0.00865808
526.69 0.917202 0.00872197
527.039 0.922469 0.00883223
527.388 0.910527 0.00883626
527.737 0.912985 0.00857895
528.086 0.913561 0.00826592
528.434 0.914213 0.00811755
528.783 0.92765 0.00840043
529.132 0.924417 0.0085454
529.48 0.919467 0.00863214
529.829 0.917576 0.00867077
530.177 0.928591 0.00881218
530.526 0.918156 0.00878407
530.874 0.917693 0.00869814
531.223 0.908971 0.0086442
531.571 0.921976 0.00878079
531.919 0.908046 0.00862856
532.268 0.909754 0.00837294
532.616 0.910433 0.00810831
532.964 0.918549 0.00802356
533.312 0.923163 0.00804785
533.66 0.915055 0.00804859
534.008 0.911851 0.0080162
534.356 0.920817 0.00806083
534.704 0.92469 0.00815118
535.052 0.926365 0.00826829
535.4 0.920894 0.0084181
535.748 0.917989 0.00860492
536.095 0.920581 0.00883538
536.443 0.914186 0.00881562
536.791 0.910754 0.00861294
537.139 0.909495 0.00840882
537.486 0.913091 0.00823056
537.834 0.916608 0.0082027
538.181 0.915557 0.00815093
538.529 0.915223 0.00819535
538.876 0.913022 0.00816427
539.223 0.923406 0.0083494
539.571 0.923182 0.00852698
539.918 0.918626 0.00847576
540.265 0.911386 0.00827586
540.613 0.919 0.00816743
540.96 0.917905 0.00826363
541.307 0.913313 0.00825797
541.654 0.901768 0.00820356
542.001 0.918114 0.00830334
542.348 0.915783 0.00829125
542.695 0.915195 0.00829906
543.042 0.914716 0.00816956
543.388 0.910443 0.00804739
543.735 0.91902 0.00807398
544.082 0.918426 0.00805907
544.429 0.922134 0.00811251
544.775 0.924918 0.00830366
545.122 0.920163 0.00852785
545.469 0.915978 0.00864755
545.815 0.914492 0.00859053
546.162 0.909213 0.00849753
546.508 0.91038 0.0083284
546.854 0.910594 0.00802066
547.201 0.911743 0.00773187
547.547 0.92797 0.00777779
547.893 0.921963 0.00792663
548.24 0.929531 0.00838536
548.586 0.919527 0.00868694
548.932 0.91815 0.00880957
549.278 0.912716 0.0087897
549.624 0.923277 0.00879319
549.97 0.923183 0.00887502
550.316 0.913963 0.0090069
550.662 0.923707 0.00914795
551.008 0.897102 0.00854882
551.353 0.914459 0.00816998
551.699 0.927552 0.00804625
552.045 0.930408 0.00827565
552.391 0.917915 0.00839025
552.736 0.913254 0.00840713
553.082 0.910581 0.00840714
553.427 0.923951 0.00861832
553.773 0.923249 0.00890028
554.118 0.904552 0.00881025
554.464 0.909561 0.00860791
554.809 0.906633 0.00825273
555.154 0.920148 0.00820203
555.5 0.919019 0.00821558
555.845 0.923701 0.00855674
556.19 0.917282 0.00875831
556.535 0.918875 0.00896276
556.88 0.918432 0.0088161
557.225 0.92163 0.00879871
557.57 0.925588 0.00898965
557.915 0.923164 0.00922126
558.26 0.925692 0.00934769
558.605 0.916688 0.00926912
558.95 0.909549 0.00902937
559.295 0.909574 0.00854796
559.639 0.908925 0.00822329
559.984 0.910421 0.00791552
560.329 0.915731 0.00790924
560.673 0.918841 0.00795017
561.018 0.916208 0.00817174
561.362 0.926441 0.0084363
561.707 0.917493 0.00860592
562.051 0.909088 0.00846199
562.395 0.905118 0.00833196
562.74 0.917871 0.00822396
563.084 0.910468 0.00808952
563.428 0.921409 0.00796805
563.772 0.919629 0.00799724
564.117 0.910181 0.00789787
564.461 0.915287 0.00789494
564.805 0.91026 0.0079418
565.149 0.9169 0.00793396
565.493 0.919488 0.00795733
565.836 0.911756 0.00777157
566.18 0.907413 0.00763974
566.524 0.906316 0.00711985
566.868 0.919397 0.00697877
567.212 0.922656 0.00687213
567.555 0.909579 0.00673703
567.899 0.90923 0.00642365
568.242 0.907239 0.00615459
568.586 0.904837 0.0057518
568.929 0.900272 0.00537027
569.273 0.911472 0.00510881
569.616 0.924176 0.00515155
569.96 0.910543 0.00501012
570.303 0.910717 0.0048549
570.646 0.915925 0.00480829
570.989 0.911994 0.00464937
571.333 0.925466 0.00474188
571.676 0.928393 0.00492689
572.019 0.913848 0.00528566
572.362 0.898628 0.00494561
572.705 0.900751 0.00459572
573.048 0.913325 0.00440484
573.391 0.911328 0.00425645
573.733 0.915097 0.00420599
574.076 0.915754 0.00416099
574.419 0.928296 0.00431707
574.762 0.922879 0.0045338
575.104 0.929163 0.00486972
575.447 0.896585 0.004719
575.789 0.897331 0.00443752
576.132 0.916192 0.00423604
576.474 0.906633 0.00416672
576.817 0.901818 0.00384423
577.159 0.906222 0.00364357
577.501 0.926551 0.00371329
577.844 0.934828 0.00399192
578.186 0.925005 0.00445403
578.528 0.903125 0.00458079
578.87 0.909254 0.00461637
579.212 0.903577 0.00444844
579.554 0.918645 0.00434207
579.896 0.918652 0.00436852
580.238 0.892197 0.00405699
580.58 0.89843 0.00357697
580.922 0.903445 0.00344729
581.264 0.903401 0.00344712
581.606 0.926057 0.00364374
581.947 0.925871 0.00386732
582.289 0.927793 0.00430101
582.631 0.918109 0.00474576
582.972 0.910711 0.00504356
583.314 0.908879 0.00498294
583.655 0.904041 0.00480417
583.997 0.897279 0.00436886
584.338 0.909647 0.00409142
584.679 0.92013 0.0039481
585.021 0.932883 0.00408464
585.362 0.928816 0.00437936
585.703 0.919666 0.00468709
586.044 0.894535 0.00463984
586.385 0.900694 0.0044056
586.726 0.912818 0.00423598
587.067 0.933469 0.00445174
587.408 0.923899 0.00468281
587.749 0.920494 0.00489578
588.09 0.91774 0.00509221
588.431 0.925315 0.00541777
588.772 0.909047 0.00558488
589.113 0.91001 0.00549135
589.453 0.914657 0.00547549
589.794 0.923616 0.00569067
590.134 0.920728 0.00598493
590.475 0.907136 0.00607867
590.815 0.902124 0.00600576
591.156 0.916533 0.00606215
591.496 0.893799 0.005804
591.837 0.893411 0.00499199
592.177 0.905464 0.00456523
592.517 0.927647 0.00442398
592.857 0.933934 0.00468019
593.198 0.929614 0.00496803
593.538 0.919994 0.00545204
593.878 0.90398 0.00557708
594.218 0.897115 0.00537664
594.558 0.919175 0.00524005
594.898 0.935289 0.00543466
595.237 0.930475 0.00575672
595.577 0.92117 0.00609787
595.917 0.910143 0.00636398
596.257 0.900271 0.00606417
596.596 0.90332 0.00592175
596.936 0.927459 0.00590077
597.276 0.922291 0.00611433
597.615 0.89978 0.0059322
597.955 0.888174 0.0051836
598.294 0.913515 0.00493219
598.633 0.931311 0.0049965
598.973 0.920298 0.00515409
599.312 0.906515 0.00509975
599.651 0.921053 0.00518123
599.991 0.918562 0.00528723
600.33 0.922964 0.00538177
600.669 0.9178 0.00552052
601.008 0.923644 0.0057295
601.347 0.911225 0.00588479
601.686 0.906806 0.00569904
602.025 0.913221 0.00575733
602.364 0.905582 0.00544756
602.702 0.910267 0.00538327
603.041 0.921943 0.00545357
603.38 0.925881 0.00572663
603.719 0.924636 0.00598347
604.057 0.906033 0.00608943
604.396 0.907792 0.00608571
604.734 0.898006 0.00578093
605.073 0.916593 0.00540325
605.411 0.924154 0.00547815
605.75 0.930191 0.00569668
606.088 0.913385 0.00594047
606.426 0.905794 0.00577071
606.764 0.914736 0.00571941
607.103 0.930607 0.00595162
607.441 0.912614 0.00609723
607.779 0.916805 0.00625937
608.117 0.914325 0.00620813
608.455 0.920928 0.00649478
608.793 0.897702 0.00647419
609.131 0.895855 0.00603382
609.469 0.918016 0.0059606
609.806 0.928718 0.00607586
610.144 0.92176 0.00652842
610.482 0.909719 0.00655302
610.819 0.91776 0.0065675
611.157 0.915707 0.00659468
611.495 0.916211 0.00682768
611.832 0.908858 0.00682054
612.17 0.913797 0.0067893
612.507 0.912939 0.00671033
612.844 0.912893 0.00678065
613.182 0.913423 0.00679829
613.519 0.911614 0.00674973
613.856 0.912202 0.00673431
614.193 0.902426 0.00661367
614.53 0.914147 0.0065178
614.867 0.92279 0.00654144
615.205 0.923483 0.00687157
615.541 0.919597 0.0071049
615.878 0.901562 0.00733358
616.215 0.905222 0.00727344
616.552 0.91065 0.00736975
616.889 0.908417 0.00719172
617.226 0.917614 0.0071539
617.562 0.924713 0.00740981
617.899 0.92056 0.00783964
618.235 0.913792 0.0082132
618.572 0.90187 0.00846174
618.908 0.902085 0.00816909
619.245 0.908212 0.00786226
619.581 0.916858 0.0077611
619.918 0.937139 0.00849832
620.254 0.928559 0.0095428
620.59 0.90329 0.00955374
620.926 0.891782 0.00885098
621.262 0.906672 0.00842888
621.599 0.928717 0.00856951
621.935 0.901098 0.00833488
622.271 0.905302 0.00804106
622.606 0.91455 0.0079074
622.942 0.921171 0.00813271
623.278 0.910921 0.00832308
623.614 0.892226 0.00785008
623.95 0.91656 0.00792455
624.285 0.918669 0.00808155
624.621 0.911471 0.00848715
624.957 0.906836 0.00872885
625.292 0.916217 0.0090392
625.628 0.912044 0.00929146
625.963 0.898681 0.00928436
626.299 0.902188 0.00911093
626.634 0.897757 0.00894594
626.969 0.916157 0.0092043
627.304 0.923107 0.0100148
627.64 0.905326 0.0106381
627.975 0.88836 0.0103271
628.31 0.883532 0.00973507
628.645 0.920979 0.00971189
628.98 0.911513 0.00987417
629.315 0.918868 0.0101039
629.65 0.904666 0.0101055
629.985 0.910201 0.0101079
630.319 0.90928 0.0105446
630.654 0.899395 0.0106066
630.989 0.912093 0.0106289
631.323 0.907185 0.0107839
631.658 0.925882 0.0113384
631.993 0.918109 0.0117796
632.327 0.893471 0.0116648
632.662 0.91313 0.0117285
632.996 0.907362 0.0114321
633.33 0.894577 0.0111833
633.665 0.913406 0.0116961
633.999 0.903219 0.011984
634.333 0.896726 0.0119385
634.667 0.900303 0.0120037
635.001 0.904711 0.0117398
635.335 0.892041 0.0112137
635.669 0.903295 0.0108655
636.003 0.919944 0.0111178
636.337 0.931236 0.011745
636.671 0.932346 0.0123659
637.005 0.902779 0.0124987
637.339 0.905536 0.0124624
637.672 0.895743 0.0119423
638.006 0.912848 0.0117462
638.339 0.907768 0.0118843
638.673 0.915446 0.0123144
639.006 0.907502 0.012646
639.34 0.918592 0.012716
639.673 0.914386 0.0128679
640.007 0.898215 0.0127215
640.34 0.910023 0.0130283
640.673 0.915512 0.0131671
641.006 0.908837 0.0133118
641.34 0.912497 0.0134838
641.673 0.905081 0.0137496
642.006 0.898987 0.0139393
642.339 0.905625 0.0137433
642.672 0.912419 0.01371
643.004 0.916065 0.0138157
643.337 0.921586 0.0143037
643.67 0.895679 0.0140974
644.003 0.90365 0.0140212
644.336 0.893758 0.0138858
644.668 0.892067 0.0138478
645.001 0.909091 0.014221
645.333 0.924744 0.0146956
645.666 0.910798 0.0148853
645.998 0.902989 0.0151597
646.331 0.914132 0.0154848
646.663 0.896677 0.0151784
646.995 0.891989 0.0142155
647.327 0.901774 0.0131261
647.66 0.90222 0.0124108
647.992 0.913893 0.0123
648.324 0.915511 0.0122654
648.656 0.916168 0.0124404
648.988 0.925528 0.0130016
649.32 0.927315 0.0139211
649.652 0.910728 0.0144432
649.983 0.899189 0.0146605
650.315 0.894091 0.0147131
650.647 0.894674 0.0143802
650.979 0.909457 0.0138372
651.31 0.905825 0.0132784
651.642 0.908067 0.0129963
651.973 0.907803 0.0129858
652.305 0.908438 0.012941
652.636 0.920678 0.0132084
652.967 0.909781 0.0134267
653.299 0.912442 0.0137598
653.63 0.890893 0.0134427
653.961 0.874716 0.0123738
654.292 0.80938 0.00913593
654.623 0.733057 0.00315139
654.955 0.896646 0.00342134
655.286 0.896591 0.00342113
655.616 0.896535 0.00342092
655.947 0.896478 0.0034207
656.278 0.896421 0.00342049
656.609 0.890692 0.00356802
656.94 0.830819 0.00455994
657.27 0.825418 0.00532859
657.601 0.853443 0.00624939
657.932 0.890492 0.00763538
658.262 0.912913 0.00941746
658.593 0.913155 0.0112983
658.923 0.907147 0.0131673
659.254 0.909591 0.0145644
659.584 0.894664 0.0153362
659.914 0.90162 0.016122
660.244 0.905038 0.016556
660.575 0.898073 0.0163715
660.905 0.905426 0.0164628
661.235 0.891907 0.0161108
661.565 0.908114 0.0161395
661.895 0.90484 0.0160185
662.225 0.893659 0.0161699
662.555 0.910233 0.0165458
662.884 0.896619 0.0162381
663.214 0.905669 0.0160947
663.544 0.906083 0.0159309
663.873 0.900759 0.0156486
664.203 0.904857 0.0155134
664.533 0.896391 0.0150224
664.862 0.906472 0.0150016
665.192 0.905823 0.0154276
665.521 0.905115 0.0162588
665.85 0.893165 0.0166308
666.18 0.899001 0.0173724
666.509 0.903883 0.017316
666.838 0.888271 0.01676
667.167 0.899727 0.0166511
667.496 0.907702 0.0170129
667.825 0.905081 0.0170738
668.154 0.890154 0.0169043
668.483 0.908227 0.016959
668.812 0.912794 0.0166848
669.141 0.924342 0.0166225
669.47 0.897891 0.0161813
669.798 0.923454 0.0165779
670.127 0.890281 0.0162927
670.456 0.877826 0.0152634
670.784 0.889479 0.0137816
671.113 0.895041 0.0126902
671.441 0.911494 0.0122371
671.77 0.923515 0.0125221
672.098 0.914385 0.0129502
672.426 0.930668 0.0145254
672.755 0.901433 0.0151997
673.083 0.891143 0.0153263
673.411 0.892032 0.0153034
673.739 0.895152 0.0155544
674.067 0.908475 0.0164973
674.395 0.897177 0.0163926
674.723 0.886423 0.0158698
675.051 0.916151 0.0159003
675.379 0.901385 0.0157586
675.706 0.911464 0.0160208
676.034 0.909047 0.0163605
676.362 0.900476 0.0163617
676.689 0.883693 0.0152253
677.017 0.906042 0.0144043
677.344 0.905783 0.013835
677.672 0.929248 0.0142533
677.999 0.901171 0.0142072
678.327 0.888785 0.013828
678.654 0.908959 0.0133755
678.981 0.902796 0.0129291
679.308 0.912661 0.0131032
679.636 0.93143 0.0138559
679.963 0.914905 0.0144198
680.29 0.890149 0.0142621
680.617 0.900553 0.0140781
680.944 0.913482 0.0139685
681.271 0.926593 0.0144737
681.597 0.919366 0.0153922
681.924 0.907592 0.0162881
682.251 0.881389 0.0159881
682.578 0.890954 0.0152299
682.904 0.89106 0.014212
683.231 0.905667 0.0137581
683.557 0.892548 0.0133522
683.884 0.897528 0.0130074
684.21 0.896696 0.012697
684.536 0.900123 0.0123055
684.863 0.910207 0.0121883
685.189 0.909929 0.012392
685.515 0.925407 0.0131734
685.841 0.901551 0.0134283
686.167 0.896648 0.013405
686.493 0.907949 0.013328
686.819 0.910939 0.0134257
687.145 0.914058 0.0140359
687.471 0.899191 0.0149706
687.797 0.888067 0.0153769
688.123 0.888858 0.0152901
688.448 0.890732 0.0148041
688.774 0.911712 0.0145273
689.1 0.905607 0.0147237
689.425 0.902615 0.0153161
689.751 0.906429 0.0155968
690.076 0.882766 0.0145347
690.402 0.899124 0.0137049
690.727 0.899896 0.0132875
691.052 0.914751 0.0137479
691.377 0.897946 0.0140299
691.703 0.908215 0.0144671
692.028 0.896914 0.014385
692.353 0.90594 0.0141516
692.678 0.906859 0.0142676
693.003 0.94178 0.0150924
693.328 0.920337 0.0160212
693.652 0.899342 0.0165524
693.977 0.871852 0.015908
694.302 0.881399 0.0150816
694.627 0.915046 0.015152
694.951 0.924214 0.0157752
695.276 0.917664 0.0172321
695.6 0.882855 0.0171864
695.925 0.867823 0.0149549
696.249 0.895842 0.0133978
696.574 0.9126 0.0128156
696.898 0.942619 0.0136176
697.222 0.920186 0.0142214
697.546 0.914272 0.014746
697.871 0.904671 0.0149774
698.195 0.894961 0.0150059
698.519 0.904476 0.0154672
698.843 0.918543 0.0160332
699.167 0.889097 0.0163669
699.491 0.907613 0.0171662
699.814 0.894563 0.0171801
700.138 0.89693 0.0172554
700.462 0.927779 0.0178398
700.786 0.888119 0.0172225
701.109 0.893942 0.016853
701.433 0.90983 0.0164132
701.756 0.906016 0.0157941
702.08 0.903913 0.0157771
702.403 0.910289 0.0161552
702.726 0.92309 0.0169587
703.05 0.897351 0.0171287
703.373 0.892415 0.0172807
703.696 0.895761 0.0173277
704.019 0.907098 0.0180454
704.342 0.896353 0.0185924
704.665 0.898917 0.0193878
704.988 0.906196 0.0193388
705.311 0.868995 0.017774
705.634 0.866515 0.0159356
705.957 0.898389 0.0146958
706.28 0.897096 0.0136042
706.602 0.929981 0.0137076
706.925 0.924054 0.0139512
707.247 0.920299 0.0144776
707.57 0.911372 0.0149754
707.892 0.913503 0.0155045
708.215 0.919618 0.0163165
708.537 0.883276 0.0163844
708.859 0.883526 0.0164805
709.182 0.883274 0.0163075
709.504 0.89805 0.0160106
709.826 0.904129 0.015863
710.148 0.902842 0.0159157
710.47 0.905892 0.0163957
710.792 0.917677 0.0171118
711.114 0.904835 0.0175612
711.436 0.884538 0.0177495
711.758 0.890006 0.0175161
712.079 0.879445 0.0172129
712.401 0.895815 0.0165151
712.723 0.908369 0.0160267
713.044 0.888718 0.014935
713.366 0.910324 0.0149472
713.687 0.908347 0.0150522
714.009 0.914002 0.0155087
714.33 0.913248 0.0158499
714.652 0.89998 0.0161815
714.973 0.895744 0.0167028
715.294 0.903259 0.0176353
715.615 0.908158 0.0188138
715.936 0.908334 0.0190916
716.257 0.900738 0.0191945
716.578 0.907253 0.0193932
716.899 0.920933 0.0191034
717.22 0.900871 0.0176752
717.541 0.907145 0.0172613
717.862 0.914347 0.0172714
718.182 0.902345 0.0171239
718.503 0.890911 0.0166453
718.824 0.926841 0.0172194
719.144 0.917313 0.0174045
719.465 0.894894 0.0175832
719.785 0.884474 0.0171199
720.105 0.890442 0.0169519
720.426 0.886848 0.0167078
720.746 0.917727 0.0172845
721.066 0.897583 0.0171246
721.386 0.890174 0.0172284
721.706 0.89032 0.017731
722.026 0.898524 0.0182851
722.346 0.915831 0.0186139
722.666 0.904042 0.0182518
722.986 0.894185 0.0177017
723.306 0.90271 0.0179248
723.626 0.898681 0.0182393
723.946 0.896825 0.0181841
724.265 0.886702 0.0171145
724.585 0.888793 0.0162312
724.904 0.918617 0.0163787
725.224 0.920555 0.0164397
725.543 0.897331 0.0162276
725.863 0.89837 0.0163926
726.182 0.927084 0.0173286
726.501 0.895011 0.0172944
726.82 0.896199 0.0174198
727.14 0.900873 0.0167888
727.459 0.89605 0.0162387
727.778 0.888469 0.0160739
728.097 0.893434 0.0163392
728.416 0.879444 0.0160275
728.734 0.904182 0.0157347
729.053 0.916237 0.015684
729.372 0.907639 0.015578
729.691 0.891444 0.0150494
730.009 0.907566 0.0144548
730.328 0.914475 0.0140828
730.647 0.928724 0.0142083
730.965 0.923546 0.014665
731.283 0.922556 0.0152078
731.602 0.895253 0.0151555
731.92 0.903631 0.0149557
732.238 0.894986 0.0145255
732.557 0.916411 0.0145637
732.875 0.908272 0.0141474
733.193 0.895256 0.0132081
733.511 0.909539 0.0130088
733.829 0.920704 0.0134809
734.147 0.931096 0.0144485
734.465 0.907788 0.0149154
734.782 0.9237 0.0150319
735.1 0.898588 0.0144108
735.418 0.905692 0.0144558
735.735 0.907627 0.0145148
736.053 0.899377 0.0142886
736.371 0.90826 0.0145074
736.688 0.917513 0.0151124
737.005 0.934411 0.01618
737.323 0.903896 0.0165222
737.64 0.897738 0.0164846
737.957 0.869532 0.0153815
738.274 0.893327 0.0143095
738.592 0.921324 0.0141782
738.909 0.940602 0.0146867
739.226 0.911484 0.0157469
739.543 0.913496 0.0169924
739.86 0.908329 0.0179294
740.176 0.918167 0.0184943
740.493 0.886308 0.0187193
740.81 0.878783 0.0186984
741.127 0.879526 0.0185087
741.443 0.890267 0.0176442
741.76 0.902858 0.0171797
742.076 0.91891 0.0174851
742.393 0.925364 0.0184877
742.709 0.92097 0.0194646
743.025 0.90956 0.0197001
743.342 0.899082 0.0194064
743.658 0.914614 0.0191966
743.974 0.884755 0.0183584
744.29 0.914919 0.0186498
744.606 0.91493 0.0188492
744.922 0.891247 0.0186369
745.238 0.899168 0.0187765
745.554 0.889187 0.0191237
745.87 0.892642 0.0193627
746.186 0.87925 0.0184251
746.501 0.894391 0.0178995
746.817 0.903704 0.018279
747.132 0.913856 0.0197303
747.448 0.893658 0.0202777
747.763 0.869393 0.0197017
748.079 0.855624 0.0187317
748.394 0.89284 0.0178379
748.71 0.89913 0.0166651
749.025 0.885865 0.0155741
749.34 0.911662 0.0155938
749.655 0.932219 0.0161136
749.97 0.909079 0.0164852
750.285 0.906461 0.0165124
750.6 0.893396 0.0160426
750.915 0.903808 0.0157347
751.23 0.909766 0.0160974
751.545 0.928977 0.0169349
751.859 0.909861 0.0173911
752.174 0.893278 0.0174331
752.489 0.892634 0.0165494
752.803 0.893115 0.0155602
753.118 0.899826 0.0155014
753.432 0.899589 0.0160192
753.747 0.909318 0.0167026
754.061 0.893014 0.0159913
754.375 0.888054 0.0152794
754.689 0.894048 0.0148537
755.004 0.910649 0.0149668
755.318 0.911535 0.0146476
755.632 0.90017 0.0138461
755.946 0.914654 0.0137048
756.26 0.900687 0.0129918
756.573 0.903565 0.0124501
756.887 0.920796 0.0121856
757.201 0.924761 0.012471
757.515 0.943838 0.013801
757.828 0.941816 0.0147854
758.142 0.903782 0.0144358
758.455 0.88806 0.0132895
758.769 0.901734 0.0126818
759.082 0.886293 0.0122307
759.396 0.915997 0.0122471
759.709 0.911968 0.0121254
760.022 0.929448 0.0123491
760.335 0.936397 0.0130466
760.648 0.926551 0.0139486
760.962 0.917743 0.0149007
761.275 0.907081 0.0155478
761.587 0.898725 0.0156774
761.9 0.906663 0.0157864
762.213 0.884586 0.0150838
762.526 0.902399 0.0146853
762.839 0.911682 0.0147016
763.151 0.89743 0.0141649
763.464 0.892003 0.0133569
763.776 0.898239 0.0124502
764.089 0.907074 0.012247
764.401 0.919817 0.0127709
764.714 0.911333 0.0134595
765.026 0.925709 0.014479
765.338 0.921872 0.0153849
765.65 0.924003 0.0165783
765.962 0.892849 0.0170539
766.275 0.891334 0.0176491
766.587 0.887518 0.0176694
766.898 0.883078 0.0170595
767.21 0.897281 0.0161797
767.522 0.884883 0.0149079
767.834 0.90864 0.0145533
768.146 0.913732 0.0146994
768.457 0.92334 0.0156795
768.769 0.92871 0.0165623
769.08 0.896276 0.016344
769.392 0.897021 0.0157596
769.703 0.89498 0.014927
770.015 0.91709 0.0145337
770.326 0.92022 0.0145868
770.637 0.932666 0.0152162
770.948 0.917629 0.0161949
771.26 0.902004 0.0170651
771.571 0.895821 0.0171929
771.882 0.884447 0.0166683
772.193 0.916386 0.0171385
772.504 0.923554 0.017636
772.814 0.908848 0.0178441
773.125 0.914229 0.0182672
773.436 0.889133 0.0185323
773.747 0.91362 0.0192086
774.057 0.901281 0.0194866
774.368 0.904282 0.019826
774.678 0.926499 0.0205912
774.989 0.881098 0.0203955
775.299 0.909369 0.0214174
775.609 0.890716 0.0209603
775.919 0.901027 0.0209084
776.23 0.906596 0.0209982
776.54 0.880787 0.0205219
776.85 0.890431 0.0208509
777.16 0.873377 0.0200368
777.47 0.882098 0.0190904
777.78 0.900168 0.018435
778.089 0.888865 0.0173982
778.399 0.899509 0.0173912
778.709 0.906663 0.0182657
779.019 0.944507 0.0198677
779.328 0.906293 0.0205145
779.638 0.883997 0.0199927
779.947 0.866556 0.0180444
780.257 0.889298 0.0166752
780.566 0.880205 0.0159688
780.875 0.89895 0.0165068
781.185 0.930282 0.017857
781.494 0.895463 0.017809
781.803 0.916431 0.0184978
782.112 0.88669 0.0184614
782.421 0.910961 0.0184665
782.73 0.889004 0.0177622
783.039 0.903972 0.0181384
783.348 0.914981 0.019705
783.656 0.889426 0.0204953
783.965 0.871991 0.0205977
784.274 0.888839 0.0200057
784.582 0.887321 0.0193678
784.891 0.893816 0.0193239
785.199 0.903659 0.0197244
785.508 0.885168 0.0200592
785.816 0.918829 0.0208086
786.124 0.882846 0.0199468
786.432 0.887428 0.0190165
786.741 0.900726 0.0184262
787.049 0.906899 0.01838
787.357 0.914593 0.0187402
787.665 0.914732 0.0186288
787.973 0.911359 0.0187635
788.281 0.907475 0.0191133
788.588 0.888346 0.0199176
788.896 0.888951 0.0211635
789.204 0.910296 0.0222862
789.511 0.901754 0.0222415
789.819 0.901083 0.0226384
790.126 0.907245 0.0227252
790.434 0.885363 0.0224443
790.741 0.903994 0.022622
791.049 0.885514 0.022366
791.356 0.888684 0.0231332
791.663 0.871931 0.0233275
791.97 0.904411 0.0238198
792.277 0.89311 0.0232308
792.584 0.883104 0.0218821
792.891 0.86535 0.0191588
793.198 0.89205 0.0180565
793.505 0.893179 0.0177144
793.812 0.894145 0.0182252
794.119 0.897989 0.0186843
794.425 0.906341 0.0193285
794.732 0.895669 0.0200902
795.038 0.911187 0.0223869
795.345 0.880959 0.0236713
795.651 0.853954 0.0245552
795.958 0.851252 0.0245662
796.264 0.833255 0.0226805
796.57 0.886503 0.0225381
796.876 0.902508 0.0225454
797.183 0.898137 0.0229065
797.489 0.889917 0.0237374
797.795 0.888754 0.0239341
798.101 0.888966 0.0238311
798.406 0.880885 0.0238485
798.712 0.912972 0.0249961
799.018 0.890626 0.025074
799.324 0.888133 0.0251046
799.629 0.855144 0.0247451
799.935 0.854807 0.0249237
800.24 0.879789 0.0257663
800.546 0.913277 0.026261
800.851 0.887417 0.0261222
801.157 0.869325 0.0269621
801.462 0.869231 0.0272222
801.767 0.88697 0.0276293
802.072 0.849038 0.0259834
802.377 0.872971 0.0253536
802.682 0.883714 0.0250982
802.987 0.919529 0.0263128
803.292 0.887249 0.0265076
803.597 0.863216 0.0263687
803.902 0.865193 0.0263325
804.207 0.857516 0.0260513
804.511 0.89897 0.0262648
804.816 0.836264 0.0238018
805.12 0.868038 0.0226582
805.425 0.860581 0.0212494
805.729 0.897769 0.0218737
806.034 0.911929 0.0228988
806.338 0.887606 0.0238789
806.642 0.883003 0.0244234
806.946 0.872841 0.0240368
807.251 0.885375 0.0244313
807.555 0.901167 0.024256
807.859 0.875996 0.0237333
808.162 0.926818 0.0251205
808.466 0.892941 0.0254964
808.77 0.868248 0.0258075
809.074 0.900031 0.0271742
809.378 0.880472 0.0269241
809.681 0.896298 0.0269511
809.985 0.91188 0.0276241
810.288 0.920295 0.0280608
810.592 0.87618 0.0271747
810.895 0.878736 0.0278606
811.198 0.894648 0.0293548
811.502 0.862684 0.0292449
811.805 0.902467 0.0307333
812.108 0.816237 0.0278974
812.411 0.888861 0.0282497
812.714 0.86273 0.0259318
813.017 0.887014 0.024884
813.32 0.877936 0.0247195
813.623 0.89892 0.0258034
813.926 0.881748 0.0274069
814.228 0.892015 0.0290401
814.531 0.898725 0.0300838
814.833 0.838794 0.02884
815.136 0.832301 0.0289028
815.438 0.850528 0.0295509
815.741 0.820872 0.0278274
816.043 0.874245 0.0283686
816.345 0.868928 0.028092
816.648 0.886781 0.0286103
816.95 0.870755 0.0287858
817.252 0.888987 0.029739
817.554 0.843444 0.0290291
817.856 0.871028 0.03013
818.158 0.846701 0.0299643
818.46 0.872863 0.0311952
818.761 0.877769 0.0311687
819.063 0.844235 0.0300369
819.365 0.874383 0.0296655
819.666 0.858048 0.0279176
819.968 0.897591 0.0276117
820.269 0.880399 0.0270504
820.571 0.888235 0.0278829
820.872 0.887084 0.0289186
821.173 0.867252 0.0297294
821.475 0.876928 0.031045
821.776 0.872178 0.0308006
822.077 0.845638 0.0301516
822.378 0.847325 0.0303923
822.679 0.878148 0.0314466
822.98 0.857535 0.0307867
823.281 0.877432 0.0321518
823.581 0.876787 0.0318157
823.882 0.913759 0.0328952
824.183 0.834639 0.0311199
824.483 0.844063 0.0301823
824.784 0.849573 0.0290368
825.084 0.890177 0.0302554
825.385 0.871359 0.0303263
825.685 0.880936 0.0311483
825.985 0.855532 0.0304334
826.286 0.859859 0.0300913
826.586 0.83017 0.0289873
826.886 0.865391 0.0296508
827.186 0.862337 0.0300329
827.486 0.898526 0.0316864
827.786 0.872747 0.0317044
828.086 0.864862 0.0312437
828.386 0.887758 0.0312409
828.685 0.867206 0.0307063
828.985 0.890162 0.0320397
829.285 0.881017 0.0320948
829.584 0.88172 0.0326263
829.884 0.850734 0.0325365
830.183 0.933556 0.0358602
830.482 0.831279 0.0334696
830.782 0.783304 0.0326275
831.081 0.851189 0.0352993
831.38 0.901458 0.0351521
831.679 0.833427 0.0338764
831.978 0.898663 0.0352333
832.277 0.838386 0.0329344
832.576 0.864237 0.0328093
832.875 0.874095 0.0329758
833.174 0.857594 0.0324581
833.472 0.847335 0.0325075
833.771 0.883607 0.0336476
834.07 0.876301 0.0327119
834.368 0.846332 0.0324623
834.667 0.885312 0.0340782
834.965 0.860077 0.0340933
835.263 0.827476 0.033486
835.562 0.845505 0.0338641
835.86 0.833366 0.0333099
836.158 0.77952 0.0325823
836.456 0.808935 0.0340656
836.754 0.82787 0.0343656
837.052 0.859322 0.0361242
837.35 0.860256 0.0354429
837.648 0.874304 0.036205
837.946 0.878028 0.0365912
838.243 0.833565 0.0356628
838.541 0.816586 0.0343704
838.839 0.872418 0.0355781
839.136 0.862608 0.035303
839.434 0.836381 0.0345509
839.731 0.873055 0.0362504
840.028 0.87097 0.0353775
840.326 0.827457 0.034916
840.623 0.857215 0.0355059
840.92 0.837264 0.035428
841.217 0.865618 0.0370342
841.514 0.863047 0.0371858
841.811 0.811684 0.0348719
842.108 0.842103 0.0365634
842.405 0.913649 0.0383693
842.701 0.878752 0.0378028
842.998 0.838051 0.0357805
843.295 0.861073 0.0370615
843.591 0.868463 0.0373016
843.888 0.808564 0.0355761
844.184 0.860604 0.0369157
844.481 0.83999 0.0358728
844.777 0.839466 0.0360372
845.073 0.890017 0.0373861
845.369 0.832554 0.0365219
845.665 0.887482 0.0382585
845.962 0.833658 0.0363527
846.258 0.899419 0.0384905
846.553 0.86035 0.0376999
846.849 0.891517 0.0384428
847.145 0.794915 0.0351207
847.441 0.844559 0.036418
847.737 0.830616 0.0358167
848.032 0.835369 0.0366052
848.328 0.860972 0.0373328
848.623 0.859133 0.0377909
848.919 0.808658 0.035847
849.214 0.801324 0.035277
849.509 0.843998 0.0367442
849.805 0.840453 0.0374026
850.1 0.883378 0.0392032
850.395 0.894697 0.0393229
850.69 0.900234 0.0397188
850.985 0.769495 0.0354185
851.28 0.800726 0.0359802
851.575 0.825105 0.0369698
851.869 0.904848 0.0385828
852.164 0.893033 0.0377591
852.459 0.854979 0.0359324
852.753 0.889179 0.0361341
853.048 0.886002 0.0341981
853.342 0.839485 0.0330573
853.637 0.863433 0.0341278
853.931 0.861824 0.0337302
854.225 0.814992 0.0326567
854.52 0.919111 0.0359723
854.814 0.924024 0.0361881
855.108 0.76846 0.0319309
855.402 0.827244 0.0337359
855.696 0.876114 0.0357119
855.99 0.84412 0.0356191
856.283 0.841711 0.0347877
856.577 0.86402 0.0360516
856.871 0.850416 0.0354839
857.164 0.834699 0.0355368
857.458 0.894288 0.0380053
857.751 0.867514 0.0367828
858.045 0.785315 0.0345722
858.338 0.843272 0.0364106
858.632 0.8115 0.0349004
858.925 0.812508 0.0358386
859.218 0.832278 0.0361175
859.511 0.872035 0.0385174
859.804 0.830567 0.0372145
860.097 0.839137 0.0364151
860.39 0.852541 0.0377819
860.683 0.855231 0.0376812
860.976 0.857027 0.0380229
861.268 0.827027 0.0367742
861.561 0.872652 0.0388575
861.854 0.936875 0.0414615
862.146 0.864236 0.0384074
862.439 0.901358 0.0390114
862.731 0.818566 0.0362663
863.023 0.883638 0.0389008
863.316 0.84735 0.0374063
863.608 0.83162 0.0372512
863.9 0.850688 0.0376998
864.192 0.861834 0.0370459
864.484 0.811706 0.0368125
864.776 0.853649 0.0380866
865.068 0.817404 0.0370386
865.36 0.811249 0.0368024
865.651 0.897331 0.0397224
865.943 0.838513 0.0376887
866.235 0.820323 0.0374666
866.526 0.855934 0.0393028
866.818 0.868335 0.0382586
867.109 0.815212 0.0368426
867.4 0.858172 0.0385284
867.692 0.880967 0.0392499
867.983 0.865948 0.0385372
868.274 0.855385 0.0387819
868.565 0.862372 0.0384432
868.856 0.836259 0.0381044
869.147 0.843493 0.0381652
869.438 0.841891 0.0380262
869.729 0.84953 0.0384269
870.02 0.911437 0.0413717
870.31 0.843974 0.0385694
870.601 0.802808 0.037075
870.892 0.838754 0.0375069
871.182 0.788782 0.0362193
871.473 0.865313 0.0387604
871.763 0.807426 0.0365437
872.053 0.846253 0.0378528
872.343 0.797665 0.0366934
872.634 0.839684 0.0380259
872.924 0.797263 0.0363166
873.214 0.819462 0.0375722
873.504 0.815001 0.0379728
873.794 0.887367 0.0406127
874.084 0.949871 0.0418974
874.373 0.819965 0.0379475
874.663 0.822435 0.0371046
874.953 0.861834 0.0392465
875.242 0.863463 0.0387546
875.532 0.857579 0.038305
875.821 0.849114 0.0383524
876.111 0.843168 0.038073
876.4 0.802373 0.0376051
876.689 0.890924 0.0393625
876.978 0.88368 0.0392166
877.268 0.878893 0.0391797
877.557 0.889161 0.0398627
877.846 0.849984 0.0388441
878.134 0.913672 0.0406386
878.423 0.91384 0.040646
878.712 0.914008 0.0406535
