178.41 0.844881 0.142183
178.791 0.850231 0.143083
179.172 0.855542 0.143977
179.553 0.461565 0.461565
179.934 0.556854 0.556854
180.316 0.847655 0.847655
180.697 0.257349 0.257349
181.078 0.775965 0.775965
181.459 0.845622 0.845622
181.84 0.670925 0.670925
182.221 2.88262 2.88262
182.602 0.448238 0.448238
182.983 2.84792 0.764146
183.364 1.04885 0.18173
183.744 0.532696 0.0817695
184.125 0.708272 0.0817896
184.506 0.478922 0.0550958
184.887 0.570647 0.0536298
185.268 0.450623 0.0410285
185.648 0.445235 0.0394787
186.029 0.566665 0.0424817
186.41 0.612295 0.0430043
186.791 0.557562 0.0394384
187.171 0.549126 0.0334771
187.552 0.418464 0.0237768
187.932 0.498793 0.0264322
188.313 0.506273 0.0248717
188.694 0.520952 0.0252153
189.074 0.496476 0.0237326
189.455 0.4623 0.0222656
189.835 0.514206 0.0241454
190.216 0.492947 0.0230181
190.596 0.494221 0.0220571
190.977 0.479975 0.021568
191.357 0.489725 0.0218503
191.737 0.491853 0.0216242
192.118 0.495326 0.021594
192.498 0.47108 0.0204055
192.878 0.469705 0.0205325
193.258 0.433471 0.0193843
193.639 0.493256 0.0204214
194.019 0.477854 0.0202772
194.399 0.464367 0.0198165
194.779 0.436509 0.0184429
195.159 0.486725 0.0200393
195.54 0.44325 0.0185504
195.92 0.451194 0.0187712
196.3 0.447453 0.0184225
196.68 0.443681 0.0184362
197.06 0.439476 0.0182391
197.44 0.43045 0.0178776
197.82 0.440693 0.017947
198.2 0.438419 0.0178923
198.58 0.406167 0.016767
198.959 0.402355 0.016658
199.339 0.413938 0.0169694
199.719 0.387423 0.0161024
200.099 0.395003 0.0162983
200.479 0.397887 0.0163114
200.858 0.387898 0.0158679
201.238 0.392791 0.0157182
201.618 0.38071 0.0156483
201.998 0.367556 0.0150074
202.377 0.370147 0.0150599
202.757 0.376037 0.0149799
203.136 0.354322 0.0144466
203.516 0.35065 0.0141575
203.896 0.352015 0.0140104
204.275 0.343877 0.0135743
204.655 0.354924 0.0138168
205.034 0.344994 0.0134619
205.414 0.332783 0.013056
205.793 0.328842 0.0128622
206.172 0.322304 0.0127453
206.552 0.313334 0.0123524
206.931 0.317835 0.0122501
207.31 0.317303 0.012108
207.69 0.300414 0.0116872
208.069 0.311178 0.0117373
208.448 0.297527 0.0113324
208.827 0.300155 0.0113169
209.207 0.302909 0.011339
209.586 0.29512 0.0108995
209.965 0.288052 0.0107341
210.344 0.289705 0.0106078
210.723 0.275776 0.0102226
211.102 0.274902 0.0100298
211.481 0.27682 0.0100116
211.86 0.287081 0.010094
212.239 0.268045 0.00965503
212.618 0.268937 0.00953127
212.997 0.268913 0.00937536
213.376 0.265898 0.00928935
213.755 0.268457 0.00920286
214.134 0.26314 0.00898785
214.513 0.260977 0.00880594
214.891 0.263543 0.00879006
215.27 0.249189 0.00838662
215.649 0.257951 0.00846263
216.028 0.254561 0.00826167
216.406 0.249285 0.00809042
216.785 0.242384 0.00784784
217.164 0.249203 0.0078778
217.542 0.241216 0.00758804
217.921 0.243137 0.00752067
218.3 0.238686 0.0074251
218.678 0.242385 0.00736473
219.057 0.229761 0.00704271
219.435 0.234081 0.0069918
219.814 0.232033 0.00690984
220.192 0.225451 0.00670134
220.57 0.229711 0.00668504
220.949 0.23596 0.00666168
221.327 0.221385 0.00634537
221.705 0.22553 0.00633892
222.084 0.223696 0.00617614
222.462 0.223907 0.00610543
222.84 0.227523 0.00610372
223.218 0.214807 0.00578303
223.597 0.216856 0.00575185
223.975 0.220196 0.00569162
224.353 0.215345 0.00556676
224.731 0.214657 0.00546829
225.109 0.21153 0.00531868
225.487 0.215361 0.00529033
225.865 0.210618 0.00515174
226.243 0.20719 0.00504478
226.621 0.206574 0.00497093
226.999 0.206835 0.00487218
227.377 0.208043 0.00483893
227.755 0.208967 0.00478639
228.133 0.204793 0.00467818
228.511 0.202385 0.00459524
228.889 0.20797 0.00456914
229.266 0.204671 0.00448974
229.644 0.200684 0.00435827
230.022 0.200612 0.00430108
230.4 0.202089 0.00427621
230.777 0.202515 0.00423998
231.155 0.202311 0.00418276
231.533 0.197018 0.00406923
231.91 0.197984 0.00402398
232.288 0.201653 0.00402261
232.665 0.201241 0.00396678
233.043 0.197714 0.00389473
233.42 0.200122 0.00386543
233.798 0.199577 0.00383193
234.175 0.19745 0.00376181
234.553 0.198227 0.00372908
234.93 0.198736 0.00369646
235.307 0.197553 0.00365559
235.685 0.19805 0.0036303
236.062 0.194394 0.00355461
236.439 0.195635 0.00354831
236.816 0.198243 0.0035282
237.194 0.197702 0.00348607
237.571 0.197644 0.00345521
237.948 0.19677 0.00342935
238.325 0.197229 0.00339535
238.702 0.196957 0.00337297
239.079 0.194289 0.00331681
239.456 0.196014 0.00330924
239.833 0.197461 0.00330002
240.21 0.195392 0.00325236
240.587 0.197761 0.00325687
240.964 0.197804 0.00323065
241.341 0.197309 0.00319934
241.718 0.195596 0.00315527
242.095 0.196432 0.00316106
242.472 0.197839 0.00314721
242.849 0.198853 0.00313171
243.225 0.197646 0.00309497
243.602 0.198919 0.00308929
243.979 0.196644 0.00306097
244.356 0.1998 0.00307277
244.732 0.198003 0.00302777
245.109 0.197718 0.0030044
245.486 0.200005 0.00301752
245.862 0.198655 0.00299247
246.239 0.19903 0.00296475
246.615 0.198072 0.00295225
246.992 0.200668 0.00294977
247.368 0.20056 0.00294895
247.745 0.199084 0.00291331
248.121 0.197735 0.00288364
248.497 0.199631 0.00289275
248.874 0.19961 0.00287508
249.25 0.19966 0.00285013
249.626 0.201164 0.00285611
250.003 0.19955 0.00282794
250.379 0.199556 0.00280045
250.755 0.200039 0.00280626
251.131 0.200678 0.00279101
251.507 0.200537 0.00278631
251.884 0.201149 0.00277141
252.26 0.201538 0.00277479
252.636 0.199788 0.00273756
253.012 0.203071 0.00274991
253.388 0.20186 0.00273344
253.764 0.202677 0.00272776
254.14 0.202774 0.00272192
254.516 0.201824 0.00271183
254.892 0.20308 0.0027065
255.268 0.204898 0.0027157
255.643 0.201748 0.00268343
256.019 0.202198 0.00268443
256.395 0.203865 0.00268985
256.771 0.202222 0.00265946
257.147 0.203375 0.002664
257.522 0.202888 0.00265659
257.898 0.204173 0.00266061
258.274 0.204344 0.00265484
258.649 0.205071 0.00265793
259.025 0.205317 0.00264491
259.4 0.203597 0.00263239
259.776 0.204922 0.00263278
260.151 0.204697 0.00264018
260.527 0.204066 0.00262436
260.902 0.207294 0.00263785
261.278 0.20557 0.0026213
261.653 0.205956 0.00262369
262.028 0.206884 0.00263213
262.404 0.206606 0.00261829
262.779 0.206236 0.0026094
263.154 0.20644 0.00260609
263.53 0.207165 0.00260354
263.905 0.205054 0.00259527
264.28 0.206194 0.00260113
264.655 0.206505 0.00259552
265.03 0.206524 0.00260365
265.405 0.20695 0.00259765
265.781 0.206242 0.00259628
266.156 0.207092 0.00259883
266.531 0.205866 0.00257745
266.906 0.207905 0.00260449
267.281 0.20899 0.00259836
267.655 0.206312 0.00259131
268.03 0.207807 0.00260213
268.405 0.206705 0.00259177
268.78 0.208882 0.00260532
269.155 0.206792 0.00258649
269.53 0.210955 0.0026214
269.904 0.207769 0.0025986
270.279 0.209819 0.00261304
270.654 0.20873 0.00259884
271.029 0.20893 0.00260502
271.403 0.206993 0.00258558
271.778 0.210159 0.00261268
272.152 0.20891 0.00260739
272.527 0.207781 0.00259805
272.901 0.20865 0.00259329
273.276 0.206912 0.00257658
273.65 0.210505 0.00260702
274.025 0.20777 0.0025833
274.399 0.210288 0.00261136
274.774 0.208252 0.00259268
275.148 0.20742 0.00257931
275.522 0.208548 0.00259324
275.897 0.208459 0.00259128
276.271 0.207624 0.00258867
276.645 0.20957 0.00259325
277.019 0.207553 0.00257374
277.393 0.207714 0.00256779
277.768 0.206558 0.00257275
278.142 0.206287 0.00256848
278.516 0.206202 0.00257248
278.89 0.205356 0.00256213
279.264 0.206175 0.00257547
279.638 0.204715 0.00255392
280.012 0.205789 0.00256511
280.386 0.206625 0.00258376
280.76 0.203941 0.00255716
281.133 0.206006 0.00257479
281.507 0.204615 0.00256403
281.881 0.207461 0.00257589
282.255 0.205496 0.00256725
282.629 0.204357 0.00256756
283.002 0.204152 0.00256765
283.376 0.203757 0.00255815
283.75 0.203374 0.00256443
284.123 0.204273 0.00256112
284.497 0.20209 0.00255204
284.87 0.202111 0.00255478
285.244 0.202447 0.0025522
285.618 0.200241 0.00254477
285.991 0.20033 0.00255608
286.364 0.201112 0.00256012
286.738 0.202649 0.0025694
287.111 0.201906 0.00256578
287.485 0.200805 0.00256022
287.858 0.200819 0.00256987
288.231 0.198605 0.00255118
288.605 0.199015 0.00256081
288.978 0.197655 0.00254661
289.351 0.197651 0.00255983
289.724 0.195949 0.00254869
290.097 0.1964 0.00255467
290.47 0.196447 0.00256322
290.843 0.196282 0.00256125
291.217 0.194443 0.00254973
291.59 0.194085 0.00256503
291.963 0.193849 0.00255782
292.336 0.193239 0.00256195
292.708 0.191845 0.00255756
293.081 0.191372 0.00256615
293.454 0.190778 0.00255089
293.827 0.18974 0.0025515
294.2 0.190426 0.00257277
294.573 0.189959 0.00256142
294.945 0.189704 0.00257482
295.318 0.188422 0.00256511
295.691 0.189472 0.00257852
296.064 0.189529 0.00258363
296.436 0.186503 0.00256112
296.809 0.186099 0.00255147
297.181 0.187649 0.00257582
297.554 0.185106 0.00256222
297.926 0.184831 0.00256234
298.299 0.186224 0.00257473
298.671 0.184616 0.00255243
299.044 0.183812 0.00256082
299.416 0.183737 0.00256417
299.788 0.182365 0.00255061
300.161 0.183049 0.00256663
300.533 0.182452 0.00255887
300.905 0.18201 0.00254604
301.278 0.180325 0.00253955
301.65 0.182337 0.00255082
302.022 0.181243 0.0025487
302.394 0.179547 0.00254084
302.766 0.177609 0.00252353
303.138 0.177448 0.0025323
303.51 0.177296 0.00252462
303.882 0.175342 0.00250752
304.254 0.176273 0.0025191
304.626 0.173603 0.00249244
304.998 0.174574 0.00249866
305.37 0.17123 0.00248845
305.742 0.170595 0.00247452
306.114 0.168964 0.0024616
306.485 0.16876 0.00246066
306.857 0.168481 0.00245687
307.229 0.168836 0.00246805
307.601 0.166076 0.00244713
307.972 0.16801 0.0024588
308.344 0.167309 0.00245059
308.716 0.168254 0.00246764
309.087 0.170228 0.00247895
309.459 0.171834 0.0024944
309.83 0.176314 0.00252703
310.202 0.177193 0.00252921
310.573 0.181207 0.00255919
310.945 0.184781 0.00258251
311.316 0.190684 0.00263599
311.687 0.194167 0.00264929
312.059 0.199763 0.00269662
312.43 0.207184 0.00274126
312.801 0.213829 0.0027947
313.172 0.219184 0.00283121
313.544 0.224692 0.00286953
313.915 0.231206 0.00289232
314.286 0.235683 0.00293287
314.657 0.241486 0.00296218
315.028 0.242075 0.00297206
315.399 0.247603 0.00300481
315.77 0.249465 0.00301182
316.141 0.249705 0.0030258
316.512 0.252847 0.00304433
316.883 0.24884 0.00302621
317.254 0.248475 0.00302094
317.625 0.246743 0.00302894
317.996 0.241985 0.00298317
318.366 0.243976 0.00300285
318.737 0.239393 0.00297152
319.108 0.243575 0.00300771
319.478 0.249608 0.00304574
319.849 0.258327 0.00309701
320.22 0.265722 0.00314412
320.59 0.275143 0.00319754
320.961 0.287543 0.00327442
321.331 0.303092 0.00336223
321.702 0.316343 0.00345234
322.072 0.332719 0.00355128
322.443 0.344787 0.00360794
322.813 0.357068 0.00366483
323.184 0.369881 0.00374047
323.554 0.382027 0.00381345
323.924 0.391532 0.00385861
324.295 0.40343 0.0039358
324.665 0.412352 0.00398198
325.035 0.421962 0.00402284
325.405 0.424547 0.00405175
325.775 0.436349 0.00412766
326.145 0.440724 0.00414433
326.515 0.446347 0.00417838
326.886 0.452093 0.00422645
327.256 0.45485 0.00424335
327.626 0.462959 0.00430748
327.995 0.465357 0.00432927
328.365 0.465841 0.00433758
328.735 0.468716 0.00437281
329.105 0.469494 0.00442385
329.475 0.467258 0.00444797
329.845 0.4679 0.00451539
330.215 0.467103 0.00449462
330.584 0.465863 0.00444539
330.954 0.466349 0.0043426
331.324 0.467894 0.00422733
331.693 0.46953 0.00416204
332.063 0.469132 0.00411546
332.432 0.465473 0.00407825
332.802 0.464003 0.00410523
333.171 0.45562 0.00412136
333.541 0.451529 0.00417936
333.91 0.441282 0.00415265
334.28 0.4383 0.0041623
334.649 0.433512 0.00415151
335.018 0.424383 0.00412157
335.388 0.418316 0.00410521
335.757 0.406766 0.00404871
336.126 0.392601 0.00399189
336.495 0.38446 0.00393693
336.865 0.374331 0.00390081
337.234 0.362663 0.00386124
337.603 0.351738 0.00379489
337.972 0.345302 0.00376866
338.341 0.335637 0.00370946
338.71 0.333193 0.00369342
339.079 0.334799 0.00371574
339.448 0.333264 0.00370136
339.817 0.331307 0.0036996
340.186 0.331146 0.00370104
340.554 0.331791 0.00369979
340.923 0.337074 0.00373692
341.292 0.334714 0.00372733
341.661 0.335629 0.00373709
342.029 0.335179 0.00372813
342.398 0.332299 0.00371706
342.767 0.332691 0.00373356
343.135 0.334249 0.00373949
343.504 0.331924 0.00373808
343.872 0.33122 0.00372022
344.241 0.32637 0.00370153
344.609 0.328715 0.00372956
344.978 0.323286 0.0036949
345.346 0.32111 0.0036686
345.715 0.318618 0.00366846
346.083 0.316606 0.00366501
346.451 0.311368 0.0036288
346.82 0.30907 0.00362749
347.188 0.309845 0.00362517
347.556 0.310001 0.00364479
347.924 0.311589 0.00364969
348.292 0.308015 0.00363695
348.66 0.308012 0.00363373
349.028 0.307864 0.00363742
349.396 0.309251 0.00365998
349.764 0.308065 0.00364835
350.132 0.30976 0.00365649
350.5 0.31041 0.0036663
350.868 0.312745 0.00368675
351.236 0.31369 0.00368937
351.604 0.313877 0.00370482
351.972 0.320979 0.00375074
352.34 0.322568 0.00376548
352.707 0.325888 0.00378647
353.075 0.328832 0.00380454
353.443 0.330552 0.00382318
353.81 0.334901 0.00385781
354.178 0.339561 0.00388674
354.545 0.344015 0.00390256
354.913 0.349807 0.00395201
355.28 0.352634 0.0039685
355.648 0.359572 0.00399887
356.015 0.362931 0.00402454
356.383 0.365234 0.00403268
356.75 0.372647 0.00408378
357.117 0.375625 0.00410234
357.485 0.385188 0.00415715
357.852 0.389962 0.00421172
358.219 0.396598 0.00422632
358.586 0.396535 0.00422527
358.954 0.408285 0.00430544
359.321 0.412029 0.00431468
359.688 0.418902 0.00437194
360.055 0.420299 0.00437299
360.422 0.427315 0.00441573
360.789 0.435176 0.00446384
361.156 0.438561 0.00447722
361.523 0.445877 0.00453268
361.89 0.448579 0.00454088
362.256 0.45702 0.00456507
362.623 0.463253 0.00464187
362.99 0.465862 0.00463264
363.357 0.474041 0.00469222
363.724 0.477263 0.00471016
364.09 0.479489 0.00471162
364.457 0.488523 0.00479131
364.823 0.490154 0.00476847
365.19 0.492088 0.00478498
365.557 0.497872 0.00480554
365.923 0.503458 0.00484844
366.29 0.504272 0.00486761
366.656 0.506889 0.00486015
367.022 0.512546 0.00488109
367.389 0.520183 0.00493935
367.755 0.521191 0.00496766
368.121 0.524842 0.00498301
368.488 0.530429 0.00500269
368.854 0.532003 0.00502913
369.22 0.538746 0.00508476
369.586 0.541367 0.00511446
369.952 0.550666 0.00516942
370.318 0.553353 0.00518447
370.684 0.557638 0.00521968
371.051 0.569085 0.00527444
371.416 0.574388 0.0053317
371.782 0.574742 0.0053174
372.148 0.583356 0.00536813
372.514 0.585364 0.00538891
372.88 0.591633 0.00543361
373.246 0.596723 0.00545191
373.612 0.606072 0.00549188
373.977 0.606649 0.00548209
374.343 0.608939 0.00547507
374.709 0.61274 0.00547431
375.074 0.614756 0.00549972
375.44 0.619934 0.0055465
375.806 0.628174 0.00561405
376.171 0.628974 0.00558923
376.537 0.632189 0.00559837
376.902 0.634679 0.00561925
377.268 0.641579 0.00562652
377.633 0.639785 0.00560835
377.998 0.648728 0.00562579
378.364 0.652742 0.00561876
378.729 0.657701 0.00564956
379.094 0.661091 0.00568889
379.459 0.663975 0.00577766
379.825 0.662215 0.00574442
380.19 0.663819 0.00576029
380.555 0.669391 0.00582506
380.92 0.675661 0.00592542
381.285 0.674733 0.00591015
381.65 0.673852 0.00586032
382.015 0.680056 0.00589591
382.38 0.684085 0.00593632
382.745 0.685619 0.00597942
383.11 0.689502 0.00601254
383.474 0.688746 0.0059915
383.839 0.69514 0.0060301
384.204 0.701522 0.00607726
384.569 0.69702 0.00606515
384.933 0.703134 0.00610942
385.298 0.70649 0.00613352
385.663 0.708606 0.00612528
386.027 0.707595 0.00610825
386.392 0.710513 0.00609471
386.756 0.707092 0.00604945
387.121 0.716289 0.00608692
387.485 0.721057 0.00608837
387.849 0.725416 0.00607816
388.214 0.730288 0.00616621
388.578 0.731763 0.00620347
388.942 0.732952 0.00624013
389.307 0.734097 0.00623932
389.671 0.737977 0.00627882
390.035 0.738324 0.00625168
390.399 0.74109 0.00624868
390.763 0.741935 0.00621538
391.127 0.750783 0.00622978
391.492 0.753488 0.00615516
391.856 0.752718 0.0060811
392.219 0.761227 0.00606976
392.583 0.761983 0.00610735
392.947 0.767326 0.00626098
393.311 0.761957 0.00629661
393.675 0.76777 0.00633963
394.039 0.776475 0.00641495
394.403 0.779178 0.0064293
394.766 0.77117 0.00641356
395.13 0.780912 0.00647102
395.494 0.781868 0.0064724
395.857 0.785722 0.00646
396.221 0.785859 0.0064313
396.584 0.790064 0.00640018
396.948 0.790259 0.00633187
397.311 0.793765 0.00625244
397.675 0.797495 0.00623327
398.038 0.802137 0.00625442
398.401 0.802023 0.00634287
398.765 0.81146 0.00647874
399.128 0.816366 0.00659114
399.491 0.82287 0.00666768
399.854 0.816278 0.00665038
400.218 0.828843 0.00672086
400.581 0.822526 0.00671427
400.944 0.828672 0.00677231
401.307 0.827752 0.00685001
401.67 0.836262 0.00686512
402.033 0.831867 0.00686703
402.396 0.839751 0.00690333
402.759 0.84738 0.00694307
403.122 0.841209 0.00688399
403.485 0.853892 0.0069339
403.847 0.851598 0.00686697
404.21 0.854816 0.00684438
404.573 0.862905 0.00686918
404.936 0.855889 0.0068075
405.298 0.860477 0.00690065
405.661 0.863837 0.00701104
406.023 0.866756 0.00712246
406.386 0.871567 0.00716748
406.749 0.87483 0.00721373
407.111 0.877273 0.00721453
407.473 0.866902 0.007057
407.836 0.883137 0.00711238
408.198 0.88005 0.00705671
408.561 0.886028 0.00710102
408.923 0.890559 0.00712966
409.285 0.89627 0.00716569
409.647 0.893882 0.00721885
410.009 0.892589 0.00728185
410.372 0.899837 0.00730071
410.734 0.901644 0.00734478
411.096 0.900869 0.00732874
411.458 0.914013 0.00738023
411.82 0.908827 0.00731098
412.182 0.903044 0.00723237
412.544 0.915281 0.0072975
412.906 0.91809 0.00729576
413.267 0.914867 0.00730898
413.629 0.91879 0.00738229
413.991 0.919947 0.00742165
414.353 0.927805 0.00747381
414.714 0.928418 0.00755502
415.076 0.924694 0.00752113
415.438 0.92877 0.00752948
415.799 0.929565 0.00750265
416.161 0.93055 0.00757244
416.522 0.932443 0.00761133
416.884 0.932085 0.0076146
417.245 0.940863 0.00767861
417.607 0.936849 0.00764331
417.968 0.930434 0.00760852
418.329 0.939508 0.00763597
418.691 0.943729 0.00765056
419.052 0.94303 0.0076424
419.413 0.936995 0.00754936
419.774 0.944046 0.00755414
420.135 0.937781 0.00736142
420.497 0.941291 0.0072588
420.858 0.946585 0.00717876
421.219 0.957633 0.00724492
421.58 0.95572 0.00732996
421.941 0.963356 0.0074884
422.302 0.954906 0.00755548
422.662 0.96401 0.00762408
423.023 0.954992 0.00762181
423.384 0.955458 0.00764923
423.745 0.954615 0.00759972
424.106 0.95114 0.00758161
424.466 0.965864 0.00762521
424.827 0.970203 0.00774781
425.187 0.965695 0.00782761
425.548 0.962209 0.00788729
425.909 0.966423 0.00794634
426.269 0.965693 0.00788733
426.63 0.961372 0.00781631
426.99 0.966391 0.00777236
427.35 0.966353 0.0078069
427.711 0.957694 0.00771676
428.071 0.962263 0.00767039
428.431 0.965225 0.00753542
428.792 0.970585 0.0072977
429.152 0.968306 0.00708875
429.512 0.972033 0.00708908
429.872 0.971786 0.00713736
430.232 0.980129 0.00729452
430.592 0.983676 0.00751507
430.952 0.978279 0.00771571
431.312 0.984505 0.00793279
431.672 0.970811 0.00796814
432.032 0.976056 0.00796523
432.392 0.975071 0.00785354
432.752 0.972072 0.00745569
433.111 0.975807 0.0073032
433.471 0.984096 0.00744891
433.831 0.978747 0.00771958
434.19 0.980482 0.00772743
434.55 0.983659 0.00773853
434.91 0.983617 0.00782864
435.269 0.975248 0.00768789
435.629 0.98521 0.00771003
435.988 0.98859 0.00769019
436.348 0.987223 0.0078024
436.707 0.989238 0.0079292
437.066 0.98032 0.00788908
437.426 0.977479 0.00778413
437.785 0.982671 0.0077829
438.144 0.980133 0.00776316
438.503 0.99478 0.00792415
438.862 0.987284 0.00790887
439.222 0.988065 0.00797513
439.581 0.982759 0.00798782
439.94 0.98369 0.00787964
440.299 0.983945 0.00761502
440.658 0.987278 0.00743375
441.017 0.99739 0.00747414
441.376 0.997402 0.00756141
441.734 0.992726 0.00762115
442.093 0.983139 0.00758095
442.452 0.986047 0.00753765
442.811 0.992815 0.00753022
443.169 0.994088 0.00753223
443.528 0.998506 0.00770552
443.887 0.99274 0.00768816
444.245 1.00015 0.00775058
444.604 0.991633 0.00778177
444.962 0.988511 0.00780647
445.321 0.990861 0.00782304
445.679 0.986871 0.00776624
446.038 0.994669 0.00776839
446.396 0.999619 0.00789499
446.754 0.995668 0.00798719
447.112 1.00174 0.00805203
447.471 0.991239 0.00801889
447.829 0.990661 0.00805848
448.187 0.989792 0.00804062
448.545 0.995191 0.00803786
448.903 0.989755 0.00803663
449.261 0.993888 0.00807682
449.619 0.997435 0.00816785
449.977 1.00041 0.00821988
450.335 1.00226 0.00831759
450.693 0.997036 0.00831644
451.051 0.99333 0.00828453
451.409 1.00117 0.00834977
451.766 0.997627 0.00834561
452.124 0.997028 0.00846015
452.482 0.998982 0.00855233
452.839 1.001 0.00865656
453.197 0.995399 0.00864755
453.555 0.998289 0.0086959
453.912 0.997399 0.0086692
454.27 0.994058 0.00851815
454.627 1.00632 0.00846925
454.984 0.996564 0.008448
455.342 0.998257 0.00858481
455.699 1.00547 0.0087119
456.056 0.994185 0.00861145
456.414 1.00447 0.00857851
456.771 0.996639 0.00838874
457.128 0.997341 0.00835959
457.485 1.00339 0.00835584
457.842 0.998423 0.00838671
458.199 1.00163 0.00839042
458.556 0.999904 0.00830234
458.913 1.00102 0.00830731
459.27 1.0067 0.00828367
459.627 1.00841 0.00841131
459.984 1.00078 0.00831833
460.341 1.00882 0.00834092
460.697 1.00613 0.00842907
461.054 1.00886 0.00868913
461.411 1.0026 0.00884058
461.767 1.00522 0.00895648
462.124 0.997458 0.00889955
462.481 1.00874 0.00884268
462.837 0.998837 0.0086626
463.194 1.00256 0.00849707
463.55 1.00011 0.00854126
463.907 1.00676 0.00834462
464.263 0.998577 0.00819624
464.619 1.00158 0.00805315
464.976 1.00645 0.00796093
465.332 1.00525 0.00795421
465.688 1.02078 0.00826138
466.044 1.00868 0.00850709
466.4 1.02162 0.00869471
466.756 1.00877 0.00869655
467.112 1.01191 0.00871
467.468 1.01097 0.00869305
467.824 1.01593 0.00880374
468.18 1.01035 0.00889422
468.536 1.00692 0.00888651
468.892 1.00844 0.00903513
469.248 1.01424 0.00910126
469.604 1.00881 0.00913147
469.959 1.01204 0.0091428
470.315 1.0016 0.00909064
470.671 1.00097 0.00907871
471.026 1.00872 0.00903685
471.382 1.00568 0.0089369
471.737 1.01174 0.00889167
472.093 0.997396 0.00869069
472.448 1.0032 0.00854862
472.804 1.00675 0.00849073
473.159 1.01029 0.0084358
473.514 1.01174 0.00848476
473.87 1.00604 0.00834028
474.225 1.00578 0.0081009
474.58 1.00879 0.00795302
474.935 1.0206 0.00806748
475.29 1.01485 0.00815322
475.645 1.01238 0.00815151
476 1.01196 0.00816033
476.355 1.01702 0.00825436
476.71 1.00497 0.0082005
477.065 1.00234 0.00795122
477.42 1.00818 0.00786917
477.775 1.01168 0.00789232
478.13 1.01506 0.00797661
478.485 1.01312 0.00791122
478.839 1.00684 0.00779233
479.194 1.00556 0.00758782
479.549 1.0157 0.00753245
479.903 1.01831 0.00756224
480.258 1.01065 0.00759302
480.612 1.01119 0.00749599
480.967 1.00946 0.00731643
481.321 1.02701 0.0074034
481.675 1.01446 0.00749977
482.03 1.01809 0.00764572
482.384 1.01791 0.00767714
482.738 1.0095 0.00757247
483.093 1.01084 0.00752214
483.447 1.0083 0.00734953
483.801 1.00792 0.00711873
484.155 1.01072 0.00703764
484.509 0.925684 0.00586472
484.863 0.956881 0.00406413
485.217 0.979202 0.00373655
485.571 1.02885 0.00392905
485.925 1.08084 0.0051299
486.279 1.04516 0.00584942
486.632 1.03876 0.00630718
486.986 1.04097 0.0068251
487.34 1.02883 0.00724325
487.694 1.02245 0.0074223
488.047 1.01217 0.00742666
488.401 1.01964 0.00746349
488.754 1.00874 0.00747062
489.108 1.02331 0.00764717
489.461 1.00982 0.00763338
489.815 1.02011 0.00775219
490.168 1.01749 0.00765681
490.522 1.01182 0.00760299
490.875 1.01688 0.00763341
491.228 1.01352 0.00767322
491.581 1.01246 0.00761656
491.935 1.01907 0.00766967
492.288 1.01602 0.00768972
492.641 1.01659 0.00763735
492.994 1.01602 0.00762948
493.347 1.01005 0.00750141
493.7 1.00986 0.00750643
494.053 1.00754 0.00752345
494.406 1.02082 0.00769533
494.759 1.02129 0.00785405
495.111 1.00892 0.00756259
495.464 1.00514 0.00721712
495.817 1.01107 0.00710762
496.169 1.02354 0.007352
496.522 1.02423 0.00768648
496.875 1.0157 0.00791004
497.227 1.01999 0.00800507
497.58 1.01795 0.00798309
497.932 1.02128 0.00790229
498.285 1.00826 0.00778007
498.637 1.0065 0.00757969
498.989 1.01915 0.00754223
499.342 1.01728 0.00759119
499.694 1.02143 0.00777481
500.046 1.01284 0.00780854
500.398 1.00948 0.00760467
500.751 1.01801 0.0075671
501.103 1.0117 0.00751954
501.455 1.01613 0.00754757
501.807 1.0234 0.0075859
502.159 1.01866 0.00757241
502.511 1.00909 0.00751803
502.862 1.01549 0.00757432
503.214 1.02005 0.00769507
503.566 1.01791 0.00784282
503.918 1.016 0.00792023
504.27 1.0162 0.00791263
504.621 1.02546 0.00796799
504.973 1.01698 0.00797973
505.324 1.01711 0.00792873
505.676 1.01346 0.00777656
506.027 1.02397 0.00783788
506.379 1.02012 0.00808387
506.73 1.0202 0.00820743
507.082 1.02275 0.00815936
507.433 1.02224 0.00800623
507.784 1.02196 0.00793822
508.136 1.02105 0.00807314
508.487 1.02483 0.00817108
508.838 1.01944 0.00822596
509.189 1.02043 0.0082209
509.54 1.01416 0.00808609
509.891 1.01779 0.00819423
510.242 1.02234 0.0082217
510.593 1.02008 0.00826485
510.944 1.02068 0.00831352
511.295 1.03348 0.00853969
511.646 1.02277 0.0085894
511.996 1.00999 0.00844765
512.347 1.01574 0.00840793
512.698 1.0229 0.0084654
513.049 1.02284 0.00851731
513.399 1.0194 0.0085424
513.75 1.0174 0.0085085
514.1 1.02978 0.00872251
514.451 1.02401 0.00887894
514.801 1.01315 0.00879291
515.152 1.0193 0.00874164
515.502 1.01288 0.00857898
515.852 1.02192 0.00857092
516.202 1.01981 0.00855058
516.553 1.03218 0.00872804
516.903 1.02741 0.00884068
517.253 1.02487 0.00896297
517.603 1.0211 0.0089448
517.953 1.01312 0.00886652
518.303 1.01796 0.00867905
518.653 1.02304 0.00862939
519.003 1.0205 0.00868488
519.353 1.02265 0.009005
519.703 1.01094 0.00914313
520.052 1.01929 0.0092279
520.402 1.02735 0.0092133
520.752 1.0236 0.00909121
521.102 1.02699 0.00925381
521.451 1.0183 0.00928021
521.801 1.02935 0.00930374
522.15 1.00681 0.00904883
522.5 1.02129 0.00909885
522.849 1.01934 0.00906162
523.199 1.0213 0.00898463
523.548 1.01254 0.00886002
523.897 1.02194 0.00900399
524.246 1.03305 0.00920347
524.596 1.02672 0.00930509
524.945 1.02292 0.0092337
525.294 1.02018 0.00922028
525.643 1.01288 0.00916674
525.992 1.01707 0.00917
526.341 1.01963 0.00912426
526.69 1.02233 0.00920826
527.039 1.01439 0.00926181
527.388 1.01236 0.00931728
527.737 1.01143 0.00902965
528.086 1.01755 0.00872369
528.434 1.02082 0.00857781
528.783 1.0395 0.00889247
529.132 1.03007 0.0090205
529.48 1.02438 0.00911131
529.829 1.02875 0.00918103
530.177 1.03136 0.009287
530.526 1.01547 0.00923788
530.874 1.02455 0.00919063
531.223 1.01408 0.00913031
531.571 1.03314 0.00929508
531.919 1.02041 0.00914685
532.268 1.00643 0.0088066
532.616 1.02093 0.00858625
532.964 1.022 0.00846331
533.312 1.0248 0.00847931
533.66 1.0232 0.0085109
534.008 1.01953 0.0084763
534.356 1.02281 0.00849555
534.704 1.035 0.00862368
535.052 1.02779 0.00870916
535.4 1.03074 0.00890604
535.748 1.0276 0.00910417
536.095 1.02591 0.00932713
536.443 1.02205 0.00932119
536.791 1.0222 0.00912473
537.139 1.02358 0.00892064
537.486 1.02659 0.00872712
537.834 1.02132 0.00865857
538.181 1.02022 0.00860423
538.529 1.0311 0.00869872
538.876 1.02597 0.00865453
539.223 1.03262 0.00882935
539.571 1.03286 0.00901927
539.918 1.0267 0.00896049
540.265 1.02446 0.00877425
540.613 1.02184 0.00861231
540.96 1.02472 0.00873122
541.307 1.01775 0.00871736
541.654 1.0119 0.00869008
542.001 1.03115 0.00879964
542.348 1.02903 0.00878897
542.695 1.02606 0.00878736
543.042 1.02988 0.0086686
543.388 1.02186 0.0085256
543.735 1.02395 0.00852243
544.082 1.02381 0.00850889
544.429 1.0299 0.00857343
544.775 1.03009 0.00876306
545.122 1.03483 0.0090436
545.469 1.02394 0.00914298
545.815 1.01935 0.00906968
546.162 1.01987 0.00899979
546.508 1.02402 0.00883294
546.854 1.01247 0.00845743
547.201 1.01214 0.00814646
547.547 1.0318 0.00820138
547.893 1.04032 0.00842007
548.24 1.04911 0.0089084
548.586 1.03036 0.00919558
548.932 1.03058 0.00933336
549.278 1.01828 0.00928412
549.624 1.02468 0.00926346
549.97 1.02903 0.00936999
550.316 1.02912 0.00955747
550.662 1.03577 0.00968696
551.008 1.00057 0.00902838
551.353 1.02243 0.00863884
551.699 1.03317 0.008492
552.045 1.0457 0.00877343
552.391 1.02841 0.0088809
552.736 1.02552 0.0089089
553.082 1.02445 0.00891731
553.427 1.03474 0.0091204
553.773 1.03508 0.00942391
554.118 1.02364 0.00937227
554.464 1.02512 0.00913838
554.809 1.00813 0.00870241
555.154 1.02878 0.00867268
555.5 1.03134 0.00870315
555.845 1.03342 0.00905069
556.19 1.03644 0.00930983
556.535 1.02769 0.00947863
556.88 1.02478 0.00931256
557.225 1.02354 0.00927241
557.57 1.03131 0.00948919
557.915 1.03935 0.00978435
558.26 1.03484 0.00988344
558.605 1.02592 0.00980583
558.95 1.01076 0.00951847
559.295 1.01281 0.00902004
559.639 1.01946 0.00870898
559.984 1.01863 0.00837272
560.329 1.02781 0.00837927
560.673 1.04069 0.00846089
561.018 1.03468 0.00868403
561.362 1.0287 0.00888971
561.707 1.03586 0.00914424
562.051 1.02072 0.00896649
562.395 1.01826 0.0088374
562.74 1.03405 0.00872893
563.084 1.01957 0.00856049
563.428 1.02804 0.00841647
563.772 1.03111 0.00846811
564.117 1.02743 0.00839118
564.461 1.02645 0.00836063
564.805 1.0186 0.00840113
565.149 1.03 0.00840907
565.493 1.03124 0.00842702
565.836 1.02747 0.00825
566.18 1.02334 0.00811308
566.524 1.01401 0.00753099
566.868 1.02395 0.00736488
567.212 1.02805 0.00725401
567.555 1.0195 0.00713252
567.899 1.0206 0.0068057
568.242 1.0193 0.00652362
568.586 1.01296 0.00608577
568.929 1.01619 0.00570552
569.273 1.02309 0.00541259
569.616 1.03186 0.00544341
569.96 1.02736 0.00532182
570.303 1.02794 0.00515791
570.646 1.03003 0.00509901
570.989 1.02776 0.00493564
571.333 1.04271 0.0050333
571.676 1.05287 0.00524679
572.019 1.04493 0.00565204
572.362 1.01531 0.00525691
572.705 1.01236 0.00487213
573.048 1.02443 0.00466507
573.391 1.02371 0.00451125
573.733 1.02639 0.00445441
574.076 1.02729 0.00440711
574.419 1.04678 0.0045843
574.762 1.04667 0.00482832
575.104 1.058 0.00519638
575.447 1.01834 0.00502921
575.789 1.01475 0.00471892
576.132 1.02411 0.00447857
576.474 1.01409 0.00440674
576.817 0.999116 0.0040463
577.159 1.00352 0.00383418
577.501 1.02179 0.00389947
577.844 1.04528 0.00422117
578.186 1.05825 0.00476403
578.528 1.03773 0.0049103
578.87 1.0416 0.00494092
579.212 1.02306 0.00473343
579.554 1.03459 0.00460794
579.896 1.03367 0.00463394
580.238 0.998749 0.00429241
580.58 0.978023 0.00373205
580.922 0.903352 0.00344711
581.264 0.903308 0.00344694
581.606 0.984603 0.00375716
581.947 1.0387 0.00409619
582.289 1.06332 0.00460444
582.631 1.06504 0.00511143
582.972 1.05098 0.00541806
583.314 1.0374 0.00532361
583.655 1.0178 0.00509747
583.997 1.00528 0.00462431
584.338 1.01295 0.0043175
584.679 1.01308 0.00414272
585.021 1.03952 0.00431178
585.362 1.05416 0.00466552
585.703 1.05538 0.00502104
586.044 1.02809 0.00497417
586.385 1.02007 0.00468846
586.726 1.02492 0.00448855
587.067 1.05376 0.0047299
587.408 1.04931 0.00499052
587.749 1.05236 0.00523472
588.09 1.04497 0.00543375
588.431 1.05677 0.00578983
588.772 1.03978 0.00597299
589.113 1.03384 0.00585307
589.453 1.0352 0.00582514
589.794 1.05184 0.00607286
590.134 1.04877 0.00638755
590.475 1.04154 0.00651343
590.815 1.03062 0.00641926
591.156 1.03616 0.00644563
591.496 1.005 0.00615447
591.837 1.00962 0.00530674
592.177 1.01233 0.00482711
592.517 1.03371 0.00467006
592.857 1.05538 0.0049752
593.198 1.05968 0.0053042
593.538 1.0643 0.00586406
593.878 1.04777 0.00600428
594.218 1.02397 0.00574421
594.558 1.03844 0.00556964
594.898 1.04879 0.00575497
595.237 1.06068 0.00614631
595.577 1.05138 0.00651459
595.917 1.03874 0.00679871
596.257 1.02447 0.00646895
596.596 1.01765 0.00628535
596.936 1.04406 0.00626072
597.276 1.0446 0.00650713
597.615 1.02389 0.00632813
597.955 1.00686 0.00551909
598.294 1.02836 0.00523303
598.633 1.04658 0.00529668
598.973 1.04348 0.00548819
599.312 1.03464 0.00544823
599.651 1.04728 0.00552487
599.991 1.04173 0.00563056
600.33 1.04876 0.00573682
600.669 1.0432 0.00588559
601.008 1.05482 0.00612285
601.347 1.04129 0.00629079
601.686 1.02948 0.00607232
602.025 1.03754 0.00613672
602.364 1.02711 0.00580159
602.702 1.0303 0.00572723
603.041 1.04466 0.0058052
603.38 1.05397 0.00610993
603.719 1.05397 0.00638824
604.057 1.03895 0.00652081
604.396 1.03992 0.00651357
604.734 1.01577 0.00614832
605.073 1.03867 0.00575184
605.411 1.04111 0.00581447
605.75 1.05754 0.00607413
606.088 1.04719 0.00636072
606.426 1.03553 0.00617015
606.764 1.0394 0.0060967
607.103 1.0617 0.00635702
607.441 1.0425 0.00651667
607.779 1.04677 0.00668832
608.117 1.04048 0.00662259
608.455 1.05038 0.00693625
608.793 1.0267 0.00692375
609.131 1.02383 0.0064504
609.469 1.03328 0.00632375
609.806 1.05043 0.00646176
610.144 1.04753 0.00695956
610.482 1.03367 0.00698521
610.819 1.04623 0.00701211
611.157 1.0437 0.00704048
611.495 1.04029 0.00727535
611.832 1.03274 0.00727054
612.17 1.03564 0.00722778
612.507 1.03042 0.00712903
612.844 1.03615 0.00722393
613.182 1.03707 0.00724382
613.519 1.03029 0.00717565
613.856 1.04175 0.00719664
614.193 1.02872 0.0070613
614.53 1.03331 0.00692961
614.867 1.04434 0.00695893
615.205 1.0451 0.00731005
615.541 1.05113 0.00759604
615.878 1.04105 0.00788049
616.215 1.04177 0.00780275
616.552 1.03285 0.00784865
616.889 1.03395 0.00767254
617.226 1.04025 0.00761697
617.562 1.04538 0.00787844
617.899 1.04853 0.00836681
618.235 1.04703 0.00879162
618.572 1.03642 0.00907102
618.908 1.02461 0.00870623
619.245 1.02841 0.00836636
619.581 1.03944 0.00826365
619.918 1.06463 0.00905797
620.254 1.05736 0.0101832
620.59 1.02769 0.0101904
620.926 1.01504 0.00944288
621.262 1.02743 0.00897264
621.599 1.04123 0.00907378
621.935 1.0231 0.0088812
622.271 1.03049 0.00857902
622.606 1.02892 0.00838729
622.942 1.05017 0.00868351
623.278 1.03451 0.00886972
623.614 1.02236 0.00840306
623.95 1.03629 0.00842628
624.285 1.04129 0.00860403
624.621 1.03838 0.00905875
624.957 1.0391 0.00934375
625.292 1.05313 0.00969109
625.628 1.03641 0.00990469
625.963 1.02279 0.00990473
626.299 1.0241 0.00970699
626.634 1.02972 0.00958092
626.969 1.03658 0.00979054
627.304 1.04761 0.0106688
627.64 1.04529 0.0114309
627.975 1.01632 0.0110458
628.31 1.00631 0.0103895
628.645 1.03141 0.0102777
628.98 1.03169 0.010505
629.315 1.03741 0.0107359
629.65 1.03981 0.0108341
629.985 1.03022 0.0107537
630.319 1.04128 0.011284
630.654 1.0271 0.0113346
630.989 1.03751 0.0113361
631.323 1.04125 0.0115533
631.658 1.04717 0.0120582
631.993 1.04173 0.0125476
632.327 1.02859 0.0125158
632.662 1.0252 0.0124275
632.996 1.03095 0.0121858
633.33 1.02199 0.0119532
633.665 1.03961 0.012478
633.999 1.02432 0.0127621
634.333 1.0333 0.0128154
634.667 1.02733 0.0128226
635.001 1.01879 0.012458
635.335 1.01606 0.0119679
635.669 1.03013 0.0116033
636.003 1.0438 0.0118426
636.337 1.04845 0.0124623
636.671 1.05128 0.0131309
637.005 1.04117 0.0134226
637.339 1.02767 0.0132763
637.672 1.00749 0.0126653
638.006 1.03199 0.0124893
638.339 1.03026 0.0126607
638.673 1.03507 0.0130943
639.006 1.0355 0.0135084
639.34 1.02978 0.0134636
639.673 1.03047 0.0136603
640.007 1.02966 0.0136206
640.34 1.02733 0.0138425
640.673 1.02144 0.013908
641.006 1.03972 0.0142381
641.34 1.02182 0.0142687
641.673 1.02583 0.0146381
642.006 1.02784 0.0149049
642.339 1.02858 0.0146466
642.672 1.02382 0.0145228
643.004 1.01772 0.0145621
643.337 1.03187 0.0151354
643.67 1.01012 0.0149709
644.003 1.02237 0.0149138
644.336 1.01643 0.0148081
644.668 1.01071 0.0147399
645.001 1.02442 0.0150961
645.333 1.03667 0.0155596
645.666 1.03158 0.0158415
645.998 1.01771 0.016094
646.331 1.0294 0.0164321
646.663 1.03207 0.0162841
646.995 1.00641 0.0150998
647.327 1.00721 0.0138722
647.66 1.02166 0.0132068
647.992 1.0257 0.0130307
648.324 1.03824 0.0130617
648.656 1.03789 0.0132411
648.988 1.0488 0.0138404
649.32 1.05224 0.0148292
649.652 1.05029 0.0155105
649.983 1.0372 0.0157454
650.315 1.0338 0.0158209
650.647 1.01854 0.0153434
650.979 1.02271 0.0146735
651.31 1.01961 0.0140877
651.642 1.01935 0.0137696
651.973 1.01992 0.0137643
652.305 1.02996 0.0137794
652.636 1.04251 0.0140552
652.967 1.03253 0.0143039
653.299 1.03831 0.0146783
653.63 1.02247 0.0144012
653.961 1.00621 0.0132713
654.292 0.906146 0.00966663
654.623 0.801304 0.00329482
654.955 0.896554 0.00342117
655.286 0.896499 0.00342096
655.616 0.896443 0.00342075
655.947 0.896386 0.00342053
656.278 0.896329 0.00342031
656.609 0.981592 0.00374567
656.94 1.13084 0.00531994
657.27 1.11508 0.00619339
657.601 1.12184 0.007165
657.932 1.12306 0.00857465
658.262 1.1105 0.0103867
658.593 1.08765 0.0123306
658.923 1.05946 0.0142298
659.254 1.04238 0.0155914
659.584 1.03413 0.0164883
659.914 1.03451 0.0172693
660.244 1.02811 0.0176458
660.575 1.0155 0.0174089
660.905 1.01991 0.0174726
661.235 1.01561 0.0171918
661.565 1.02856 0.0171766
661.895 1.0177 0.0169881
662.225 1.02427 0.0173113
662.555 1.02353 0.0175453
662.884 1.0097 0.0172316
663.214 1.01182 0.0170118
663.544 1.02284 0.0169262
663.873 1.00348 0.0165168
664.203 1.01846 0.0164585
664.533 1.01756 0.0160056
664.862 1.01878 0.0159038
665.192 1.02099 0.016379
665.521 1.03224 0.017363
665.85 1.00935 0.0176795
666.18 1.02124 0.0185158
666.509 1.00605 0.0182684
666.838 0.992573 0.0177167
667.167 1.01091 0.01765
667.496 1.02539 0.0180823
667.825 1.01458 0.0180772
668.154 1.01305 0.0180335
668.483 1.03867 0.018136
668.812 1.03556 0.0177714
669.141 1.02675 0.0175191
669.47 1.02199 0.0172633
669.798 1.02677 0.0174807
670.127 1.00738 0.0173312
670.456 0.983666 0.0161574
670.784 0.996576 0.0145877
671.113 1.00531 0.0134492
671.441 1.02624 0.0129845
671.77 1.03703 0.0132693
672.098 1.03765 0.0137956
672.426 1.05159 0.0154401
672.755 1.02555 0.0162124
673.083 1.0059 0.0162833
673.411 1.01672 0.0163379
673.739 1.00969 0.0165196
674.067 1.03611 0.0176182
674.395 1.02967 0.0175613
674.723 1.02143 0.0170355
675.051 1.03841 0.016928
675.379 1.00605 0.0166484
675.706 1.03237 0.0170502
676.034 1.01619 0.0172978
676.362 0.994445 0.0171943
676.689 1.00519 0.0162382
677.017 1.01834 0.0152709
677.344 1.02143 0.0146917
677.672 1.05247 0.0151689
677.999 1.02099 0.0151222
678.327 1.02316 0.0148365
678.654 1.02311 0.0141905
678.981 1.03281 0.0138287
679.308 1.03267 0.013938
679.636 1.04614 0.0146844
679.963 1.04168 0.0153865
680.29 1.01621 0.0152385
680.617 1.0176 0.014965
680.944 1.03068 0.0148375
681.271 1.05017 0.0154086
681.597 1.05518 0.0164899
681.924 1.04158 0.0174491
682.251 1.01721 0.0171759
682.578 1.0106 0.0162203
682.904 1.01086 0.0151373
683.231 1.02498 0.0146362
683.557 1.0133 0.0142267
683.884 1.01961 0.0138639
684.21 1.02403 0.0135685
684.536 1.01457 0.0130643
684.863 1.03176 0.0129766
685.189 1.03135 0.0131929
685.515 1.05146 0.014042
685.841 1.02936 0.0143486
686.167 1.01387 0.0142544
686.493 1.03566 0.0142345
686.819 1.03799 0.0143314
687.145 1.04064 0.0149763
687.471 1.04033 0.0161028
687.797 1.0282 0.0165457
688.123 1.02051 0.0163834
688.448 1.01992 0.0158414
688.774 1.01732 0.0153457
689.1 1.0339 0.0157321
689.425 1.03319 0.0163865
689.751 1.02517 0.0165869
690.076 1.00528 0.0155105
690.402 1.02581 0.0146385
690.727 1.01614 0.0141196
691.052 1.0474 0.014711
691.377 1.02408 0.0149829
691.703 1.04577 0.0155241
692.028 1.02072 0.0153457
692.353 1.03788 0.0151471
692.678 1.0338 0.0152335
693.003 1.0608 0.0160177
693.328 1.04492 0.0170711
693.652 1.01662 0.0175986
693.977 0.999764 0.017035
694.302 1.00456 0.0161009
694.627 1.01462 0.0159551
694.951 1.02705 0.0166297
695.276 1.05685 0.0184928
695.6 1.01501 0.0184279
695.925 0.988022 0.015957
696.249 1.00388 0.0141827
696.574 1.0278 0.0136004
696.898 1.04148 0.0143138
697.222 1.03831 0.0151066
697.546 1.02829 0.0156385
697.871 1.02704 0.0159582
698.195 1.01845 0.0160078
698.519 1.02281 0.0164479
698.843 1.04982 0.0171406
699.167 1.02985 0.0176148
699.491 1.03205 0.0183052
699.814 1.01754 0.018323
700.138 1.02186 0.0184179
700.462 1.04173 0.0189036
700.786 0.999218 0.018268
701.109 1.00804 0.0178962
701.433 1.02898 0.0174549
701.756 1.01823 0.0167437
702.08 1.03383 0.0168729
702.403 1.02568 0.0171485
702.726 1.02276 0.0178508
703.05 1.0197 0.0182591
703.373 1.02069 0.018481
703.696 1.02195 0.018508
704.019 1.03392 0.0192655
704.342 1.01945 0.0198281
704.665 1.01814 0.0206334
704.988 1.0027 0.0203425
705.311 0.973324 0.0188107
705.634 0.981094 0.0169565
705.957 1.01105 0.0155901
706.28 0.997856 0.0143478
706.602 1.04043 0.0144988
706.925 1.03875 0.0147917
707.247 1.02917 0.01531
707.57 1.02701 0.0158971
707.892 1.03459 0.0165001
708.215 1.04353 0.0173811
708.537 1.01928 0.0176007
708.859 1.01392 0.0176548
709.182 1.01328 0.0174665
709.504 1.0174 0.0170413
709.826 1.028 0.0169148
710.148 1.03425 0.0170346
710.47 1.02663 0.0174541
710.792 1.02728 0.0181048
711.114 1.03065 0.0187424
711.436 1.02521 0.0191088
711.758 1.00754 0.0186368
712.079 1.01848 0.0185236
712.401 1.00647 0.0175054
712.723 1.00633 0.0168687
713.044 1.00363 0.0158713
713.366 1.01735 0.0158015
713.687 1.04333 0.0161319
714.009 1.02088 0.0163904
714.33 1.0266 0.0168048
714.652 1.02369 0.0172579
714.973 1.03552 0.0179587
715.294 1.01189 0.0186657
715.615 1.03965 0.0201298
715.936 1.00962 0.0201278
716.257 1.0148 0.0203736
716.578 1.01004 0.0204623
716.899 1.01934 0.0200982
717.22 1.01984 0.0188062
717.541 1.0078 0.0181937
717.862 1.01553 0.018202
718.182 0.997017 0.0179998
718.503 1.00762 0.017702
718.824 1.01972 0.0180616
719.144 1.0327 0.0184667
719.465 1.01769 0.0187508
719.785 1.00024 0.0182058
720.105 1.0027 0.0179888
720.426 1.01305 0.0178571
720.746 1.02428 0.0182604
721.066 1.01268 0.0181894
721.386 0.998608 0.0182476
721.706 1.0076 0.0188627
722.026 1.0147 0.0194313
722.346 1.00915 0.0195392
722.666 1.01467 0.0193363
722.986 1.03286 0.0190249
723.306 1.01014 0.0189615
723.626 1.01862 0.0194183
723.946 1.00816 0.0192798
724.265 1.00525 0.0182227
724.585 0.999362 0.0172113
724.904 1.03173 0.0173578
725.224 1.02924 0.0173832
725.543 1.03529 0.0174305
725.863 1.00708 0.0173562
726.182 1.04155 0.0183672
726.501 1.01477 0.0184151
726.82 1.02752 0.0186525
727.14 1.01587 0.0178282
727.459 1.00753 0.0172193
727.778 1.00401 0.0170871
728.097 1.02921 0.0175368
728.416 1.00409 0.0171257
728.734 1.02061 0.0167171
729.053 1.01843 0.0165355
729.372 1.02047 0.0165179
729.691 1.00072 0.0159451
730.009 1.02501 0.0153616
730.328 1.02849 0.0149349
730.647 1.04152 0.0150464
730.965 1.044 0.0155921
731.283 1.03809 0.016132
731.602 1.01891 0.0161684
731.92 1.01795 0.0158735
732.238 1.0061 0.0154008
732.557 1.03202 0.015455
732.875 1.01582 0.0149616
733.193 1.01247 0.0140462
733.511 1.03834 0.0138994
733.829 1.04256 0.0143453
734.147 1.05736 0.015397
734.465 1.03972 0.0159625
734.782 1.03618 0.0159208
735.1 1.01756 0.0153352
735.418 1.02858 0.0154053
735.735 1.04429 0.0155693
736.053 1.02108 0.0152247
736.371 1.03812 0.0155098
736.688 1.02805 0.0159968
737.005 1.0407 0.0170754
737.323 1.02357 0.0175819
737.64 1.02384 0.0176043
737.957 1.01144 0.0165892
738.274 1.00166 0.0151523
738.592 1.03578 0.0150332
738.909 1.03082 0.0153749
739.226 1.04733 0.0168796
739.543 1.03424 0.0180806
739.86 1.04893 0.0192672
740.176 1.04772 0.0197561
740.493 1.02595 0.02014
740.81 0.998721 0.0199336
741.127 0.991604 0.0196527
741.443 0.999262 0.0186931
741.76 1.0102 0.0181723
742.076 1.02333 0.0184519
742.393 1.02745 0.0194808
742.709 1.03972 0.0206815
743.025 1.01709 0.020832
743.342 0.994197 0.0204071
743.658 0.998391 0.0200565
743.974 1.00373 0.0195539
744.29 1.0041 0.0195375
744.606 1.00672 0.0197721
744.922 0.982699 0.0195698
745.238 1.01702 0.0199691
745.554 0.997114 0.0202511
745.87 1.00477 0.0205428
746.186 0.991283 0.0195638
746.501 1.01065 0.0190273
746.817 1.01218 0.0193449
747.132 1.03285 0.0209756
747.448 1.00288 0.0214811
747.763 0.990967 0.0210342
748.079 0.981942 0.0200668
748.394 1.0176 0.0190434
748.71 1.0062 0.0176295
749.025 1.00856 0.0166177
749.34 1.02303 0.0165189
749.655 1.04279 0.0170425
749.97 1.04573 0.0176809
750.285 1.02858 0.0175895
750.6 1.02082 0.0171485
750.915 1.00986 0.0166323
751.23 1.04073 0.0172171
751.545 1.05575 0.0180534
751.859 1.03445 0.0185435
752.174 1.02414 0.0186664
752.489 1.01627 0.0176584
752.803 1.02254 0.0166495
753.118 1.02728 0.0165628
753.432 1.04028 0.0172264
753.747 1.03906 0.0178544
754.061 1.00662 0.016978
754.375 1.00087 0.0162209
754.689 1.01754 0.0158464
755.004 1.03789 0.0159782
755.318 1.02002 0.0154948
755.632 1.01921 0.0147332
755.946 1.03205 0.0145577
756.26 1.00849 0.0137473
756.573 1.03247 0.0133086
756.887 1.03065 0.012892
757.201 1.03997 0.0132251
757.515 1.06695 0.0146735
757.828 1.05819 0.0156723
758.142 1.02374 0.015364
758.455 1.01137 0.0141821
758.769 1.04216 0.0136335
759.082 1.02825 0.0131739
759.396 1.02763 0.012972
759.709 1.0381 0.0129368
760.022 1.04382 0.0130869
760.335 1.06389 0.0139065
760.648 1.06049 0.0149228
760.962 1.05933 0.0160089
761.275 1.04296 0.0166717
761.587 1.0357 0.0168298
761.9 1.03706 0.0168835
762.213 1.03213 0.0162932
762.526 1.03623 0.0157366
762.839 1.01868 0.0155404
763.151 1.02589 0.0151449
763.464 1.01935 0.0142786
763.776 1.02818 0.0133203
764.089 1.03921 0.0131088
764.401 1.03981 0.0135784
764.714 1.04138 0.0143878
765.026 1.05682 0.0154704
765.338 1.04742 0.0163991
765.65 1.05029 0.0176749
765.962 1.01734 0.018204
766.275 1.0136 0.0188206
766.587 0.999228 0.0187484
766.898 0.997105 0.0181274
767.21 1.00935 0.0171603
767.522 1.01324 0.0159525
767.834 1.02377 0.0154478
768.146 1.01731 0.0155102
768.457 1.05936 0.0167947
768.769 1.04328 0.0175541
769.08 1.02225 0.0174548
769.392 1.02169 0.0168191
769.703 1.02143 0.0159467
770.015 1.03019 0.0154039
770.326 1.03943 0.0155029
770.637 1.04254 0.0160875
770.948 1.04373 0.0172719
771.26 1.03158 0.0182498
771.571 1.02829 0.0184203
771.882 1.01496 0.0178558
772.193 1.04545 0.0183057
772.504 1.02909 0.0186164
772.814 1.01327 0.0188412
773.125 1.03317 0.0194192
773.436 1.02396 0.0198878
773.747 1.01478 0.0202441
774.057 0.995909 0.020484
774.368 1.0258 0.0211161
774.678 1.02044 0.0216099
774.989 0.989485 0.0216136
775.299 1.017 0.0226495
775.609 0.978961 0.0219741
775.919 1.01027 0.0221397
776.23 1.01515 0.0222198
776.54 0.984221 0.0216935
776.85 0.988073 0.0219644
777.16 0.988044 0.0213116
777.47 1.003 0.0203567
777.78 1.01882 0.0196124
778.089 1.00596 0.0185087
778.399 0.993623 0.0182783
778.709 1.03798 0.0195438
779.019 1.04376 0.0208855
779.328 1.01458 0.0217055
779.638 0.980284 0.0210534
779.947 0.981033 0.0191993
780.257 0.999742 0.0176804
780.566 1.0188 0.0171801
780.875 1.0162 0.0175503
781.185 1.03633 0.0188473
781.494 1.01221 0.0189344
781.803 1.02863 0.0195974
782.112 1.01206 0.0197234
782.421 1.03337 0.0196682
782.73 0.99997 0.0188382
783.039 1.03061 0.0193673
783.348 1.04698 0.0210785
783.656 1.00438 0.0217795
783.965 1.00137 0.0220729
784.274 1.0008 0.0212283
784.582 1.00361 0.0205978
784.891 1.01675 0.02061
785.199 1.01173 0.0208705
785.508 1.00467 0.0213703
785.816 1.0282 0.0220123
786.124 0.998052 0.0212084
786.432 1.01561 0.0203436
786.741 1.01545 0.0195645
787.049 1.03906 0.0196737
787.357 1.03157 0.0199027
787.665 1.01929 0.0196647
787.973 1.04366 0.0200793
788.281 1.0181 0.0202448
788.588 1.00406 0.0211751
788.896 0.996935 0.0224121
789.204 1.02495 0.0236482
789.511 1.01616 0.0236102
789.819 1.02533 0.0241488
790.126 1.00684 0.0239401
790.434 1.01621 0.0240457
790.741 1.03096 0.0241584
791.049 0.990373 0.0236532
791.356 1.00883 0.0246473
791.663 0.972168 0.0246319
791.97 1.0158 0.025244
792.277 0.968957 0.0241971
792.584 0.98351 0.0230926
792.891 0.973078 0.0203163
793.198 0.991738 0.0190387
793.505 1.02277 0.018956
793.812 1.0129 0.0193978
794.119 1.01825 0.0198961
794.425 1.0148 0.0204523
794.732 1.02255 0.0214662
795.038 1.04317 0.0239534
795.345 0.97531 0.0249067
795.651 0.985454 0.0263782
795.958 0.988668 0.0264748
796.264 0.943346 0.0241323
796.57 0.994009 0.0238656
796.876 1.01971 0.0239646
797.183 1.00532 0.0242348
797.489 0.976723 0.0248681
797.795 0.984185 0.0251863
798.101 0.993188 0.0251893
798.406 0.995283 0.0253498
798.712 1.00402 0.0262129
799.018 0.991953 0.026462
799.324 0.963559 0.0261489
799.629 0.961233 0.0262352
799.935 0.962701 0.0264499
800.24 0.992272 0.0273639
800.546 0.992105 0.0273709
800.851 0.956945 0.0271262
801.157 0.964805 0.0284042
801.462 0.949582 0.0284525
801.767 0.9383 0.0284176
802.072 0.98045 0.0279219
802.377 0.994468 0.0270605
802.682 0.974277 0.0263529
802.987 1.00445 0.0275009
803.292 0.964456 0.0276369
803.597 0.939303 0.0275063
803.902 0.970381 0.0278873
804.207 0.95294 0.0274626
804.511 0.948526 0.026979
804.816 0.926893 0.0250584
805.12 0.961615 0.0238482
805.425 0.971611 0.0225786
805.729 1.00055 0.0230919
806.034 1.00549 0.0240448
806.338 1.012 0.0254973
806.642 0.994285 0.0259167
806.946 0.961667 0.0252303
807.251 1.00905 0.0260819
807.555 0.991806 0.0254467
807.859 0.983635 0.0251492
808.162 1.00841 0.026203
808.466 0.994024 0.0269008
808.77 0.976177 0.0273645
809.074 1.007 0.0287437
809.378 0.98323 0.0284519
809.681 0.936153 0.0275438
809.985 0.999839 0.0289257
810.288 0.991977 0.0291331
810.592 0.972413 0.0286281
810.895 0.939147 0.0288024
811.198 0.984455 0.030793
811.502 0.956321 0.0307911
811.805 0.940825 0.0313797
812.108 0.933982 0.0298418
812.411 0.960121 0.0293603
812.714 0.962149 0.0273852
813.017 0.98173 0.0261788
813.32 0.992458 0.0262824
813.623 0.980595 0.0269501
813.926 0.974721 0.0288156
814.228 0.974295 0.0303499
814.531 0.962872 0.0311389
814.833 0.878497 0.0295147
815.136 0.908752 0.0302011
815.438 0.93742 0.0310237
815.741 0.903056 0.0291872
816.043 0.92713 0.029214
816.345 0.962264 0.0295623
816.648 0.962942 0.0298136
816.95 0.951995 0.0300987
817.252 0.934969 0.0304984
817.554 0.917278 0.030273
817.856 0.953938 0.0315314
818.158 0.91074 0.0310768
818.46 0.940838 0.0323871
818.761 0.932122 0.0321192
819.063 0.932316 0.031565
819.365 0.922342 0.0304682
819.666 0.951925 0.0294052
819.968 0.95157 0.0284298
820.269 0.967335 0.0283546
820.571 0.96926 0.0291269
820.872 0.928235 0.0295817
821.173 0.955192 0.0312003
821.475 0.933694 0.0320341
821.776 0.963034 0.0323651
822.077 0.909669 0.0312723
822.378 0.921792 0.0316997
822.679 0.943316 0.0325925
822.98 0.887477 0.0313196
823.281 0.964284 0.0337055
823.581 0.887847 0.0320158
823.882 0.935146 0.033278
824.183 0.944126 0.0330981
824.483 0.918403 0.0314834
824.784 0.877827 0.0295157
825.084 0.967013 0.0315341
825.385 0.944312 0.0315703
825.685 1.00494 0.0332684
825.985 0.914815 0.0314702
826.286 0.907394 0.0309119
826.586 0.916133 0.0304511
826.886 0.93358 0.0307968
827.186 0.941129 0.031375
827.486 0.98555 0.0331854
827.786 0.958275 0.0332216
828.086 0.903407 0.0319323
828.386 0.94297 0.0321977
828.685 0.926733 0.0317427
828.985 0.944202 0.0329979
829.285 0.923272 0.0328554
829.584 0.911045 0.0331644
829.884 0.86971 0.0328974
830.183 0.960803 0.0363797
830.482 0.917066 0.0351542
830.782 0.863325 0.0342536
831.081 0.908778 0.0364739
831.38 0.84242 0.0339815
831.679 0.866144 0.0345349
831.978 0.936154 0.0359607
832.277 0.895092 0.03403
832.576 0.917746 0.0338098
832.875 0.893763 0.0333447
833.174 0.844007 0.0322
833.472 0.884337 0.0332097
833.771 0.953861 0.0349597
834.07 0.916317 0.0334505
834.368 0.884333 0.0331831
834.667 0.925727 0.0348474
834.965 0.924677 0.0353505
835.263 0.904161 0.0350032
835.562 0.914582 0.0352203
835.86 0.878182 0.0341938
836.158 0.803789 0.0330856
836.456 0.884895 0.0356292
836.754 0.839539 0.034607
837.052 0.898866 0.036946
837.35 0.844909 0.0351253
837.648 0.887003 0.036467
837.946 0.86502 0.0363191
838.243 0.876332 0.0365663
838.541 0.828839 0.0346274
838.839 0.874841 0.0356275
839.136 0.927625 0.0366093
839.434 0.917594 0.0361895
839.731 0.888799 0.0365758
840.028 0.893718 0.0358366
840.326 0.936352 0.0371425
840.623 0.858833 0.0355394
840.92 0.868655 0.0360861
841.217 0.832313 0.0363147
841.514 0.904785 0.0380744
841.811 0.849438 0.0356737
842.108 0.881665 0.0374125
842.405 0.886643 0.037798
842.701 0.89438 0.0381375
842.998 0.825005 0.0355009
843.295 0.900362 0.0378976
843.591 0.865691 0.037242
843.888 0.81517 0.0357211
844.184 0.8426 0.0365275
844.481 0.822142 0.0354896
844.777 0.866168 0.0366059
845.073 0.831644 0.0361393
845.369 0.884751 0.0376493
845.665 0.915949 0.0388672
845.962 0.862382 0.0369736
846.258 0.857333 0.0375792
846.553 0.858418 0.0376575
846.849 0.859972 0.0377566
847.145 0.872297 0.0367904
847.441 0.881463 0.0372051
847.737 0.87522 0.0367658
848.032 0.889441 0.0377713
848.328 0.877435 0.037688
848.623 0.899145 0.0386608
848.919 0.860875 0.0369863
849.214 0.840025 0.0361188
849.509 0.832608 0.0364954
849.805 0.849358 0.0376002
850.1 0.934145 0.040314
850.395 0.89563 0.0393434
850.69 0.901163 0.0397393
850.985 0.873015 0.0377258
851.28 0.80847 0.0361537
851.575 0.88237 0.0382311
851.869 0.889416 0.0382524
852.164 0.912431 0.038167
852.459 0.894303 0.0367494
852.753 0.939031 0.0371333
853.048 0.863549 0.033762
853.342 0.877769 0.0338026
853.637 0.959193 0.0359705
853.931 0.932755 0.0350908
854.225 0.889776 0.0341221
854.52 0.954125 0.0366511
854.814 0.920764 0.0361242
855.108 0.842083 0.0334255
855.402 0.844346 0.0340828
855.696 0.909464 0.0363852
855.99 0.921149 0.0372088
856.283 0.858763 0.0351383
856.577 0.938962 0.0375826
856.871 0.836943 0.0352017
857.164 0.882675 0.0365438
857.458 0.994912 0.0400865
857.751 0.918731 0.0378531
858.045 0.873712 0.0364661
858.338 0.925211 0.0381385
858.632 0.789751 0.0344295
858.925 0.871171 0.0371098
859.218 0.850883 0.0365189
859.511 0.871984 0.0385163
859.804 0.900033 0.0387395
860.097 0.854324 0.0367431
860.39 0.889997 0.0386029
860.683 0.887655 0.0383889
860.976 0.872277 0.0383597
861.268 0.861758 0.0375384
861.561 0.930009 0.0401142
861.854 0.937334 0.0414717
862.146 0.895164 0.0390887
862.439 0.845757 0.037789
862.731 0.804395 0.035951
863.023 0.893297 0.0391128
863.316 0.854797 0.0375703
863.608 0.893559 0.0386135
863.9 0.859644 0.0378977
864.192 0.873076 0.0372868
864.484 0.890257 0.0385526
864.776 0.903234 0.0391771
865.068 0.856391 0.0379116
865.36 0.866611 0.0380374
865.651 0.870832 0.0391315
865.943 0.861517 0.0382022
866.235 0.892604 0.0390825
866.526 0.919875 0.0407443
866.818 0.88836 0.0386972
867.109 0.882697 0.0383372
867.4 0.873325 0.0388671
867.692 0.872485 0.0390606
867.983 0.872208 0.0386763
868.274 0.910192 0.040005
868.565 0.883708 0.0389159
868.856 0.886454 0.0392313
869.147 0.865493 0.0386597
869.438 0.847181 0.0381455
869.729 0.866721 0.0388137
870.02 0.938555 0.0419827
870.31 0.873921 0.0392477
870.601 0.792072 0.0368262
870.892 0.815877 0.0369918
871.182 0.863739 0.0379011
871.473 0.885939 0.0392197
871.763 0.845848 0.0374031
872.053 0.868772 0.0383531
872.343 0.89386 0.0388429
872.634 0.851842 0.0383002
872.924 0.864311 0.0378128
873.214 0.869747 0.0387078
873.504 0.88172 0.0394965
873.794 0.962702 0.0423016
874.084 0.901582 0.0408186
874.373 0.863256 0.0389364
874.663 0.812876 0.0368884
874.953 0.909446 0.040316
875.242 0.85254 0.0385087
875.532 0.830341 0.0376918
875.821 0.814642 0.0375658
876.111 0.871397 0.0387051
876.4 0.871831 0.0391989
876.689 0.854368 0.0385465
876.978 0.885612 0.0392595
877.268 0.874876 0.0390901
877.557 0.921543 0.040582
877.846 0.863529 0.0391523
878.134 0.92336 0.0408534
878.423 0.92353 0.040861
878.712 0.9237 0.0408685
