178.41 0.652265 0.124928
178.791 0.656395 0.125719
179.172 0.660495 0.126505
179.553 0.206423 0.206423
179.934 0.509941 0.509941
180.316 0.79054 0.79054
180.697 0.445752 0.445752
181.078 0.860597 0.860597
181.459 0.351859 0.351859
181.84 0.575858 0.575858
182.221 1.47059 1.47059
182.602 -0.128319 -0.0530989
182.983 2.01753 0.643166
183.364 0.849536 0.163554
183.744 0.410316 0.0717648
184.125 0.527119 0.070559
184.506 0.4388 0.0527375
184.887 0.416519 0.0458184
185.268 0.584656 0.0467336
185.648 0.559843 0.0442691
186.029 0.528416 0.0410229
186.41 0.609577 0.0429088
186.791 0.651182 0.042621
187.171 0.524635 0.032722
187.552 0.470261 0.0252054
187.932 0.509872 0.0267242
188.313 0.456921 0.0236284
188.694 0.46404 0.0237982
189.074 0.444869 0.0224653
189.455 0.439716 0.021715
189.835 0.477448 0.0232664
190.216 0.481006 0.0227376
190.596 0.487468 0.0219059
190.977 0.464526 0.0212181
191.357 0.477792 0.0215825
191.737 0.474018 0.0212285
192.118 0.482994 0.0213234
192.498 0.460261 0.0201698
192.878 0.447769 0.0200473
193.258 0.467599 0.0201329
193.639 0.452724 0.0195644
194.019 0.446826 0.0196078
194.399 0.462168 0.0197695
194.779 0.415485 0.0179933
195.159 0.452312 0.0193179
195.54 0.414168 0.0179315
195.92 0.428132 0.0182852
196.3 0.40915 0.0176163
196.68 0.421503 0.0179695
197.06 0.411764 0.0176547
197.44 0.408108 0.0174075
197.82 0.400896 0.0171175
198.2 0.401142 0.0171147
198.58 0.394172 0.0165176
198.959 0.376134 0.0161061
199.339 0.382759 0.0163178
199.719 0.360077 0.0155237
200.099 0.371722 0.0158107
200.479 0.363363 0.0155876
200.858 0.355858 0.0151984
201.238 0.362474 0.0150994
201.618 0.36373 0.0152953
201.998 0.340098 0.014436
202.377 0.321324 0.0140316
202.757 0.326979 0.0139686
203.136 0.327928 0.0138981
203.516 0.322121 0.0135694
203.896 0.314866 0.0132505
204.275 0.301197 0.012704
204.655 0.313928 0.0129943
205.034 0.296167 0.012473
205.414 0.29054 0.0121993
205.793 0.28607 0.0119966
206.172 0.293163 0.0121554
206.552 0.268203 0.0114282
206.931 0.270351 0.011298
207.31 0.276469 0.0113021
207.69 0.274902 0.01118
208.069 0.26065 0.0107422
208.448 0.254981 0.0104909
208.827 0.247224 0.0102707
209.207 0.248577 0.0102719
209.586 0.242471 0.00987952
209.965 0.246036 0.00992042
210.344 0.241114 0.00967744
210.723 0.224813 0.0092298
211.102 0.216378 0.00889834
211.481 0.220049 0.00892615
211.86 0.218104 0.00879815
212.239 0.225828 0.00886215
212.618 0.221832 0.0086564
212.997 0.209287 0.00827091
213.376 0.207979 0.00821556
213.755 0.205304 0.00804793
214.134 0.194825 0.00773366
214.513 0.197486 0.00766025
214.891 0.198426 0.00762719
215.27 0.194546 0.00741028
215.649 0.199606 0.00744429
216.028 0.192696 0.007188
216.406 0.184619 0.00696243
216.785 0.184407 0.00684521
217.164 0.182564 0.00674273
217.542 0.174989 0.00646296
217.921 0.17514 0.00638298
218.3 0.172271 0.00630806
218.678 0.179287 0.00633401
219.057 0.168081 0.00602366
219.435 0.169801 0.00595491
219.814 0.16626 0.00584907
220.192 0.166512 0.00575915
220.57 0.172953 0.00580067
220.949 0.158705 0.00546336
221.327 0.163839 0.00545873
221.705 0.159546 0.00533159
222.084 0.157364 0.00518013
222.462 0.157721 0.00512421
222.84 0.160848 0.00513204
223.218 0.153114 0.00488247
223.597 0.152056 0.00481641
223.975 0.148163 0.00466876
224.353 0.154893 0.00472118
224.731 0.149197 0.00455889
225.109 0.150867 0.00449174
225.487 0.146426 0.00436223
225.865 0.148251 0.0043222
226.243 0.152998 0.00433512
226.621 0.149095 0.00422311
226.999 0.14582 0.0040909
227.377 0.151464 0.00412884
227.755 0.153344 0.00410019
228.133 0.149654 0.00399911
228.511 0.147953 0.003929
228.889 0.147858 0.00385263
229.266 0.147766 0.00381488
229.644 0.147696 0.00373889
230.022 0.150931 0.00373069
230.4 0.151005 0.00369644
230.777 0.150944 0.00366052
231.155 0.151942 0.00362486
231.533 0.150599 0.00355771
231.91 0.148645 0.00348671
232.288 0.148412 0.00345096
232.665 0.149577 0.00341989
233.043 0.152186 0.00341702
233.42 0.15059 0.00335311
233.798 0.153892 0.00336488
234.175 0.153131 0.00331283
234.553 0.154537 0.00329257
234.93 0.154581 0.00326006
235.307 0.155664 0.00324496
235.685 0.154312 0.00320446
236.062 0.152417 0.00314751
236.439 0.155184 0.00316025
236.816 0.156807 0.00313788
237.194 0.156778 0.00310438
237.571 0.15516 0.00306142
237.948 0.157381 0.00306696
238.325 0.158119 0.00304012
238.702 0.15974 0.00303762
239.079 0.157894 0.00299006
239.456 0.159724 0.00298724
239.833 0.160156 0.00297199
240.21 0.159634 0.00293973
240.587 0.16275 0.00295454
240.964 0.161392 0.00291819
241.341 0.162997 0.00290788
241.718 0.164927 0.00289736
242.095 0.163117 0.00288056
242.472 0.162979 0.00285651
242.849 0.163022 0.00283556
243.225 0.163357 0.00281373
243.602 0.163169 0.00279795
243.979 0.164345 0.00279831
244.356 0.166865 0.00280811
244.732 0.165817 0.00277077
245.109 0.165877 0.00275187
245.486 0.167088 0.00275805
245.862 0.170271 0.00277045
246.239 0.165581 0.00270418
246.615 0.168711 0.00272467
246.992 0.166849 0.00268975
247.368 0.168589 0.00270371
247.745 0.169515 0.00268828
248.121 0.169047 0.00266626
248.497 0.169989 0.00266936
248.874 0.168451 0.00264117
249.25 0.167074 0.0026072
249.626 0.169846 0.00262439
250.003 0.170404 0.00261327
250.379 0.1695 0.00258095
250.755 0.170602 0.00259157
251.131 0.168802 0.00255977
251.507 0.17017 0.0025667
251.884 0.171701 0.00256052
252.26 0.171274 0.00255798
252.636 0.167857 0.00250928
253.012 0.170967 0.00252319
253.388 0.171772 0.00252151
253.764 0.171702 0.00251068
254.14 0.171642 0.00250427
254.516 0.171429 0.0024993
254.892 0.170154 0.0024774
255.268 0.171698 0.00248597
255.643 0.171936 0.00247725
256.019 0.172055 0.00247627
256.395 0.174308 0.00248723
256.771 0.171673 0.00245036
257.147 0.171853 0.00244886
257.522 0.169873 0.00243085
257.898 0.173293 0.00245116
258.274 0.171945 0.00243529
258.649 0.173736 0.00244645
259.025 0.171295 0.00241586
259.4 0.170516 0.00240906
259.776 0.172073 0.00241256
260.151 0.174663 0.00243881
260.527 0.172441 0.00241246
260.902 0.173112 0.00241057
261.278 0.172533 0.00240145
261.653 0.173292 0.00240666
262.028 0.17316 0.00240806
262.404 0.173163 0.00239704
262.779 0.172174 0.0023842
263.154 0.173677 0.00239036
263.53 0.173744 0.0023843
263.905 0.171533 0.00237368
264.28 0.172162 0.0023768
264.655 0.171502 0.00236534
265.03 0.173719 0.00238792
265.405 0.172947 0.00237467
265.781 0.173584 0.00238187
266.156 0.172821 0.00237408
266.531 0.170708 0.00234707
266.906 0.175255 0.00239126
267.281 0.173551 0.00236783
267.655 0.172506 0.00236951
268.03 0.172132 0.00236826
268.405 0.171119 0.00235814
268.78 0.173896 0.00237714
269.155 0.17137 0.00235456
269.53 0.172241 0.00236869
269.904 0.172494 0.00236775
270.279 0.173087 0.00237332
270.654 0.172692 0.00236387
271.029 0.172289 0.00236559
271.403 0.170316 0.00234535
271.778 0.171624 0.00236103
272.152 0.170812 0.00235768
272.527 0.171571 0.00236084
272.901 0.171943 0.00235415
273.276 0.170483 0.00233879
273.65 0.169988 0.00234273
274.025 0.169989 0.00233665
274.399 0.170072 0.00234842
274.774 0.170166 0.00234364
275.148 0.169459 0.00233137
275.522 0.170988 0.00234813
275.897 0.170097 0.00234074
276.271 0.169265 0.00233734
276.645 0.169049 0.00232908
277.019 0.170051 0.00232964
277.393 0.169304 0.00231824
277.768 0.167435 0.00231632
278.142 0.16733 0.00231327
278.516 0.166565 0.00231205
278.89 0.165892 0.00230282
279.264 0.166235 0.0023126
279.638 0.165304 0.00229495
280.012 0.165911 0.00230321
280.386 0.167297 0.0023249
280.76 0.166816 0.00231273
281.133 0.166499 0.00231477
281.507 0.165046 0.0023028
281.881 0.165113 0.002298
282.255 0.166331 0.00230969
282.629 0.165625 0.00231147
283.002 0.164265 0.00230321
283.376 0.163196 0.00228941
283.75 0.162756 0.00229409
284.123 0.162654 0.00228537
284.497 0.162532 0.00228867
284.87 0.162544 0.0022911
285.244 0.161472 0.00227933
285.618 0.162667 0.00229362
285.991 0.162375 0.00230124
286.364 0.161118 0.00229146
286.738 0.16015 0.00228415
287.111 0.161387 0.00229392
287.485 0.159408 0.0022811
287.858 0.159798 0.00229242
288.231 0.158701 0.00228053
288.605 0.158839 0.00228777
288.978 0.158083 0.00227746
289.351 0.156945 0.00228105
289.724 0.157441 0.00228457
290.097 0.158068 0.00229184
290.47 0.156826 0.0022902
290.843 0.15686 0.00228964
291.217 0.154854 0.00227541
291.59 0.154471 0.00228834
291.963 0.15518 0.00228853
292.336 0.154089 0.00228775
292.708 0.153161 0.0022852
293.081 0.154816 0.00230808
293.454 0.153353 0.00228703
293.827 0.151242 0.00227799
294.2 0.152077 0.00229916
294.573 0.149048 0.00226889
294.945 0.15072 0.00229506
295.318 0.150198 0.0022902
295.691 0.149955 0.00229392
296.064 0.150134 0.0022995
296.436 0.147917 0.00228085
296.809 0.147426 0.00227094
297.181 0.147598 0.00228445
297.554 0.146092 0.00227625
297.926 0.146843 0.0022839
298.299 0.143909 0.00226338
298.671 0.145916 0.00226919
299.044 0.14554 0.00227868
299.416 0.146814 0.0022921
299.788 0.145547 0.00227864
300.161 0.143253 0.00227055
300.533 0.144118 0.00227422
300.905 0.143805 0.0022631
301.278 0.143121 0.00226246
301.65 0.143602 0.00226372
302.022 0.143821 0.00227039
302.394 0.143117 0.00226847
302.766 0.141547 0.00225282
303.138 0.143024 0.00227344
303.51 0.141764 0.00225751
303.882 0.141603 0.0022534
304.254 0.142501 0.00226497
304.626 0.145234 0.00227972
304.998 0.143161 0.00226272
305.37 0.144325 0.00228459
305.742 0.144111 0.00227434
306.114 0.145211 0.00228202
306.485 0.148044 0.00230469
306.857 0.148094 0.00230344
307.229 0.149961 0.00232601
307.601 0.151721 0.00233898
307.972 0.152722 0.00234427
308.344 0.152689 0.00234107
308.716 0.155339 0.00237104
309.087 0.158096 0.00238898
309.459 0.158224 0.00239358
309.83 0.163314 0.00243209
310.202 0.164115 0.00243408
310.573 0.164706 0.00243989
310.945 0.165983 0.00244763
311.316 0.166565 0.00246365
311.687 0.168898 0.00247089
312.059 0.170849 0.00249384
312.43 0.170521 0.00248692
312.801 0.173169 0.00251499
313.172 0.172134 0.00250901
313.544 0.172607 0.00251505
313.915 0.170216 0.00248169
314.286 0.169647 0.00248829
314.657 0.169072 0.00247857
315.028 0.168059 0.00247636
315.399 0.169801 0.00248833
315.77 0.170515 0.00249003
316.141 0.173237 0.00252027
316.512 0.174279 0.00252746
316.883 0.178609 0.00256384
317.254 0.184334 0.00260198
317.625 0.185796 0.00262837
317.996 0.190941 0.00264992
318.366 0.197852 0.00270415
318.737 0.20303 0.00273655
319.108 0.210345 0.00279503
319.478 0.212935 0.00281312
319.849 0.217112 0.00283923
320.22 0.22126 0.00286904
320.59 0.225094 0.00289214
320.961 0.228809 0.00292092
321.331 0.230833 0.00293419
321.702 0.229668 0.00294161
322.072 0.232965 0.00297161
322.443 0.233881 0.00297154
322.813 0.234685 0.00297112
323.184 0.235553 0.00298496
323.554 0.237072 0.00300408
323.924 0.233749 0.00298142
324.295 0.237384 0.00301908
324.665 0.236061 0.00301285
325.035 0.236205 0.00300983
325.405 0.235943 0.00302053
325.775 0.236248 0.00303718
326.145 0.231086 0.00300094
326.515 0.231442 0.00300879
326.886 0.228723 0.00300619
327.256 0.225614 0.00298853
327.626 0.221994 0.00298279
327.995 0.217197 0.00295767
328.365 0.210807 0.00291791
328.735 0.205216 0.00289342
329.105 0.204146 0.00291713
329.475 0.203184 0.00293311
329.845 0.208063 0.00301104
330.215 0.208943 0.00300608
330.584 0.207495 0.00296678
330.954 0.200666 0.0028486
331.324 0.188144 0.00268064
331.693 0.177942 0.00256221
332.063 0.170018 0.00247753
332.432 0.164262 0.00242268
332.802 0.15773 0.0023935
333.171 0.157477 0.00242297
333.541 0.15453 0.00244497
333.91 0.152851 0.002444
334.28 0.152387 0.00245427
334.649 0.153077 0.00246695
335.018 0.150927 0.00245791
335.388 0.151234 0.00246836
335.757 0.149832 0.00245723
336.126 0.150711 0.00247329
336.495 0.153398 0.0024868
336.865 0.155035 0.00251039
337.234 0.159037 0.00255696
337.603 0.162376 0.0025784
337.972 0.166869 0.00261985
338.341 0.172491 0.00265925
338.71 0.178415 0.00270269
339.079 0.184415 0.00275773
339.448 0.192962 0.00281645
339.817 0.200917 0.00288103
340.186 0.211721 0.00295935
340.554 0.21699 0.00299202
340.923 0.22866 0.00307785
341.292 0.234825 0.003122
341.661 0.247271 0.00320768
342.029 0.256178 0.0032593
342.398 0.265261 0.00332102
342.767 0.273493 0.00338513
343.135 0.286021 0.0034592
343.504 0.294549 0.00352134
343.872 0.303049 0.0035585
344.241 0.315574 0.00363979
344.609 0.324611 0.00370621
344.978 0.329952 0.00373279
345.346 0.33991 0.00377446
345.715 0.347532 0.0038313
346.083 0.353406 0.00387215
346.451 0.363399 0.00392028
346.82 0.370723 0.00397286
347.188 0.377766 0.00400284
347.556 0.38332 0.00405296
347.924 0.395517 0.00411195
348.292 0.39598 0.00412371
348.66 0.404 0.00416159
349.028 0.409862 0.00419694
349.396 0.417755 0.00425386
349.764 0.421765 0.00426885
350.132 0.427023 0.00429316
350.5 0.430381 0.00431705
350.868 0.436137 0.00435371
351.236 0.441078 0.00437482
351.604 0.447841 0.00442536
351.972 0.456261 0.00447183
352.34 0.452396 0.00445933
352.707 0.462477 0.00451072
353.075 0.462464 0.00451184
353.443 0.466637 0.00454249
353.81 0.469933 0.00456983
354.178 0.476195 0.00460277
354.545 0.478888 0.00460445
354.913 0.486137 0.0046589
355.28 0.486952 0.00466344
355.648 0.492645 0.0046807
356.015 0.491901 0.00468536
356.383 0.493605 0.00468811
356.75 0.496943 0.00471593
357.117 0.498574 0.00472628
357.485 0.503623 0.00475348
357.852 0.512703 0.00482927
358.219 0.509408 0.00478983
358.586 0.510219 0.00479283
358.954 0.512399 0.00482326
359.321 0.514289 0.00482046
359.688 0.519931 0.00487069
360.055 0.526185 0.00489292
360.422 0.524511 0.00489222
360.789 0.527353 0.00491391
361.156 0.525809 0.00490238
361.523 0.529469 0.00493933
361.89 0.532736 0.00494854
362.256 0.532739 0.00492876
362.623 0.539673 0.00501013
362.99 0.538283 0.00497972
363.357 0.539093 0.00500382
363.724 0.541416 0.00501675
364.09 0.541075 0.00500507
364.457 0.546737 0.00506875
364.823 0.546634 0.00503571
365.19 0.545379 0.00503742
365.557 0.549011 0.00504631
365.923 0.549823 0.00506678
366.29 0.54978 0.00508251
366.656 0.551911 0.0050714
367.022 0.555325 0.00508071
367.389 0.553519 0.00509516
367.755 0.559555 0.00514724
368.121 0.554736 0.00512296
368.488 0.560012 0.00514031
368.854 0.562974 0.00517345
369.22 0.56531 0.0052086
369.586 0.567663 0.0052372
369.952 0.567534 0.005248
370.318 0.568145 0.00525331
370.684 0.568361 0.00526963
371.051 0.571198 0.00528422
371.416 0.574762 0.00533344
371.782 0.572363 0.00530638
372.148 0.572571 0.00531827
372.514 0.576189 0.00534652
372.88 0.577407 0.00536788
373.246 0.574959 0.00535156
373.612 0.58064 0.00537542
373.977 0.57712 0.005347
374.343 0.578758 0.00533766
374.709 0.581732 0.00533399
375.074 0.579202 0.00533832
375.44 0.583523 0.00538115
375.806 0.586899 0.00542648
376.171 0.583077 0.00538143
376.537 0.585759 0.00538887
376.902 0.587911 0.00540826
377.268 0.590137 0.00539624
377.633 0.587317 0.00537346
377.998 0.589429 0.00536251
378.364 0.591736 0.00534976
378.729 0.59165 0.00535837
379.094 0.600962 0.00542401
379.459 0.600413 0.00549416
379.825 0.592561 0.00543392
380.19 0.597228 0.00546374
380.555 0.594108 0.00548774
380.92 0.604094 0.00560282
381.285 0.599033 0.00556875
381.65 0.595575 0.00550944
382.015 0.599245 0.00553453
382.38 0.602138 0.00556943
382.745 0.599858 0.00559296
383.11 0.602999 0.00562274
383.474 0.603298 0.00560753
383.839 0.603236 0.00561735
384.204 0.608376 0.00565944
384.569 0.602929 0.00564094
384.933 0.606444 0.00567383
385.298 0.606771 0.0056842
385.663 0.60784 0.00567307
386.027 0.604113 0.00564395
386.392 0.604912 0.00562358
386.756 0.603991 0.00559105
387.121 0.604168 0.00559026
387.485 0.606504 0.00558384
387.849 0.609744 0.00557253
388.214 0.611351 0.00564178
388.578 0.615202 0.00568799
388.942 0.609801 0.00569181
389.307 0.612423 0.00569883
389.671 0.614033 0.00572733
390.035 0.610957 0.00568694
390.399 0.60988 0.00566859
390.763 0.609902 0.00563527
391.127 0.614867 0.00563776
391.492 0.611373 0.0055444
391.856 0.605993 0.00545632
392.219 0.616345 0.00546168
392.583 0.625564 0.00553371
392.947 0.633169 0.00568738
393.311 0.622875 0.00569301
393.675 0.625748 0.00572332
394.039 0.625367 0.00575701
394.403 0.626592 0.00576551
394.766 0.627778 0.00578664
395.13 0.628107 0.00580348
395.494 0.622701 0.00577615
395.857 0.624193 0.00575781
396.221 0.625949 0.00573979
396.584 0.625653 0.00569545
396.948 0.61886 0.0056033
397.311 0.621485 0.00553247
397.675 0.629598 0.00553839
398.038 0.63337 0.00555766
398.401 0.638747 0.00566053
398.765 0.64091 0.00575779
399.128 0.646327 0.00586468
399.491 0.642696 0.00589267
399.854 0.635914 0.00586984
400.218 0.641092 0.00591083
400.581 0.637639 0.00591169
400.944 0.645103 0.0059753
401.307 0.649416 0.0060674
401.67 0.643591 0.00602258
402.033 0.642639 0.00603567
402.396 0.647065 0.00605979
402.759 0.648325 0.00607308
403.122 0.644813 0.00602705
403.485 0.649086 0.00604543
403.847 0.643544 0.00596948
404.21 0.653217 0.0059831
404.573 0.655204 0.00598566
404.936 0.654859 0.0059546
405.298 0.655816 0.00602437
405.661 0.659309 0.00612507
406.023 0.662114 0.00622512
406.386 0.654846 0.00621277
406.749 0.660609 0.00626859
407.111 0.656128 0.00623928
407.473 0.646407 0.0060938
407.836 0.655442 0.00612729
408.198 0.659002 0.0061065
408.561 0.659762 0.0061276
408.923 0.660165 0.00613852
409.285 0.6661 0.00617744
409.647 0.665086 0.00622683
410.009 0.671915 0.00631791
410.372 0.664881 0.0062756
410.734 0.666179 0.00631331
411.096 0.660029 0.00627306
411.458 0.671733 0.00632692
411.82 0.661545 0.00623756
412.182 0.663948 0.00620145
412.544 0.667541 0.00623212
412.906 0.668821 0.00622706
413.267 0.674219 0.00627449
413.629 0.677889 0.00634106
413.991 0.671207 0.00633939
414.353 0.673809 0.00636916
414.714 0.676873 0.00645086
415.076 0.673265 0.00641767
415.438 0.673846 0.00641344
415.799 0.673646 0.0063869
416.161 0.679237 0.00646959
416.522 0.676045 0.00648093
416.884 0.670668 0.00645912
417.245 0.678194 0.00651923
417.607 0.671839 0.00647261
417.968 0.673159 0.00647167
418.329 0.676826 0.00648115
418.691 0.675888 0.00647451
419.052 0.679165 0.00648566
419.413 0.67134 0.00639018
419.774 0.672664 0.00637658
420.135 0.672408 0.00623343
420.497 0.673579 0.00614041
420.858 0.671462 0.00604617
421.219 0.683792 0.00612204
421.58 0.690958 0.0062325
421.941 0.693712 0.00635455
422.302 0.683274 0.00639116
422.662 0.687197 0.00643705
423.023 0.682 0.00644096
423.384 0.682975 0.00646717
423.745 0.68053 0.00641663
424.106 0.683273 0.00642594
424.466 0.683899 0.00641638
424.827 0.694894 0.00655703
425.187 0.694809 0.0066396
425.548 0.690421 0.00668113
425.909 0.690088 0.00671484
426.269 0.684329 0.00663961
426.63 0.680695 0.00657706
426.99 0.687766 0.00655687
427.35 0.687702 0.00658584
427.711 0.678445 0.006495
428.071 0.677743 0.00643729
428.431 0.668539 0.00627128
428.792 0.667538 0.00605212
429.152 0.671405 0.00590277
429.512 0.67977 0.0059283
429.872 0.690513 0.00601643
430.232 0.697872 0.00615521
430.592 0.702806 0.00635221
430.952 0.706678 0.00655776
431.312 0.705283 0.00671427
431.672 0.686393 0.00670002
432.032 0.680119 0.00664895
432.392 0.679039 0.00655382
432.752 0.659606 0.00614159
433.111 0.669351 0.00604864
433.471 0.700067 0.00628266
433.831 0.711362 0.00658118
434.19 0.688135 0.00647369
434.55 0.6877 0.00647047
434.91 0.687157 0.00654337
435.269 0.679772 0.00641847
435.629 0.682288 0.00641617
435.988 0.685768 0.00640497
436.348 0.702124 0.00658003
436.707 0.699224 0.00666634
437.066 0.688683 0.00661229
437.426 0.681726 0.00650072
437.785 0.679837 0.00647351
438.144 0.684732 0.00648869
438.503 0.695453 0.00662557
438.862 0.691063 0.00661686
439.222 0.690346 0.0066662
439.581 0.688202 0.00668441
439.94 0.674646 0.00652552
440.299 0.666909 0.00626929
440.658 0.673463 0.00613967
441.017 0.68646 0.00620064
441.376 0.700422 0.00633648
441.734 0.698052 0.00639072
442.093 0.683126 0.00631927
442.452 0.677256 0.00624688
442.811 0.685573 0.0062575
443.169 0.682465 0.00624096
443.528 0.696071 0.00643359
443.887 0.686732 0.00639438
444.245 0.689111 0.0064335
444.604 0.689721 0.00648992
444.962 0.687918 0.00651227
445.321 0.685345 0.00650614
445.679 0.682473 0.00645838
446.038 0.686823 0.00645527
446.396 0.694902 0.00658258
446.754 0.692527 0.00666124
447.112 0.693852 0.00670132
447.471 0.681218 0.00664765
447.829 0.68039 0.00667835
448.187 0.681772 0.00667325
448.545 0.681264 0.00665035
448.903 0.68498 0.00668574
449.261 0.687715 0.00671856
449.619 0.693809 0.00681216
449.977 0.692932 0.00684102
450.335 0.692767 0.00691515
450.693 0.686867 0.00690269
451.051 0.683459 0.0068719
451.409 0.688044 0.00692196
451.766 0.694071 0.00696107
452.124 0.695553 0.00706626
452.482 0.69018 0.00710864
452.839 0.692268 0.00719889
453.197 0.687522 0.00718684
453.555 0.685084 0.00720374
453.912 0.680014 0.00715819
454.27 0.674217 0.00701518
454.627 0.680758 0.00696584
454.984 0.684787 0.00700292
455.342 0.695349 0.00716491
455.699 0.690745 0.00722083
456.056 0.682761 0.00713637
456.414 0.685873 0.00708867
456.771 0.673097 0.00689392
457.128 0.685942 0.00693277
457.485 0.685773 0.00690788
457.842 0.688532 0.0069646
458.199 0.686723 0.0069474
458.556 0.687092 0.00688222
458.913 0.68018 0.0068478
459.27 0.682735 0.00682179
459.627 0.693822 0.00697701
459.984 0.678838 0.00685094
460.341 0.688196 0.00688913
460.697 0.688746 0.00697399
461.054 0.705268 0.00726503
461.411 0.697188 0.0073721
461.767 0.685844 0.0073981
462.124 0.677859 0.00733652
462.481 0.681315 0.00726722
462.837 0.672192 0.00710636
463.194 0.680172 0.0069988
463.55 0.678918 0.00703731
463.907 0.670128 0.00680806
464.263 0.675902 0.0067432
464.619 0.670052 0.00658685
464.976 0.678303 0.0065355
465.332 0.69184 0.00659876
465.688 0.707686 0.0068787
466.044 0.704087 0.00710752
466.4 0.695814 0.00717557
466.756 0.682294 0.00715214
467.112 0.685893 0.00717092
467.468 0.679381 0.00712625
467.824 0.692094 0.00726639
468.18 0.695031 0.00737691
468.536 0.683578 0.00732199
468.892 0.692777 0.00748868
469.248 0.689361 0.00750333
469.604 0.688063 0.00754135
469.959 0.682994 0.00751085
470.315 0.680567 0.00749346
470.671 0.680126 0.00748355
471.026 0.675894 0.00739727
471.382 0.674664 0.00731983
471.737 0.684096 0.00731152
472.093 0.675584 0.00715253
472.448 0.670163 0.00698703
472.804 0.673936 0.00694692
473.159 0.679153 0.00691651
473.514 0.688008 0.00699683
473.87 0.672299 0.00681794
474.225 0.660909 0.00656678
474.58 0.669661 0.00647978
474.935 0.693788 0.00665157
475.29 0.697291 0.00675825
475.645 0.683585 0.00669828
476 0.676162 0.0066704
476.355 0.682712 0.00676297
476.71 0.682339 0.00675716
477.065 0.663524 0.00646925
477.42 0.669399 0.00641213
477.775 0.676662 0.00645459
478.13 0.681753 0.0065371
478.485 0.674422 0.00645475
478.839 0.667896 0.0063466
479.194 0.6619 0.00615614
479.549 0.67289 0.00613091
479.903 0.684064 0.00619809
480.258 0.682981 0.00624192
480.612 0.670347 0.00610327
480.967 0.659469 0.00591359
481.321 0.683255 0.00603858
481.675 0.689759 0.00618414
482.03 0.687898 0.00628473
482.384 0.677695 0.00626415
482.738 0.668193 0.00616077
483.093 0.669955 0.00612384
483.447 0.663937 0.00596387
483.801 0.657325 0.00574882
484.155 0.671018 0.00573426
484.509 0.567826 0.00459329
484.863 0.537125 0.00304492
485.217 0.62464 0.00298434
485.571 0.735796 0.00332269
485.925 0.878307 0.00462437
486.279 0.786426 0.005074
486.632 0.696602 0.005165
486.986 0.696756 0.00558381
487.34 0.702448 0.00598506
487.694 0.687809 0.00608768
488.047 0.66923 0.00603886
488.401 0.675363 0.00607416
488.754 0.680772 0.00613716
489.108 0.688096 0.00627078
489.461 0.678421 0.00625668
489.815 0.679531 0.00632712
490.168 0.671752 0.0062214
490.522 0.667711 0.00617627
490.875 0.671459 0.00620289
491.228 0.676788 0.00627029
491.581 0.671345 0.00620217
491.935 0.680288 0.00626643
492.288 0.675249 0.0062689
492.641 0.675153 0.006224
492.994 0.670869 0.00619958
493.347 0.667389 0.00609761
493.7 0.670789 0.0061178
494.053 0.672722 0.00614757
494.406 0.686627 0.00631123
494.759 0.683358 0.00642457
495.111 0.655577 0.00609613
495.464 0.651586 0.00581081
495.817 0.670894 0.00578977
496.169 0.696774 0.00606596
496.522 0.701159 0.0063597
496.875 0.686259 0.00650189
497.227 0.677443 0.00652383
497.58 0.669746 0.00647535
497.932 0.668312 0.00639248
498.285 0.669079 0.00633775
498.637 0.655212 0.00611553
498.989 0.661248 0.00607524
499.342 0.678588 0.00620001
499.694 0.687654 0.00637927
500.046 0.674499 0.00637221
500.398 0.657553 0.00613759
500.751 0.670539 0.00614137
501.103 0.668486 0.00611241
501.455 0.674191 0.00614786
501.807 0.669203 0.00613427
502.159 0.676082 0.00616905
502.511 0.667679 0.00611538
502.862 0.672544 0.00616405
503.214 0.674001 0.00625507
503.566 0.68023 0.00641128
503.918 0.67277 0.00644502
504.27 0.670828 0.0064289
504.621 0.676515 0.00647184
504.973 0.674793 0.00650007
505.324 0.6673 0.00642213
505.676 0.65796 0.00626592
506.027 0.674597 0.00636177
506.379 0.689472 0.00664586
506.73 0.672076 0.00666153
507.082 0.664682 0.00657777
507.433 0.65907 0.00642863
507.784 0.66692 0.00641274
508.136 0.67561 0.00656699
508.487 0.680914 0.00666038
508.838 0.667729 0.00665742
509.189 0.66484 0.00663571
509.54 0.661286 0.00652948
509.891 0.673744 0.00666694
510.242 0.666478 0.00663829
510.593 0.674148 0.00671887
510.944 0.669909 0.00673515
511.295 0.683478 0.00694469
511.646 0.674313 0.00697437
511.996 0.661744 0.00683789
512.347 0.65896 0.00677216
512.698 0.671829 0.00686056
513.049 0.673123 0.00690947
513.399 0.669322 0.00692189
513.75 0.661448 0.00686049
514.1 0.677415 0.00707452
514.451 0.680045 0.00723564
514.801 0.666598 0.00713228
515.152 0.661041 0.00703972
515.502 0.656994 0.00690935
515.852 0.667631 0.00692768
516.202 0.670487 0.00693318
516.553 0.685946 0.00711516
516.903 0.674187 0.0071615
517.253 0.676906 0.00728418
517.603 0.666059 0.00722426
517.953 0.668253 0.00720099
518.303 0.658102 0.00697836
518.653 0.665202 0.00695842
519.003 0.678923 0.00708381
519.353 0.680365 0.00734497
519.703 0.675762 0.00747532
520.052 0.66778 0.00746914
520.402 0.663623 0.00740484
520.752 0.665667 0.00733136
521.102 0.68175 0.00753965
521.451 0.672838 0.00754353
521.801 0.671925 0.00751685
522.15 0.657807 0.00731421
522.5 0.664134 0.00733737
522.849 0.668201 0.00733668
523.199 0.65869 0.00721548
523.548 0.662366 0.00716602
523.897 0.679558 0.00734235
524.246 0.680307 0.00746867
524.596 0.669722 0.00751522
524.945 0.665793 0.00744946
525.294 0.667048 0.00745562
525.643 0.670955 0.00746076
525.992 0.670833 0.00744734
526.341 0.661686 0.00735027
526.69 0.669797 0.00745339
527.039 0.676697 0.00756469
527.388 0.662162 0.00753536
527.737 0.65226 0.00725125
528.086 0.643756 0.00693878
528.434 0.664768 0.00692208
528.783 0.688237 0.00723566
529.132 0.680903 0.007334
529.48 0.673024 0.00738526
529.829 0.667431 0.00739503
530.177 0.672362 0.00749847
530.526 0.674536 0.00752905
530.874 0.663235 0.00739454
531.223 0.661812 0.00737593
531.571 0.668065 0.00747452
531.919 0.661817 0.00736637
532.268 0.642689 0.00703747
532.616 0.650389 0.00685319
532.964 0.662072 0.0068119
533.312 0.668846 0.00685021
533.66 0.667061 0.00687193
534.008 0.666436 0.00685308
534.356 0.666048 0.00685561
534.704 0.668459 0.00693042
535.052 0.666444 0.00701304
535.4 0.674888 0.00720651
535.748 0.669946 0.00735103
536.095 0.669594 0.00753529
536.443 0.663211 0.00750864
536.791 0.651367 0.0072839
537.139 0.650127 0.00710941
537.486 0.659206 0.00699331
537.834 0.66386 0.00698077
538.181 0.66325 0.00693751
538.529 0.669552 0.00700965
538.876 0.669769 0.00699261
539.223 0.67314 0.00712872
539.571 0.677799 0.00730638
539.918 0.660922 0.00718926
540.265 0.648379 0.00698034
540.613 0.658601 0.00691415
540.96 0.667189 0.00704525
541.307 0.663616 0.00703918
541.654 0.656832 0.00700135
542.001 0.668021 0.00708272
542.348 0.663491 0.00705734
542.695 0.665635 0.00707767
543.042 0.655732 0.00691702
543.388 0.657661 0.00683958
543.735 0.665318 0.00686973
544.082 0.665056 0.00685792
544.429 0.662865 0.00687813
544.775 0.671327 0.00707432
545.122 0.677055 0.00731508
545.469 0.658849 0.00733404
545.815 0.650238 0.00724379
546.162 0.65358 0.00720459
546.508 0.652872 0.00705284
546.854 0.642007 0.00673469
547.201 0.64961 0.00652642
547.547 0.66597 0.00658895
547.893 0.678353 0.00679923
548.24 0.691766 0.00723385
548.586 0.673017 0.00743187
548.932 0.663667 0.00748985
549.278 0.65308 0.00743515
549.624 0.661125 0.00744084
549.97 0.670071 0.00756112
550.316 0.666111 0.00768925
550.662 0.662582 0.00774777
551.008 0.632243 0.00717674
551.353 0.643669 0.00685441
551.699 0.663051 0.00680296
552.045 0.681482 0.00708259
552.391 0.666543 0.0071497
552.736 0.655869 0.0071246
553.082 0.653074 0.00711984
553.427 0.667719 0.00732648
553.773 0.672435 0.00759573
554.118 0.652506 0.00748279
554.464 0.64413 0.00724384
554.809 0.644819 0.00695986
555.154 0.660313 0.00694813
555.5 0.663462 0.00698046
555.845 0.680966 0.00734692
556.19 0.667637 0.00747203
556.535 0.663055 0.00761357
556.88 0.65206 0.00742843
557.225 0.654436 0.00741437
557.57 0.663271 0.00760991
557.915 0.67075 0.00786016
558.26 0.654062 0.00785743
558.605 0.654571 0.0078326
558.95 0.646392 0.00761189
559.295 0.637415 0.00715574
559.639 0.641325 0.0069075
559.984 0.6522 0.0066996
560.329 0.658785 0.00670846
560.673 0.662873 0.0067526
561.018 0.659934 0.00693534
561.362 0.664443 0.0071445
561.707 0.66364 0.00731918
562.051 0.651768 0.007165
562.395 0.637367 0.00699181
562.74 0.652498 0.00693393
563.084 0.652575 0.00684866
563.428 0.653641 0.00671112
563.772 0.657339 0.00676127
564.117 0.657768 0.00671402
564.461 0.658503 0.00669652
564.805 0.655214 0.00673795
565.149 0.653239 0.00669677
565.493 0.656534 0.00672393
565.836 0.648163 0.00655257
566.18 0.648484 0.00645841
566.524 0.629345 0.00593302
566.868 0.647221 0.00585536
567.212 0.656636 0.00579741
567.555 0.644233 0.00566983
567.899 0.637004 0.0053767
568.242 0.646475 0.00519534
568.586 0.634511 0.00481657
568.929 0.633473 0.00450477
569.273 0.643325 0.00429203
569.616 0.660449 0.00435492
569.96 0.646735 0.00422242
570.303 0.64264 0.00407824
570.646 0.648364 0.00404549
570.989 0.641887 0.00390056
571.333 0.661827 0.00400999
571.676 0.669913 0.0041852
572.019 0.664711 0.00450794
572.362 0.611143 0.00407851
572.705 0.619858 0.00381239
573.048 0.644286 0.00369962
573.391 0.642923 0.00357511
573.733 0.652122 0.00355058
574.076 0.650941 0.00350815
574.419 0.668145 0.00366254
574.762 0.659308 0.00383208
575.104 0.666091 0.00412311
575.447 0.615692 0.00391053
575.789 0.616146 0.0036771
576.132 0.643075 0.00354893
576.474 0.643513 0.00351041
576.817 0.631838 0.00321775
577.159 0.648781 0.0030829
577.501 0.686991 0.00319742
577.844 0.688695 0.00342633
578.186 0.670592 0.00379237
578.528 0.628195 0.00382045
578.87 0.629887 0.00384228
579.212 0.62381 0.00369617
579.554 0.647925 0.00364657
579.896 0.648899 0.00367154
580.238 0.616167 0.0033715
580.58 0.633101 0.00300268
580.922 0.688504 0.0030094
581.264 0.742139 0.00312434
581.606 0.697685 0.0031627
581.947 0.675271 0.00330273
582.289 0.663891 0.00363826
582.631 0.647434 0.00398525
582.972 0.628597 0.00419018
583.314 0.623055 0.00412568
583.655 0.618972 0.0039752
583.997 0.616971 0.00362274
584.338 0.636057 0.00342126
584.679 0.649981 0.00331828
585.021 0.67589 0.00347679
585.362 0.668011 0.00371396
585.703 0.657956 0.00396449
586.044 0.6132 0.00384155
586.385 0.621013 0.00365819
586.726 0.637905 0.00354111
587.067 0.672499 0.00377856
587.408 0.656443 0.00394723
587.749 0.651743 0.00411955
588.09 0.645744 0.00427147
588.431 0.660426 0.00457707
588.772 0.633076 0.00466067
589.113 0.632224 0.00457712
589.453 0.644087 0.0045948
589.794 0.661394 0.00481557
590.134 0.656453 0.00505354
590.475 0.644059 0.00512195
590.815 0.632264 0.00502787
591.156 0.647902 0.00509692
591.496 0.622638 0.00484423
591.837 0.607485 0.00411639
592.177 0.630472 0.00380943
592.517 0.662464 0.00373855
592.857 0.674821 0.00397832
593.198 0.669195 0.00421511
593.538 0.658723 0.00461336
593.878 0.624707 0.00463623
594.218 0.617423 0.00446044
594.558 0.640071 0.00437271
594.898 0.661436 0.00457029
595.237 0.668644 0.00488
595.577 0.658173 0.0051544
595.917 0.634678 0.00531435
596.257 0.622545 0.00504278
596.596 0.628437 0.00493924
596.936 0.656138 0.00496317
597.276 0.654417 0.00515042
597.615 0.628027 0.00495607
597.955 0.607333 0.00428643
598.294 0.644105 0.00414152
598.633 0.667687 0.00423063
598.973 0.657505 0.0043565
599.312 0.632866 0.00426105
599.651 0.649687 0.00435153
599.991 0.646745 0.0044365
600.33 0.648659 0.00451171
600.669 0.643843 0.00462377
601.008 0.652962 0.00481735
601.347 0.637873 0.00492363
601.686 0.63022 0.00475106
602.025 0.643813 0.00483407
602.364 0.632468 0.00455258
602.702 0.641944 0.00452075
603.041 0.65709 0.00460407
603.38 0.658208 0.0048284
603.719 0.652995 0.00502832
604.057 0.636244 0.00510289
604.396 0.631094 0.00507417
604.734 0.617054 0.00479203
605.073 0.642364 0.00452332
605.411 0.658982 0.00462593
605.75 0.669911 0.00483442
606.088 0.644657 0.00499066
606.426 0.628864 0.00480831
606.764 0.642561 0.00479358
607.103 0.665585 0.00503331
607.441 0.6434 0.00511952
607.779 0.640599 0.00523221
608.117 0.642531 0.00520425
608.455 0.656691 0.00548444
608.793 0.631161 0.00542862
609.131 0.61963 0.0050181
609.469 0.643758 0.00499145
609.806 0.664415 0.00513909
610.144 0.657995 0.00551582
610.482 0.628382 0.00544628
610.819 0.640517 0.00548657
611.157 0.644945 0.00553448
611.495 0.646294 0.00573443
611.832 0.633012 0.00569216
612.17 0.630328 0.00563876
612.507 0.644055 0.00563618
612.844 0.647385 0.00571008
613.182 0.641578 0.00569755
613.519 0.641566 0.00566241
613.856 0.646994 0.0056715
614.193 0.630183 0.00552675
614.53 0.639527 0.00545157
614.867 0.653319 0.00550408
615.205 0.655092 0.00578752
615.541 0.649132 0.00596933
615.878 0.630991 0.00613521
616.215 0.6303 0.00606926
616.552 0.63552 0.00615661
616.889 0.630762 0.00599271
617.226 0.647027 0.00600722
617.562 0.658295 0.00625193
617.899 0.653994 0.0066078
618.235 0.644548 0.00689789
618.572 0.63134 0.00707977
618.908 0.62219 0.0067844
619.245 0.631725 0.00655719
619.581 0.649196 0.00653071
619.918 0.691557 0.00730037
620.254 0.661146 0.00805229
620.59 0.612963 0.00787004
620.926 0.613746 0.00734271
621.262 0.641144 0.00708798
621.599 0.662753 0.00723919
621.935 0.64036 0.00702628
622.271 0.637359 0.00674697
622.606 0.646836 0.00665008
622.942 0.666462 0.00691756
623.278 0.642872 0.00699207
623.614 0.621029 0.00654926
623.95 0.64998 0.00667336
624.285 0.654262 0.00682011
624.621 0.655309 0.00719637
624.957 0.63922 0.00732855
625.292 0.648595 0.00760532
625.628 0.646115 0.00782043
625.963 0.62832 0.00776319
626.299 0.634518 0.00764075
626.634 0.643817 0.00757579
626.969 0.663373 0.00783222
627.304 0.67126 0.00854009
627.64 0.637947 0.00893003
627.975 0.616782 0.00860495
628.31 0.614319 0.00811755
628.645 0.655776 0.00819515
628.98 0.657668 0.0083873
629.315 0.656185 0.0085384
629.65 0.638186 0.00848767
629.985 0.648087 0.00852921
630.319 0.654934 0.0089491
630.654 0.638527 0.00893698
630.989 0.644409 0.00893408
631.323 0.647109 0.00910786
631.658 0.664033 0.00960218
631.993 0.641485 0.0098464
632.327 0.640992 0.00988013
632.662 0.642453 0.0098378
632.996 0.65277 0.00969654
633.33 0.639872 0.00945815
633.665 0.663934 0.00997177
633.999 0.652139 0.010183
634.333 0.642538 0.0101057
634.667 0.649029 0.0101918
635.001 0.646509 0.00992416
635.335 0.639424 0.00949406
635.669 0.64825 0.00920461
636.003 0.667617 0.00947117
636.337 0.668851 0.00995377
636.671 0.661785 0.0104182
637.005 0.643089 0.0105489
637.339 0.636388 0.0104475
637.672 0.63494 0.0100545
638.006 0.650633 0.0099167
638.339 0.659488 0.0101295
638.673 0.655836 0.010423
639.006 0.65927 0.0107786
639.34 0.645183 0.0106569
639.673 0.645833 0.0108144
640.007 0.648236 0.0108073
640.34 0.65926 0.0110889
640.673 0.645381 0.0110552
641.006 0.659596 0.0113405
641.34 0.650577 0.0113854
641.673 0.655723 0.0117032
642.006 0.639346 0.0117553
642.339 0.650847 0.0116508
642.672 0.663396 0.0116903
643.004 0.650629 0.0116433
643.337 0.661084 0.0121146
643.67 0.652504 0.0120324
644.003 0.640255 0.0118022
644.336 0.65047 0.0118461
644.668 0.652504 0.0118433
645.001 0.652428 0.0120474
645.333 0.667911 0.0124892
645.666 0.669535 0.0127624
645.998 0.665895 0.0130183
646.331 0.657923 0.0131368
646.663 0.65346 0.0129574
646.995 0.639219 0.0120339
647.327 0.632618 0.010994
647.66 0.654789 0.0105729
647.992 0.661207 0.0104623
648.324 0.664388 0.0104487
648.656 0.665916 0.0106061
648.988 0.668793 0.0110522
649.32 0.66562 0.0117943
649.652 0.647984 0.0121829
649.983 0.634876 0.0123188
650.315 0.642949 0.0124767
650.647 0.635492 0.0121196
650.979 0.633734 0.0115508
651.31 0.643958 0.0111957
651.642 0.653185 0.0110225
651.973 0.656012 0.011039
652.305 0.646318 0.0109155
652.636 0.652674 0.011121
652.967 0.651879 0.0113654
653.299 0.645322 0.0115717
653.63 0.626202 0.0112702
653.961 0.603036 0.010274
654.292 0.517832 0.00730753
654.623 0.404293 0.00234035
654.955 0.900057 0.00342785
655.286 0.900002 0.00342764
655.616 0.899946 0.00342742
655.947 0.899889 0.00342721
656.278 0.899831 0.00342699
656.609 0.444591 0.00252083
656.94 0.39716 0.00315275
657.27 0.364152 0.00353929
657.601 0.37832 0.00416083
657.932 0.416546 0.00522212
658.262 0.464051 0.00671432
658.593 0.513553 0.00847293
658.923 0.554172 0.0102915
659.254 0.596723 0.0117966
659.584 0.624389 0.0128119
659.914 0.638485 0.013567
660.244 0.643147 0.0139565
660.575 0.644617 0.0138702
660.905 0.654254 0.0139943
661.235 0.647118 0.013723
661.565 0.659448 0.0137534
661.895 0.654218 0.0136206
662.225 0.661786 0.0139149
662.555 0.663126 0.0141224
662.884 0.648142 0.0138059
663.214 0.666662 0.0138086
663.544 0.665259 0.0136506
663.873 0.658089 0.0133756
664.203 0.65993 0.0132485
664.533 0.656133 0.0128525
664.862 0.6586 0.012787
665.192 0.663123 0.0132
665.521 0.669666 0.0139851
665.85 0.659238 0.0142879
666.18 0.657886 0.0148613
666.509 0.66033 0.0148004
666.838 0.644938 0.0142811
667.167 0.655595 0.0142136
667.496 0.667149 0.0145854
667.825 0.67817 0.0147794
668.154 0.677518 0.0147477
668.483 0.669749 0.0145633
668.812 0.665914 0.0142509
669.141 0.679861 0.0142558
669.47 0.683406 0.0141169
669.798 0.683129 0.0142585
670.127 0.661786 0.0140472
670.456 0.628947 0.0129198
670.784 0.627125 0.011572
671.113 0.630717 0.0106528
671.441 0.668506 0.0104798
671.77 0.672261 0.0106837
672.098 0.669108 0.011078
672.426 0.681548 0.0124302
672.755 0.642142 0.0128287
673.083 0.635011 0.0129376
673.411 0.636036 0.0129222
673.739 0.649256 0.0132469
674.067 0.663432 0.0140979
674.395 0.652487 0.0139796
674.723 0.647919 0.0135678
675.051 0.654509 0.0134394
675.379 0.667974 0.0135657
675.706 0.669125 0.0137267
676.034 0.664541 0.0139883
676.362 0.659436 0.0140017
676.689 0.636154 0.012918
677.017 0.63498 0.0120587
677.344 0.653253 0.0117492
677.672 0.68297 0.0122194
677.999 0.65658 0.0121269
678.327 0.642358 0.0117557
678.654 0.648464 0.0112974
678.981 0.647289 0.0109477
679.308 0.661347 0.0111541
679.636 0.677579 0.0118179
679.963 0.671843 0.0123568
680.29 0.635753 0.012053
680.617 0.638919 0.011858
680.944 0.656673 0.0118433
681.271 0.683467 0.0124306
681.597 0.66927 0.0131328
681.924 0.662726 0.0139185
682.251 0.637273 0.0135949
682.578 0.643294 0.0129412
682.904 0.6314 0.0119634
683.231 0.657137 0.0117193
683.557 0.649955 0.0113941
683.884 0.646509 0.0110396
684.21 0.655293 0.0108541
684.536 0.645629 0.0104217
684.863 0.649708 0.0102975
685.189 0.655109 0.0105147
685.515 0.671154 0.0112187
685.841 0.646772 0.0113737
686.167 0.62694 0.0112091
686.493 0.649403 0.0112718
686.819 0.65052 0.0113455
687.145 0.661017 0.011936
687.471 0.653915 0.0127666
687.797 0.632661 0.0129787
688.123 0.638729 0.0129614
688.448 0.632292 0.0124729
688.774 0.649879 0.0122652
689.1 0.663509 0.0126029
689.425 0.665722 0.0131536
689.751 0.652464 0.0132326
690.076 0.62733 0.0122527
690.402 0.643074 0.0115903
690.727 0.657233 0.0113555
691.052 0.67713 0.0118283
691.377 0.659622 0.0120248
691.703 0.654526 0.0122815
692.028 0.634326 0.0120973
692.353 0.641766 0.0119108
692.678 0.658945 0.012162
693.003 0.683552 0.0128579
693.328 0.682289 0.0137945
693.652 0.650827 0.0140809
693.977 0.614216 0.0133523
694.302 0.623475 0.0126844
694.627 0.658038 0.0128491
694.951 0.676349 0.013495
695.276 0.688064 0.0149215
695.6 0.642526 0.0146618
695.925 0.603818 0.0124744
696.249 0.633302 0.0112648
696.574 0.659146 0.0108916
696.898 0.695287 0.0116953
697.222 0.670049 0.0121355
697.546 0.647033 0.0124051
697.871 0.631118 0.0125097
698.195 0.642831 0.0127177
698.519 0.648024 0.0130921
698.843 0.663606 0.0136278
699.167 0.652677 0.014023
699.491 0.648174 0.0145067
699.814 0.639526 0.0145261
700.138 0.662451 0.0148293
700.462 0.678341 0.0152542
700.786 0.644655 0.0146732
701.109 0.635973 0.0142148
701.433 0.657019 0.0139477
701.756 0.658274 0.0134626
702.08 0.675966 0.0136435
702.403 0.666685 0.0138255
702.726 0.680462 0.0145604
703.05 0.659364 0.0146827
703.373 0.656227 0.0148185
703.696 0.663483 0.0149128
704.019 0.669245 0.0155
704.342 0.675332 0.0161382
704.665 0.66864 0.0167211
704.988 0.636507 0.0162077
705.311 0.636002 0.0152057
705.634 0.61982 0.0134776
705.957 0.639969 0.0124034
706.28 0.656112 0.0116343
706.602 0.686202 0.0117747
706.925 0.675417 0.0119275
707.247 0.669015 0.0123438
707.57 0.657112 0.012716
707.892 0.666374 0.0132423
708.215 0.668843 0.0139151
708.537 0.63073 0.0138454
708.859 0.640097 0.0140276
709.182 0.637611 0.0138554
709.504 0.647771 0.0135978
709.826 0.654333 0.0134949
710.148 0.657915 0.0135864
710.47 0.672028 0.0141216
710.792 0.662269 0.0145367
711.114 0.647828 0.0148593
711.436 0.64187 0.01512
711.758 0.640366 0.0148578
712.079 0.65441 0.0148482
712.401 0.639131 0.0139498
712.723 0.646791 0.0135237
713.044 0.64803 0.0127533
713.366 0.670804 0.012831
713.687 0.670621 0.0129334
714.009 0.662596 0.0132046
714.33 0.661866 0.0134933
714.652 0.648894 0.0137401
714.973 0.667097 0.0144142
715.294 0.658756 0.0150605
715.615 0.681324 0.0162957
715.936 0.660922 0.0162852
716.257 0.660564 0.0164375
716.578 0.684174 0.016841
716.899 0.665963 0.0162451
717.22 0.655297 0.0150749
717.541 0.658728 0.0147091
717.862 0.683031 0.0149277
718.182 0.659682 0.0146415
718.503 0.657391 0.0142983
718.824 0.682732 0.0147789
719.144 0.677786 0.0149606
719.465 0.653203 0.0150223
719.785 0.619521 0.014328
720.105 0.646347 0.0144427
720.426 0.644666 0.014245
720.746 0.679466 0.0148725
721.066 0.65624 0.0146425
721.386 0.646209 0.014679
721.706 0.657909 0.015242
722.026 0.678368 0.0158879
722.346 0.656375 0.0157582
722.666 0.664378 0.0156465
722.986 0.657493 0.0151791
723.306 0.658885 0.0153139
723.626 0.683825 0.0159103
723.946 0.648221 0.0154596
724.265 0.63256 0.0144553
724.585 0.657324 0.0139586
724.904 0.675496 0.0140451
725.224 0.677399 0.0141024
725.543 0.667447 0.0139955
725.863 0.65345 0.0139806
726.182 0.680359 0.0148447
726.501 0.647184 0.0147064
726.82 0.661856 0.01497
727.14 0.65287 0.0142923
727.459 0.654481 0.0138782
727.778 0.645198 0.0136976
728.097 0.658828 0.0140309
728.416 0.640375 0.0136766
728.734 0.642618 0.013265
729.053 0.664587 0.0133576
729.372 0.653573 0.0132191
729.691 0.632348 0.012675
730.009 0.640838 0.0121464
730.328 0.649316 0.0118667
730.647 0.671303 0.0120797
730.965 0.662221 0.0124181
731.283 0.662889 0.0128911
731.602 0.63326 0.0127464
731.92 0.627555 0.0124634
732.238 0.635258 0.0122377
732.557 0.6403 0.0121736
732.875 0.638893 0.0118654
733.193 0.628216 0.0110642
733.511 0.65181 0.0110125
733.829 0.666883 0.0114732
734.147 0.670229 0.0122585
734.465 0.637344 0.0124977
734.782 0.631737 0.0124313
735.1 0.635232 0.0121164
735.418 0.635841 0.0121123
735.735 0.643445 0.0122212
736.053 0.633319 0.0119903
736.371 0.648964 0.0122629
736.688 0.649895 0.0127189
737.005 0.653952 0.0135357
737.323 0.637141 0.0138716
737.64 0.639018 0.0139078
737.957 0.615894 0.0129452
738.274 0.622573 0.0119458
738.592 0.655232 0.0119568
738.909 0.670534 0.0124003
739.226 0.658389 0.0133833
739.543 0.639991 0.0142229
739.86 0.637009 0.0150147
740.176 0.649126 0.0155504
740.493 0.627334 0.0157488
740.81 0.635743 0.015904
741.127 0.637616 0.0157591
741.443 0.637599 0.0149319
741.76 0.647437 0.014548
742.076 0.663479 0.0148575
742.393 0.668635 0.0157152
742.709 0.668388 0.016582
743.025 0.663914 0.016831
743.342 0.655869 0.016575
743.658 0.64393 0.0161074
743.974 0.646988 0.015699
744.29 0.675252 0.0160219
744.606 0.653803 0.0159339
744.922 0.640261 0.0157962
745.238 0.652809 0.0159988
745.554 0.653417 0.0163935
745.87 0.657394 0.0166165
746.186 0.629801 0.015594
746.501 0.652559 0.0152892
746.817 0.654551 0.0155564
747.132 0.675565 0.016964
747.448 0.650263 0.0172972
747.763 0.618977 0.0166239
748.079 0.631435 0.0160917
748.394 0.647219 0.0151874
748.71 0.646766 0.0141342
749.025 0.642733 0.0132658
749.34 0.650538 0.0131726
749.655 0.65945 0.0135527
749.97 0.646437 0.0139014
750.285 0.630413 0.0137704
750.6 0.61854 0.0133486
750.915 0.626356 0.0130988
751.23 0.634387 0.0134421
751.545 0.639302 0.0140486
751.859 0.625814 0.0144232
752.174 0.615501 0.0144709
752.489 0.61357 0.0137208
752.803 0.615969 0.0129223
753.118 0.622356 0.0128917
753.432 0.629578 0.0134012
753.747 0.622123 0.0138154
754.061 0.609689 0.0132132
754.375 0.605034 0.0126118
754.689 0.615306 0.0123225
755.004 0.627243 0.0124214
755.318 0.617786 0.0120587
755.632 0.597516 0.0112808
755.946 0.618245 0.0112674
756.26 0.599987 0.0106036
756.573 0.608593 0.0102178
756.887 0.6037 0.00986681
757.201 0.620769 0.0102177
757.515 0.625273 0.011233
757.828 0.604999 0.0118502
758.142 0.585355 0.0116177
758.455 0.575766 0.0107006
758.769 0.59863 0.0103328
759.082 0.607194 0.0101234
759.396 0.601247 0.00992233
759.709 0.604628 0.00987302
760.022 0.611646 0.0100178
760.335 0.618552 0.0106037
760.648 0.613143 0.0113469
760.962 0.60075 0.0120557
761.275 0.574574 0.0123742
761.587 0.579614 0.0125902
761.9 0.597648 0.0128169
762.213 0.578284 0.0121958
762.526 0.608203 0.0120561
762.839 0.605181 0.011978
763.151 0.592055 0.0115052
763.464 0.594103 0.0109007
763.776 0.606473 0.0102302
764.089 0.615608 0.0100893
764.401 0.611549 0.0104133
764.714 0.604917 0.0109658
765.026 0.592838 0.011587
765.338 0.584734 0.0122529
765.65 0.588275 0.013228
765.962 0.558243 0.0134849
766.275 0.563589 0.014034
766.587 0.570948 0.014172
766.898 0.581698 0.0138457
767.21 0.597765 0.013206
767.522 0.594995 0.0122245
767.834 0.60376 0.0118631
768.146 0.603971 0.0119509
768.457 0.611904 0.0127642
768.769 0.599677 0.0133088
769.08 0.588294 0.0132414
769.392 0.591961 0.0128023
769.703 0.59461 0.012167
770.015 0.604847 0.011803
770.326 0.612108 0.0118967
770.637 0.615749 0.0123636
770.948 0.587044 0.0129533
771.26 0.577249 0.0136517
771.571 0.578474 0.0138159
771.882 0.578625 0.013482
772.193 0.604155 0.0139158
772.504 0.605695 0.0142822
772.814 0.587998 0.0143528
773.125 0.598119 0.0147754
773.436 0.587098 0.0150591
773.747 0.601057 0.0155801
774.057 0.605115 0.015967
774.368 0.615775 0.0163604
774.678 0.632144 0.0170085
774.989 0.593752 0.0167427
775.299 0.618952 0.0176696
775.609 0.60564 0.0172836
775.919 0.605281 0.0171368
776.23 0.639364 0.017634
776.54 0.620535 0.0172252
776.85 0.633104 0.0175818
777.16 0.585728 0.0164088
777.47 0.618254 0.0159823
777.78 0.630901 0.0154334
778.089 0.612289 0.0144399
778.399 0.592933 0.0141198
778.709 0.618007 0.0150803
779.019 0.628065 0.0162012
779.328 0.607975 0.0168023
779.638 0.577798 0.0161635
779.947 0.585383 0.0148308
780.257 0.593618 0.0136239
780.566 0.595116 0.0131305
780.875 0.592815 0.0134047
781.185 0.598713 0.0143255
781.494 0.574668 0.0142667
781.803 0.578976 0.0147028
782.112 0.574865 0.0148649
782.421 0.601828 0.0150097
782.73 0.577388 0.0143146
783.039 0.589288 0.0146449
783.348 0.617928 0.0161935
783.656 0.575923 0.0164923
783.965 0.574876 0.0167244
784.274 0.585502 0.016237
784.582 0.583004 0.0156991
784.891 0.607394 0.0159296
785.199 0.598805 0.0160562
785.508 0.601406 0.0165343
785.816 0.590288 0.0166785
786.124 0.586139 0.0162529
786.432 0.593368 0.0155498
786.741 0.588947 0.0148997
787.049 0.604906 0.015011
787.357 0.600814 0.0151891
787.665 0.58066 0.0148422
787.973 0.605094 0.0152891
788.281 0.591029 0.015425
788.588 0.579179 0.0160825
788.896 0.571382 0.0169673
789.204 0.597574 0.0180568
789.511 0.579514 0.01783
789.819 0.620196 0.0187814
790.126 0.597326 0.0184396
790.434 0.604905 0.018552
790.741 0.623671 0.01879
791.049 0.601698 0.0184365
791.356 0.611719 0.0191928
791.663 0.607618 0.0194734
791.97 0.610423 0.0195691
792.277 0.617067 0.0193098
792.584 0.590025 0.0178862
792.891 0.575462 0.0156236
793.198 0.583922 0.0146089
793.505 0.588275 0.0143763
793.812 0.579372 0.0146706
794.119 0.572284 0.0149158
794.425 0.572386 0.0153602
794.732 0.570911 0.0160397
795.038 0.581966 0.0178912
795.345 0.555575 0.0187982
795.651 0.573294 0.0201194
795.958 0.587437 0.0204074
796.264 0.564667 0.0186707
796.57 0.592409 0.0184242
796.876 0.61398 0.0185955
797.183 0.605817 0.018813
797.489 0.583061 0.0192139
797.795 0.612077 0.0198623
798.101 0.589381 0.0194044
798.406 0.605312 0.0197693
798.712 0.618051 0.0205663
799.018 0.606043 0.0206837
799.324 0.633661 0.0212053
799.629 0.614338 0.0209736
799.935 0.631687 0.0214254
800.24 0.628465 0.0217772
800.546 0.637209 0.0219357
800.851 0.626285 0.0219448
801.157 0.637381 0.0230867
801.462 0.635587 0.0232778
801.767 0.646519 0.0235888
802.072 0.623175 0.0222607
802.377 0.647754 0.0218396
802.682 0.630267 0.0211958
802.987 0.640266 0.0219566
803.292 0.641445 0.0225386
803.597 0.624422 0.0224268
803.902 0.648908 0.0228048
804.207 0.631197 0.0223507
804.511 0.62327 0.0218695
804.816 0.59709 0.0201122
805.12 0.603812 0.0188976
805.425 0.587344 0.0175549
805.729 0.597781 0.0178489
806.034 0.594634 0.0184909
806.338 0.599185 0.0196194
806.642 0.59998 0.0201323
806.946 0.564556 0.0193314
807.251 0.590394 0.0199505
807.555 0.586118 0.0195619
807.859 0.585236 0.0193987
808.162 0.588188 0.020012
808.466 0.631791 0.0214464
808.77 0.615031 0.0217206
809.074 0.620953 0.0225713
809.378 0.62405 0.022667
809.681 0.626401 0.0225308
809.985 0.638553 0.0231163
810.288 0.680196 0.0241242
810.592 0.617156 0.0228068
810.895 0.627332 0.0235402
811.198 0.668504 0.025375
811.502 0.650783 0.0254005
811.805 0.694734 0.0269652
812.108 0.638308 0.0246701
812.411 0.642963 0.0240265
812.714 0.652457 0.0225513
813.017 0.635166 0.0210571
813.32 0.61286 0.0206533
813.623 0.618743 0.0214077
813.926 0.641119 0.0233699
814.228 0.670361 0.0251749
814.531 0.623688 0.0250612
814.833 0.643617 0.0252628
815.136 0.612814 0.0248007
815.438 0.670482 0.0262374
815.741 0.620043 0.024185
816.043 0.620682 0.0239032
816.345 0.622379 0.0237749
816.648 0.648235 0.0244614
816.95 0.647021 0.0248136
817.252 0.673323 0.0258816
817.554 0.616517 0.0248186
817.856 0.637828 0.0257831
818.158 0.640238 0.0260561
818.46 0.680702 0.0275482
818.761 0.671046 0.0272524
819.063 0.689715 0.0271493
819.365 0.657549 0.0257256
819.666 0.620673 0.023744
819.968 0.632047 0.0231701
820.269 0.636787 0.0230055
820.571 0.639682 0.0236622
820.872 0.659122 0.0249274
821.173 0.648783 0.0257136
821.475 0.674778 0.0272327
821.776 0.642541 0.0264367
822.077 0.645127 0.0263354
822.378 0.668991 0.0270053
822.679 0.650224 0.0270596
822.98 0.647918 0.0267607
823.281 0.690956 0.0285314
823.581 0.680686 0.0280329
823.882 0.72304 0.0292616
824.183 0.665384 0.0277859
824.483 0.666297 0.0268163
824.784 0.66269 0.025645
825.084 0.66483 0.0261469
825.385 0.675507 0.0267016
825.685 0.711427 0.0279916
825.985 0.681526 0.0271628
826.286 0.65012 0.0261652
826.586 0.636616 0.0253841
826.886 0.652789 0.0257523
827.186 0.678309 0.0266362
827.486 0.646481 0.0268773
827.786 0.700586 0.0284057
828.086 0.668989 0.0274788
828.386 0.640417 0.0265343
828.685 0.645667 0.0264954
828.985 0.682873 0.0280623
829.285 0.709556 0.0288028
829.584 0.684101 0.0287384
829.884 0.677245 0.02903
830.183 0.744622 0.0320265
830.482 0.731895 0.0314052
830.782 0.701911 0.0308858
831.081 0.779298 0.0337757
831.38 0.734378 0.0317277
831.679 0.737714 0.0318718
831.978 0.718132 0.0314961
832.277 0.770502 0.0315729
832.576 0.733667 0.0302294
832.875 0.70105 0.0295318
833.174 0.680437 0.0289119
833.472 0.686531 0.0292607
833.771 0.729314 0.0305691
834.07 0.679835 0.0288125
834.368 0.651904 0.0284905
834.667 0.723977 0.030817
834.965 0.776139 0.0323869
835.263 0.718689 0.0312073
835.562 0.74511 0.0317901
835.86 0.701224 0.0305551
836.158 0.698721 0.0308475
836.456 0.745384 0.0327001
836.754 0.728667 0.032241
837.052 0.76233 0.0340245
837.35 0.764945 0.0334219
837.648 0.77219 0.0340251
837.946 0.772001 0.0343108
838.243 0.785411 0.0346174
838.541 0.759457 0.0331464
838.839 0.768678 0.0333958
839.136 0.760128 0.0331397
839.434 0.778433 0.0333325
839.731 0.775234 0.0341592
840.028 0.760078 0.0330488
840.326 0.743374 0.0330945
840.623 0.751196 0.0332378
840.92 0.748292 0.0334928
841.217 0.835846 0.0363917
841.514 0.816583 0.036171
841.811 0.713403 0.0326926
842.108 0.784348 0.0352873
842.405 0.759073 0.0349733
842.701 0.778543 0.0355822
842.998 0.752151 0.0338972
843.295 0.779512 0.0352626
843.591 0.782459 0.0354065
843.888 0.768022 0.0346727
844.184 0.788634 0.0353385
844.481 0.725596 0.0333408
844.777 0.719107 0.0333539
845.073 0.800832 0.0354635
845.369 0.820619 0.0362591
845.665 0.812505 0.0366068
845.962 0.779127 0.0351436
846.258 0.810536 0.0365392
846.553 0.827889 0.0369818
846.849 0.820403 0.0368777
847.145 0.764858 0.0344503
847.441 0.747338 0.0342578
847.737 0.805102 0.0352624
848.032 0.781106 0.0353964
848.328 0.760283 0.0350819
848.623 0.863239 0.037881
848.919 0.778323 0.0351682
849.214 0.780498 0.0348156
849.509 0.740866 0.0344261
849.805 0.805847 0.0366245
850.1 0.825495 0.0378971
850.395 0.897496 0.0393843
850.69 0.866798 0.0389742
850.985 0.795725 0.0360171
851.28 0.761148 0.0350797
851.575 0.814156 0.0367237
851.869 0.761931 0.035405
852.164 0.800099 0.0357405
852.459 0.785497 0.0344414
852.753 0.776288 0.0337625
853.048 0.675741 0.0298659
853.342 0.719544 0.0306048
853.637 0.740654 0.0316083
853.931 0.679936 0.0299601
854.225 0.691779 0.030087
854.52 0.751474 0.0325268
854.814 0.718295 0.0319063
855.108 0.694651 0.0303587
855.402 0.716783 0.0314028
855.696 0.738596 0.0327896
855.99 0.744711 0.0334561
856.283 0.739299 0.0326027
856.577 0.769642 0.0340257
856.871 0.756266 0.0334621
857.164 0.744058 0.0335519
857.458 0.804842 0.0360546
857.751 0.736023 0.0338807
858.045 0.751953 0.0338299
858.338 0.773596 0.0348739
858.632 0.724534 0.0329773
858.925 0.808793 0.0357565
859.218 0.74946 0.0342734
859.511 0.869977 0.0384719
859.804 0.812459 0.0368066
860.097 0.740829 0.0342156
860.39 0.828196 0.0372385
860.683 0.818357 0.0368599
860.976 0.787003 0.0364365
861.268 0.827354 0.0367815
861.561 0.84258 0.0381821
861.854 0.871131 0.0399803
862.146 0.811818 0.0372245
862.439 0.816936 0.0371396
862.731 0.784262 0.0354982
863.023 0.839301 0.0379123
863.316 0.817247 0.0367359
863.608 0.849958 0.0376597
863.9 0.824491 0.0371148
864.192 0.774999 0.0351301
864.484 0.779834 0.0360826
864.776 0.835195 0.0376726
865.068 0.806797 0.0367975
865.36 0.831016 0.0372481
865.651 0.904663 0.0398844
865.943 0.774446 0.0362203
866.235 0.83622 0.0378279
866.526 0.825056 0.0385873
866.818 0.832818 0.037468
867.109 0.77302 0.0358765
867.4 0.843314 0.0381934
867.692 0.851571 0.0385895
867.983 0.832728 0.0377908
868.274 0.850743 0.0386765
868.565 0.822373 0.0375411
868.856 0.855827 0.0385476
869.147 0.82474 0.0377385
869.438 0.784233 0.0367009
869.729 0.85975 0.0386574
870.02 0.907569 0.0412838
870.31 0.845332 0.0386004
870.601 0.808989 0.0372174
870.892 0.810561 0.0368711
871.182 0.795252 0.0363675
871.473 0.808521 0.0374669
871.763 0.798842 0.036349
872.053 0.810578 0.0370463
872.343 0.791791 0.036558
872.634 0.822946 0.037645
872.924 0.792432 0.0362064
873.214 0.819341 0.0375695
873.504 0.865584 0.0391335
873.794 0.858203 0.0399398
874.084 0.89626 0.0406979
874.373 0.839758 0.0384028
874.663 0.795701 0.0364966
874.953 0.831273 0.0385444
875.242 0.871708 0.0389392
875.532 0.809878 0.0372245
875.821 0.808163 0.0374162
876.111 0.788395 0.0368156
876.4 0.843244 0.0385509
876.689 0.830595 0.0380064
876.978 0.878111 0.0390928
877.268 0.852503 0.038587
877.557 0.882941 0.039723
877.846 0.86344 0.0391503
878.134 0.861235 0.0394552
878.423 0.861394 0.0394624
878.712 0.861552 0.0394697
