178.41 0.998974 0.154606
178.791 1.0053 0.155585
179.172 1.01158 0.156557
179.553 0.329663 0.329663
179.934 0.721329 0.721329
180.316 0.696255 0.696255
180.697 0.381603 0.381603
181.078 0.880753 0.880753
181.459 0.262035 0.262035
181.84 0.516611 0.516611
182.221 2.61388 2.61388
182.602 0.589082 0.589082
182.983 -1.92322 -1.92322
183.364 -0.0434529 -0.0434529
183.744 0.979036 0.110854
184.125 0.512951 0.0696044
184.506 0.45097 0.0534638
184.887 0.439149 0.0470466
185.268 0.414986 0.0393728
185.648 0.568559 0.0446124
186.029 0.542684 0.0415731
186.41 0.609335 0.0429003
186.791 0.651768 0.0426402
187.171 0.565719 0.0339791
187.552 0.437121 0.024301
187.932 0.502196 0.0265223
188.313 0.488079 0.0244208
188.694 0.459085 0.0236708
189.074 0.464438 0.0229541
189.455 0.455459 0.0221003
189.835 0.487017 0.0234984
190.216 0.516303 0.0235571
190.596 0.483481 0.0218161
190.977 0.481225 0.0215961
191.357 0.477158 0.0215681
191.737 0.479333 0.0213471
192.118 0.509353 0.0218976
192.498 0.483252 0.0206674
192.878 0.46756 0.0204855
193.258 0.47319 0.0202529
193.639 0.477581 0.0200943
194.019 0.476038 0.0202386
194.399 0.493263 0.0204238
194.779 0.438177 0.0184781
195.159 0.474234 0.0197805
195.54 0.433258 0.0183401
195.92 0.442681 0.0185933
196.3 0.443486 0.0183406
196.68 0.428604 0.0181202
197.06 0.420719 0.0178457
197.44 0.4312 0.0178932
197.82 0.417407 0.0174664
198.2 0.426743 0.0176524
198.58 0.393923 0.0165124
198.959 0.39641 0.0165345
199.339 0.393152 0.0165378
199.719 0.377852 0.0159023
200.099 0.395683 0.0163123
200.479 0.384921 0.0160434
200.858 0.367951 0.0154545
201.238 0.361354 0.0150761
201.618 0.365505 0.0153326
201.998 0.348034 0.0146034
202.377 0.356703 0.0147839
202.757 0.34503 0.014349
203.136 0.337729 0.0141043
203.516 0.340538 0.0139519
203.896 0.333943 0.013646
204.275 0.319834 0.0130911
204.655 0.298335 0.0126675
205.034 0.319643 0.0129579
205.414 0.304145 0.0124816
205.793 0.300287 0.0122911
206.172 0.300687 0.0123104
206.552 0.304316 0.0121733
206.931 0.284624 0.0115924
207.31 0.284808 0.0114712
207.69 0.275771 0.0111976
208.069 0.261492 0.0107595
208.448 0.26913 0.010778
208.827 0.261092 0.0105549
209.207 0.274512 0.0107944
209.586 0.261588 0.0102616
209.965 0.255748 0.0101143
210.344 0.260655 0.010062
210.723 0.250964 0.00975184
211.102 0.233035 0.0092345
211.481 0.244109 0.00940149
211.86 0.237365 0.00917842
212.239 0.238007 0.00909798
212.618 0.235762 0.00892406
212.997 0.227947 0.00863176
213.376 0.228249 0.00860661
213.755 0.220189 0.00833456
214.134 0.223815 0.00828908
214.513 0.218558 0.00805858
214.891 0.21482 0.00793603
215.27 0.21057 0.00770941
215.649 0.214889 0.00772404
216.028 0.203212 0.00738153
216.406 0.20182 0.00727956
216.785 0.205499 0.00722609
217.164 0.196764 0.00700005
217.542 0.199993 0.00690929
217.921 0.191292 0.00667081
218.3 0.194242 0.00669825
218.678 0.193045 0.00657254
219.057 0.185865 0.00633432
219.435 0.177509 0.00608857
219.814 0.190343 0.00625838
220.192 0.186503 0.00609507
220.57 0.181333 0.00593952
220.949 0.187384 0.00593651
221.327 0.180333 0.00572691
221.705 0.185792 0.00575343
222.084 0.180746 0.00555164
222.462 0.180775 0.00548594
222.84 0.187933 0.00554733
223.218 0.179524 0.0052868
223.597 0.181445 0.00526131
223.975 0.179434 0.00513788
224.353 0.175474 0.00502506
224.731 0.177723 0.00497567
225.109 0.177033 0.00486569
225.487 0.174987 0.00476872
225.865 0.175574 0.00470367
226.243 0.176614 0.00465769
226.621 0.178622 0.0046224
226.999 0.176387 0.0044993
227.377 0.180811 0.00451114
227.755 0.179524 0.0044364
228.133 0.178961 0.00437319
228.511 0.179094 0.00432274
228.889 0.179363 0.00424327
229.266 0.183493 0.00425111
229.644 0.180632 0.00413481
230.022 0.181398 0.00408993
230.4 0.185614 0.00409819
230.777 0.187347 0.00407811
231.155 0.183612 0.00398477
231.533 0.186466 0.00395877
231.91 0.189538 0.00393721
232.288 0.189293 0.00389738
232.665 0.188299 0.0038371
233.043 0.19078 0.00382584
233.42 0.190502 0.00377137
233.798 0.194096 0.00377894
234.175 0.196494 0.0037527
234.553 0.194533 0.00369417
234.93 0.198689 0.00369602
235.307 0.197211 0.00365242
235.685 0.198023 0.00363006
236.062 0.202137 0.00362472
236.439 0.204073 0.00362402
236.816 0.202119 0.00356252
237.194 0.206818 0.00356554
237.571 0.205854 0.00352625
237.948 0.205886 0.00350789
238.325 0.209686 0.00350093
238.702 0.210599 0.00348783
239.079 0.209214 0.00344185
239.456 0.210483 0.00342921
239.833 0.21498 0.0034433
240.21 0.216311 0.00342204
240.587 0.215853 0.00340258
240.964 0.215774 0.0033742
241.341 0.215442 0.00334312
241.718 0.215333 0.00331064
242.095 0.219574 0.00334208
242.472 0.222022 0.00333402
242.849 0.222561 0.00331315
243.225 0.224294 0.00329703
243.602 0.223473 0.00327441
243.979 0.224084 0.00326756
244.356 0.226945 0.00327486
244.732 0.224633 0.00322495
245.109 0.228389 0.00322903
245.486 0.229436 0.00323192
245.862 0.230119 0.00322074
246.239 0.22805 0.00317355
246.615 0.230071 0.0031818
246.992 0.232039 0.00317198
247.368 0.233343 0.00318085
247.745 0.234584 0.00316242
248.121 0.236905 0.00315636
248.497 0.234936 0.00313813
248.874 0.235347 0.00312186
249.25 0.23558 0.00309591
249.626 0.23787 0.00310578
250.003 0.238775 0.00309342
250.379 0.237022 0.00305203
250.755 0.240258 0.00307545
251.131 0.237513 0.00303638
251.507 0.239718 0.00304638
251.884 0.240969 0.00303334
252.26 0.242474 0.00304358
252.636 0.241674 0.00301089
253.012 0.242831 0.00300709
253.388 0.244092 0.0030058
253.764 0.24409 0.0029935
254.14 0.242545 0.00297691
254.516 0.244981 0.00298774
254.892 0.245525 0.00297593
255.268 0.248143 0.00298857
255.643 0.245549 0.00296043
256.019 0.249769 0.00298355
256.395 0.248542 0.00297
256.771 0.248095 0.0029457
257.147 0.24979 0.00295238
257.522 0.248935 0.00294266
257.898 0.252611 0.00295943
258.274 0.250891 0.00294171
258.649 0.254791 0.00296267
259.025 0.253905 0.00294127
259.4 0.254314 0.00294204
259.776 0.253885 0.00293048
260.151 0.255898 0.00295197
260.527 0.256009 0.00293945
260.902 0.256318 0.00293323
261.278 0.256926 0.0029305
261.653 0.259176 0.00294322
262.028 0.260103 0.00295132
262.404 0.258337 0.00292779
262.779 0.258197 0.00291967
263.154 0.260164 0.00292561
263.53 0.259717 0.00291512
263.905 0.262229 0.00293487
264.28 0.263408 0.00293994
264.655 0.261725 0.00292201
265.03 0.261842 0.00293168
265.405 0.264396 0.00293613
265.781 0.265287 0.00294456
266.156 0.266496 0.0029481
266.531 0.265508 0.0029271
266.906 0.268042 0.00295728
267.281 0.267768 0.00294114
267.655 0.266945 0.0029476
268.03 0.268629 0.00295853
268.405 0.269651 0.0029602
268.78 0.269688 0.00296034
269.155 0.270125 0.00295614
269.53 0.273123 0.00298276
269.904 0.271791 0.00297212
270.279 0.273494 0.00298331
270.654 0.272971 0.00297198
271.029 0.273351 0.00297968
271.403 0.274208 0.00297591
271.778 0.276062 0.00299445
272.152 0.275627 0.00299493
272.527 0.277566 0.00300281
272.901 0.278381 0.00299545
273.276 0.276848 0.00298038
273.65 0.279083 0.00300179
274.025 0.277943 0.00298787
274.399 0.281401 0.0030208
274.774 0.279918 0.00300587
275.148 0.279037 0.00299164
275.522 0.281407 0.00301236
275.897 0.280887 0.00300795
276.271 0.284298 0.00302918
276.645 0.282082 0.00300861
277.019 0.284418 0.00301286
277.393 0.283532 0.00300004
277.768 0.284088 0.00301719
278.142 0.286545 0.00302717
278.516 0.286083 0.00303006
278.89 0.287173 0.00302984
279.264 0.290669 0.003058
279.638 0.28783 0.00302831
280.012 0.286651 0.00302742
280.386 0.28934 0.00305748
280.76 0.288459 0.00304123
281.133 0.289178 0.00305059
281.507 0.291546 0.0030606
281.881 0.292676 0.00305951
282.255 0.29296 0.00306529
282.629 0.294431 0.00308189
283.002 0.292644 0.00307419
283.376 0.292733 0.00306624
283.75 0.292733 0.00307665
284.123 0.293374 0.00306927
284.497 0.294751 0.00308207
284.87 0.295969 0.00309159
285.244 0.295171 0.00308173
285.618 0.294865 0.00308805
285.991 0.295823 0.00310612
286.364 0.298607 0.00311954
286.738 0.297012 0.00311062
287.111 0.299841 0.00312672
287.485 0.297776 0.0031177
287.858 0.298378 0.0031325
288.231 0.299079 0.00313068
288.605 0.301528 0.00315209
288.978 0.299424 0.00313438
289.351 0.301035 0.00315914
289.724 0.301287 0.00316035
290.097 0.300962 0.00316242
290.47 0.300893 0.00317227
290.843 0.300045 0.00316669
291.217 0.30044 0.0031694
291.59 0.304678 0.00321379
291.963 0.302596 0.00319573
292.336 0.300266 0.00319356
292.708 0.302318 0.00321057
293.081 0.302185 0.00322463
293.454 0.303111 0.00321534
293.827 0.301781 0.00321781
294.2 0.303655 0.00324884
294.573 0.300213 0.00322007
294.945 0.303626 0.00325745
295.318 0.302002 0.00324747
295.691 0.302732 0.00325932
296.064 0.302777 0.00326554
296.436 0.299476 0.0032454
296.809 0.299633 0.00323752
297.181 0.300964 0.00326212
297.554 0.299681 0.00326013
297.926 0.297572 0.00325122
298.299 0.297829 0.0032561
298.671 0.297829 0.00324192
299.044 0.299197 0.00326716
299.416 0.297841 0.00326468
299.788 0.295631 0.00324749
300.161 0.297967 0.00327464
300.533 0.296905 0.00326424
300.905 0.297603 0.00325564
301.278 0.29407 0.00324306
301.65 0.294762 0.00324323
302.022 0.292692 0.00323887
302.394 0.29093 0.00323432
302.766 0.291302 0.00323182
303.138 0.286985 0.00322039
303.51 0.286343 0.00320841
303.882 0.286567 0.00320563
304.254 0.286767 0.00321305
304.626 0.283557 0.00318542
304.998 0.283733 0.00318546
305.37 0.280079 0.00318257
305.742 0.279648 0.0031682
306.114 0.277931 0.0031571
306.485 0.277101 0.00315309
306.857 0.274717 0.00313726
307.229 0.273375 0.00314052
307.601 0.271428 0.00312846
307.972 0.270081 0.00311747
308.344 0.2657 0.00308821
308.716 0.267622 0.00311215
309.087 0.264354 0.00308919
309.459 0.263404 0.00308832
309.83 0.262915 0.00308585
310.202 0.259007 0.00305785
310.573 0.258041 0.00305393
310.945 0.254542 0.00303105
311.316 0.252576 0.00303377
311.687 0.251115 0.00301285
312.059 0.250385 0.00301902
312.43 0.247504 0.00299615
312.801 0.245825 0.0029965
313.172 0.242566 0.0029784
313.544 0.241069 0.00297226
313.915 0.235649 0.00291998
314.286 0.235304 0.00293051
314.657 0.231865 0.00290258
315.028 0.228191 0.00288557
315.399 0.224694 0.00286242
315.77 0.225261 0.00286199
316.141 0.222298 0.00285492
316.512 0.218347 0.00282902
316.883 0.213918 0.00280584
317.254 0.213419 0.00279974
317.625 0.211414 0.00280372
317.996 0.206757 0.00275749
318.366 0.204795 0.00275119
318.737 0.202172 0.00273076
319.108 0.198153 0.00271282
319.478 0.195864 0.002698
319.849 0.192732 0.00267507
320.22 0.188902 0.00265096
320.59 0.185721 0.00262705
320.961 0.182242 0.0026068
321.331 0.181139 0.00259924
321.702 0.178487 0.00259321
322.072 0.17281 0.00255935
322.443 0.17053 0.00253737
322.813 0.168509 0.00251762
323.184 0.167407 0.00251641
323.554 0.165925 0.0025132
323.924 0.162458 0.00248553
324.295 0.161424 0.00248962
324.665 0.157217 0.00245875
325.035 0.154906 0.00243742
325.405 0.153081 0.00243299
325.775 0.151884 0.00243524
326.145 0.149393 0.00241288
326.515 0.148489 0.00241001
326.886 0.14629 0.00240419
327.256 0.145653 0.00240124
327.626 0.143468 0.00239789
327.995 0.142662 0.00239704
328.365 0.138788 0.00236758
328.735 0.138205 0.00237447
329.105 0.139724 0.00241335
329.475 0.142575 0.002457
329.845 0.150725 0.00256278
330.215 0.155431 0.00259272
330.584 0.156882 0.00257969
330.954 0.157233 0.00252154
331.324 0.153352 0.00242012
331.693 0.152978 0.00237568
332.063 0.153233 0.00235206
332.432 0.152478 0.00233416
332.802 0.157198 0.00238946
333.171 0.161351 0.00245259
333.541 0.169975 0.00256424
333.91 0.175846 0.0026214
334.28 0.180176 0.00266868
334.649 0.187436 0.0027298
335.018 0.194788 0.00279232
335.388 0.204888 0.00287304
335.757 0.207674 0.00289292
336.126 0.216813 0.00296651
336.495 0.222412 0.00299441
336.865 0.232067 0.00307138
337.234 0.241762 0.0031526
337.603 0.249935 0.00319891
337.972 0.260092 0.00327078
338.341 0.269861 0.00332618
338.71 0.277531 0.00337083
339.079 0.29043 0.00346078
339.448 0.299625 0.00350959
339.817 0.312022 0.00359031
340.186 0.323663 0.00365899
340.554 0.330874 0.00369468
340.923 0.342605 0.00376746
341.292 0.350566 0.00381457
341.661 0.363745 0.00389048
342.029 0.373123 0.00393349
342.398 0.385826 0.00400527
342.767 0.398263 0.00408496
343.135 0.407368 0.0041283
343.504 0.418256 0.00419614
343.872 0.428096 0.00422942
344.241 0.438072 0.00428843
344.609 0.45372 0.0043817
344.978 0.45883 0.00440185
345.346 0.468884 0.00443308
345.715 0.480304 0.00450409
346.083 0.489239 0.00455592
346.451 0.497179 0.00458545
346.82 0.509465 0.00465731
347.188 0.517229 0.00468379
347.556 0.527971 0.0047566
347.924 0.533338 0.00477493
348.292 0.54331 0.00483031
348.66 0.554573 0.00487582
349.028 0.56226 0.00491568
349.396 0.566777 0.00495483
349.764 0.575474 0.00498641
350.132 0.578884 0.00499858
350.5 0.586841 0.00504104
350.868 0.592849 0.00507598
351.236 0.600527 0.00510468
351.604 0.606767 0.00515107
351.972 0.61716 0.00520089
352.34 0.618297 0.00521325
352.707 0.625851 0.0052473
353.075 0.631709 0.00527319
353.443 0.635388 0.00530059
353.81 0.643151 0.00534612
354.178 0.648901 0.00537299
354.545 0.654254 0.00538189
354.913 0.659419 0.00542607
355.28 0.663527 0.00544369
355.648 0.662606 0.0054284
356.015 0.667185 0.00545667
356.383 0.670439 0.00546371
356.75 0.67648 0.00550226
357.117 0.679124 0.00551606
357.485 0.683058 0.00553589
357.852 0.696845 0.0056301
358.219 0.69168 0.00558136
358.586 0.694694 0.00559257
358.954 0.697387 0.00562695
359.321 0.695952 0.00560757
359.688 0.706222 0.0056766
360.055 0.707278 0.00567276
360.422 0.712843 0.00570329
360.789 0.710628 0.00570424
361.156 0.713054 0.00570893
361.523 0.714832 0.00573918
361.89 0.719415 0.00575057
362.256 0.718131 0.00572245
362.623 0.728961 0.00582286
362.99 0.723371 0.00577272
363.357 0.73123 0.0058277
363.724 0.733256 0.00583827
364.09 0.725729 0.00579653
364.457 0.739991 0.00589692
364.823 0.737757 0.00585018
365.19 0.73918 0.00586453
365.557 0.73783 0.00585008
365.923 0.738105 0.00587056
366.29 0.744747 0.00591545
366.656 0.743339 0.00588555
367.022 0.742937 0.00587661
367.389 0.746382 0.0059166
367.755 0.750449 0.00596093
368.121 0.751474 0.00596259
368.488 0.750638 0.00595121
368.854 0.750884 0.00597478
369.22 0.752702 0.00601021
369.586 0.753803 0.00603508
369.952 0.75511 0.00605345
370.318 0.749017 0.00603183
370.684 0.756391 0.00607912
371.051 0.755751 0.00607823
371.416 0.762194 0.00614181
371.782 0.754928 0.00609419
372.148 0.761036 0.00613138
372.514 0.760067 0.00614065
372.88 0.764837 0.00617798
373.246 0.759578 0.00615104
373.612 0.766908 0.00617775
373.977 0.764804 0.00615534
374.343 0.765581 0.00613901
374.709 0.768139 0.0061293
375.074 0.764961 0.00613492
375.44 0.767979 0.00617335
375.806 0.770806 0.00621884
376.171 0.764896 0.00616363
376.537 0.769868 0.00617797
376.902 0.770515 0.00619145
377.268 0.769816 0.00616323
377.633 0.768242 0.00614564
377.998 0.770134 0.00612964
378.364 0.76967 0.0061013
378.729 0.774082 0.00612906
379.094 0.779961 0.00617921
379.459 0.779302 0.00625934
379.825 0.772645 0.00620493
380.19 0.770634 0.00620646
380.555 0.775427 0.00626948
380.92 0.78107 0.00637088
381.285 0.774446 0.00633181
381.65 0.769036 0.00626055
382.015 0.777026 0.00630226
382.38 0.776475 0.0063245
382.745 0.776251 0.00636236
383.11 0.779083 0.00639119
383.474 0.773347 0.00634882
383.839 0.782598 0.00639819
384.204 0.7805 0.00641023
384.569 0.777349 0.00640511
384.933 0.778997 0.00643056
385.298 0.774591 0.00642234
385.663 0.773278 0.00639869
386.027 0.771029 0.00637617
386.392 0.768438 0.00633828
386.756 0.771649 0.00631957
387.121 0.770975 0.006315
387.485 0.777183 0.00632089
387.849 0.778438 0.00629638
388.214 0.782726 0.00638375
388.578 0.789336 0.00644289
388.942 0.778647 0.00643171
389.307 0.778576 0.00642556
389.671 0.777902 0.00644642
390.035 0.774948 0.00640486
390.399 0.775674 0.00639282
390.763 0.772196 0.00634086
391.127 0.776458 0.00633541
391.492 0.769495 0.0062202
391.856 0.767278 0.00613964
392.219 0.774409 0.00612209
392.583 0.78283 0.00619034
392.947 0.79344 0.00636662
393.311 0.78309 0.00638333
393.675 0.785679 0.00641315
394.039 0.783746 0.00644491
394.403 0.784156 0.0064498
394.766 0.783798 0.00646586
395.13 0.778646 0.00646162
395.494 0.777493 0.00645427
395.857 0.773803 0.00641081
396.221 0.777909 0.00639869
396.584 0.772846 0.00633006
396.948 0.766465 0.00623582
397.311 0.769669 0.00615681
397.675 0.773884 0.0061403
398.038 0.781617 0.0061739
398.401 0.783252 0.00626821
398.765 0.782294 0.00636124
399.128 0.787994 0.00647559
399.491 0.783397 0.0065058
399.854 0.773138 0.00647226
400.218 0.775899 0.00650266
400.581 0.779506 0.00653633
400.944 0.777577 0.0065602
401.307 0.781354 0.00665526
401.67 0.778102 0.0066221
402.033 0.774448 0.00662579
402.396 0.777768 0.00664368
402.759 0.776218 0.00664514
403.122 0.774613 0.00660588
403.485 0.776327 0.00661148
403.847 0.767769 0.00652023
404.21 0.773744 0.00651173
404.573 0.776441 0.00651595
404.936 0.776866 0.00648562
405.298 0.781414 0.00657598
405.661 0.785113 0.00668394
406.023 0.786435 0.00678442
406.386 0.781373 0.00678649
406.749 0.775924 0.00679372
407.111 0.77316 0.00677291
407.473 0.762497 0.00661841
407.836 0.769019 0.00663697
408.198 0.772991 0.00661357
408.561 0.776692 0.00664846
408.923 0.773712 0.00664549
409.285 0.775626 0.00666599
409.647 0.785147 0.00676556
410.009 0.778422 0.00680023
410.372 0.777361 0.0067857
410.734 0.773495 0.00680284
411.096 0.770662 0.00677845
411.458 0.772821 0.0067863
411.82 0.76772 0.00671949
412.182 0.769918 0.00667803
412.544 0.777582 0.0067262
412.906 0.772027 0.00669028
413.267 0.77668 0.0067344
413.629 0.783479 0.00681705
413.991 0.774538 0.0068099
414.353 0.776875 0.00683895
414.714 0.781737 0.00693257
415.076 0.773334 0.00687809
415.438 0.773877 0.00687301
415.799 0.772039 0.00683745
416.161 0.772723 0.00690046
416.522 0.775155 0.00693975
416.884 0.768002 0.00691195
417.245 0.7694 0.00694377
417.607 0.765546 0.00690927
417.968 0.763949 0.00689429
418.329 0.771344 0.00691891
418.691 0.771926 0.00691922
419.052 0.771208 0.00691119
419.413 0.761804 0.00680712
419.774 0.763339 0.00679278
420.135 0.75819 0.00661911
420.497 0.759626 0.00652083
420.858 0.764171 0.00645008
421.219 0.775995 0.00652174
421.58 0.784854 0.00664248
421.941 0.785811 0.00676324
422.302 0.778096 0.00682022
422.662 0.779446 0.00685551
423.023 0.772945 0.00685698
423.384 0.770941 0.00687104
423.745 0.77025 0.00682652
424.106 0.763835 0.00679421
424.466 0.775987 0.00683472
424.827 0.784836 0.00696847
425.187 0.779966 0.00703473
425.548 0.774613 0.00707678
425.909 0.769885 0.00709245
426.269 0.76597 0.00702451
426.63 0.76576 0.00697593
426.99 0.765557 0.00691775
427.35 0.771882 0.00697728
427.711 0.763737 0.00689118
428.071 0.759462 0.00681434
428.431 0.749523 0.00664026
428.792 0.743681 0.00638797
429.152 0.751501 0.00624494
429.512 0.767567 0.00629952
429.872 0.775032 0.00637401
430.232 0.783237 0.00652081
430.592 0.790523 0.00673696
430.952 0.792245 0.00694343
431.312 0.791368 0.00711223
431.672 0.769723 0.00709507
432.032 0.76156 0.00703579
432.392 0.756031 0.0069154
432.752 0.72993 0.0064607
433.111 0.747591 0.00639239
433.471 0.782102 0.00664058
433.831 0.790214 0.00693635
434.19 0.771438 0.00685434
434.55 0.764296 0.0068213
434.91 0.768626 0.00692039
435.269 0.755033 0.00676445
435.629 0.759669 0.00677024
435.988 0.760764 0.00674611
436.348 0.78035 0.0069369
436.707 0.772674 0.00700773
437.066 0.766562 0.00697615
437.426 0.753336 0.00683362
437.785 0.758088 0.00683593
438.144 0.759052 0.00683175
438.503 0.77247 0.00698281
438.862 0.766258 0.00696756
439.222 0.771467 0.00704699
439.581 0.762567 0.0070363
439.94 0.750634 0.00688322
440.299 0.735203 0.00658247
440.658 0.746041 0.00646204
441.017 0.758902 0.00651961
441.376 0.775068 0.00666558
441.734 0.773414 0.00672685
442.093 0.759667 0.0066639
442.452 0.750432 0.00657571
442.811 0.759599 0.00658667
443.169 0.759016 0.00658167
443.528 0.776744 0.00679619
443.887 0.762917 0.00673974
444.245 0.765689 0.00678155
444.604 0.761218 0.00681801
444.962 0.759455 0.00684251
445.321 0.759907 0.00685093
445.679 0.751495 0.0067771
446.038 0.760611 0.00679318
446.396 0.767908 0.00691973
446.754 0.767422 0.00701219
447.112 0.767242 0.00704682
447.471 0.752089 0.00698489
447.829 0.751678 0.0070195
448.187 0.752978 0.00701308
448.545 0.756445 0.00700771
448.903 0.756009 0.00702383
449.261 0.761443 0.00706953
449.619 0.75984 0.00712896
449.977 0.766114 0.0071932
450.335 0.765238 0.00726785
450.693 0.761334 0.00726725
451.051 0.755475 0.00722489
451.409 0.758491 0.00726768
451.766 0.759291 0.00728078
452.124 0.761509 0.0073937
452.482 0.761369 0.00746626
452.839 0.765019 0.00756771
453.197 0.758585 0.00754913
453.555 0.759971 0.00758726
453.912 0.757911 0.00755707
454.27 0.747114 0.0073847
454.627 0.746729 0.00729556
454.984 0.761611 0.0073853
455.342 0.773067 0.00755471
455.699 0.767626 0.00761208
456.056 0.750438 0.0074817
456.414 0.758487 0.00745447
456.771 0.74382 0.00724706
457.128 0.751023 0.00725421
457.485 0.755153 0.0072489
457.842 0.764009 0.0073364
458.199 0.758309 0.00730053
458.556 0.753582 0.00720753
458.913 0.749071 0.00718622
459.27 0.75545 0.00717588
459.627 0.765953 0.00733071
459.984 0.745067 0.00717736
460.341 0.753199 0.00720714
460.697 0.758755 0.00731986
461.054 0.776985 0.00762547
461.411 0.769465 0.00774481
461.767 0.75838 0.00777949
462.124 0.747231 0.00770279
462.481 0.746317 0.007606
462.837 0.744887 0.00748076
463.194 0.747282 0.00733595
463.55 0.751581 0.00740433
463.907 0.73822 0.00714557
464.263 0.742325 0.00706677
464.619 0.738156 0.00691349
464.976 0.743207 0.00684104
465.332 0.759356 0.00691325
465.688 0.775735 0.00720183
466.044 0.776959 0.00746627
466.4 0.766113 0.00752933
466.756 0.753795 0.00751756
467.112 0.753572 0.00751638
467.468 0.75016 0.00748826
467.824 0.759385 0.00761145
468.18 0.764877 0.0077387
468.536 0.752221 0.00768082
468.892 0.762323 0.00785557
469.248 0.752385 0.00783882
469.604 0.753336 0.00789095
469.959 0.754673 0.00789515
470.315 0.756792 0.00790196
470.671 0.750362 0.00786046
471.026 0.745837 0.00777059
471.382 0.742866 0.0076809
471.737 0.74435 0.00762671
472.093 0.740939 0.00749051
472.448 0.733422 0.00730936
472.804 0.739696 0.00727796
473.159 0.746188 0.00724982
473.514 0.758721 0.00734761
473.87 0.738011 0.00714338
474.225 0.727929 0.00689169
474.58 0.734149 0.0067846
474.935 0.759956 0.00696154
475.29 0.765422 0.00708073
475.645 0.751489 0.0070231
476 0.743738 0.00699578
476.355 0.75024 0.00708956
476.71 0.741548 0.00704423
477.065 0.724343 0.00675924
477.42 0.732626 0.00670812
477.775 0.743906 0.00676771
478.13 0.748804 0.00685103
478.485 0.74286 0.00677434
478.839 0.73271 0.00664742
479.194 0.72339 0.00643574
479.549 0.736505 0.00641418
479.903 0.751493 0.00649639
480.258 0.75135 0.00654689
480.612 0.73156 0.00637585
480.967 0.727197 0.00620983
481.321 0.747936 0.00631795
481.675 0.756049 0.00647449
482.03 0.756133 0.00658907
482.384 0.744134 0.00656403
482.738 0.733208 0.00645353
483.093 0.734134 0.00641045
483.447 0.725492 0.0062342
483.801 0.722098 0.00602541
484.155 0.731013 0.00598513
484.509 0.620642 0.00480216
484.863 0.579679 0.00316324
485.217 0.674506 0.00310118
485.571 0.798708 0.00346182
485.925 0.977268 0.00487793
486.279 0.889745 0.00539703
486.632 0.777269 0.00545586
486.986 0.76978 0.00586912
487.34 0.769366 0.00626365
487.694 0.753163 0.00637034
488.047 0.734132 0.00632491
488.401 0.738625 0.00635228
488.754 0.742446 0.00640913
489.108 0.74988 0.00654625
489.461 0.748468 0.00657175
489.815 0.747935 0.00663794
490.168 0.733482 0.00650097
490.522 0.73531 0.00648138
490.875 0.735636 0.00649256
491.228 0.745089 0.00657908
491.581 0.734236 0.00648618
491.935 0.742055 0.00654473
492.288 0.741995 0.00657144
492.641 0.739714 0.0065148
492.994 0.738622 0.00650511
493.347 0.733525 0.00639261
493.7 0.739728 0.00642449
494.053 0.740416 0.00644947
494.406 0.753319 0.00661064
494.759 0.750294 0.00673187
495.111 0.719861 0.00638802
495.464 0.702423 0.00603324
495.817 0.732299 0.00604893
496.169 0.760186 0.00633597
496.522 0.77238 0.00667489
496.875 0.75677 0.00682775
497.227 0.743066 0.0068325
497.58 0.729412 0.00675763
497.932 0.727335 0.00666879
498.285 0.727014 0.00660645
498.637 0.716785 0.00639643
498.989 0.725736 0.00636458
499.342 0.743662 0.00649048
499.694 0.749237 0.0066588
500.046 0.734609 0.00665009
500.398 0.721514 0.00642917
500.751 0.730203 0.00640877
501.103 0.730592 0.00639004
501.455 0.739701 0.00643962
501.807 0.734728 0.00642758
502.159 0.737699 0.00644404
502.511 0.733126 0.00640809
502.862 0.736718 0.00645144
503.214 0.740646 0.00655703
503.566 0.746822 0.00671777
503.918 0.741816 0.00676767
504.27 0.728558 0.00669981
504.621 0.737844 0.00675883
504.973 0.736209 0.00678943
505.324 0.73262 0.00672912
505.676 0.721702 0.00656242
506.027 0.733489 0.00663365
506.379 0.75466 0.00695294
506.73 0.738652 0.00698369
507.082 0.727742 0.00688273
507.433 0.714073 0.00669151
507.784 0.728712 0.00670323
508.136 0.73589 0.0068537
508.487 0.745363 0.00696846
508.838 0.737154 0.00699496
509.189 0.726805 0.00693805
509.54 0.72585 0.00684081
509.891 0.731509 0.00694687
510.242 0.733359 0.0069634
510.593 0.740052 0.00703962
510.944 0.730295 0.00703215
511.295 0.744447 0.00724782
511.646 0.743368 0.00732278
511.996 0.722214 0.00714348
512.347 0.720876 0.00708317
512.698 0.734832 0.00717504
513.049 0.735377 0.00722192
513.399 0.729258 0.00722517
513.75 0.723014 0.00717266
514.1 0.742117 0.00740468
514.451 0.741461 0.00755531
514.801 0.72766 0.0074518
515.152 0.71797 0.00733659
515.502 0.719239 0.00722926
515.852 0.730143 0.00724475
516.202 0.732179 0.00724512
516.553 0.742163 0.00740099
516.903 0.742173 0.00751391
517.253 0.740422 0.00761827
517.603 0.725872 0.00754167
517.953 0.725619 0.00750371
518.303 0.719193 0.00729507
518.653 0.727212 0.00727552
519.003 0.739522 0.0073932
519.353 0.748802 0.00770553
519.703 0.739973 0.00782241
520.052 0.727463 0.00779578
520.402 0.721649 0.0077218
520.752 0.72735 0.00766351
521.102 0.744905 0.00788113
521.451 0.735988 0.00788959
521.801 0.734153 0.00785722
522.15 0.715062 0.00762588
522.5 0.728449 0.00768444
522.849 0.71958 0.00761353
523.199 0.727045 0.00758063
523.548 0.725354 0.00749901
523.897 0.734882 0.00763538
524.246 0.734295 0.00775936
524.596 0.740017 0.00789979
524.945 0.720754 0.00775084
525.294 0.722074 0.00775704
525.643 0.729039 0.00777699
525.992 0.72892 0.00776307
526.341 0.724345 0.00769041
526.69 0.735494 0.00781037
527.039 0.733106 0.00787368
527.388 0.724789 0.00788365
527.737 0.711093 0.00757122
528.086 0.705198 0.00726237
528.434 0.721065 0.00720922
528.783 0.74964 0.00755154
529.132 0.736902 0.00762962
529.48 0.72822 0.00768213
529.829 0.725341 0.00770917
530.177 0.73424 0.00783593
530.526 0.730518 0.00783526
530.874 0.72332 0.00772223
531.223 0.719152 0.00768882
531.571 0.727811 0.00780159
531.919 0.715165 0.00765752
532.268 0.697879 0.00733341
532.616 0.708604 0.00715333
532.964 0.721445 0.00711078
533.312 0.728279 0.00714808
533.66 0.73017 0.00718966
534.008 0.723973 0.00714279
534.356 0.724118 0.00714822
534.704 0.732826 0.00725643
535.052 0.734522 0.00736253
535.4 0.734095 0.00751597
535.748 0.730806 0.00767766
536.095 0.735354 0.00789664
536.443 0.723141 0.00784056
536.791 0.705535 0.00758072
537.139 0.70964 0.00742769
537.486 0.711803 0.00726695
537.834 0.723038 0.00728527
538.181 0.722915 0.00724283
538.529 0.726274 0.00730053
538.876 0.721262 0.00725644
539.223 0.734585 0.00744698
539.571 0.730762 0.00758647
539.918 0.717462 0.00749047
540.265 0.708621 0.00729741
540.613 0.717031 0.00721434
540.96 0.728725 0.00736298
541.307 0.721529 0.0073399
541.654 0.712074 0.00728983
542.001 0.720735 0.00735686
542.348 0.716614 0.00733443
542.695 0.718813 0.00735496
543.042 0.71058 0.00720049
543.388 0.709296 0.00710301
543.735 0.725602 0.00717421
544.082 0.719312 0.00713217
544.429 0.72462 0.00719139
544.775 0.731902 0.0073866
545.122 0.736723 0.00763061
545.469 0.721307 0.0076738
545.815 0.70942 0.00756626
546.162 0.71221 0.0075208
546.508 0.708062 0.0073449
546.854 0.699395 0.00702925
547.201 0.703806 0.00679321
547.547 0.726689 0.00688277
547.893 0.736189 0.00708315
548.24 0.752044 0.00754243
548.586 0.729151 0.00773559
548.932 0.720759 0.00780536
549.278 0.704355 0.00772151
549.624 0.717993 0.00775426
549.97 0.72719 0.00787679
550.316 0.721984 0.00800524
550.662 0.716881 0.00805898
551.008 0.684419 0.007467
551.353 0.697804 0.00713683
551.699 0.723815 0.00710785
552.045 0.745263 0.00740662
552.391 0.720308 0.00743246
552.736 0.714443 0.00743594
553.082 0.708572 0.0074162
553.427 0.728271 0.00765146
553.773 0.727996 0.00790331
554.118 0.705628 0.00778143
554.464 0.69822 0.00754186
554.809 0.6897 0.007198
555.154 0.724707 0.00727904
555.5 0.726398 0.00730405
555.845 0.737252 0.00764452
556.19 0.729199 0.00780894
556.535 0.717684 0.007921
556.88 0.704578 0.00772178
557.225 0.717268 0.00776214
557.57 0.718843 0.00792229
557.915 0.731506 0.00820843
558.26 0.716357 0.0082231
558.605 0.709743 0.00815602
558.95 0.700353 0.00792324
559.295 0.684465 0.00741513
559.639 0.693454 0.00718275
559.984 0.700542 0.00694345
560.329 0.714553 0.00698664
560.673 0.720084 0.00703797
561.018 0.72296 0.00725896
561.362 0.719363 0.00743391
561.707 0.717158 0.00760858
562.051 0.703072 0.00744165
562.395 0.696324 0.00730803
562.74 0.706225 0.00721376
563.084 0.702663 0.00710663
563.428 0.707582 0.00698255
563.772 0.717032 0.0070616
564.117 0.704221 0.00694705
564.461 0.709207 0.00694954
564.805 0.710124 0.00701461
565.149 0.709899 0.00698116
565.493 0.707981 0.00698241
565.836 0.705173 0.00683467
566.18 0.703448 0.00672654
566.524 0.683979 0.00618518
566.868 0.699867 0.00608885
567.212 0.712598 0.0060394
567.555 0.700527 0.00591236
567.899 0.690548 0.00559811
568.242 0.695235 0.00538771
568.586 0.687365 0.00501316
568.929 0.684974 0.00468431
569.273 0.694605 0.00445982
569.616 0.718783 0.00454317
569.96 0.701655 0.00439805
570.303 0.694708 0.00424024
570.646 0.704216 0.00421613
570.989 0.696965 0.00406446
571.333 0.713952 0.00416491
571.676 0.728819 0.00436533
572.019 0.724213 0.00470538
572.362 0.666418 0.00425896
572.705 0.673281 0.00397328
573.048 0.699645 0.00385528
573.391 0.701345 0.00373401
573.733 0.706944 0.00369681
574.076 0.705055 0.00365106
574.419 0.725089 0.00381542
574.762 0.716934 0.00399604
575.104 0.725534 0.00430315
575.447 0.669722 0.00407851
575.789 0.662721 0.00381354
576.132 0.692955 0.003684
576.474 0.695152 0.00364854
576.817 0.684917 0.00335019
577.159 0.698808 0.00319955
577.501 0.739512 0.00331739
577.844 0.749249 0.00357379
578.186 0.730826 0.00395902
578.528 0.684418 0.00398774
578.87 0.68716 0.00401317
579.212 0.677608 0.00385225
579.554 0.702833 0.00379794
579.896 0.704228 0.00382486
580.238 0.670685 0.00351749
580.58 0.684672 0.00312258
580.922 0.737704 0.00311507
581.264 0.795724 0.00323517
581.606 0.753206 0.00328614
581.947 0.731196 0.00343678
582.289 0.723612 0.00379838
582.631 0.705277 0.00415947
582.972 0.684601 0.00437286
583.314 0.674094 0.00429134
583.655 0.669794 0.00413518
583.997 0.665457 0.0037624
584.338 0.687678 0.00355738
584.679 0.702808 0.0034505
585.021 0.735686 0.00362733
585.362 0.725148 0.00386954
585.703 0.714537 0.00413144
586.044 0.666979 0.00400646
586.385 0.666146 0.00378879
586.726 0.688862 0.00367983
587.067 0.72967 0.00393589
587.408 0.717186 0.00412581
587.749 0.70896 0.00429658
588.09 0.697062 0.00443795
588.431 0.713177 0.00475635
588.772 0.685724 0.0048506
589.113 0.679359 0.00474467
589.453 0.690937 0.00475897
589.794 0.712049 0.00499658
590.134 0.71085 0.00525875
590.475 0.68994 0.00530125
590.815 0.681049 0.00521824
591.156 0.699482 0.00529592
591.496 0.666999 0.00501383
591.837 0.653258 0.00426865
592.177 0.674973 0.00394158
592.517 0.71324 0.00387918
592.857 0.728184 0.00413262
593.198 0.718926 0.00436893
593.538 0.715103 0.00480674
593.878 0.678535 0.00483185
594.218 0.662541 0.00462054
594.558 0.687684 0.00453243
594.898 0.711497 0.00474008
595.237 0.72163 0.00506967
595.577 0.712043 0.00536119
595.917 0.688085 0.00553343
596.257 0.668212 0.00522446
596.596 0.678026 0.00513042
596.936 0.710663 0.00516527
597.276 0.707935 0.00535688
597.615 0.678382 0.00515092
597.955 0.65045 0.00443598
598.294 0.692919 0.00429559
598.633 0.72171 0.00439845
598.973 0.710017 0.00452712
599.312 0.684495 0.00443145
599.651 0.702928 0.00452633
599.991 0.696003 0.00460235
600.33 0.699216 0.00468424
600.669 0.696271 0.00480833
601.008 0.703368 0.00499983
601.347 0.687405 0.00511122
601.686 0.675848 0.00492005
602.025 0.69306 0.00501555
602.364 0.680042 0.00472069
602.702 0.694186 0.00470111
603.041 0.702944 0.004762
603.38 0.71116 0.00501886
603.719 0.703795 0.00522024
604.057 0.684275 0.005292
604.396 0.677328 0.00525676
604.734 0.65632 0.00494215
605.073 0.68501 0.00467106
605.411 0.704601 0.00478337
605.75 0.719708 0.00501088
606.088 0.690438 0.00516483
606.426 0.674017 0.00497794
606.764 0.683329 0.00494332
607.103 0.709114 0.00519529
607.441 0.696834 0.00532787
607.779 0.685544 0.00541264
608.117 0.687034 0.00538146
608.455 0.705581 0.00568493
608.793 0.672863 0.00560509
609.131 0.662385 0.00518834
609.469 0.693005 0.00517885
609.806 0.718144 0.00534284
610.144 0.707622 0.00572004
610.482 0.677462 0.00565497
610.819 0.68799 0.00568626
611.157 0.68959 0.00572283
611.495 0.695476 0.00594863
611.832 0.681636 0.00590673
612.17 0.682916 0.00586927
612.507 0.685597 0.0058151
612.844 0.689883 0.00589453
613.182 0.687996 0.00590007
613.519 0.68369 0.00584535
613.856 0.689795 0.00585609
614.193 0.669611 0.00569702
614.53 0.683976 0.00563784
614.867 0.700936 0.00570113
615.205 0.704631 0.00600236
615.541 0.698006 0.00618997
615.878 0.676567 0.00635293
616.215 0.673633 0.00627442
616.552 0.683664 0.00638555
616.889 0.677706 0.00621171
617.226 0.692828 0.00621621
617.562 0.706919 0.00647871
617.899 0.707622 0.00687338
618.235 0.690308 0.00713855
618.572 0.673765 0.00731378
618.908 0.666413 0.00702137
619.245 0.678368 0.00679495
619.581 0.700146 0.00678214
619.918 0.736845 0.00753562
620.254 0.717291 0.00838723
620.59 0.663825 0.00819006
620.926 0.652129 0.00756883
621.262 0.681417 0.0073072
621.599 0.712234 0.00750457
621.935 0.682627 0.00725446
622.271 0.684809 0.00699361
622.606 0.692927 0.00688294
622.942 0.709254 0.00713619
623.278 0.688826 0.00723766
623.614 0.668006 0.00679245
623.95 0.691382 0.00688261
624.285 0.698443 0.00704662
624.621 0.701027 0.00744317
624.957 0.682575 0.007573
625.292 0.696701 0.00788232
625.628 0.683474 0.00804335
625.963 0.670986 0.00802243
626.299 0.678266 0.00789977
626.634 0.681217 0.00779273
626.969 0.700642 0.00804922
627.304 0.715218 0.00881529
627.64 0.692026 0.00930083
627.975 0.66125 0.00890975
628.31 0.646813 0.00832947
628.645 0.697036 0.00844903
628.98 0.698052 0.00864098
629.315 0.699147 0.00881348
629.65 0.684313 0.00878906
629.985 0.682728 0.00875419
630.319 0.701518 0.0092619
630.654 0.674039 0.00918213
630.989 0.677457 0.0091603
631.323 0.687185 0.00938565
631.658 0.707903 0.0099143
631.993 0.690672 0.0102169
632.327 0.684052 0.0102066
632.662 0.676417 0.0100945
632.996 0.677715 0.00988007
633.33 0.67552 0.00971804
633.665 0.706814 0.0102887
633.999 0.693849 0.0105036
634.333 0.681214 0.0104054
634.667 0.685029 0.0104706
635.001 0.681727 0.0101909
635.335 0.674515 0.00975109
635.669 0.683249 0.00944983
636.003 0.713641 0.00979218
636.337 0.714008 0.0102843
636.671 0.69678 0.0106901
637.005 0.683952 0.0108789
637.339 0.67243 0.0107392
637.672 0.667942 0.0103125
638.006 0.693769 0.0102402
638.339 0.71243 0.0105283
638.673 0.696051 0.0107379
639.006 0.701349 0.0111172
639.34 0.69456 0.0110572
639.673 0.690446 0.0111817
640.007 0.683945 0.011101
640.34 0.692501 0.011365
640.673 0.693722 0.0114617
641.006 0.705295 0.0117268
641.34 0.688815 0.0117152
641.673 0.694161 0.0120414
642.006 0.689563 0.0122082
642.339 0.673553 0.0118523
642.672 0.697274 0.0119851
643.004 0.686132 0.0119568
643.337 0.69904 0.0124575
643.67 0.688875 0.0123632
644.003 0.687478 0.0122297
644.336 0.69566 0.0122507
644.668 0.670161 0.0120025
645.001 0.696882 0.012451
645.333 0.712829 0.0129024
645.666 0.701491 0.0130634
645.998 0.691188 0.0132632
646.331 0.701523 0.0135651
646.663 0.687229 0.013288
646.995 0.666774 0.0122906
647.327 0.671868 0.01133
647.66 0.689777 0.0108517
647.992 0.698516 0.0107534
648.324 0.693053 0.0106717
648.656 0.692263 0.0108139
648.988 0.698568 0.0112955
649.32 0.702857 0.0121197
649.652 0.69281 0.0125973
649.983 0.66638 0.0126207
650.315 0.675659 0.0127902
650.647 0.660014 0.0123512
650.979 0.675246 0.0119231
651.31 0.678746 0.0114942
651.642 0.690697 0.0113346
651.973 0.692909 0.0113451
652.305 0.691715 0.0112923
652.636 0.698499 0.0115048
652.967 0.694272 0.0117292
653.299 0.684143 0.0119147
653.63 0.66261 0.0115932
653.961 0.636745 0.0105573
654.292 0.546942 0.00751012
654.623 0.424376 0.00239777
654.955 0.900098 0.00342792
655.286 0.900043 0.00342771
655.616 0.899987 0.0034275
655.947 0.89993 0.00342728
656.278 0.899872 0.00342706
656.609 0.488326 0.00264191
656.94 0.417883 0.00323396
657.27 0.377146 0.00360189
657.601 0.395532 0.00425443
657.932 0.448559 0.00541908
658.262 0.501608 0.00698074
658.593 0.569617 0.00892344
658.923 0.608919 0.0107879
659.254 0.642455 0.0122403
659.584 0.649071 0.0130627
659.914 0.671912 0.0139176
660.244 0.672345 0.0142698
660.575 0.669165 0.0141319
660.905 0.69585 0.0144323
661.235 0.679406 0.0140612
661.565 0.68831 0.0140512
661.895 0.679142 0.0138776
662.225 0.685737 0.0141645
662.555 0.69642 0.0144726
662.884 0.673374 0.0140721
663.214 0.686652 0.0140141
663.544 0.693336 0.0139357
663.873 0.687578 0.013672
664.203 0.691394 0.0135606
664.533 0.672626 0.013013
664.862 0.690433 0.0130924
665.192 0.700056 0.0135626
665.521 0.700992 0.0143084
665.85 0.679738 0.0145084
666.18 0.691816 0.0152397
666.509 0.676618 0.0149818
666.838 0.673706 0.0145961
667.167 0.674543 0.0144176
667.496 0.700557 0.0149462
667.825 0.694854 0.0149601
668.154 0.690943 0.0148931
668.483 0.69107 0.0147933
668.812 0.688794 0.0144937
669.141 0.704821 0.0145151
669.47 0.699109 0.0142782
669.798 0.708304 0.0145188
670.127 0.69875 0.0144342
670.456 0.654528 0.0131799
670.784 0.649783 0.0117792
671.113 0.675517 0.0110247
671.441 0.699508 0.0107201
671.77 0.705767 0.0109467
672.098 0.700456 0.0113345
672.426 0.712908 0.0127129
672.755 0.67323 0.0131356
673.083 0.652835 0.0131179
673.411 0.65748 0.0131383
673.739 0.684249 0.0135992
674.067 0.67677 0.0142389
674.395 0.681013 0.0142819
674.723 0.662446 0.0137191
675.051 0.687509 0.013774
675.379 0.678534 0.0136725
675.706 0.691597 0.0139553
676.034 0.681475 0.0141654
676.362 0.677777 0.014195
676.689 0.65512 0.0131092
677.017 0.674172 0.0124252
677.344 0.692799 0.0120996
677.672 0.699471 0.0123661
677.999 0.674819 0.0122941
678.327 0.668235 0.0119902
678.654 0.663559 0.0114282
678.981 0.676022 0.011188
679.308 0.687257 0.0113705
679.636 0.704194 0.0120478
679.963 0.701309 0.0126249
680.29 0.653956 0.0122243
680.617 0.662399 0.0120739
680.944 0.672748 0.0119874
681.271 0.7039 0.0126151
681.597 0.698789 0.0134193
681.924 0.684389 0.0141442
682.251 0.665049 0.013888
682.578 0.652979 0.0130382
682.904 0.656805 0.0122017
683.231 0.679941 0.0119209
683.557 0.673191 0.0115959
683.884 0.674092 0.0112727
684.21 0.6743 0.0110104
684.536 0.667752 0.0105987
684.863 0.678772 0.0105253
685.189 0.679897 0.0107117
685.515 0.697014 0.0114328
685.841 0.668351 0.0115619
686.167 0.652209 0.0114327
686.493 0.666218 0.0114168
686.819 0.678823 0.0115897
687.145 0.682788 0.012131
687.471 0.678204 0.0130015
687.797 0.659278 0.0132489
688.123 0.648155 0.0130567
688.448 0.66401 0.0127819
688.774 0.667488 0.0124302
689.1 0.685805 0.0128129
689.425 0.682184 0.0133152
689.751 0.670013 0.0134094
690.076 0.648014 0.0124531
690.402 0.655936 0.0117056
690.727 0.676875 0.0115239
691.052 0.691399 0.0119523
691.377 0.681959 0.0122267
691.703 0.681286 0.0125301
692.028 0.657722 0.0123184
692.353 0.670687 0.0121763
692.678 0.668539 0.0122502
693.003 0.699553 0.0130075
693.328 0.689278 0.0138649
693.652 0.668713 0.0142731
693.977 0.643091 0.0136625
694.302 0.641994 0.0128714
694.627 0.688357 0.0131418
694.951 0.696983 0.0136993
695.276 0.721145 0.015276
695.6 0.655156 0.0148052
695.925 0.615701 0.0125966
696.249 0.641021 0.0113333
696.574 0.671956 0.0109969
696.898 0.72045 0.0119051
697.222 0.685269 0.0122726
697.546 0.668545 0.0126096
697.871 0.66118 0.0128041
698.195 0.66189 0.0129049
698.519 0.665169 0.0132642
698.843 0.68246 0.01382
699.167 0.665683 0.014162
699.491 0.676917 0.0148249
699.814 0.665641 0.0148197
700.138 0.665379 0.0148621
700.462 0.678505 0.0152561
700.786 0.655589 0.0147971
701.109 0.66683 0.0145556
701.433 0.680532 0.0141951
701.756 0.67796 0.0136625
702.08 0.679824 0.0136824
702.403 0.688948 0.0140545
702.726 0.697791 0.0147446
703.05 0.678317 0.0148923
703.373 0.670713 0.0149812
703.696 0.675938 0.0150521
704.019 0.681907 0.0156459
704.342 0.694866 0.01637
704.665 0.694185 0.0170375
704.988 0.659776 0.0165013
705.311 0.653608 0.0154147
705.634 0.636871 0.0136617
705.957 0.653855 0.0125373
706.28 0.657282 0.0116447
706.602 0.691261 0.011818
706.925 0.694237 0.0120925
707.247 0.692494 0.0125586
707.57 0.665565 0.0127975
707.892 0.666716 0.0132457
708.215 0.663371 0.013858
708.537 0.652889 0.0140865
708.859 0.654834 0.0141881
709.182 0.657546 0.0140703
709.504 0.665919 0.0137869
709.826 0.665243 0.013607
710.148 0.66705 0.0136804
710.47 0.688352 0.0142921
710.792 0.68323 0.014765
711.114 0.668659 0.0150964
711.436 0.67021 0.0154501
711.758 0.645426 0.0149164
712.079 0.648481 0.0147808
712.401 0.657013 0.0141436
712.723 0.662657 0.0136886
713.044 0.64621 0.0127354
713.366 0.671798 0.0128405
713.687 0.678156 0.0130059
714.009 0.668311 0.0132615
714.33 0.665722 0.0135325
714.652 0.667322 0.0139338
714.973 0.67554 0.0145052
715.294 0.66486 0.0151301
715.615 0.668466 0.0161412
715.936 0.64453 0.016082
716.257 0.668871 0.0165405
716.578 0.686342 0.0168677
716.899 0.66737 0.0162622
717.22 0.670227 0.0152456
717.541 0.667919 0.0148114
717.862 0.6869 0.0149699
718.182 0.673012 0.0147886
718.503 0.666083 0.0143926
718.824 0.674718 0.0146919
719.144 0.690139 0.0150963
719.465 0.658945 0.0150881
719.785 0.654156 0.0147231
720.105 0.663087 0.0146285
720.426 0.6664 0.0144831
720.746 0.669772 0.014766
721.066 0.675726 0.0148583
721.386 0.674175 0.0149932
721.706 0.685887 0.0155627
722.026 0.677821 0.0158815
722.346 0.679445 0.0160327
722.666 0.659112 0.0155844
722.986 0.679112 0.0154267
723.306 0.686694 0.0156337
723.626 0.692147 0.0160068
723.946 0.664941 0.0156577
724.265 0.655869 0.0147192
724.585 0.662396 0.0140123
724.904 0.684201 0.0141353
725.224 0.684122 0.0141722
725.543 0.674575 0.01407
725.863 0.66379 0.0140908
726.182 0.675749 0.0147944
726.501 0.657103 0.0148186
726.82 0.64883 0.014822
727.14 0.646071 0.0142176
727.459 0.654213 0.0138754
727.778 0.655891 0.0138107
728.097 0.659136 0.0140341
728.416 0.646749 0.0137445
728.734 0.648806 0.0133287
729.053 0.668273 0.0133946
729.372 0.666623 0.0133504
729.691 0.643829 0.0127896
730.009 0.639617 0.0121348
730.328 0.649657 0.0118698
730.647 0.667951 0.0120495
730.965 0.659452 0.0123921
731.283 0.664737 0.0129091
731.602 0.637136 0.0127854
731.92 0.623644 0.0124245
732.238 0.625954 0.0121477
732.557 0.647794 0.0122446
732.875 0.634457 0.0118241
733.193 0.616255 0.0109584
733.511 0.649109 0.0109897
733.829 0.660022 0.011414
734.147 0.65772 0.0121435
734.465 0.637462 0.0124988
734.782 0.628141 0.0123959
735.1 0.623635 0.0120053
735.418 0.632142 0.012077
735.735 0.642212 0.0122095
736.053 0.632926 0.0119865
736.371 0.641423 0.0121915
736.688 0.643012 0.0126514
737.005 0.652302 0.0135186
737.323 0.643736 0.0139432
737.64 0.63261 0.0138379
737.957 0.619491 0.012983
738.274 0.617695 0.0118989
738.592 0.65336 0.0119397
738.909 0.665351 0.0123523
739.226 0.651449 0.0133125
739.543 0.641634 0.0142412
739.86 0.641911 0.0150724
740.176 0.64359 0.015484
740.493 0.640448 0.0159125
740.81 0.641492 0.0159757
741.127 0.641827 0.0158111
741.443 0.628122 0.0148205
741.76 0.652137 0.0146008
742.076 0.652633 0.0147356
742.393 0.682597 0.0158785
742.709 0.652957 0.0163895
743.025 0.648609 0.0166358
743.342 0.649749 0.0164975
743.658 0.654591 0.0162401
743.974 0.641964 0.0156379
744.29 0.660278 0.0158433
744.606 0.652689 0.0159203
744.922 0.64143 0.0158107
745.238 0.652122 0.0159904
745.554 0.637636 0.0161943
745.87 0.645386 0.016464
746.186 0.63872 0.015704
746.501 0.638757 0.0151267
746.817 0.649781 0.0154997
747.132 0.654692 0.0166999
747.448 0.649196 0.017283
747.763 0.625196 0.0167072
748.079 0.61351 0.0158616
748.394 0.646596 0.0151801
748.71 0.621524 0.0138556
749.025 0.618915 0.0130177
749.34 0.636583 0.0130306
749.655 0.642783 0.0133803
749.97 0.63439 0.0137712
750.285 0.611348 0.0135606
750.6 0.606127 0.013214
750.915 0.611238 0.0129398
751.23 0.621655 0.0133065
751.545 0.623415 0.0138729
751.859 0.620236 0.0143588
752.174 0.599449 0.0142809
752.489 0.587867 0.0134303
752.803 0.60641 0.0128217
753.118 0.620783 0.0128754
753.432 0.619514 0.0132937
753.747 0.627385 0.0138737
754.061 0.604423 0.013156
754.375 0.592931 0.012485
754.689 0.599879 0.012167
755.004 0.614393 0.0122935
755.318 0.607253 0.0119554
755.632 0.584022 0.0111527
755.946 0.602902 0.0111267
756.26 0.593254 0.0105439
756.573 0.596608 0.0101167
756.887 0.593382 0.00978214
757.201 0.606065 0.0100959
757.515 0.602737 0.0110287
757.828 0.588976 0.0116923
758.142 0.568594 0.0114501
758.455 0.563072 0.010582
758.769 0.570678 0.0100887
759.082 0.579762 0.00989211
759.396 0.585634 0.00979265
759.709 0.578079 0.00965383
760.022 0.59351 0.00986817
760.335 0.598777 0.0104328
760.648 0.59218 0.0111513
760.962 0.577399 0.0118191
761.275 0.557769 0.0121919
761.587 0.564868 0.012429
761.9 0.58871 0.0127207
762.213 0.568145 0.0120884
762.526 0.583769 0.0118115
762.839 0.574459 0.01167
763.151 0.588155 0.0114673
763.464 0.583327 0.0108014
763.776 0.57571 0.0099674
764.089 0.587423 0.00985565
764.401 0.591156 0.0102382
764.714 0.578555 0.0107241
765.026 0.566955 0.0113312
765.338 0.569991 0.0120974
765.65 0.573778 0.0130639
765.962 0.554311 0.0134373
766.275 0.553405 0.0139067
766.587 0.56188 0.014059
766.898 0.567336 0.0136737
767.21 0.570665 0.0129031
767.522 0.569955 0.0119645
767.834 0.57859 0.0116132
768.146 0.588485 0.0117966
768.457 0.606944 0.0127123
768.769 0.577654 0.0130621
769.08 0.560994 0.0129305
769.392 0.566118 0.0125198
769.703 0.570896 0.0119219
770.015 0.580243 0.0115605
770.326 0.577011 0.0115506
770.637 0.57771 0.0119756
770.948 0.57837 0.0128573
771.26 0.554449 0.0133794
771.571 0.554514 0.0135268
771.882 0.550413 0.0131492
772.193 0.580924 0.0136456
772.504 0.587833 0.01407
772.814 0.57594 0.0142048
773.125 0.583512 0.0145939
773.436 0.566641 0.0147945
773.747 0.591647 0.0154577
774.057 0.584782 0.0156965
774.368 0.589677 0.0160099
774.678 0.595799 0.0165124
774.989 0.572639 0.0164423
775.299 0.594114 0.0173114
775.609 0.583573 0.0169658
775.919 0.583719 0.0168288
776.23 0.597149 0.0170419
776.54 0.590167 0.0167985
776.85 0.58756 0.0169375
777.16 0.587498 0.0164335
777.47 0.584681 0.0155423
777.78 0.574331 0.0147253
778.089 0.568669 0.013916
778.399 0.573777 0.0138899
778.709 0.590339 0.0147389
779.019 0.586031 0.0156497
779.328 0.575883 0.0163529
779.638 0.547169 0.0157292
779.947 0.546565 0.0143306
780.257 0.558676 0.0132169
780.566 0.560311 0.0127408
780.875 0.560992 0.0130399
781.185 0.574493 0.0140328
781.494 0.547123 0.0139206
781.803 0.563806 0.0145089
782.112 0.545245 0.0144768
782.421 0.544849 0.0142815
782.73 0.55009 0.0139721
783.039 0.550804 0.0141586
783.348 0.577834 0.0156593
783.656 0.544304 0.0160332
783.965 0.542696 0.0162495
784.274 0.545273 0.0156693
784.582 0.566618 0.0154769
784.891 0.562767 0.0153333
785.199 0.567394 0.0156294
785.508 0.5617 0.0159791
785.816 0.561928 0.0162729
786.124 0.568905 0.0160122
786.432 0.567084 0.0152015
786.741 0.56235 0.0145594
787.049 0.566251 0.0145235
787.357 0.55685 0.0146228
787.665 0.542835 0.0143507
787.973 0.564218 0.0147636
788.281 0.544992 0.014812
788.588 0.542037 0.0155583
788.896 0.548099 0.016618
789.204 0.574194 0.0177001
789.511 0.567116 0.0176382
789.819 0.582209 0.0181971
790.126 0.566667 0.0179601
790.434 0.553418 0.0177449
790.741 0.600211 0.0184332
791.049 0.577 0.0180542
791.356 0.587241 0.0188048
791.663 0.570621 0.0188713
791.97 0.580668 0.0190862
792.277 0.580419 0.0187276
792.584 0.571519 0.0176035
792.891 0.537834 0.0151041
793.198 0.553136 0.0142185
793.505 0.553905 0.01395
793.812 0.552852 0.0143309
794.119 0.549725 0.0146189
794.425 0.551096 0.0150719
794.732 0.543418 0.0156487
795.038 0.55265 0.0174347
795.345 0.531469 0.0183859
795.651 0.563663 0.0199497
795.958 0.554939 0.0198349
796.264 0.531874 0.0181204
796.57 0.55831 0.0178861
796.876 0.58239 0.0181108
797.183 0.56973 0.0182441
797.489 0.584795 0.0192424
797.795 0.576402 0.0192747
798.101 0.567168 0.0190352
798.406 0.574488 0.0192594
798.712 0.583436 0.0199821
799.018 0.57031 0.0200647
799.324 0.586137 0.0203946
799.629 0.580719 0.0203917
799.935 0.59634 0.0208174
800.24 0.612852 0.021505
800.546 0.596847 0.0212296
800.851 0.589292 0.0212868
801.157 0.58908 0.0221947
801.462 0.638894 0.0233383
801.767 0.648395 0.023623
802.072 0.581754 0.0215081
802.377 0.637511 0.0216663
802.682 0.601847 0.0207124
802.987 0.618943 0.0215878
803.292 0.608492 0.0219521
803.597 0.594079 0.0218752
803.902 0.585202 0.0216565
804.207 0.61168 0.0220024
804.511 0.60348 0.0215195
804.816 0.558029 0.0194432
805.12 0.550601 0.0180457
805.425 0.530158 0.0166784
805.729 0.573153 0.0174774
806.034 0.567707 0.0180674
806.338 0.577209 0.0192562
806.642 0.568473 0.0195966
806.946 0.568984 0.019407
807.251 0.570357 0.0196091
807.555 0.567283 0.019245
807.859 0.554526 0.0188829
808.162 0.584873 0.0199555
808.466 0.585686 0.020649
808.77 0.594166 0.021349
809.074 0.60767 0.0223286
809.378 0.605599 0.0223294
809.681 0.586934 0.0218095
809.985 0.604896 0.0224988
810.288 0.62548 0.0231336
810.592 0.612082 0.0227129
810.895 0.629257 0.0235763
811.198 0.624824 0.0245319
811.502 0.638638 0.0251623
811.805 0.63716 0.0258237
812.108 0.588565 0.0236894
812.411 0.62867 0.0237579
812.714 0.612105 0.0218428
813.017 0.590594 0.0203048
813.32 0.581177 0.0201123
813.623 0.571821 0.02058
813.926 0.608774 0.0227727
814.228 0.642735 0.0246507
814.531 0.627313 0.025134
814.833 0.59019 0.0241916
815.136 0.596815 0.0244749
815.438 0.648017 0.0257941
815.741 0.602874 0.0238478
816.043 0.596896 0.0234407
816.345 0.620772 0.0237441
816.648 0.619694 0.0239168
816.95 0.614353 0.0241791
817.252 0.649308 0.0254158
817.554 0.606826 0.0246228
817.856 0.654274 0.0261134
818.158 0.62694 0.0257841
818.46 0.683768 0.0276102
818.761 0.667825 0.0271869
819.063 0.666942 0.0266973
819.365 0.654328 0.0256625
819.666 0.626768 0.0238603
819.968 0.598114 0.0225395
820.269 0.616748 0.0226406
820.571 0.621301 0.0233198
820.872 0.589671 0.0235776
821.173 0.613786 0.0250104
821.475 0.62986 0.0263107
821.776 0.64277 0.0264414
822.077 0.640784 0.0262466
822.378 0.651614 0.0266523
822.679 0.678535 0.0276424
822.98 0.66505 0.0271122
823.281 0.68252 0.0283567
823.581 0.677973 0.027977
823.882 0.676985 0.0283143
824.183 0.687975 0.0282537
824.483 0.623104 0.0259325
824.784 0.608385 0.0245718
825.084 0.621651 0.0252835
825.385 0.646134 0.0261146
825.685 0.671734 0.0271995
825.985 0.665807 0.0268477
826.286 0.631544 0.0257887
826.586 0.622203 0.0250951
826.886 0.633721 0.0253734
827.186 0.625509 0.0255785
827.486 0.641643 0.0267765
827.786 0.667221 0.0277211
828.086 0.615173 0.0263504
828.386 0.639395 0.0265131
828.685 0.638491 0.0263477
828.985 0.683438 0.028074
829.285 0.655797 0.0276902
829.584 0.645336 0.0279123
829.884 0.690199 0.0293063
830.183 0.751936 0.0321834
830.482 0.692047 0.0305383
830.782 0.721834 0.0313211
831.081 0.726452 0.0326104
831.38 0.711719 0.0312344
831.679 0.754389 0.03223
831.978 0.722332 0.0315881
832.277 0.689732 0.0298723
832.576 0.68027 0.0291086
832.875 0.677675 0.0290353
833.174 0.675117 0.0287986
833.472 0.705874 0.0296701
833.771 0.692169 0.0297804
834.07 0.677307 0.0287589
834.368 0.700514 0.0295336
834.667 0.699329 0.0302879
834.965 0.704769 0.030862
835.263 0.708973 0.0309956
835.562 0.720384 0.0312582
835.86 0.730928 0.0311955
836.158 0.712516 0.0311505
836.456 0.756243 0.0329375
836.754 0.733817 0.0323547
837.052 0.742832 0.0335865
837.35 0.755307 0.0332107
837.648 0.783974 0.0342837
837.946 0.73034 0.0333722
838.243 0.754575 0.0339311
838.541 0.731449 0.0325294
838.839 0.755402 0.0331062
839.136 0.728053 0.032433
839.434 0.693723 0.0314666
839.731 0.752491 0.0336545
840.028 0.691491 0.0315224
840.326 0.766667 0.033609
840.623 0.736063 0.0329013
840.92 0.772413 0.0340283
841.217 0.803365 0.0356776
841.514 0.826901 0.0363988
841.811 0.746019 0.0334316
842.108 0.787825 0.0353655
842.405 0.792315 0.0357308
842.701 0.803782 0.0361544
842.998 0.723844 0.0332532
843.295 0.811064 0.0359692
843.591 0.801877 0.0358431
843.888 0.780341 0.0349497
844.184 0.806021 0.0357259
844.481 0.721567 0.0332481
844.777 0.729518 0.0335945
845.073 0.784672 0.0351039
845.369 0.786862 0.0355055
845.665 0.827811 0.0369499
845.962 0.782155 0.0352118
846.258 0.817421 0.0366941
846.553 0.812757 0.0366423
846.849 0.841439 0.0373475
847.145 0.749326 0.0340987
847.441 0.788654 0.035192
847.737 0.783959 0.0347963
848.032 0.783255 0.035445
848.328 0.757385 0.035015
848.623 0.814068 0.0367864
848.919 0.761066 0.0347762
849.214 0.749531 0.0341179
849.509 0.779322 0.0353083
849.805 0.776901 0.0359607
850.1 0.843137 0.0382999
850.395 0.814504 0.0375192
850.69 0.817432 0.0378481
850.985 0.805768 0.0362437
851.28 0.789473 0.0357264
851.575 0.82108 0.0368795
851.869 0.79495 0.036164
852.164 0.806773 0.0358892
852.459 0.736116 0.0333412
852.753 0.733278 0.0328139
853.048 0.673761 0.0298221
853.342 0.711317 0.0304293
853.637 0.713014 0.0310129
853.931 0.72886 0.0310193
854.225 0.689083 0.0300283
854.52 0.714644 0.0317197
854.814 0.73387 0.0322503
855.108 0.68401 0.0301253
855.402 0.696779 0.0309615
855.696 0.726922 0.0325294
855.99 0.797873 0.0346296
856.283 0.749378 0.0328242
856.577 0.76185 0.033853
856.871 0.756991 0.0334782
857.164 0.734496 0.0333356
857.458 0.827631 0.0365615
857.751 0.743416 0.0340505
858.045 0.702595 0.0327008
858.338 0.79265 0.0353008
858.632 0.708653 0.0326139
858.925 0.783564 0.0351944
859.218 0.765352 0.0346349
859.511 0.810959 0.0371441
859.804 0.781578 0.0361003
860.097 0.720523 0.0337434
860.39 0.855605 0.0378497
860.683 0.802685 0.0365053
860.976 0.823255 0.0372662
861.268 0.819799 0.0366131
861.561 0.821332 0.0376976
861.854 0.872562 0.0400132
862.146 0.860583 0.0383262
862.439 0.815365 0.0371039
862.731 0.773191 0.0352468
863.023 0.830412 0.037711
863.316 0.796969 0.0362772
863.608 0.802953 0.0366035
863.9 0.826262 0.0371546
864.192 0.774426 0.0351171
864.484 0.790135 0.0363201
864.776 0.845187 0.0378973
865.068 0.829522 0.0373121
865.36 0.785404 0.0362114
865.651 0.847164 0.0385961
865.943 0.844967 0.0378335
866.235 0.803553 0.0370817
866.526 0.868441 0.0395888
866.818 0.831722 0.0374433
867.109 0.757768 0.0355208
867.4 0.803425 0.0372792
867.692 0.837529 0.0382701
867.983 0.845231 0.0380735
868.274 0.870067 0.0391133
868.565 0.759496 0.0360774
868.856 0.80742 0.0374416
869.147 0.838813 0.0380591
869.438 0.841119 0.0380087
869.729 0.836928 0.0381408
870.02 0.877034 0.0405834
870.31 0.820179 0.0380218
870.601 0.819553 0.0374596
870.892 0.776631 0.0360911
871.182 0.755004 0.0354353
871.473 0.802965 0.0373379
871.763 0.807162 0.0365377
872.053 0.832538 0.0375448
872.343 0.78639 0.0364331
872.634 0.815472 0.0374737
872.924 0.802623 0.0364385
873.214 0.804044 0.0372171
873.504 0.866946 0.0391642
873.794 0.88865 0.0406421
874.084 0.879332 0.0403117
874.373 0.826656 0.038102
874.663 0.810767 0.0368405
874.953 0.878294 0.0396195
875.242 0.860715 0.0386929
875.532 0.851488 0.0381688
875.821 0.819839 0.0376855
876.111 0.833145 0.037846
876.4 0.870121 0.0391605
876.689 0.77863 0.0367983
876.978 0.850334 0.0384696
877.268 0.787932 0.0370969
877.557 0.838675 0.0387144
877.846 0.846682 0.0387686
878.134 0.888276 0.0400698
878.423 0.88844 0.0400772
878.712 0.888603 0.0400845
