178.41 0.585985 0.118411
178.791 0.589696 0.119161
179.172 0.593379 0.119905
179.553 0.344101 0.344101
179.934 0.89774 0.89774
180.316 0.726374 0.726374
180.697 0.668696 0.668696
181.078 0.622855 0.622855
181.459 0.62943 0.62943
181.84 0.44373 0.44373
182.221 1.89322 1.89322
182.602 0.334421 0.334421
182.983 -1.01287 -1.01287
183.364 1.28344 0.201028
183.744 0.683693 0.0926366
184.125 0.492834 0.0682258
184.506 0.705136 0.0668533
184.887 0.625434 0.0561452
185.268 0.505088 0.0434373
185.648 0.595058 0.0456402
186.029 0.625774 0.0446424
186.41 0.63821 0.043905
186.791 0.61885 0.0415495
187.171 0.554432 0.0336384
187.552 0.459993 0.0249287
187.932 0.519537 0.0269763
188.313 0.486882 0.0243908
188.694 0.508515 0.0249125
189.074 0.472675 0.0231567
189.455 0.479995 0.0226877
189.835 0.519058 0.024259
190.216 0.50031 0.0231893
190.596 0.459058 0.0212579
190.977 0.474227 0.0214385
191.357 0.475374 0.0215278
191.737 0.466004 0.0210483
192.118 0.497491 0.0216411
192.498 0.471611 0.020417
192.878 0.47711 0.0206937
193.258 0.478729 0.0203711
193.639 0.459022 0.0197
194.019 0.494219 0.0206215
194.399 0.441136 0.0193145
194.779 0.425265 0.0182038
195.159 0.448641 0.0192394
195.54 0.417755 0.018009
195.92 0.42775 0.0182771
196.3 0.413299 0.0177054
196.68 0.431331 0.0181778
197.06 0.441641 0.018284
197.44 0.40101 0.0172554
197.82 0.416698 0.0174516
198.2 0.40223 0.0171379
198.58 0.382655 0.0162745
198.959 0.394562 0.0164959
199.339 0.377291 0.0162008
199.719 0.376065 0.0158646
200.099 0.385878 0.0161089
200.479 0.373085 0.0157948
200.858 0.363641 0.0153637
201.238 0.348799 0.0148119
201.618 0.354121 0.0150919
201.998 0.33997 0.0144333
202.377 0.359755 0.014847
202.757 0.333961 0.014117
203.136 0.328305 0.0139061
203.516 0.315039 0.0134194
203.896 0.310801 0.0131647
204.275 0.309744 0.012883
204.655 0.325094 0.0132234
205.034 0.32166 0.0129987
205.414 0.284921 0.0120807
205.793 0.284254 0.0119584
206.172 0.281344 0.0119079
206.552 0.28922 0.0118675
206.931 0.269449 0.0112792
207.31 0.264202 0.0110485
207.69 0.268114 0.0110411
208.069 0.266078 0.0108535
208.448 0.259418 0.0105818
208.827 0.254149 0.0104136
209.207 0.254142 0.0103862
209.586 0.239195 0.00981254
209.965 0.235644 0.00970865
210.344 0.239712 0.00964926
210.723 0.229353 0.00932252
211.102 0.223042 0.00903432
211.481 0.223257 0.00899098
211.86 0.229085 0.00901692
212.239 0.221033 0.00876754
212.618 0.209428 0.00841091
212.997 0.209035 0.00826593
213.376 0.215628 0.00836528
213.755 0.209169 0.00812333
214.134 0.195719 0.00775137
214.513 0.19835 0.007677
214.891 0.196705 0.00759404
215.27 0.187222 0.00726944
215.649 0.19578 0.0073726
216.028 0.188545 0.00711016
216.406 0.184193 0.00695441
216.785 0.182989 0.00681885
217.164 0.182584 0.0067431
217.542 0.177371 0.0065068
217.921 0.174961 0.00637972
218.3 0.181102 0.00646771
218.678 0.17254 0.00621369
219.057 0.164743 0.00596356
219.435 0.164506 0.00586134
219.814 0.164533 0.00581862
220.192 0.160172 0.00564844
220.57 0.161382 0.00560326
220.949 0.159305 0.00547367
221.327 0.162313 0.00543325
221.705 0.158153 0.00530826
222.084 0.156078 0.00515892
222.462 0.157404 0.00511906
222.84 0.157493 0.00507824
223.218 0.150407 0.00483911
223.597 0.153873 0.0048451
223.975 0.15352 0.0047524
224.353 0.151016 0.00466172
224.731 0.155712 0.00465737
225.109 0.153773 0.00453479
225.487 0.145814 0.00435311
225.865 0.147163 0.00430632
226.243 0.145867 0.00423288
226.621 0.145577 0.00417299
226.999 0.145765 0.00409013
227.377 0.147747 0.00407787
227.755 0.146009 0.00400092
228.133 0.14454 0.00393019
228.511 0.149423 0.00394847
228.889 0.146826 0.00383916
229.266 0.145982 0.00379178
229.644 0.145931 0.00371648
230.022 0.151891 0.00374253
230.4 0.147677 0.00365548
230.777 0.149093 0.00363801
231.155 0.149851 0.00359983
231.533 0.149738 0.00354753
231.91 0.151635 0.0035216
232.288 0.152394 0.00349696
232.665 0.14867 0.00340949
233.043 0.150059 0.00339305
233.42 0.152172 0.00337068
233.798 0.154041 0.00336651
234.175 0.15415 0.00332384
234.553 0.152519 0.00327101
234.93 0.15211 0.0032339
235.307 0.156175 0.00325028
235.685 0.157759 0.00324006
236.062 0.154867 0.00317271
236.439 0.159901 0.00320792
236.816 0.158718 0.00315694
237.194 0.157495 0.00311146
237.571 0.157963 0.00308894
237.948 0.160301 0.00309528
238.325 0.160988 0.00306758
238.702 0.159951 0.00303963
239.079 0.160577 0.00301535
239.456 0.160097 0.00299073
239.833 0.163173 0.00299986
240.21 0.16344 0.00297458
240.587 0.163798 0.00296404
240.964 0.165025 0.00295085
241.341 0.165629 0.00293126
241.718 0.16663 0.00291228
242.095 0.168282 0.0029258
242.472 0.167703 0.00289761
242.849 0.170002 0.00289563
243.225 0.167712 0.00285099
243.602 0.171389 0.00286756
243.979 0.170648 0.00285146
244.356 0.17127 0.00284494
244.732 0.171012 0.00281384
245.109 0.172374 0.00280524
245.486 0.172958 0.00280608
245.862 0.176699 0.00282226
246.239 0.174109 0.00277294
246.615 0.175661 0.00278022
246.992 0.176058 0.00276298
247.368 0.17622 0.00276423
247.745 0.177945 0.0027543
248.121 0.177812 0.00273451
248.497 0.177385 0.00272681
248.874 0.179236 0.0027244
249.25 0.176995 0.00268349
249.626 0.180873 0.00270824
250.003 0.178551 0.00267501
250.379 0.179441 0.00265556
250.755 0.181532 0.0026733
251.131 0.180977 0.00265047
251.507 0.181265 0.00264905
251.884 0.181965 0.00263594
252.26 0.184376 0.00265402
252.636 0.18185 0.00261178
253.012 0.182335 0.00260572
253.388 0.183421 0.00260561
253.764 0.184451 0.00260222
254.14 0.186157 0.00260801
254.516 0.186985 0.00261024
254.892 0.184471 0.00257951
255.268 0.187977 0.00260114
255.643 0.187098 0.00258416
256.019 0.187497 0.002585
256.395 0.189435 0.0025929
256.771 0.188875 0.00257019
257.147 0.188939 0.00256771
257.522 0.188591 0.00256128
257.898 0.18946 0.00256295
258.274 0.189584 0.00255716
258.649 0.192205 0.0025732
259.025 0.192566 0.00256147
259.4 0.189214 0.0025377
259.776 0.192178 0.0025496
260.151 0.192676 0.00256148
260.527 0.193313 0.00255428
260.902 0.193753 0.00255023
261.278 0.193636 0.00254408
261.653 0.194459 0.00254941
262.028 0.195794 0.00256061
262.404 0.194135 0.00253804
262.779 0.196851 0.00254934
263.154 0.196872 0.00254498
263.53 0.197646 0.00254302
263.905 0.197231 0.00254528
264.28 0.197392 0.002545
264.655 0.19711 0.00253579
265.03 0.197198 0.00254418
265.405 0.198874 0.00254646
265.781 0.200609 0.00256058
266.156 0.199679 0.0025519
266.531 0.198831 0.00253304
266.906 0.200723 0.00255912
267.281 0.203124 0.00256163
267.655 0.202899 0.00256979
268.03 0.201316 0.00256117
268.405 0.20286 0.00256755
268.78 0.204439 0.00257746
269.155 0.203428 0.00256536
269.53 0.204532 0.00258119
269.904 0.204569 0.00257851
270.279 0.204803 0.00258162
270.654 0.20593 0.00258135
271.029 0.205742 0.00258506
271.403 0.206082 0.00257988
271.778 0.206775 0.00259156
272.152 0.20685 0.0025945
272.527 0.207534 0.00259651
272.901 0.210716 0.00260609
273.276 0.207489 0.00258017
273.65 0.209936 0.00260349
274.025 0.208694 0.00258904
274.399 0.210477 0.00261253
274.774 0.210347 0.00260569
275.148 0.209509 0.00259227
275.522 0.213376 0.00262309
275.897 0.210786 0.00260571
276.271 0.210254 0.00260502
276.645 0.212936 0.00261398
277.019 0.212943 0.00260694
277.393 0.212897 0.00259963
277.768 0.213862 0.00261784
278.142 0.213761 0.00261459
278.516 0.214811 0.00262563
278.89 0.21705 0.00263407
279.264 0.21661 0.00263984
279.638 0.215533 0.00262053
280.012 0.216375 0.00263026
280.386 0.217301 0.00264967
280.76 0.217575 0.00264126
281.133 0.219042 0.00265501
281.507 0.219054 0.00265295
281.881 0.218608 0.00264418
282.255 0.218875 0.00264951
282.629 0.220419 0.00266655
283.002 0.219986 0.00266537
283.376 0.21897 0.00265193
283.75 0.221606 0.0026769
284.123 0.222213 0.00267122
284.497 0.219621 0.00266043
284.87 0.225582 0.00269905
285.244 0.223773 0.00268326
285.618 0.224941 0.00269716
285.991 0.222287 0.00269253
286.364 0.225897 0.00271329
286.738 0.225052 0.00270771
287.111 0.227503 0.00272356
287.485 0.2268 0.00272089
287.858 0.228842 0.00274332
288.231 0.227274 0.00272911
288.605 0.229604 0.00275058
288.978 0.229616 0.00274479
289.351 0.227545 0.0027466
289.724 0.228321 0.00275118
290.097 0.229408 0.00276101
290.47 0.230278 0.00277518
290.843 0.230406 0.00277497
291.217 0.230735 0.0027775
291.59 0.231334 0.00280037
291.963 0.230625 0.00278991
292.336 0.232583 0.00281068
292.708 0.233613 0.00282227
293.081 0.233499 0.00283456
293.454 0.233391 0.00282143
293.827 0.234221 0.00283484
294.2 0.237067 0.0028706
294.573 0.236147 0.00285589
294.945 0.235702 0.00287005
295.318 0.235759 0.00286929
295.691 0.238727 0.00289433
296.064 0.236278 0.00288473
296.436 0.236139 0.00288185
296.809 0.23512 0.00286789
297.181 0.237939 0.00290052
297.554 0.236315 0.00289502
297.926 0.236485 0.00289836
298.299 0.238985 0.00291675
298.671 0.237178 0.00289305
299.044 0.238995 0.00292002
299.416 0.238109 0.00291902
299.788 0.237247 0.0029092
300.161 0.238222 0.002928
300.533 0.237473 0.00291932
300.905 0.237291 0.00290709
301.278 0.237385 0.00291378
301.65 0.238497 0.00291731
302.022 0.236198 0.00290955
302.394 0.236951 0.00291889
302.766 0.236548 0.00291229
303.138 0.237773 0.0029313
303.51 0.237578 0.00292247
303.882 0.236491 0.00291211
304.254 0.238596 0.00293079
304.626 0.23627 0.00290771
304.998 0.237749 0.00291593
305.37 0.237004 0.00292763
305.742 0.235486 0.0029073
306.114 0.235954 0.00290894
306.485 0.238289 0.00292394
306.857 0.238129 0.00292088
307.229 0.238979 0.00293631
307.601 0.23805 0.00292979
307.972 0.238811 0.00293146
308.344 0.241104 0.0029418
308.716 0.242621 0.00296321
309.087 0.242372 0.00295797
309.459 0.241964 0.00295996
309.83 0.245172 0.00297991
310.202 0.242391 0.00295814
310.573 0.243692 0.0029678
310.945 0.241749 0.0029539
311.316 0.240375 0.00295958
311.687 0.238879 0.00293853
312.059 0.237431 0.00293989
312.43 0.234781 0.00291813
312.801 0.234716 0.00292802
313.172 0.230544 0.00290366
313.544 0.228909 0.00289633
313.915 0.224612 0.00285078
314.286 0.225495 0.00286878
314.657 0.219111 0.00282162
315.028 0.218008 0.00282045
315.399 0.218703 0.00282401
315.77 0.217643 0.00281317
316.141 0.218923 0.00283317
316.512 0.224198 0.00286667
316.883 0.226584 0.00288771
317.254 0.231332 0.00291487
317.625 0.240042 0.00298753
317.996 0.247649 0.00301788
318.366 0.257163 0.00308294
318.737 0.264198 0.00312168
319.108 0.279264 0.00322053
319.478 0.287998 0.00327159
319.849 0.298544 0.00332938
320.22 0.310649 0.00339954
320.59 0.319049 0.00344323
320.961 0.321804 0.00346401
321.331 0.331425 0.00351586
321.702 0.336569 0.00356099
322.072 0.342507 0.00360314
322.443 0.344059 0.00360413
322.813 0.344217 0.00359827
323.184 0.34617 0.00361859
323.554 0.345844 0.00362837
323.924 0.346388 0.00362935
324.295 0.347452 0.00365255
324.665 0.347353 0.00365469
325.035 0.348856 0.0036578
325.405 0.353635 0.00369792
325.775 0.358871 0.00374331
326.145 0.366162 0.00377753
326.515 0.372226 0.00381571
326.886 0.38195 0.00388476
327.256 0.38839 0.00392111
327.626 0.397836 0.00399305
327.995 0.405806 0.00404279
328.365 0.405352 0.00404618
328.735 0.413253 0.00410595
329.105 0.425982 0.00421387
329.475 0.447032 0.00435063
329.845 0.477851 0.00456316
330.215 0.503014 0.0046642
330.584 0.517571 0.00468561
330.954 0.520525 0.00458791
331.324 0.509642 0.00441189
331.693 0.5034 0.00430955
332.063 0.497474 0.00423796
332.432 0.495746 0.00420878
332.802 0.500202 0.00426236
333.171 0.503935 0.00433437
333.541 0.511995 0.00445041
333.91 0.516573 0.00449297
334.28 0.522588 0.00454494
334.649 0.527676 0.00458025
335.018 0.529041 0.00460181
335.388 0.535907 0.00464652
335.757 0.536403 0.00464933
336.126 0.537964 0.00467282
336.495 0.537559 0.00465527
336.865 0.538788 0.00467989
337.234 0.54229 0.00472162
337.603 0.541631 0.00470913
337.972 0.542447 0.00472353
338.341 0.543131 0.00471877
338.71 0.543829 0.00471859
339.079 0.544781 0.00473984
339.448 0.546033 0.0047378
339.817 0.547845 0.00475738
340.186 0.546412 0.00475416
340.554 0.544483 0.00473955
340.923 0.547219 0.00476137
341.292 0.543378 0.0047491
341.661 0.546025 0.00476662
342.029 0.546322 0.00475967
342.398 0.543178 0.00475233
342.767 0.541745 0.00476431
343.135 0.54541 0.00477682
343.504 0.541721 0.00477548
343.872 0.541666 0.00475747
344.241 0.542212 0.00477101
344.609 0.541915 0.00478866
344.978 0.536286 0.00475891
345.346 0.53149 0.00471977
345.715 0.533122 0.00474528
346.083 0.532127 0.00475142
346.451 0.527778 0.00472445
346.82 0.527448 0.00473879
347.188 0.520849 0.00470016
347.556 0.520629 0.00472341
347.924 0.517277 0.00470248
348.292 0.512812 0.00469278
348.66 0.508985 0.00467112
349.028 0.503726 0.00465277
349.396 0.501994 0.00466307
349.764 0.499495 0.00464559
350.132 0.490825 0.00460272
350.5 0.488214 0.00459796
350.868 0.486053 0.0045961
351.236 0.483584 0.00458077
351.604 0.478943 0.00457645
351.972 0.480186 0.00458758
352.34 0.4714 0.00455202
352.707 0.471131 0.00455272
353.075 0.468702 0.00454217
353.443 0.469197 0.00455493
353.81 0.463899 0.0045404
354.178 0.466135 0.00455389
354.545 0.461246 0.00451884
354.913 0.461088 0.00453729
355.28 0.458353 0.00452443
355.648 0.455588 0.00450122
356.015 0.453001 0.00449629
356.383 0.451216 0.00448229
356.75 0.446162 0.00446848
357.117 0.448422 0.00448227
357.485 0.442576 0.00445608
357.852 0.448372 0.00451614
358.219 0.442755 0.00446549
358.586 0.440081 0.00445124
358.954 0.439647 0.00446774
359.321 0.43217 0.00441888
359.688 0.432956 0.00444467
360.055 0.428067 0.00441322
360.422 0.427539 0.00441688
360.789 0.428025 0.00442702
361.156 0.424744 0.00440612
361.523 0.425097 0.0044258
361.89 0.422091 0.00440478
362.256 0.418885 0.00437046
362.623 0.422564 0.00443333
362.99 0.417733 0.00438681
363.357 0.416124 0.00439624
363.724 0.419622 0.00441658
364.09 0.413325 0.00437448
364.457 0.418249 0.00443332
364.823 0.415453 0.00439009
365.19 0.41555 0.00439714
365.557 0.41438 0.00438413
365.923 0.414072 0.00439702
366.29 0.418982 0.00443691
366.656 0.415098 0.00439814
367.022 0.41707 0.00440307
367.389 0.419145 0.00443377
367.755 0.416571 0.00444118
368.121 0.416149 0.00443713
368.488 0.41606 0.00443066
368.854 0.418378 0.00445985
369.22 0.420671 0.00449313
369.586 0.425411 0.00453376
369.952 0.422364 0.00452732
370.318 0.41896 0.00451117
370.684 0.423099 0.00454662
371.051 0.427475 0.00457133
371.416 0.4283 0.00460402
371.782 0.428222 0.00458984
372.148 0.429182 0.00460444
372.514 0.43117 0.00462501
372.88 0.436569 0.00466754
373.246 0.434569 0.00465256
373.612 0.436616 0.00466132
373.977 0.436182 0.00464848
374.343 0.439819 0.00465307
374.709 0.444545 0.00466282
375.074 0.441899 0.00466284
375.44 0.447842 0.0047142
375.806 0.45289 0.00476686
376.171 0.447554 0.00471474
376.537 0.451117 0.00472915
376.902 0.454052 0.00475285
377.268 0.454891 0.00473771
377.633 0.454628 0.00472766
377.998 0.457225 0.00472299
378.364 0.459776 0.00471567
378.729 0.465859 0.00475475
379.094 0.469656 0.00479498
379.459 0.472759 0.00487524
379.825 0.467976 0.00482902
380.19 0.469699 0.0048454
380.555 0.475163 0.00490775
380.92 0.476568 0.00497642
381.285 0.477698 0.00497289
381.65 0.4775 0.00493317
382.015 0.479039 0.00494839
382.38 0.483139 0.00498883
382.745 0.487796 0.00504355
383.11 0.487539 0.00505585
383.474 0.490492 0.00505617
383.839 0.491375 0.00506984
384.204 0.493591 0.00509766
384.569 0.497498 0.00512406
384.933 0.497752 0.00514029
385.298 0.502466 0.00517262
385.663 0.500734 0.00514905
386.027 0.503634 0.00515326
386.392 0.503824 0.00513224
386.756 0.509209 0.00513365
387.121 0.512903 0.00515075
387.485 0.516383 0.00515231
387.849 0.516702 0.00512978
388.214 0.525598 0.00523115
388.578 0.529392 0.00527641
388.942 0.531293 0.0053128
389.307 0.530014 0.00530156
389.671 0.537872 0.00536038
390.035 0.534945 0.00532142
390.399 0.539678 0.00533237
390.763 0.542155 0.00531308
391.127 0.547093 0.00531798
391.492 0.543015 0.00522525
391.856 0.545525 0.00517694
392.219 0.553935 0.00517778
392.583 0.566311 0.00526512
392.947 0.577193 0.00543016
393.311 0.573635 0.00546336
393.675 0.571285 0.00546858
394.039 0.575512 0.00552276
394.403 0.581734 0.0055553
394.766 0.578433 0.00555457
395.13 0.585505 0.00560321
395.494 0.584523 0.00559628
395.857 0.593807 0.00561591
396.221 0.591525 0.00557973
396.584 0.594025 0.00554963
396.948 0.592146 0.00548102
397.311 0.595502 0.00541558
397.675 0.60244 0.00541762
398.038 0.61377 0.00547099
398.401 0.617535 0.00556574
398.765 0.622312 0.00567363
399.128 0.626643 0.00577468
399.491 0.624309 0.00580777
399.854 0.628146 0.00583388
400.218 0.629639 0.0058578
400.581 0.633218 0.00589116
400.944 0.638734 0.00594573
401.307 0.641879 0.00603209
401.67 0.641624 0.00601337
402.033 0.646421 0.0060534
402.396 0.644596 0.00604821
402.759 0.651673 0.00608874
403.122 0.650081 0.00605163
403.485 0.655973 0.00607742
403.847 0.654386 0.00601956
404.21 0.655933 0.00599553
404.573 0.665379 0.00603196
404.936 0.667589 0.0060122
405.298 0.671665 0.00609673
405.661 0.679814 0.00621959
406.023 0.678752 0.00630285
406.386 0.679954 0.00633076
406.749 0.680042 0.00636013
407.111 0.676179 0.0063339
407.473 0.669549 0.00620192
407.836 0.681746 0.00624903
408.198 0.679657 0.00620145
408.561 0.683172 0.00623536
408.923 0.689137 0.00627177
409.285 0.693088 0.00630134
409.647 0.70002 0.00638827
410.009 0.701424 0.00645515
410.372 0.695444 0.00641821
410.734 0.698323 0.00646382
411.096 0.697714 0.00644966
411.458 0.702652 0.00647089
411.82 0.703166 0.00643078
412.182 0.70192 0.00637632
412.544 0.705901 0.00640868
412.906 0.707442 0.00640432
413.267 0.715469 0.00646358
413.629 0.720658 0.00653804
413.991 0.715161 0.00654366
414.353 0.726037 0.00661139
414.714 0.725309 0.00667768
415.076 0.718602 0.00663022
415.438 0.71605 0.00661123
415.799 0.716241 0.00658573
416.161 0.72895 0.00670216
416.522 0.722676 0.00670072
416.884 0.722079 0.00670212
417.245 0.73078 0.00676725
417.607 0.722445 0.00671196
417.968 0.720425 0.00669502
418.329 0.729175 0.00672713
418.691 0.726668 0.00671333
419.052 0.728709 0.00671806
419.413 0.719822 0.00661689
419.774 0.725336 0.00662153
420.135 0.721112 0.00645523
420.497 0.720514 0.00635074
420.858 0.723498 0.00627608
421.219 0.737473 0.0063578
421.58 0.750171 0.00649406
421.941 0.753214 0.00662147
422.302 0.746267 0.00667927
422.662 0.744684 0.00670089
423.023 0.740995 0.00671377
423.384 0.741522 0.00673867
423.745 0.733425 0.00666134
424.106 0.731426 0.00664851
424.466 0.747676 0.00670889
424.827 0.755299 0.00683608
425.187 0.754453 0.00691871
425.548 0.752725 0.00697608
425.909 0.747837 0.00699016
426.269 0.740918 0.00690869
426.63 0.738032 0.00684847
426.99 0.74711 0.0068339
427.35 0.749254 0.00687425
427.711 0.739723 0.00678197
428.071 0.736484 0.00671046
428.431 0.730921 0.00655735
428.792 0.727242 0.00631697
429.152 0.734138 0.00617237
429.512 0.750372 0.00622856
429.872 0.753944 0.00628669
430.232 0.770887 0.00646919
430.592 0.770792 0.00665236
430.952 0.773765 0.00686198
431.312 0.775697 0.00704146
431.672 0.757208 0.00703715
432.032 0.748294 0.00697424
432.392 0.743845 0.00685944
432.752 0.720891 0.00642057
433.111 0.734417 0.00633582
433.471 0.769555 0.0065871
433.831 0.78288 0.00690409
434.19 0.765409 0.0068275
434.55 0.756502 0.00678643
434.91 0.758266 0.0068736
435.269 0.752599 0.00675354
435.629 0.751414 0.00673336
435.988 0.75248 0.00670928
436.348 0.767026 0.00687742
436.707 0.767696 0.00698512
437.066 0.758717 0.00694036
437.426 0.745742 0.00679909
437.785 0.751911 0.00680802
438.144 0.756473 0.00682014
438.503 0.767416 0.00695993
438.862 0.768329 0.00697698
439.222 0.765704 0.00702062
439.581 0.761033 0.00702921
439.94 0.743529 0.00685056
440.299 0.740909 0.00660797
440.658 0.744364 0.00645478
441.017 0.759667 0.0065229
441.376 0.77196 0.0066522
441.734 0.769062 0.0067079
442.093 0.755755 0.00664672
442.452 0.746374 0.00655791
442.811 0.758576 0.00658223
443.169 0.760025 0.00658605
443.528 0.771183 0.00677182
443.887 0.769015 0.00676662
444.245 0.764806 0.00677764
444.604 0.763825 0.00682967
444.962 0.761902 0.00685352
445.321 0.762111 0.00686085
445.679 0.75235 0.00678096
446.038 0.763811 0.00680745
446.396 0.768074 0.00692047
446.754 0.767674 0.00701334
447.112 0.769835 0.00705872
447.471 0.763847 0.00703928
447.829 0.758476 0.00705117
448.187 0.754558 0.00702044
448.545 0.76056 0.00702674
448.903 0.762457 0.00705372
449.261 0.763129 0.00707735
449.619 0.768408 0.00716904
449.977 0.764463 0.00718545
450.335 0.768016 0.00728103
450.693 0.765661 0.00728787
451.051 0.762209 0.00725701
451.409 0.762926 0.0072889
451.766 0.769325 0.00732873
452.124 0.769689 0.00743331
452.482 0.76754 0.00749646
452.839 0.773667 0.00761037
453.197 0.75848 0.00754861
453.555 0.764049 0.00760759
453.912 0.756111 0.00754809
454.27 0.753069 0.00741407
454.627 0.750118 0.00731209
454.984 0.763244 0.00739321
455.342 0.771647 0.00754777
455.699 0.772958 0.00763847
456.056 0.755272 0.00750576
456.414 0.759207 0.00745801
456.771 0.75115 0.00728268
457.128 0.75713 0.00728364
457.485 0.763705 0.00728983
457.842 0.768371 0.00735732
458.199 0.764164 0.00732866
458.556 0.764028 0.00725731
458.913 0.753812 0.00720893
459.27 0.767291 0.0072319
459.627 0.769279 0.00734661
459.984 0.758753 0.00724298
460.341 0.766347 0.00726977
460.697 0.767297 0.00736095
461.054 0.784076 0.00766019
461.411 0.776379 0.00777953
461.767 0.771168 0.00784481
462.124 0.757498 0.00775553
462.481 0.753323 0.00764162
462.837 0.750415 0.00750847
463.194 0.756126 0.00737923
463.55 0.75457 0.00741903
463.907 0.750267 0.00720364
464.263 0.754698 0.00712542
464.619 0.749627 0.006967
464.976 0.754781 0.0068941
465.332 0.766178 0.00694423
465.688 0.787312 0.00725537
466.044 0.793032 0.00754311
466.4 0.779426 0.00759447
466.756 0.770757 0.00760166
467.112 0.762186 0.00755922
467.468 0.758273 0.00752864
467.824 0.769307 0.00766101
468.18 0.775435 0.00779193
468.536 0.763314 0.00773724
468.892 0.768883 0.0078893
469.248 0.765124 0.0079049
469.604 0.766727 0.00796077
469.959 0.764463 0.0079462
470.315 0.770683 0.00797416
470.671 0.761416 0.00791815
471.026 0.752429 0.00780486
471.382 0.755118 0.00774398
471.737 0.759454 0.00770371
472.093 0.74985 0.00753542
472.448 0.749046 0.0073868
472.804 0.755939 0.00735743
473.159 0.760344 0.00731827
473.514 0.768854 0.00739651
473.87 0.750722 0.00720463
474.225 0.742565 0.00696063
474.58 0.747929 0.00684798
474.935 0.773714 0.00702426
475.29 0.77939 0.00714504
475.645 0.765074 0.00708629
476 0.760335 0.00707341
476.355 0.764569 0.00715693
476.71 0.756855 0.00711656
477.065 0.735974 0.00681329
477.42 0.744078 0.00676035
477.775 0.753156 0.00680966
478.13 0.767445 0.00693578
478.485 0.763964 0.0068699
478.839 0.74473 0.00670172
479.194 0.742426 0.00651986
479.549 0.747159 0.00646041
479.903 0.764178 0.00655099
480.258 0.759471 0.00658217
480.612 0.749568 0.00645384
480.967 0.747757 0.006297
481.321 0.761515 0.00637504
481.675 0.77521 0.00655602
482.03 0.773374 0.00666376
482.384 0.755342 0.00661328
482.738 0.748761 0.00652162
483.093 0.755939 0.00650495
483.447 0.742634 0.00630742
483.801 0.73541 0.0060807
484.155 0.747556 0.00605247
484.509 0.635724 0.00486016
484.863 0.591797 0.00319613
485.217 0.688736 0.00313372
485.571 0.814247 0.00349534
485.925 1.00286 0.0049414
486.279 0.91725 0.00547981
486.632 0.797691 0.00552707
486.986 0.785843 0.00593004
487.34 0.794933 0.00636687
487.694 0.772832 0.00645299
488.047 0.752461 0.00640337
488.401 0.761217 0.0064487
488.754 0.762084 0.00649334
489.108 0.769792 0.0066326
489.461 0.765839 0.00664758
489.815 0.758799 0.00668597
490.168 0.753091 0.0065873
490.522 0.749995 0.00654578
490.875 0.756018 0.00658189
491.228 0.760621 0.0066473
491.581 0.757567 0.00658842
491.935 0.761674 0.00663068
492.288 0.760486 0.00665281
492.641 0.753986 0.00657734
492.994 0.755129 0.0065774
493.347 0.742923 0.00643343
493.7 0.752868 0.0064813
494.053 0.759788 0.00653329
494.406 0.771771 0.00669111
494.759 0.770367 0.00682132
495.111 0.735997 0.00645922
495.464 0.724083 0.00612555
495.817 0.748374 0.00611496
496.169 0.778338 0.00641117
496.522 0.791863 0.00675855
496.875 0.772637 0.00689896
497.227 0.759465 0.00690748
497.58 0.748411 0.00684507
497.932 0.752909 0.00678502
498.285 0.742825 0.0066779
498.637 0.737792 0.00648949
498.989 0.747532 0.00645945
499.342 0.761483 0.00656779
499.694 0.770351 0.00675197
500.046 0.756851 0.00675001
500.398 0.743687 0.00652721
500.751 0.750055 0.00649531
501.103 0.749301 0.00647134
501.455 0.75729 0.00651574
501.807 0.755467 0.00651766
502.159 0.756721 0.0065266
502.511 0.75259 0.00649259
502.862 0.75372 0.00652546
503.214 0.761347 0.00664803
503.566 0.765041 0.00679922
503.918 0.755377 0.00682925
504.27 0.751246 0.00680333
504.621 0.759179 0.00685585
504.973 0.754076 0.00687132
505.324 0.75257 0.00682012
505.676 0.741073 0.00664991
506.027 0.75772 0.00674233
506.379 0.772065 0.00703266
506.73 0.756755 0.00706875
507.082 0.743827 0.00695837
507.433 0.735448 0.00679092
507.784 0.749584 0.00679856
508.136 0.760549 0.00696758
508.487 0.762407 0.00704768
508.838 0.752822 0.00706891
509.189 0.747894 0.00703799
509.54 0.736286 0.00688981
509.891 0.749842 0.00703339
510.242 0.757378 0.00707652
510.593 0.752111 0.00709674
510.944 0.749992 0.00712636
511.295 0.768127 0.00736219
511.646 0.760247 0.00740545
511.996 0.740991 0.00723574
512.347 0.742633 0.00718927
512.698 0.755305 0.0072743
513.049 0.75444 0.00731493
513.399 0.751844 0.0073362
513.75 0.750329 0.00730689
514.1 0.760758 0.00749709
514.451 0.768252 0.00769059
514.801 0.740219 0.00751583
515.152 0.743782 0.0074673
515.502 0.73488 0.00730744
515.852 0.748594 0.00733572
516.202 0.750574 0.00733557
516.553 0.763061 0.00750446
516.903 0.761055 0.0076089
517.253 0.755301 0.00769443
517.603 0.752553 0.00767902
517.953 0.743764 0.00759695
518.303 0.733588 0.00736772
518.653 0.746847 0.00737309
519.003 0.760383 0.00749675
519.353 0.769526 0.00781143
519.703 0.759009 0.00792239
520.052 0.746453 0.00789687
520.402 0.740255 0.00782071
520.752 0.74597 0.00776098
521.102 0.762277 0.0079725
521.451 0.75663 0.00799947
521.801 0.743089 0.00790489
522.15 0.736175 0.00773764
522.5 0.752609 0.00781083
522.849 0.745029 0.00774699
523.199 0.741914 0.00765775
523.548 0.743761 0.00759356
523.897 0.754667 0.00773748
524.246 0.758359 0.00788548
524.596 0.758131 0.00799589
524.945 0.744997 0.00788011
525.294 0.752817 0.00792045
525.643 0.746964 0.00787202
525.992 0.745906 0.007853
526.341 0.745865 0.00780382
526.69 0.756756 0.00792246
527.039 0.747773 0.00795205
527.388 0.749638 0.00801766
527.737 0.728152 0.0076615
528.086 0.72885 0.00738315
528.434 0.744424 0.00732507
528.783 0.7709 0.00765788
529.132 0.762855 0.00776281
529.48 0.750143 0.00779691
529.829 0.749512 0.00783657
530.177 0.756598 0.00795434
530.526 0.742835 0.00790104
530.874 0.744068 0.0078322
531.223 0.738784 0.00779307
531.571 0.754927 0.00794559
531.919 0.739591 0.00778718
532.268 0.72616 0.00748052
532.616 0.727167 0.00724642
532.964 0.742935 0.00721592
533.312 0.751511 0.0072612
533.66 0.751009 0.00729153
534.008 0.745099 0.00724625
534.356 0.750667 0.00727808
534.704 0.751191 0.00734679
535.052 0.755962 0.00746921
535.4 0.759277 0.0076438
535.748 0.756531 0.00781163
536.095 0.753672 0.00799439
536.443 0.741353 0.00793868
536.791 0.728068 0.00770082
537.139 0.728051 0.00752343
537.486 0.732843 0.00737357
537.834 0.741397 0.00737718
538.181 0.740084 0.00732834
538.529 0.747695 0.00740741
538.876 0.743433 0.00736712
539.223 0.763057 0.00758993
539.571 0.757253 0.00772275
539.918 0.746437 0.00764022
540.265 0.729227 0.00740275
540.613 0.736868 0.00731346
540.96 0.746767 0.00745358
541.307 0.744374 0.0074552
541.654 0.739037 0.00742656
542.001 0.746067 0.00748503
542.348 0.744463 0.00747559
542.695 0.741723 0.00747125
543.042 0.733806 0.00731722
543.388 0.732971 0.00722058
543.735 0.746386 0.00727623
544.082 0.743249 0.00724987
544.429 0.746343 0.00729839
544.775 0.749121 0.00747298
545.122 0.76417 0.00777145
545.469 0.7414 0.00777995
545.815 0.734298 0.00769779
546.162 0.731471 0.00762182
546.508 0.733237 0.00747433
546.854 0.722561 0.00714472
547.201 0.725083 0.00689513
547.547 0.753631 0.0070092
547.893 0.763569 0.00721367
548.24 0.778213 0.00767254
548.586 0.756819 0.00788099
548.932 0.743798 0.00792913
549.278 0.727313 0.00784634
549.624 0.742474 0.00788535
549.97 0.752891 0.00801478
550.316 0.749797 0.00815798
550.662 0.743984 0.00820991
551.008 0.704731 0.007577
551.353 0.720285 0.00725088
551.699 0.742309 0.00719808
552.045 0.770487 0.00753092
552.391 0.751445 0.0075914
552.736 0.735578 0.00754512
553.082 0.738357 0.00757047
553.427 0.754985 0.00779053
553.773 0.753141 0.00803864
554.118 0.729876 0.007914
554.464 0.727919 0.00770058
554.809 0.717108 0.00733963
555.154 0.740013 0.0073555
555.5 0.74735 0.00740864
555.845 0.769274 0.00780878
556.19 0.756396 0.00795323
556.535 0.740558 0.00804624
556.88 0.73022 0.00786104
557.225 0.744215 0.0079066
557.57 0.746472 0.0080731
557.915 0.757812 0.00835472
558.26 0.740722 0.00836178
558.605 0.734184 0.00829526
558.95 0.729474 0.00808629
559.295 0.717555 0.00759226
559.639 0.720264 0.00732028
559.984 0.723047 0.0070541
560.329 0.741679 0.00711802
560.673 0.743041 0.00714928
561.018 0.756882 0.00742731
561.362 0.745383 0.00756716
561.707 0.741839 0.00773839
562.051 0.723579 0.0075494
562.395 0.723758 0.0074506
562.74 0.733082 0.00734965
563.084 0.728384 0.00723553
563.428 0.731206 0.00709816
563.772 0.742534 0.00718608
564.117 0.731241 0.00707907
564.461 0.737469 0.00708666
564.805 0.735207 0.00713742
565.149 0.733354 0.00709555
565.493 0.74009 0.00713899
565.836 0.731579 0.00696146
566.18 0.728485 0.0068452
566.524 0.708216 0.00629382
566.868 0.731961 0.00622689
567.212 0.735427 0.00613538
567.555 0.728284 0.00602835
567.899 0.71213 0.00568492
568.242 0.72161 0.00548895
568.586 0.710618 0.00509725
568.929 0.706217 0.00475639
569.273 0.718738 0.00453663
569.616 0.745391 0.0046265
569.96 0.729218 0.0044836
570.303 0.722349 0.00432377
570.646 0.731414 0.00429678
570.989 0.720406 0.00413225
571.333 0.741783 0.00424531
571.676 0.757376 0.00445003
572.019 0.75438 0.00480239
572.362 0.684929 0.00431771
572.705 0.69285 0.00403061
573.048 0.723235 0.00391974
573.391 0.724435 0.00379498
573.733 0.731149 0.00375956
574.076 0.734282 0.00372596
574.419 0.753466 0.00388936
574.762 0.746674 0.00407808
575.104 0.755465 0.00439102
575.447 0.694377 0.0041529
575.789 0.691417 0.00389523
576.132 0.721147 0.00375819
576.474 0.723796 0.00372295
576.817 0.710142 0.00341132
577.159 0.727165 0.00326382
577.501 0.768878 0.00338262
577.844 0.783364 0.00365425
578.186 0.765357 0.00405147
578.528 0.712308 0.00406819
578.87 0.713937 0.00409061
579.212 0.702667 0.00392284
579.554 0.728489 0.00386664
579.896 0.727544 0.00388766
580.238 0.697254 0.00358648
580.58 0.706534 0.00317204
580.922 0.762366 0.00316671
581.264 0.821386 0.00328692
581.606 0.786286 0.00335752
581.947 0.766099 0.00351785
582.289 0.759596 0.00389167
582.631 0.736665 0.00425102
582.972 0.717518 0.00447676
583.314 0.699492 0.00437144
583.655 0.696224 0.00421598
583.997 0.694994 0.00384499
584.338 0.71424 0.00362543
584.679 0.73286 0.0035235
585.021 0.76754 0.00370502
585.362 0.757064 0.00395378
585.703 0.747133 0.00422462
586.044 0.69461 0.00408861
586.385 0.695805 0.00387222
586.726 0.715045 0.00374911
587.067 0.760027 0.00401693
587.408 0.745985 0.00420784
587.749 0.737517 0.00438226
588.09 0.731763 0.00454707
588.431 0.747356 0.004869
588.772 0.721245 0.00497464
589.113 0.707909 0.00484334
589.453 0.724074 0.00487175
589.794 0.744433 0.00510894
590.134 0.74715 0.00539135
590.475 0.724745 0.00543331
590.815 0.708373 0.00532189
591.156 0.730083 0.00541052
591.496 0.695812 0.00512098
591.837 0.68007 0.00435537
592.177 0.701955 0.00401959
592.517 0.743988 0.00396191
592.857 0.764826 0.00423532
593.198 0.75713 0.00448351
593.538 0.747779 0.00491533
593.878 0.710648 0.00494486
594.218 0.687651 0.00470729
594.558 0.719589 0.00463638
594.898 0.747622 0.00485893
595.237 0.755743 0.00518812
595.577 0.741613 0.00547138
595.917 0.720464 0.00566213
596.257 0.696824 0.00533514
596.596 0.704732 0.00523048
596.936 0.742681 0.00528035
597.276 0.742549 0.00548627
597.615 0.711875 0.00527655
597.955 0.679666 0.00453451
598.294 0.723787 0.00439023
598.633 0.751045 0.00448695
598.973 0.745389 0.00463852
599.312 0.715699 0.00453133
599.651 0.7342 0.00462591
599.991 0.729165 0.00471071
600.33 0.72543 0.00477124
600.669 0.72976 0.00492261
601.008 0.738449 0.005123
601.347 0.723786 0.00524473
601.686 0.707702 0.00503466
602.025 0.723598 0.00512486
602.364 0.713307 0.00483478
602.702 0.723122 0.00479808
603.041 0.73939 0.00488389
603.38 0.747467 0.00514538
603.719 0.740521 0.00535472
604.057 0.717697 0.0054197
604.396 0.71508 0.00540127
604.734 0.693453 0.00508004
605.073 0.723237 0.00479963
605.411 0.737919 0.00489515
605.75 0.761157 0.00515315
606.088 0.73037 0.00531209
606.426 0.705456 0.00509271
606.764 0.716116 0.00506052
607.103 0.747614 0.00533447
607.441 0.727766 0.00544483
607.779 0.719249 0.00554411
608.117 0.7211 0.00551326
608.455 0.741154 0.00582647
608.793 0.712435 0.00576756
609.131 0.689981 0.00529531
609.469 0.719261 0.00527604
609.806 0.748049 0.00545295
610.144 0.74845 0.00588275
610.482 0.710924 0.00579294
610.819 0.722414 0.00582678
611.157 0.721912 0.00585541
611.495 0.731977 0.00610273
611.832 0.716174 0.00605453
612.17 0.708995 0.00598028
612.507 0.722617 0.00597004
612.844 0.725909 0.00604648
613.182 0.725291 0.00605787
613.519 0.716135 0.00598244
613.856 0.727946 0.00601585
614.193 0.712904 0.0058783
614.53 0.717543 0.00577453
614.867 0.733957 0.00583388
615.205 0.743232 0.00616458
615.541 0.733063 0.00634351
615.878 0.70962 0.00650625
616.215 0.711169 0.00644687
616.552 0.717152 0.00654008
616.889 0.712661 0.00636989
617.226 0.727072 0.00636798
617.562 0.746033 0.00665553
617.899 0.743211 0.00704411
618.235 0.733579 0.00735889
618.572 0.713478 0.00752624
618.908 0.699427 0.00719318
619.245 0.708543 0.00694443
619.581 0.730886 0.00692942
619.918 0.772274 0.00771466
620.254 0.751853 0.00858692
620.59 0.693029 0.00836827
620.926 0.678663 0.00772128
621.262 0.709348 0.00745546
621.599 0.745796 0.00767935
621.935 0.717015 0.00743494
622.271 0.720194 0.00717202
622.606 0.726337 0.00704691
622.942 0.753925 0.00735749
623.278 0.727513 0.00743813
623.614 0.700633 0.00695635
623.95 0.725327 0.00704955
624.285 0.741784 0.00726196
624.621 0.741411 0.00765456
624.957 0.723298 0.00779563
625.292 0.734398 0.00809276
625.628 0.719801 0.00825433
625.963 0.712586 0.00826738
626.299 0.714198 0.00810632
626.634 0.718586 0.00800361
626.969 0.743275 0.0082905
627.304 0.755915 0.00906262
627.64 0.727343 0.00953521
627.975 0.699578 0.00916433
628.31 0.685204 0.0085731
628.645 0.732149 0.00865922
628.98 0.741538 0.00890606
629.315 0.741175 0.00907452
629.65 0.725356 0.0090488
629.985 0.725576 0.00902472
630.319 0.740009 0.0095126
630.654 0.717015 0.00947034
630.989 0.718925 0.00943649
631.323 0.730697 0.00967823
631.658 0.750542 0.0102085
631.993 0.731355 0.0105135
632.327 0.723201 0.0104946
632.662 0.715954 0.0103853
632.996 0.712838 0.0101329
633.33 0.716372 0.0100076
633.665 0.746459 0.0105734
633.999 0.734486 0.0108068
634.333 0.720843 0.0107038
634.667 0.715881 0.0107038
635.001 0.724867 0.0105084
635.335 0.718971 0.0100673
635.669 0.709117 0.00962705
636.003 0.745256 0.0100067
636.337 0.752897 0.0105606
636.671 0.744274 0.0110485
637.005 0.714302 0.0111177
637.339 0.717928 0.0110966
637.672 0.709142 0.0106258
638.006 0.728525 0.0104935
638.339 0.744074 0.0107595
638.673 0.745249 0.0111109
639.006 0.732914 0.0113646
639.34 0.715525 0.0112228
639.673 0.723635 0.0114473
640.007 0.727665 0.0114503
640.34 0.729459 0.0116643
640.673 0.723966 0.0117089
641.006 0.742703 0.0120338
641.34 0.735843 0.0121085
641.673 0.731817 0.0123637
642.006 0.725641 0.0125235
642.339 0.706526 0.0121389
642.672 0.73921 0.0123402
643.004 0.726152 0.0123005
643.337 0.752246 0.0129229
643.67 0.725528 0.0126879
644.003 0.725113 0.01256
644.336 0.730066 0.01255
644.668 0.715944 0.0124057
645.001 0.731063 0.0127527
645.333 0.750344 0.0132375
645.666 0.73525 0.0133741
645.998 0.732105 0.0136501
646.331 0.737225 0.013906
646.663 0.731313 0.0137076
646.995 0.703281 0.0126226
647.327 0.696511 0.0115359
647.66 0.724258 0.0111196
647.992 0.738752 0.0110588
648.324 0.750567 0.0111057
648.656 0.734246 0.011137
648.988 0.754687 0.0117405
649.32 0.73761 0.0124157
649.652 0.728742 0.0129198
649.983 0.70438 0.0129756
650.315 0.71209 0.0131304
650.647 0.694319 0.0126681
650.979 0.713196 0.0122535
651.31 0.709581 0.0117524
651.642 0.717861 0.0115553
651.973 0.732429 0.0116642
652.305 0.729927 0.0116001
652.636 0.736677 0.011815
652.967 0.727059 0.0120029
653.299 0.722977 0.0122482
653.63 0.692118 0.0118485
653.961 0.664757 0.010787
654.292 0.569203 0.00766143
654.623 0.437115 0.0024335
654.955 0.900145 0.00342801
655.286 0.900089 0.0034278
655.616 0.900033 0.00342759
655.947 0.899976 0.00342737
656.278 0.899919 0.00342715
656.609 0.537901 0.00277277
656.94 0.450329 0.00335716
657.27 0.40203 0.00371882
657.601 0.419549 0.00438169
657.932 0.470687 0.00555113
658.262 0.541251 0.00725135
658.593 0.608557 0.00922341
658.923 0.652669 0.0111687
659.254 0.687102 0.0126585
659.584 0.695529 0.0135221
659.914 0.705433 0.0142605
660.244 0.721015 0.0147772
660.575 0.708199 0.0145382
660.905 0.720982 0.0146906
661.235 0.730203 0.0145773
661.565 0.723692 0.0144078
661.895 0.733135 0.0144187
662.225 0.723386 0.0145481
662.555 0.732562 0.0148434
662.884 0.724084 0.0145923
663.214 0.725408 0.0144042
663.544 0.741906 0.0144155
663.873 0.716561 0.0139572
664.203 0.727779 0.0139129
664.533 0.720737 0.0134704
664.862 0.738085 0.0135367
665.192 0.7398 0.0139423
665.521 0.754746 0.0148469
665.85 0.724894 0.0149826
666.18 0.733689 0.0156941
666.509 0.715984 0.0154115
666.838 0.717405 0.015062
667.167 0.729627 0.0149947
667.496 0.747581 0.0154396
667.825 0.737563 0.015413
668.154 0.729157 0.0152994
668.483 0.749429 0.0154053
668.812 0.729685 0.0149177
669.141 0.740064 0.0148736
669.47 0.743772 0.0147272
669.798 0.751761 0.0149576
670.127 0.720728 0.0146594
670.456 0.689505 0.0135275
670.784 0.700909 0.0122338
671.113 0.708321 0.0112892
671.441 0.734286 0.0109833
671.77 0.760065 0.01136
672.098 0.743857 0.0116804
672.426 0.776587 0.0132686
672.755 0.723789 0.0136199
673.083 0.696071 0.0135454
673.411 0.703278 0.0135881
673.739 0.713284 0.0138847
674.067 0.728699 0.0147751
674.395 0.711063 0.0145936
674.723 0.705922 0.0141621
675.051 0.737476 0.0142658
675.379 0.725251 0.0141354
675.706 0.738187 0.0144177
676.034 0.740768 0.0147688
676.362 0.724449 0.0146756
676.689 0.694016 0.0134927
677.017 0.714524 0.0127917
677.344 0.738061 0.0124886
677.672 0.761554 0.0129033
677.999 0.737529 0.0128527
678.327 0.711771 0.0123746
678.654 0.713762 0.0118526
678.981 0.733384 0.011653
679.308 0.743342 0.0118254
679.636 0.755617 0.0124799
679.963 0.737927 0.0129503
680.29 0.708165 0.0127209
680.617 0.709518 0.012496
680.944 0.706845 0.0122874
681.271 0.756996 0.0130822
681.597 0.747162 0.0138759
681.924 0.734518 0.014653
682.251 0.702157 0.0142702
682.578 0.689494 0.0133978
682.904 0.699377 0.0125909
683.231 0.710693 0.0121875
683.557 0.727076 0.0120511
683.884 0.713914 0.0116009
684.21 0.734409 0.0114907
684.536 0.729981 0.0110816
684.863 0.727798 0.0108988
685.189 0.736226 0.0111466
685.515 0.744544 0.0118162
685.841 0.718024 0.0119838
686.167 0.694054 0.0117938
686.493 0.710722 0.0117919
686.819 0.73157 0.0120315
687.145 0.739606 0.0126257
687.471 0.74681 0.0136433
687.797 0.700895 0.0136607
688.123 0.693842 0.013509
688.448 0.697221 0.0130977
688.774 0.723212 0.0129387
689.1 0.743446 0.0133405
689.425 0.739597 0.0138642
689.751 0.717275 0.0138743
690.076 0.696223 0.012908
690.402 0.705777 0.0121422
690.727 0.725161 0.0119279
691.052 0.75441 0.012485
691.377 0.740267 0.0127387
691.703 0.729962 0.01297
692.028 0.709302 0.0127923
692.353 0.717454 0.0125936
692.678 0.732644 0.0128241
693.003 0.752669 0.0134923
693.328 0.741331 0.0143789
693.652 0.720131 0.0148116
693.977 0.685725 0.0141081
694.302 0.6846 0.0132917
694.627 0.73068 0.0135398
694.951 0.752494 0.0142344
695.276 0.765357 0.0157373
695.6 0.702146 0.0153269
695.925 0.66705 0.0131113
696.249 0.693712 0.0117899
696.574 0.732138 0.0114788
696.898 0.781547 0.0123996
697.222 0.741147 0.0127631
697.546 0.725918 0.0131395
697.871 0.715315 0.013318
698.195 0.708478 0.0133513
698.519 0.713779 0.0137403
698.843 0.738186 0.0143732
699.167 0.713109 0.0146578
699.491 0.730624 0.0154018
699.814 0.718073 0.0153923
700.138 0.714643 0.0154024
700.462 0.731143 0.0158368
700.786 0.713612 0.015438
701.109 0.719905 0.0151238
701.433 0.730684 0.0147089
701.756 0.725559 0.0141339
702.08 0.73987 0.0142739
702.403 0.74369 0.0146022
702.726 0.74802 0.0152661
703.05 0.720903 0.0153526
703.373 0.720836 0.0155309
703.696 0.72874 0.015629
704.019 0.749407 0.016402
704.342 0.737125 0.0168604
704.665 0.727148 0.0174373
704.988 0.710765 0.017127
705.311 0.691627 0.0158567
705.634 0.686753 0.0141867
705.957 0.699633 0.0129687
706.28 0.714357 0.0121398
706.602 0.743259 0.0122545
706.925 0.749619 0.0125656
707.247 0.742417 0.0130034
707.57 0.729327 0.0133965
707.892 0.715863 0.0137252
708.215 0.72696 0.014507
708.537 0.695888 0.014543
708.859 0.695867 0.0146259
709.182 0.697457 0.014491
709.504 0.693353 0.0140681
709.826 0.721385 0.0141695
710.148 0.729151 0.014303
710.47 0.739585 0.0148144
710.792 0.737476 0.0153399
711.114 0.724845 0.0157178
711.436 0.711871 0.0159231
711.758 0.698494 0.0155175
712.079 0.699652 0.0153529
712.401 0.713565 0.0147397
712.723 0.711304 0.0141821
713.044 0.708455 0.0133346
713.366 0.740415 0.0134803
713.687 0.743463 0.0136177
714.009 0.745399 0.0140054
714.33 0.718767 0.0140613
714.652 0.721749 0.0144909
714.973 0.712005 0.0148915
715.294 0.737407 0.0159342
715.615 0.734994 0.0169254
715.936 0.709765 0.0168763
716.257 0.70615 0.0169952
716.578 0.736709 0.0174757
716.899 0.724552 0.0169446
717.22 0.715674 0.015754
717.541 0.733484 0.0155214
717.862 0.746182 0.0156026
718.182 0.721737 0.0153146
718.503 0.723514 0.0150002
718.824 0.746925 0.015458
719.144 0.735703 0.0155867
719.465 0.72946 0.015875
719.785 0.715944 0.0154027
720.105 0.725611 0.0153027
720.426 0.71592 0.0150116
720.746 0.734824 0.0154665
721.066 0.727519 0.0154172
721.386 0.712827 0.015417
721.706 0.725002 0.0160003
722.026 0.731832 0.0165021
722.346 0.725642 0.0165688
722.666 0.731988 0.0164234
722.986 0.731161 0.0160069
723.306 0.736008 0.0161853
723.626 0.738849 0.016538
723.946 0.711088 0.0161919
724.265 0.695644 0.015159
724.585 0.699036 0.0143946
724.904 0.725088 0.0145515
725.224 0.732614 0.0146659
725.543 0.719822 0.0145342
725.863 0.720542 0.0146808
726.182 0.749326 0.015579
726.501 0.713209 0.0154383
726.82 0.712015 0.015527
727.14 0.704689 0.0148486
727.459 0.702238 0.0143757
727.778 0.71538 0.0144234
728.097 0.726413 0.014733
728.416 0.705483 0.0143551
728.734 0.697108 0.013816
729.053 0.728573 0.0139858
729.372 0.71673 0.0138431
729.691 0.696525 0.0133027
730.009 0.706854 0.0127567
730.328 0.707544 0.0123874
730.647 0.733809 0.0126296
730.965 0.73379 0.0130719
731.283 0.712037 0.0133605
731.602 0.694553 0.0133491
731.92 0.698622 0.0131502
732.238 0.694716 0.0127976
732.557 0.701414 0.0127413
732.875 0.691491 0.0123442
733.193 0.686124 0.0115629
733.511 0.715906 0.0115413
733.829 0.733535 0.0120329
734.147 0.741648 0.0128951
734.465 0.706635 0.0131595
734.782 0.701458 0.0130993
735.1 0.690627 0.0126337
735.418 0.704367 0.0127483
735.735 0.708232 0.0128217
736.053 0.699838 0.0126042
736.371 0.709614 0.0128231
736.688 0.714725 0.0133382
737.005 0.731817 0.0143189
737.323 0.699601 0.0145356
737.64 0.693491 0.0144885
737.957 0.676861 0.0135708
738.274 0.677031 0.0124573
738.592 0.720667 0.0125396
738.909 0.733916 0.0129731
739.226 0.728144 0.0140744
739.543 0.701144 0.014887
739.86 0.721317 0.0159775
740.176 0.694514 0.0160849
740.493 0.6895 0.0165107
740.81 0.69319 0.016607
741.127 0.683183 0.0163125
741.443 0.686576 0.0154948
741.76 0.706458 0.0151967
742.076 0.736173 0.0156503
742.393 0.736705 0.0164958
742.709 0.715376 0.017155
743.025 0.71198 0.0174296
743.342 0.713691 0.0172902
743.658 0.706937 0.016877
743.974 0.716977 0.0165264
744.29 0.736146 0.0167288
744.606 0.728622 0.0168209
744.922 0.705729 0.0165842
745.238 0.709042 0.0166736
745.554 0.711089 0.0171016
745.87 0.711856 0.0172911
746.186 0.688539 0.0163049
746.501 0.704426 0.0158852
746.817 0.712442 0.0162298
747.132 0.734347 0.0176867
747.448 0.692805 0.0178541
747.763 0.657396 0.0171321
748.079 0.658976 0.0164388
748.394 0.699219 0.0157857
748.71 0.68765 0.0145741
749.025 0.689513 0.0137401
749.34 0.711273 0.0137738
749.655 0.722929 0.01419
749.97 0.707723 0.0145454
750.285 0.681307 0.0143155
750.6 0.676414 0.0139591
750.915 0.668199 0.0135293
751.23 0.68604 0.0139787
751.545 0.694889 0.0146466
751.859 0.69209 0.0151677
752.174 0.669974 0.0150977
752.489 0.659167 0.0142215
752.803 0.670716 0.0134844
753.118 0.687373 0.0135483
753.432 0.68629 0.0139918
753.747 0.688192 0.0145305
754.061 0.653917 0.0136841
754.375 0.648088 0.0130528
754.689 0.662894 0.0127901
755.004 0.6827 0.0129589
755.318 0.663164 0.0124937
755.632 0.654133 0.0118031
755.946 0.679878 0.0118157
756.26 0.659419 0.0111163
756.573 0.66747 0.0107006
756.887 0.6659 0.0103627
757.201 0.678529 0.0106824
757.515 0.686545 0.0117705
757.828 0.664563 0.0124199
758.142 0.637915 0.0121281
758.455 0.624871 0.0111476
758.769 0.649651 0.0107642
759.082 0.651535 0.0104866
759.396 0.663751 0.0104253
759.709 0.656551 0.0102882
760.022 0.668104 0.0104699
760.335 0.666567 0.0110075
760.648 0.667391 0.0118383
760.962 0.639744 0.0124408
761.275 0.623316 0.0128884
761.587 0.622162 0.0130441
761.9 0.646313 0.0133285
762.213 0.645729 0.0128874
762.526 0.659125 0.0125507
762.839 0.657191 0.0124821
763.151 0.657073 0.0121205
763.464 0.650446 0.0114059
763.776 0.64932 0.0105855
764.089 0.677524 0.0105845
764.401 0.66689 0.0108742
764.714 0.663145 0.0114814
765.026 0.646839 0.0121032
765.338 0.638426 0.0128031
765.65 0.635462 0.0137482
765.962 0.607381 0.0140658
766.275 0.605168 0.0145425
766.587 0.620844 0.0147783
766.898 0.625233 0.0143544
767.21 0.636244 0.0136244
767.522 0.646279 0.0127404
767.834 0.668329 0.0124813
768.146 0.664239 0.0125329
768.457 0.677638 0.0134323
768.769 0.654526 0.0139041
769.08 0.629045 0.0136923
769.392 0.627745 0.0131836
769.703 0.634031 0.0125638
770.015 0.639052 0.0121322
770.326 0.666522 0.0124143
770.637 0.647416 0.0126775
770.948 0.654192 0.0136741
771.26 0.620247 0.014151
771.571 0.622439 0.0143313
771.882 0.622176 0.0139801
772.193 0.657293 0.0145149
772.504 0.650634 0.0148025
772.814 0.651993 0.0151137
773.125 0.647843 0.0153773
773.436 0.639263 0.0157139
773.747 0.638244 0.0160548
774.057 0.65454 0.0166063
774.368 0.658273 0.0169155
774.678 0.65936 0.0173708
774.989 0.636435 0.017334
775.299 0.662307 0.0182779
775.609 0.644853 0.0178344
775.919 0.653095 0.0178008
776.23 0.666264 0.0180011
776.54 0.662669 0.0178004
776.85 0.656008 0.017897
777.16 0.651876 0.0173105
777.47 0.652599 0.0164203
777.78 0.65221 0.0156919
778.089 0.656591 0.0149532
778.399 0.647458 0.0147548
778.709 0.661241 0.0155989
779.019 0.665724 0.0166798
779.328 0.640169 0.0172415
779.638 0.616765 0.0166996
779.947 0.617325 0.01523
780.257 0.620602 0.0139301
780.566 0.642394 0.0136421
780.875 0.649489 0.0140308
781.185 0.650492 0.0149322
781.494 0.625593 0.0148855
781.803 0.623333 0.0152556
782.112 0.622282 0.0154658
782.421 0.630184 0.0153592
782.73 0.610403 0.0147182
783.039 0.64771 0.0153537
783.348 0.645151 0.0165463
783.656 0.60725 0.0169349
783.965 0.615634 0.0173071
784.274 0.603598 0.016486
784.582 0.617018 0.0161506
784.891 0.643427 0.0163953
785.199 0.635853 0.0165455
785.508 0.639795 0.0170538
785.816 0.645179 0.0174368
786.124 0.621936 0.0167419
786.432 0.640133 0.016151
786.741 0.638455 0.0155133
787.049 0.642469 0.0154701
787.357 0.637423 0.015645
787.665 0.626804 0.0154207
787.973 0.629088 0.0155893
788.281 0.618207 0.0157756
788.588 0.610019 0.0165051
788.896 0.626205 0.0177626
789.204 0.620637 0.018402
789.511 0.61228 0.0183271
789.819 0.628562 0.0189077
790.126 0.617875 0.0187541
790.434 0.631043 0.0189485
790.741 0.65762 0.0192946
791.049 0.637021 0.01897
791.356 0.661086 0.0199522
791.663 0.636502 0.0199309
791.97 0.655003 0.020271
792.277 0.631745 0.0195381
792.584 0.619803 0.018332
792.891 0.601642 0.015975
793.198 0.622832 0.0150878
793.505 0.629163 0.0148675
793.812 0.632729 0.0153313
794.119 0.611133 0.0154138
794.425 0.600239 0.0157295
794.732 0.602929 0.0164833
795.038 0.628735 0.0185962
795.345 0.610695 0.0197087
795.651 0.601855 0.0206145
795.958 0.619311 0.0209538
796.264 0.600911 0.0192606
796.57 0.622291 0.0188832
796.876 0.633348 0.0188866
797.183 0.637266 0.0192951
797.489 0.656083 0.0203815
797.795 0.63102 0.0201673
798.101 0.631214 0.0200812
798.406 0.655395 0.0205709
798.712 0.650141 0.0210935
799.018 0.66882 0.0217286
799.324 0.650728 0.0214889
799.629 0.654393 0.0216466
799.935 0.647529 0.0216924
800.24 0.666867 0.0224327
800.546 0.659863 0.0223222
800.851 0.640242 0.022188
801.157 0.666749 0.0236126
801.462 0.665289 0.0238155
801.767 0.661908 0.0238679
802.072 0.636264 0.0224932
802.377 0.675226 0.0222979
802.682 0.643397 0.0214154
802.987 0.671981 0.0224938
803.292 0.668791 0.023014
803.597 0.66066 0.0230685
803.902 0.649197 0.0228099
804.207 0.666123 0.0229607
804.511 0.636331 0.0220975
804.816 0.621032 0.0205114
805.12 0.617847 0.0191159
805.425 0.614822 0.0179608
805.729 0.631532 0.0183459
806.034 0.630606 0.019042
806.338 0.636895 0.0202273
806.642 0.628616 0.0206071
806.946 0.595051 0.0198466
807.251 0.642163 0.0208068
807.555 0.621335 0.020141
807.859 0.62154 0.0199913
808.162 0.642215 0.0209109
808.466 0.638627 0.0215621
808.77 0.629391 0.0219727
809.074 0.644435 0.0229941
809.378 0.63854 0.0229286
809.681 0.62944 0.0225854
809.985 0.675031 0.0237674
810.288 0.668654 0.0239186
810.592 0.654855 0.0234931
810.895 0.671357 0.0243522
811.198 0.684656 0.0256797
811.502 0.686205 0.0260826
811.805 0.714358 0.0273434
812.108 0.620573 0.024325
812.411 0.660803 0.0243575
812.714 0.650758 0.0225219
813.017 0.641917 0.0211687
813.32 0.645308 0.021193
813.623 0.656221 0.0220466
813.926 0.667186 0.0238403
814.228 0.65893 0.0249593
814.531 0.675932 0.0260898
814.833 0.629943 0.024993
815.136 0.652108 0.0255835
815.438 0.699045 0.0267904
815.741 0.642004 0.0246096
816.043 0.684025 0.0250933
816.345 0.657645 0.0244392
816.648 0.695551 0.0253384
816.95 0.67832 0.0254067
817.252 0.696762 0.0263282
817.554 0.668081 0.0258357
817.856 0.687188 0.0267622
818.158 0.65414 0.0263375
818.46 0.712365 0.0281816
818.761 0.686497 0.0275644
819.063 0.707947 0.0275058
819.365 0.665027 0.0258714
819.666 0.653119 0.0243567
819.968 0.675077 0.0239458
820.269 0.626281 0.0228149
820.571 0.647673 0.0238096
820.872 0.658122 0.0249085
821.173 0.675983 0.0262471
821.475 0.691978 0.0275776
821.776 0.670049 0.0269966
822.077 0.652212 0.0264797
822.378 0.653947 0.0266999
822.679 0.691473 0.0279047
822.98 0.687763 0.0275713
823.281 0.732096 0.0293686
823.581 0.706616 0.0285618
823.882 0.727824 0.0293582
824.183 0.722993 0.0289638
824.483 0.677683 0.0270444
824.784 0.650126 0.0254008
825.084 0.675977 0.0263652
825.385 0.682758 0.0268445
825.685 0.71276 0.0280178
825.985 0.66506 0.0268326
826.286 0.677331 0.0267072
826.586 0.632395 0.0252999
826.886 0.681337 0.0263094
827.186 0.681353 0.0266959
827.486 0.669679 0.0273553
827.786 0.681433 0.0280148
828.086 0.699452 0.0280975
828.386 0.688769 0.0275177
828.685 0.688548 0.0273611
828.985 0.709743 0.0286091
829.285 0.685132 0.0283028
829.584 0.688303 0.0288265
829.884 0.740819 0.030362
830.183 0.745503 0.0320455
830.482 0.715576 0.0310531
830.782 0.688904 0.0305983
831.081 0.779415 0.0337783
831.38 0.707662 0.0311452
831.679 0.744461 0.0320172
831.978 0.775031 0.0327201
832.277 0.753373 0.03122
832.576 0.739408 0.0303475
832.875 0.705031 0.0296156
833.174 0.720571 0.0297523
833.472 0.739284 0.0303641
833.771 0.723958 0.0304566
834.07 0.725603 0.0297666
834.368 0.723287 0.0300099
834.667 0.763107 0.0316389
834.965 0.744069 0.0317108
835.263 0.756442 0.0320164
835.562 0.727912 0.0314211
835.86 0.728878 0.0311517
836.158 0.707709 0.0310452
836.456 0.774778 0.0333387
836.754 0.719081 0.0320282
837.052 0.790454 0.0346464
837.35 0.787418 0.0339093
837.648 0.762955 0.033821
837.946 0.793746 0.0347907
838.243 0.725372 0.033268
838.541 0.760802 0.0331757
838.839 0.778675 0.0336123
839.136 0.787681 0.033735
839.434 0.77368 0.0332306
839.731 0.783031 0.0343306
840.028 0.758153 0.0330069
840.326 0.75603 0.033375
840.623 0.760078 0.0334337
840.92 0.759895 0.0337515
841.217 0.793731 0.0354631
841.514 0.825796 0.0363744
841.811 0.777271 0.0341247
842.108 0.757439 0.0346767
842.405 0.780681 0.0354676
842.701 0.778202 0.0355744
842.998 0.777831 0.034471
843.295 0.796373 0.035642
843.591 0.78805 0.0355328
843.888 0.75838 0.0344544
844.184 0.815712 0.03594
844.481 0.766133 0.0342594
844.777 0.757427 0.034231
845.073 0.759529 0.0345369
845.369 0.788929 0.0355521
845.665 0.797662 0.0362708
845.962 0.768918 0.0349126
846.258 0.823747 0.0368357
846.553 0.813021 0.0366482
846.849 0.85344 0.0376129
847.145 0.775115 0.0346805
847.441 0.782215 0.035048
847.737 0.773688 0.0345676
848.032 0.778042 0.0353269
848.328 0.795767 0.0358913
848.623 0.852052 0.0376348
848.919 0.839295 0.0365198
849.214 0.786337 0.0349456
849.509 0.798631 0.035743
849.805 0.773855 0.0358901
850.1 0.813282 0.0376157
850.395 0.830474 0.0378852
850.69 0.868428 0.0390109
850.985 0.782439 0.0357151
851.28 0.793855 0.0358254
851.575 0.811009 0.0366526
851.869 0.840011 0.0371748
852.164 0.787998 0.0354691
852.459 0.759916 0.0338759
852.753 0.767242 0.0335652
853.048 0.699804 0.030393
853.342 0.717799 0.0305676
853.637 0.72738 0.0313238
853.931 0.712979 0.0306795
854.225 0.689659 0.0300409
854.52 0.757978 0.0326672
854.814 0.728456 0.0321312
855.108 0.704535 0.0305739
855.402 0.690368 0.0308188
855.696 0.733763 0.0326821
855.99 0.754631 0.0336781
856.283 0.762649 0.0331136
856.577 0.759534 0.0338015
856.871 0.726151 0.0327891
857.164 0.781518 0.0343861
857.458 0.803146 0.0360166
857.751 0.829038 0.0359579
858.045 0.761572 0.0340456
858.338 0.746068 0.0342478
858.632 0.735731 0.0332312
858.925 0.747491 0.0343747
859.218 0.796276 0.0353277
859.511 0.836818 0.0377317
859.804 0.80644 0.03667
860.097 0.76921 0.0348648
860.39 0.816927 0.0369843
860.683 0.850051 0.0375669
860.976 0.804851 0.0368473
861.268 0.791772 0.0359818
861.561 0.823062 0.0377373
861.854 0.862947 0.0397921
862.146 0.819209 0.0373935
862.439 0.783066 0.0363615
862.731 0.765704 0.0350757
863.023 0.82 0.0374738
863.316 0.810344 0.0365804
863.608 0.818838 0.0369638
863.9 0.818944 0.0369897
864.192 0.776942 0.0351741
864.484 0.793708 0.0364021
864.776 0.795806 0.0367736
865.068 0.779307 0.0361652
865.36 0.829714 0.0372189
865.651 0.834468 0.0383058
865.943 0.803904 0.0369028
866.235 0.781957 0.03658
866.526 0.891776 0.0401172
866.818 0.79516 0.0366111
867.109 0.758983 0.0355493
867.4 0.832658 0.0379514
867.692 0.858146 0.0387382
867.983 0.840154 0.0379589
868.274 0.852378 0.0387137
868.565 0.831267 0.0377436
868.856 0.840704 0.0382055
869.147 0.80773 0.0373473
869.438 0.816059 0.0374383
869.729 0.825352 0.0378761
870.02 0.874142 0.0405164
870.31 0.869479 0.0391479
870.601 0.833901 0.0377861
870.892 0.794979 0.036515
871.182 0.837844 0.0373287
871.473 0.861875 0.0386834
871.763 0.796163 0.036288
872.053 0.82944 0.0374749
872.343 0.829752 0.0374241
872.634 0.838221 0.0379928
872.924 0.774252 0.0357887
873.214 0.826318 0.0377291
873.504 0.801449 0.0376558
873.794 0.852014 0.0397955
874.084 0.916329 0.041151
874.373 0.836403 0.038326
874.663 0.802966 0.0366628
874.953 0.84205 0.0387934
875.242 0.782998 0.0369047
875.532 0.778927 0.0365062
875.821 0.793057 0.0370648
876.111 0.809507 0.0373052
876.4 0.846381 0.0386226
876.689 0.782856 0.036898
876.978 0.82938 0.0379926
877.268 0.798114 0.0373359
877.557 0.821214 0.0383093
877.846 0.842919 0.0386823
878.134 0.838298 0.0389262
878.423 0.838452 0.0389334
878.712 0.838606 0.0389406
