178.41 0.440745 0.102693
178.791 0.443536 0.103344
179.172 0.446307 0.103989
179.553 0.339444 0.339444
179.934 0.458169 0.458169
180.316 0.704012 0.704012
180.697 0.44959 0.44959
181.078 0.852721 0.852721
181.459 0.470568 0.470568
181.84 0.678362 0.678362
182.221 3.22869 3.22869
182.602 0.517891 0.517891
182.983 2.37224 0.697416
183.364 0.652109 0.143295
183.744 0.67566 0.0920908
184.125 0.764563 0.0849777
184.506 0.605308 0.0619405
184.887 0.579114 0.0540262
185.268 0.447299 0.0408769
185.648 0.484056 0.0411638
186.029 0.5802 0.0429861
186.41 0.540772 0.0404147
186.791 0.565429 0.0397157
187.171 0.522921 0.0326685
187.552 0.457224 0.0248535
187.932 0.465288 0.0255291
188.313 0.471181 0.0239943
188.694 0.483129 0.0242827
189.074 0.48774 0.0235228
189.455 0.470794 0.0224692
189.835 0.539591 0.0247342
190.216 0.499321 0.0231664
190.596 0.465978 0.0214176
190.977 0.495336 0.0219104
191.357 0.471718 0.0214448
191.737 0.515278 0.0221331
192.118 0.480876 0.0212766
192.498 0.451502 0.019977
192.878 0.474004 0.0206262
193.258 0.463195 0.0200379
193.639 0.489637 0.0203463
194.019 0.457332 0.019837
194.399 0.475842 0.0200599
194.779 0.435816 0.0184283
195.159 0.4535 0.0193433
195.54 0.43905 0.0184623
195.92 0.440323 0.0185437
196.3 0.42658 0.0179876
196.68 0.451257 0.0185929
197.06 0.454252 0.0185432
197.44 0.433791 0.0179469
197.82 0.434875 0.0178281
198.2 0.441501 0.017955
198.58 0.397716 0.0165917
198.959 0.387479 0.0163471
199.339 0.406028 0.0168065
199.719 0.386834 0.0160902
200.099 0.398601 0.0163723
200.479 0.396536 0.0162836
200.858 0.390085 0.0159126
201.238 0.372644 0.0153098
201.618 0.375224 0.0155351
201.998 0.363028 0.0149147
202.377 0.343395 0.0145055
202.757 0.342208 0.0142902
203.136 0.350134 0.014361
203.516 0.343345 0.0140093
203.896 0.335576 0.0136793
204.275 0.327625 0.0132496
204.655 0.307689 0.0128645
205.034 0.322516 0.013016
205.414 0.323922 0.012881
205.793 0.328253 0.0128507
206.172 0.305445 0.0124075
206.552 0.315112 0.0123874
206.931 0.292962 0.011761
207.31 0.290999 0.0115953
207.69 0.295508 0.0115914
208.069 0.273697 0.0110078
208.448 0.28359 0.0110638
208.827 0.277925 0.0108898
209.207 0.270225 0.0107098
209.586 0.277915 0.010577
209.965 0.276728 0.010521
210.344 0.261242 0.0100733
210.723 0.265477 0.0100299
211.102 0.262786 0.00980626
211.481 0.262069 0.00974119
211.86 0.255572 0.00952393
212.239 0.254958 0.00941638
212.618 0.251841 0.00922335
212.997 0.248775 0.00901749
213.376 0.242963 0.0088797
213.755 0.247866 0.00884287
214.134 0.249522 0.00875219
214.513 0.233956 0.00833761
214.891 0.232994 0.00826491
215.27 0.237788 0.00819253
215.649 0.230051 0.00799188
216.028 0.227625 0.00781235
216.406 0.223056 0.00765298
216.785 0.223456 0.0075352
217.164 0.221323 0.00742407
217.542 0.221027 0.00726355
217.921 0.22452 0.007227
218.3 0.224168 0.00719576
218.678 0.214272 0.00692448
219.057 0.206649 0.00667911
219.435 0.204326 0.00653232
219.814 0.207472 0.0065339
220.192 0.212613 0.00650774
220.57 0.211489 0.00641443
220.949 0.201382 0.00615426
221.327 0.200063 0.00603206
221.705 0.199996 0.0059693
222.084 0.195201 0.00576937
222.462 0.195677 0.00570758
222.84 0.192276 0.00561105
223.218 0.195808 0.00552137
223.597 0.189943 0.00538311
223.975 0.188906 0.00527174
224.353 0.193174 0.00527241
224.731 0.189302 0.0051352
225.109 0.185367 0.0049789
225.487 0.189998 0.00496906
225.865 0.186417 0.00484674
226.243 0.18388 0.00475253
226.621 0.183753 0.00468832
226.999 0.183424 0.00458816
227.377 0.184092 0.00455188
227.755 0.180054 0.00444295
228.133 0.181118 0.00439947
228.511 0.181868 0.0043561
228.889 0.181498 0.00426845
229.266 0.179661 0.0042065
229.644 0.178191 0.00410678
230.022 0.176585 0.00403531
230.4 0.177928 0.00401245
230.777 0.177198 0.00396611
231.155 0.177378 0.00391654
231.533 0.179716 0.00388645
231.91 0.176698 0.00380151
232.288 0.17668 0.0037653
232.665 0.173613 0.00368442
233.043 0.174898 0.00366313
233.42 0.172434 0.00358807
233.798 0.177065 0.00360935
234.175 0.174483 0.00353627
234.553 0.175283 0.00350663
234.93 0.174465 0.00346339
235.307 0.174897 0.00343959
235.685 0.174126 0.00340399
236.062 0.173448 0.00335765
236.439 0.173439 0.00334095
236.816 0.172006 0.00328644
237.194 0.172256 0.003254
237.571 0.174615 0.00324769
237.948 0.174499 0.00322945
238.325 0.173209 0.00318188
238.702 0.173817 0.00316864
239.079 0.174405 0.00314251
239.456 0.17444 0.00312183
239.833 0.174025 0.003098
240.21 0.17638 0.00309008
240.587 0.177023 0.00308137
240.964 0.175112 0.00303969
241.341 0.175764 0.00301962
241.718 0.176717 0.00299913
242.095 0.177915 0.00300838
242.472 0.177302 0.00297938
242.849 0.179232 0.0029732
243.225 0.178837 0.00294403
243.602 0.176584 0.00291069
243.979 0.1781 0.00291306
244.356 0.179171 0.00290981
244.732 0.178809 0.00287727
245.109 0.178791 0.00285698
245.486 0.180183 0.00286409
245.862 0.179849 0.0028473
246.239 0.179288 0.00281388
246.615 0.180235 0.00281619
246.992 0.178368 0.00278105
247.368 0.181977 0.00280902
247.745 0.1808 0.00277632
248.121 0.181456 0.00276239
248.497 0.182228 0.00276378
248.874 0.181312 0.00274013
249.25 0.181514 0.00271753
249.626 0.182236 0.00271843
250.003 0.182457 0.00270411
250.379 0.183351 0.00268433
250.755 0.184843 0.00269757
251.131 0.18302 0.00266539
251.507 0.185673 0.00268106
251.884 0.186411 0.00266794
252.26 0.186496 0.00266923
252.636 0.184695 0.00263213
253.012 0.185197 0.0026261
253.388 0.184907 0.00261614
253.764 0.186228 0.00261473
254.14 0.18679 0.00261244
254.516 0.188971 0.00262406
254.892 0.188692 0.00260886
255.268 0.188898 0.00260751
255.643 0.187906 0.00258974
256.019 0.190168 0.00260335
256.395 0.19037 0.0025993
256.771 0.188556 0.00256802
257.147 0.189896 0.0025742
257.522 0.190184 0.00257207
257.898 0.193558 0.00259052
258.274 0.190712 0.00256476
258.649 0.192432 0.00257472
259.025 0.192518 0.00256115
259.4 0.191105 0.00255035
259.776 0.192958 0.00255477
260.151 0.195027 0.00257707
260.527 0.194799 0.00256409
260.902 0.194874 0.00255761
261.278 0.19493 0.00255257
261.653 0.196125 0.00256031
262.028 0.195179 0.00255658
262.404 0.197257 0.00255837
262.779 0.195982 0.0025437
263.154 0.196504 0.0025426
263.53 0.198234 0.0025468
263.905 0.196811 0.00254257
264.28 0.199093 0.00255595
264.655 0.197056 0.00253544
265.03 0.20003 0.00256238
265.405 0.200779 0.00255863
265.781 0.201265 0.00256476
266.156 0.201187 0.00256152
266.531 0.201586 0.00255052
266.906 0.204793 0.00258493
267.281 0.203907 0.00256657
267.655 0.202252 0.00256569
268.03 0.201581 0.00256285
268.405 0.20382 0.00257362
268.78 0.203905 0.00257409
269.155 0.204776 0.00257385
269.53 0.207911 0.00260242
269.904 0.206601 0.00259128
270.279 0.207929 0.00260125
270.654 0.208746 0.00259894
271.029 0.208004 0.00259924
271.403 0.208381 0.00259424
271.778 0.207253 0.00259456
272.152 0.209493 0.00261102
272.527 0.208312 0.00260137
272.901 0.210161 0.00260266
273.276 0.209678 0.00259374
273.65 0.210649 0.00260791
274.025 0.211071 0.00260374
274.399 0.212919 0.00262765
274.774 0.213517 0.00262525
275.148 0.212405 0.00261013
275.522 0.215479 0.00263598
275.897 0.214746 0.00263007
276.271 0.214861 0.0026334
276.645 0.213871 0.00261972
277.019 0.215728 0.00262394
277.393 0.214198 0.00260756
277.768 0.216019 0.00263101
278.142 0.214248 0.00261757
278.516 0.21475 0.00262526
278.89 0.218225 0.00264119
279.264 0.216895 0.00264158
279.638 0.216193 0.00262454
280.012 0.217928 0.00263968
280.386 0.220485 0.002669
280.76 0.219579 0.00265339
281.133 0.218634 0.00265253
281.507 0.219525 0.0026558
281.881 0.220555 0.00265593
282.255 0.220769 0.00266095
282.629 0.221536 0.0026733
283.002 0.22068 0.00266957
283.376 0.222992 0.00267617
283.75 0.223855 0.00269045
284.123 0.223771 0.00268056
284.497 0.223868 0.00268603
284.87 0.226123 0.00270228
285.244 0.225173 0.00269164
285.618 0.22785 0.00271455
285.991 0.227219 0.00272223
286.364 0.227683 0.00272399
286.738 0.226966 0.0027192
287.111 0.229049 0.0027328
287.485 0.227355 0.00272422
287.858 0.229436 0.00274687
288.231 0.229629 0.00274321
288.605 0.232489 0.00276781
288.978 0.229976 0.00274694
289.351 0.233374 0.00278155
289.724 0.233296 0.00278099
290.097 0.22952 0.00276168
290.47 0.233893 0.00279687
290.843 0.230817 0.00277744
291.217 0.23269 0.00278925
291.59 0.234368 0.00281868
291.963 0.233779 0.00280892
292.336 0.234258 0.00282079
292.708 0.236548 0.00283994
293.081 0.237186 0.00285686
293.454 0.236256 0.00283869
293.827 0.236149 0.00284648
294.2 0.236215 0.00286544
294.573 0.237433 0.00286366
294.945 0.238199 0.00288522
295.318 0.239061 0.00288932
295.691 0.239176 0.00289705
296.064 0.239721 0.00290567
296.436 0.238745 0.00289771
296.809 0.239054 0.00289179
297.181 0.238662 0.00290492
297.554 0.240633 0.00292135
297.926 0.239913 0.00291929
298.299 0.240219 0.00292427
298.671 0.239876 0.00290946
299.044 0.245034 0.00295668
299.416 0.242334 0.0029448
299.788 0.240981 0.00293201
300.161 0.244318 0.00296522
300.533 0.245024 0.00296536
300.905 0.242348 0.0029379
301.278 0.243057 0.00294838
301.65 0.243647 0.00294864
302.022 0.242129 0.00294585
302.394 0.246332 0.00297611
302.766 0.246005 0.00296994
303.138 0.246376 0.00298386
303.51 0.24569 0.00297194
303.882 0.246939 0.00297575
304.254 0.246728 0.00298032
304.626 0.244937 0.00296056
304.998 0.248802 0.00298294
305.37 0.246984 0.00298863
305.742 0.248267 0.00298515
306.114 0.246913 0.00297572
306.485 0.247428 0.00297949
306.857 0.247048 0.00297507
307.229 0.244539 0.00297027
307.601 0.242452 0.00295676
307.972 0.241575 0.00294837
308.344 0.239071 0.00292938
308.716 0.237454 0.00293149
309.087 0.235097 0.00291324
309.459 0.233166 0.00290565
309.83 0.230532 0.00288957
310.202 0.223802 0.00284245
310.573 0.221396 0.00282878
310.945 0.218776 0.00281005
311.316 0.219321 0.002827
311.687 0.214912 0.00278722
312.059 0.215833 0.00280299
312.43 0.214165 0.00278706
312.801 0.215776 0.00280739
313.172 0.217447 0.00281998
313.544 0.222906 0.0028581
313.915 0.223404 0.0028431
314.286 0.232562 0.00291339
314.657 0.236153 0.00292929
315.028 0.245407 0.00299244
315.399 0.251147 0.00302623
315.77 0.260595 0.00307827
316.141 0.268881 0.00313984
316.512 0.273687 0.0031673
316.883 0.280067 0.00321048
317.254 0.283994 0.00322965
317.625 0.284131 0.00325034
317.996 0.284508 0.00323468
318.366 0.283591 0.00323748
318.737 0.278075 0.00320261
319.108 0.272177 0.00317941
319.478 0.268799 0.00316067
319.849 0.260625 0.00311076
320.22 0.253177 0.003069
320.59 0.248402 0.00303819
320.961 0.246007 0.0030287
321.331 0.247682 0.00303939
321.702 0.251864 0.00308047
322.072 0.259937 0.00313892
322.443 0.266528 0.00317216
322.813 0.278478 0.00323648
323.184 0.293367 0.00333119
323.554 0.31022 0.00343642
323.924 0.327565 0.00352936
324.295 0.346846 0.00364936
324.665 0.358555 0.00371315
325.035 0.378949 0.0038123
325.405 0.398798 0.00392696
325.775 0.415923 0.00402989
326.145 0.428112 0.0040846
326.515 0.446475 0.00417898
326.886 0.461943 0.00427224
327.256 0.473579 0.00432984
327.626 0.487951 0.00442222
327.995 0.496879 0.0044735
328.365 0.508512 0.00453189
328.735 0.516335 0.00458957
329.105 0.524699 0.00467671
329.475 0.533964 0.00475488
329.845 0.544903 0.0048728
330.215 0.553901 0.00489444
330.584 0.559627 0.00487226
330.954 0.560411 0.00476044
331.324 0.565554 0.00464761
331.693 0.572422 0.0045955
332.063 0.577232 0.00456506
332.432 0.582654 0.0045628
332.802 0.591574 0.00463534
333.171 0.595583 0.00471205
333.541 0.596438 0.00480341
333.91 0.600143 0.00484278
334.28 0.598723 0.00486476
334.649 0.601021 0.00488822
335.018 0.596757 0.00488745
335.388 0.597976 0.00490823
335.757 0.595125 0.00489721
336.126 0.592854 0.00490542
336.495 0.584049 0.0048524
336.865 0.581339 0.00486117
337.234 0.582009 0.00489148
337.603 0.579105 0.00486931
337.972 0.576144 0.00486803
338.341 0.57261 0.00484514
338.71 0.573694 0.00484642
339.079 0.576429 0.00487558
339.448 0.584235 0.00490073
339.817 0.589458 0.00493476
340.186 0.59806 0.00497378
340.554 0.599097 0.00497157
340.923 0.606077 0.00501089
341.292 0.608379 0.00502514
341.661 0.619028 0.00507528
342.029 0.620688 0.00507328
342.398 0.618743 0.00507213
342.767 0.622018 0.0051051
343.135 0.629025 0.00512993
343.504 0.626318 0.00513483
343.872 0.623561 0.00510446
344.241 0.629912 0.0051424
344.609 0.630008 0.00516323
344.978 0.629724 0.00515684
345.346 0.629411 0.00513618
345.715 0.629555 0.00515663
346.083 0.627536 0.00515982
346.451 0.623185 0.00513374
346.82 0.626008 0.00516259
347.188 0.625578 0.00515107
347.556 0.628484 0.00518965
347.924 0.627496 0.0051793
348.292 0.618893 0.00515536
348.66 0.618316 0.00514842
349.028 0.617331 0.00515079
349.396 0.61521 0.00516219
349.764 0.613845 0.00514997
350.132 0.608846 0.00512631
350.5 0.605177 0.00511919
350.868 0.602563 0.0051174
351.236 0.603341 0.00511662
351.604 0.596135 0.00510575
351.972 0.59899 0.00512376
352.34 0.593205 0.00510637
352.707 0.590926 0.00509879
353.075 0.585744 0.00507772
353.443 0.581242 0.00506971
353.81 0.578947 0.00507226
354.178 0.576705 0.00506528
354.545 0.574695 0.00504405
354.913 0.574635 0.00506524
355.28 0.567158 0.00503287
355.648 0.563889 0.00500773
356.015 0.557914 0.00498986
356.383 0.555262 0.00497229
356.75 0.551152 0.00496649
357.117 0.548295 0.00495634
357.485 0.542263 0.00493247
357.852 0.544232 0.00497554
358.219 0.537137 0.00491846
358.586 0.534387 0.00490503
358.954 0.525823 0.00488603
359.321 0.526268 0.00487628
359.688 0.520591 0.00487378
360.055 0.517773 0.00485366
360.422 0.515319 0.00484916
360.789 0.511174 0.00483794
361.156 0.505945 0.00480889
361.523 0.50189 0.00480897
361.89 0.497553 0.00478234
362.256 0.492873 0.00474075
362.623 0.491064 0.00477917
362.99 0.486972 0.00473644
363.357 0.483819 0.00474036
363.724 0.478413 0.00471583
364.09 0.469085 0.00466022
364.457 0.469977 0.00469948
364.823 0.462534 0.00463217
365.19 0.456968 0.00461106
365.557 0.456738 0.00460275
365.923 0.451622 0.00459207
366.29 0.446811 0.0045819
366.656 0.444806 0.0045528
367.022 0.441154 0.00452841
367.389 0.44144 0.00455016
367.755 0.438288 0.00455547
368.121 0.436399 0.00454381
368.488 0.438218 0.00454711
368.854 0.434419 0.00454454
369.22 0.437301 0.00458108
369.586 0.437533 0.0045979
369.952 0.435825 0.0045989
370.318 0.432454 0.00458325
370.684 0.436606 0.00461862
371.051 0.440174 0.00463873
371.416 0.439378 0.00466319
371.782 0.435548 0.00462893
372.148 0.436081 0.0046413
372.514 0.437727 0.00466004
372.88 0.44132 0.00469287
373.246 0.440675 0.00468513
373.612 0.440121 0.00467999
373.977 0.44045 0.00467117
374.343 0.439702 0.00465245
374.709 0.441077 0.0046446
375.074 0.437176 0.00463786
375.44 0.439854 0.00467197
375.806 0.442444 0.00471157
376.171 0.443838 0.00469513
376.537 0.444689 0.00469533
376.902 0.44528 0.00470672
377.268 0.445638 0.00468928
377.633 0.444563 0.00467503
377.998 0.446593 0.00466775
378.364 0.446635 0.00464779
378.729 0.447715 0.00466124
379.094 0.451327 0.00470048
379.459 0.454491 0.00478011
379.825 0.454168 0.00475724
380.19 0.457521 0.00478217
380.555 0.45525 0.00480381
380.92 0.464502 0.00491302
381.285 0.464429 0.00490334
381.65 0.460709 0.00484566
382.015 0.46478 0.00487419
382.38 0.473293 0.00493773
382.745 0.46974 0.00494933
383.11 0.475161 0.00499126
383.474 0.472817 0.00496424
383.839 0.477204 0.0049962
384.204 0.485776 0.00505715
384.569 0.486559 0.00506741
384.933 0.486417 0.00508142
385.298 0.492457 0.00512084
385.663 0.491247 0.00510004
386.027 0.493962 0.00510353
386.392 0.499341 0.00510935
386.756 0.498157 0.00507763
387.121 0.504647 0.00510913
387.485 0.505409 0.00509727
387.849 0.515099 0.00512182
388.214 0.517459 0.0051905
388.578 0.522731 0.00524311
388.942 0.51871 0.00524951
389.307 0.52959 0.00529944
389.671 0.534085 0.00534148
390.035 0.533886 0.00531615
390.399 0.542271 0.00534517
390.763 0.541196 0.00530838
391.127 0.546326 0.00531425
391.492 0.550937 0.00526323
391.856 0.555804 0.00522549
392.219 0.558872 0.0052008
392.583 0.568997 0.00527759
392.947 0.581723 0.00545143
393.311 0.575416 0.00547183
393.675 0.583487 0.00552668
394.039 0.591462 0.00559877
394.403 0.595281 0.00561961
394.766 0.599549 0.00565505
395.13 0.604724 0.00569443
395.494 0.606322 0.00569968
395.857 0.607902 0.00568217
396.221 0.616197 0.00569491
396.584 0.620484 0.00567187
396.948 0.624412 0.00562837
397.311 0.629599 0.00556847
397.675 0.634995 0.00556208
398.038 0.642148 0.00559604
398.401 0.642115 0.00567543
398.765 0.649039 0.00579419
399.128 0.659556 0.00592439
399.491 0.656909 0.00595747
399.854 0.662033 0.00598918
400.218 0.666783 0.0060281
400.581 0.667063 0.00604655
400.944 0.672243 0.0060997
401.307 0.681698 0.00621637
401.67 0.679534 0.00618846
402.033 0.687037 0.00624068
402.396 0.692196 0.00626756
402.759 0.698359 0.00630306
403.122 0.701285 0.00628544
403.485 0.708536 0.00631622
403.847 0.706349 0.006254
404.21 0.720019 0.00628159
404.573 0.73178 0.00632578
404.936 0.729336 0.00628409
405.298 0.734061 0.00637362
405.661 0.736907 0.00647549
406.023 0.743273 0.00659562
406.386 0.746808 0.00663469
406.749 0.752204 0.00668907
407.111 0.751097 0.00667557
407.473 0.749572 0.00656208
407.836 0.766125 0.00662447
408.198 0.764367 0.00657658
408.561 0.768445 0.00661307
408.923 0.775776 0.00665435
409.285 0.776004 0.00666762
409.647 0.785911 0.00676885
410.009 0.789725 0.00684942
410.372 0.786 0.0068233
410.734 0.795064 0.00689703
411.096 0.79649 0.0068911
411.458 0.800498 0.00690675
411.82 0.802903 0.00687174
412.182 0.803386 0.00682164
412.544 0.808919 0.0068604
412.906 0.818346 0.00688805
413.267 0.813527 0.00689229
413.629 0.825316 0.00699669
413.991 0.823267 0.00702085
414.353 0.833879 0.00708541
414.714 0.835922 0.00716881
415.076 0.832739 0.00713738
415.438 0.832347 0.00712793
415.799 0.834857 0.00711018
416.161 0.836343 0.00717891
416.522 0.84475 0.00724459
416.884 0.841439 0.00723487
417.245 0.848414 0.0072916
417.607 0.854507 0.00729969
417.968 0.844811 0.00724998
418.329 0.854381 0.00728182
418.691 0.85715 0.00729118
419.052 0.861485 0.0073045
419.413 0.856999 0.00721991
419.774 0.860733 0.00721311
420.135 0.858874 0.00704491
420.497 0.860326 0.0069396
420.858 0.864013 0.00685851
421.219 0.881511 0.00695101
421.58 0.879396 0.00703118
421.941 0.887924 0.00718924
422.302 0.877835 0.00724417
422.662 0.883257 0.00729777
423.023 0.8764 0.00730146
423.384 0.881552 0.00734744
423.745 0.884466 0.00731516
424.106 0.882506 0.00730294
424.466 0.892548 0.00733009
424.827 0.895383 0.00744308
425.187 0.892385 0.00752463
425.548 0.893891 0.00760213
425.909 0.893347 0.00764
426.269 0.900388 0.00761597
426.63 0.896303 0.00754715
426.99 0.901876 0.00750844
427.35 0.901509 0.00754042
427.711 0.896517 0.00746622
428.071 0.894592 0.00739576
428.431 0.892598 0.00724638
428.792 0.897416 0.00701724
429.152 0.902636 0.00684416
429.512 0.90636 0.00684541
429.872 0.906004 0.00689156
430.232 0.919302 0.00706454
430.592 0.924064 0.0072838
430.952 0.923502 0.00749659
431.312 0.924597 0.00768764
431.672 0.916213 0.00774083
432.032 0.914052 0.00770808
432.392 0.911796 0.00759445
432.752 0.905778 0.00719697
433.111 0.913752 0.00706717
433.471 0.933678 0.00725559
433.831 0.925864 0.00750814
434.19 0.921969 0.0074933
434.55 0.929903 0.00752411
434.91 0.927614 0.00760251
435.269 0.920669 0.00746967
435.629 0.923489 0.00746462
435.988 0.926097 0.00744316
436.348 0.930921 0.00757665
436.707 0.931941 0.00769615
437.066 0.930957 0.00768789
437.426 0.924106 0.00756863
437.785 0.926177 0.00755587
438.144 0.933602 0.00757665
438.503 0.940398 0.00770451
438.862 0.932824 0.00768764
439.222 0.93803 0.00777058
439.581 0.930048 0.00777066
439.94 0.929576 0.00765984
440.299 0.928689 0.00739811
440.658 0.931555 0.00722092
441.017 0.941668 0.00726236
441.376 0.941733 0.00734737
441.734 0.944923 0.00743539
442.093 0.931746 0.00738015
442.452 0.927232 0.00730939
442.811 0.944449 0.00734451
443.169 0.935952 0.00730866
443.528 0.951032 0.00752011
443.887 0.93539 0.00746278
444.245 0.944601 0.00753229
444.604 0.94442 0.00759426
444.962 0.935709 0.00759512
445.321 0.939422 0.00761727
445.679 0.942051 0.00758784
446.038 0.950226 0.00759286
446.396 0.945297 0.00767748
446.754 0.949731 0.00780076
447.112 0.949539 0.00783941
447.471 0.943422 0.00782309
447.829 0.93652 0.00783518
448.187 0.947796 0.0078682
448.545 0.950115 0.00785372
448.903 0.945964 0.00785683
449.261 0.949706 0.00789526
449.619 0.953274 0.00798498
449.977 0.953644 0.00802544
450.335 0.955573 0.00812157
450.693 0.954238 0.00813599
451.051 0.951895 0.0081099
451.409 0.955978 0.00815914
451.766 0.953769 0.0081601
452.124 0.956908 0.00828818
452.482 0.957244 0.00837176
452.839 0.962178 0.00848704
453.197 0.949767 0.00844701
453.555 0.953977 0.00850072
453.912 0.95538 0.00848462
454.27 0.942524 0.00829441
454.627 0.956722 0.0082579
454.984 0.950709 0.00825136
455.342 0.961485 0.00842521
455.699 0.962653 0.00852439
456.056 0.957803 0.00845242
456.414 0.959964 0.0083863
456.771 0.950267 0.00819126
457.128 0.958207 0.00819394
457.485 0.955056 0.00815209
457.842 0.963564 0.008239
458.199 0.964959 0.00823542
458.556 0.96903 0.00817316
458.913 0.962718 0.00814683
459.27 0.96923 0.00812804
459.627 0.964491 0.0082261
459.984 0.957587 0.00813685
460.341 0.965057 0.00815801
460.697 0.963301 0.0082477
461.054 0.96528 0.00849938
461.411 0.974032 0.00871371
461.767 0.960906 0.00875685
462.124 0.957911 0.00872134
462.481 0.961441 0.00863289
462.837 0.960431 0.00849442
463.194 0.964772 0.0083354
463.55 0.960133 0.0083688
463.907 0.958066 0.00814033
464.263 0.96283 0.0080482
464.619 0.960867 0.00788778
464.976 0.966325 0.00780061
465.332 0.966066 0.00779763
465.688 0.984446 0.00811301
466.044 0.973928 0.00835927
466.4 0.974514 0.00849188
466.756 0.961191 0.00848897
467.112 0.971781 0.00853554
467.468 0.970318 0.0085165
467.824 0.976641 0.00863185
468.18 0.971919 0.00872343
468.536 0.965304 0.00870095
468.892 0.979731 0.00890557
469.248 0.969738 0.00889934
469.604 0.966101 0.00893606
469.959 0.969114 0.00894681
470.315 0.967799 0.00893592
470.671 0.974942 0.00895988
471.026 0.968393 0.00885438
471.382 0.96831 0.00876929
471.737 0.974003 0.00872427
472.093 0.962164 0.00853582
472.448 0.959962 0.00836237
472.804 0.967159 0.00832208
473.159 0.972926 0.00827834
473.514 0.969593 0.00830615
473.87 0.965389 0.00817003
474.225 0.961403 0.00792016
474.58 0.974625 0.0078172
474.935 0.986062 0.00792981
475.29 0.972321 0.00798054
475.645 0.97627 0.00800483
476 0.973968 0.00800569
476.355 0.973083 0.00807409
476.71 0.971875 0.00806435
477.065 0.962386 0.00779112
477.42 0.965145 0.00769938
477.775 0.97406 0.00774418
478.13 0.976689 0.00782438
478.485 0.976762 0.00776798
478.839 0.97005 0.00764863
479.194 0.964894 0.00743279
479.549 0.975695 0.00738262
479.903 0.979907 0.00741826
480.258 0.972559 0.00744855
480.612 0.976419 0.00736599
480.967 0.971119 0.00717612
481.321 0.982026 0.00723944
481.675 0.977568 0.00736214
482.03 0.982293 0.00751009
482.384 0.97793 0.00752487
482.738 0.969625 0.0074214
483.093 0.973657 0.00738251
483.447 0.964669 0.00718876
483.801 0.963778 0.00696109
484.155 0.975709 0.00691466
484.509 0.874052 0.00569882
484.863 0.899913 0.00394129
485.217 0.944667 0.00367006
485.571 1.00114 0.00387577
485.925 1.08151 0.0051315
486.279 1.03238 0.00581355
486.632 1.01139 0.00622352
486.986 1.00226 0.00669699
487.34 0.996329 0.00712791
487.694 0.986417 0.00729035
488.047 0.976498 0.00729462
488.401 0.982578 0.00732658
488.754 0.986313 0.00738709
489.108 0.99082 0.00752479
489.461 0.981094 0.00752402
489.815 0.985895 0.00762108
490.168 0.979477 0.00751244
490.522 0.981134 0.0074868
490.875 0.975017 0.00747465
491.228 0.979837 0.00754463
491.581 0.981078 0.00749761
491.935 0.982223 0.00752972
492.288 0.97386 0.00752849
492.641 0.980552 0.00750074
492.994 0.980544 0.0074951
493.347 0.975944 0.00737366
493.7 0.981351 0.00739971
494.053 0.980251 0.00742087
494.406 0.987923 0.00757034
494.759 0.982097 0.00770189
495.111 0.969659 0.00741398
495.464 0.965813 0.00707453
495.817 0.979136 0.00699448
496.169 0.98664 0.00721826
496.522 0.99466 0.00757471
496.875 0.985267 0.00779063
497.227 0.98021 0.0078474
497.58 0.98104 0.00783703
497.932 0.977704 0.00773185
498.285 0.974463 0.00764855
498.637 0.963425 0.00741571
498.989 0.975211 0.00737786
499.342 0.983414 0.00746375
499.694 0.985646 0.00763742
500.046 0.974889 0.00766085
500.398 0.973239 0.00746694
500.751 0.979235 0.00742158
501.103 0.973443 0.00737601
501.455 0.979272 0.00740942
501.807 0.986369 0.00744739
502.159 0.982625 0.00743725
502.511 0.981584 0.00741486
502.862 0.983414 0.00745374
503.214 0.987104 0.00756978
503.566 0.983808 0.00771031
503.918 0.976393 0.00776432
504.27 0.983469 0.00778415
504.621 0.993267 0.00784192
504.973 0.985536 0.00785541
505.324 0.980456 0.00778454
505.676 0.974955 0.00762742
506.027 0.995726 0.00772904
506.379 0.990756 0.00796666
506.73 0.985312 0.00806588
507.082 0.985714 0.00801027
507.433 0.9816 0.00784549
507.784 0.984312 0.00779064
508.136 0.988863 0.00794487
508.487 0.993214 0.00804404
508.838 0.981378 0.00807094
509.189 0.98719 0.00808591
509.54 0.976492 0.00793448
509.891 0.991566 0.00808799
510.242 0.989959 0.00809044
510.593 0.983934 0.0081171
510.944 0.989885 0.00818713
511.295 0.996308 0.0083847
511.646 0.992709 0.00846223
511.996 0.980721 0.00832433
512.347 0.978879 0.00825395
512.698 0.987967 0.00831958
513.049 0.989684 0.00837811
513.399 0.986139 0.00840188
513.75 0.981177 0.00835566
514.1 0.99218 0.0085618
514.451 0.995666 0.00875518
514.801 0.980192 0.00864873
515.152 0.987377 0.00860364
515.502 0.971184 0.00840055
515.852 0.982898 0.0084057
516.202 0.99153 0.00843121
516.553 1.00219 0.00860032
516.903 0.990758 0.00868156
517.253 0.995269 0.00883256
517.603 0.981084 0.00876779
517.953 0.982723 0.00873247
518.303 0.981441 0.00852195
518.653 0.987114 0.00847651
519.003 0.989725 0.00855291
519.353 0.998368 0.00889743
519.703 0.987292 0.00903557
520.052 0.984523 0.00906916
520.402 0.988384 0.00903687
520.752 0.981112 0.00890052
521.102 0.996271 0.00911438
521.451 0.993602 0.00916696
521.801 0.990457 0.00912627
522.15 0.968054 0.00887295
522.5 0.981943 0.00892187
522.849 0.976374 0.00886859
523.199 0.981568 0.00880815
523.548 0.969344 0.00866898
523.897 0.993768 0.00887901
524.246 0.987772 0.00899952
524.596 0.994074 0.00915596
524.945 0.983444 0.00905378
525.294 0.982312 0.00904752
525.643 0.983327 0.00903203
525.992 0.988117 0.00903853
526.341 0.991 0.00899526
526.69 0.989662 0.00905995
527.039 0.991799 0.00915811
527.388 0.980916 0.00917144
527.737 0.973068 0.00885675
528.086 0.973196 0.00853145
528.434 0.977684 0.00839461
528.783 1.00387 0.00873874
529.132 0.996688 0.00887315
529.48 0.995968 0.00898407
529.829 0.991497 0.00901327
530.177 0.993265 0.00911389
530.526 0.993271 0.00913633
530.874 0.983588 0.00900501
531.223 0.983322 0.00899078
531.571 0.988395 0.00909158
531.919 0.983024 0.00897774
532.268 0.970949 0.00864996
532.616 0.975133 0.00839147
532.964 0.984661 0.00830729
533.312 0.992534 0.00834475
533.66 0.989484 0.00836952
534.008 0.985179 0.00833229
534.356 0.992424 0.00836839
534.704 1.00316 0.00849001
535.052 0.997958 0.00858185
535.4 0.998422 0.00876529
535.748 0.993546 0.00895204
536.095 0.996065 0.00919048
536.443 0.983539 0.00914389
536.791 0.978529 0.00892767
537.139 0.975204 0.00870728
537.486 0.978157 0.00851876
537.834 0.987347 0.00851334
538.181 0.98604 0.00845886
538.529 0.988853 0.00851864
538.876 0.987153 0.00848925
539.223 0.998205 0.00868098
539.571 1.00272 0.00888671
539.918 0.992987 0.00881214
540.265 0.979846 0.00858106
540.613 0.991978 0.00848552
540.96 0.999424 0.00862277
541.307 0.987084 0.008585
541.654 0.988651 0.00858966
542.001 0.991463 0.00862866
542.348 0.988437 0.00861386
542.695 0.987614 0.00862116
543.042 0.98662 0.00848459
543.388 0.982408 0.00835939
543.735 0.99449 0.00839895
544.082 0.983668 0.00834041
544.429 1.00036 0.00844962
544.775 1.00206 0.00864299
545.122 1.00081 0.00889369
545.469 0.991579 0.00899734
545.815 0.980562 0.00889543
546.162 0.982978 0.00883552
546.508 0.976428 0.00862523
546.854 0.968873 0.00827335
547.201 0.978423 0.00800962
547.547 0.999153 0.00807058
547.893 1.00286 0.00826708
548.24 1.02167 0.00879114
548.586 1.00019 0.00905995
548.932 0.999116 0.0091898
549.278 0.983732 0.00912525
549.624 1.00113 0.00915642
549.97 1.00213 0.0092467
550.316 0.998889 0.00941607
550.662 0.987714 0.00945959
551.008 0.961686 0.0088512
551.353 0.974012 0.00843181
551.699 0.995463 0.0083356
552.045 1.00938 0.0086197
552.391 0.987763 0.00870362
552.736 0.991183 0.00875848
553.082 0.986484 0.00875053
553.427 0.999003 0.00896152
553.773 1.00295 0.00927649
554.118 0.982852 0.00918365
554.464 0.977847 0.00892519
554.809 0.974656 0.00855672
555.154 0.988756 0.00850232
555.5 0.99087 0.0085307
555.845 0.99993 0.00890282
556.19 0.997796 0.0091346
556.535 0.999525 0.00934782
556.88 0.984475 0.00912758
557.225 0.98841 0.0091119
557.57 0.998548 0.00933723
557.915 1.00137 0.0096039
558.26 0.992732 0.00968026
558.605 0.984507 0.00960588
558.95 0.9729 0.00933853
559.295 0.960587 0.00878439
559.639 0.97045 0.00849705
559.984 0.972982 0.00818296
560.329 0.984634 0.0082014
560.673 0.993181 0.00826552
561.018 0.995978 0.00852005
561.362 0.99921 0.00876136
561.707 0.996188 0.0089674
562.051 0.985024 0.00880831
562.395 0.977641 0.00865933
562.74 0.988355 0.00853388
563.084 0.989475 0.0084332
563.428 0.985536 0.00824066
563.772 0.992419 0.00830771
564.117 0.986201 0.00822108
564.461 0.995664 0.00823429
564.805 0.99141 0.00828825
565.149 0.989535 0.00824223
565.493 0.9941 0.00827388
565.836 0.988548 0.00809224
566.18 0.98141 0.00794514
566.524 0.966275 0.00735159
566.868 0.981235 0.00720964
567.212 0.991614 0.00712431
567.555 0.985081 0.00701107
567.899 0.977436 0.00666022
568.242 0.979638 0.00639545
568.586 0.968125 0.00594955
568.929 0.97315 0.0055834
569.273 0.976119 0.00528688
569.616 0.99536 0.00534626
569.96 0.988582 0.00522041
570.303 0.983932 0.00504628
570.646 0.985586 0.00498779
570.989 0.982133 0.00482484
571.333 1.00434 0.00493981
571.676 1.01335 0.00514738
572.019 1.01344 0.00556622
572.362 0.967494 0.00513162
572.705 0.964553 0.0047557
573.048 0.977774 0.0045576
573.391 0.980789 0.00441568
573.733 0.987086 0.00436829
574.076 0.990291 0.00432702
574.419 1.01206 0.00450763
574.762 1.01275 0.00474943
575.104 1.02289 0.00510942
575.447 0.97862 0.00493016
575.789 0.964319 0.00460017
576.132 0.983229 0.00438828
576.474 0.978013 0.00432764
576.817 0.962491 0.00397144
577.159 0.959577 0.0037493
577.501 0.992621 0.0038434
577.844 1.01859 0.00416692
578.186 1.03618 0.00471409
578.528 1.00277 0.00482688
578.87 0.997488 0.00483517
579.212 0.974774 0.00462038
579.554 0.99344 0.00451537
579.896 0.991219 0.00453779
580.238 0.955864 0.00419925
580.58 0.947705 0.00367375
580.922 0.904706 0.00344969
581.264 0.904662 0.00344952
581.606 0.986078 0.00375997
581.947 1.01312 0.00404543
582.289 1.03955 0.00455269
582.631 1.03705 0.00504381
582.972 1.01376 0.00532127
583.314 0.989692 0.00519975
583.655 0.969919 0.00497613
583.997 0.959606 0.00451805
584.338 0.966374 0.00421707
584.679 0.976125 0.00406645
585.021 1.01035 0.00425085
585.362 1.02213 0.00459409
585.703 1.02609 0.00495087
586.044 0.984508 0.00486759
586.385 0.974232 0.00458192
586.726 0.978056 0.00438474
587.067 1.01528 0.00464273
587.408 1.01828 0.00491617
587.749 1.01874 0.00515043
588.09 1.01274 0.00534928
588.431 1.02761 0.00570939
588.772 1.00241 0.00586466
589.113 0.987379 0.00572003
589.453 0.993241 0.00570586
589.794 1.01335 0.0059607
590.134 1.01312 0.00627804
590.475 0.999884 0.00638186
590.815 0.985154 0.00627606
591.156 0.99538 0.00631753
591.496 0.961235 0.00601897
591.837 0.947322 0.0051404
592.177 0.962646 0.00470717
592.517 0.991824 0.00457445
592.857 1.01956 0.00489004
593.198 1.03369 0.00523876
593.538 1.03449 0.00578135
593.878 1.0131 0.00590411
594.218 0.982161 0.00562572
594.558 0.992036 0.00544378
594.898 1.01239 0.00565424
595.237 1.02701 0.00604799
595.577 1.02385 0.00642873
595.917 1.00705 0.00669419
596.257 0.982942 0.00633649
596.596 0.97819 0.00616228
596.936 1.0093 0.00615562
597.276 1.00732 0.00638998
597.615 0.979931 0.00619079
597.955 0.951426 0.005365
598.294 0.979716 0.00510777
598.633 1.008 0.00519816
598.973 1.01534 0.00541371
599.312 0.996698 0.0053474
599.651 1.00982 0.00542516
599.991 1.00626 0.00553388
600.33 1.00881 0.00562648
600.669 1.00864 0.00578726
601.008 1.01856 0.00601668
601.347 1.0068 0.00618572
601.686 0.990251 0.00595549
602.025 1.00001 0.00602469
602.364 0.982263 0.00567351
602.702 0.994145 0.00562583
603.041 1.00938 0.00570633
603.38 1.02033 0.00601163
603.719 1.02375 0.00629601
604.057 1.00165 0.00640268
604.396 0.996184 0.00637512
604.734 0.960176 0.00597769
605.073 0.980942 0.0055897
605.411 0.997536 0.00569149
605.75 1.02061 0.00596712
606.088 1.00726 0.00623829
606.426 0.987653 0.00602582
606.764 0.992445 0.0059574
607.103 1.01688 0.00622138
607.441 1.00618 0.00640215
607.779 1.00197 0.00654364
608.117 1.00142 0.00649711
608.455 1.01119 0.00680561
608.793 0.988105 0.00679236
609.131 0.966647 0.00626769
609.469 0.984871 0.00617383
609.806 1.01377 0.00634798
610.144 1.02004 0.00686764
610.482 0.996065 0.00685696
610.819 1.00234 0.00686347
611.157 0.997413 0.0068826
611.495 1.00685 0.00715744
611.832 0.993716 0.00713185
612.17 0.993562 0.00707942
612.507 0.998681 0.00701837
612.844 0.998492 0.00709143
613.182 0.994835 0.00709479
613.519 0.995308 0.00705277
613.856 1.00424 0.00706587
614.193 0.982263 0.00690002
614.53 0.990716 0.00678527
614.867 1.00064 0.0068118
615.205 1.01839 0.00721605
615.541 1.01553 0.0074663
615.878 1.00352 0.00773715
616.215 0.997826 0.00763642
616.552 1.00357 0.0077366
616.889 0.980476 0.00747152
617.226 1.00178 0.00747479
617.562 1.01992 0.00778191
617.899 1.01503 0.00823207
618.235 1.01998 0.00867731
618.572 0.996805 0.00889596
618.908 0.980108 0.00851505
619.245 0.983182 0.00818032
619.581 0.995736 0.00808806
619.918 1.04225 0.00896226
620.254 1.04096 0.0101039
620.59 0.993957 0.0100218
620.926 0.962908 0.00919718
621.262 0.978613 0.0087569
621.599 0.999848 0.00889163
621.935 0.981334 0.00869804
622.271 0.980965 0.00837035
622.606 0.988089 0.00821917
622.942 1.00597 0.00849883
623.278 1.00055 0.00872296
623.614 0.97104 0.00818945
623.95 0.989043 0.00823194
624.285 1.00272 0.00844318
624.621 1.01251 0.00894521
624.957 1.00597 0.0091936
625.292 1.01053 0.00949306
625.628 0.997962 0.00971925
625.963 0.987944 0.00973454
626.299 0.982041 0.00950559
626.634 0.977542 0.009335
626.969 0.99972 0.0096149
627.304 1.02476 0.0105519
627.64 1.01381 0.0112574
627.975 0.982802 0.0108621
628.31 0.959286 0.0101438
628.645 0.997595 0.0101078
628.98 0.995023 0.0103166
629.315 1.00367 0.0105599
629.65 0.994597 0.0105959
629.985 0.987126 0.0105264
630.319 1.00243 0.0110715
630.654 0.991185 0.0111347
630.989 0.991997 0.0110847
631.323 0.993473 0.0112851
631.658 1.0204 0.0119031
631.993 0.996888 0.0122746
632.327 0.994348 0.0123057
632.662 0.992297 0.0122264
632.996 0.988553 0.0119326
633.33 0.97235 0.0116593
633.665 1.01522 0.0123307
633.999 0.984123 0.0125092
634.333 0.984988 0.0125122
634.667 0.982079 0.012537
635.001 0.979766 0.0122171
635.335 0.970034 0.0116937
635.669 0.977691 0.0113041
636.003 0.999984 0.0115914
636.337 1.01599 0.0122678
636.671 1.01939 0.0129302
637.005 1.00587 0.0131931
637.339 0.987026 0.0130111
637.672 0.971662 0.0124381
638.006 0.980983 0.0121767
638.339 1.00294 0.0124918
638.673 1.00491 0.0129021
639.006 1.00508 0.0133085
639.34 0.989687 0.0131989
639.673 0.980805 0.0133271
640.007 0.991727 0.0133674
640.34 0.993055 0.0136096
640.673 0.993434 0.013716
641.006 1.00988 0.0140323
641.34 0.981903 0.0139872
641.673 0.984839 0.0143426
642.006 0.984187 0.0145849
642.339 0.984021 0.0143258
642.672 0.991933 0.0142949
643.004 0.978438 0.0142783
643.337 0.996427 0.0148731
643.67 0.97944 0.0147418
644.003 0.981504 0.0146127
644.336 0.991012 0.0146218
644.668 0.96923 0.0144343
645.001 0.987264 0.0148198
645.333 1.00125 0.0152914
645.666 0.997751 0.0155796
645.998 1.00294 0.0159767
646.331 1.00725 0.0162544
646.663 0.979795 0.0158663
646.995 0.972229 0.0148411
647.327 0.950569 0.0134765
647.66 0.968854 0.012861
647.992 0.985675 0.012774
648.324 1.00065 0.0128231
648.656 0.995184 0.0129658
648.988 1.01324 0.0136037
649.32 1.03628 0.0147163
649.652 1.02049 0.0152888
649.983 0.988033 0.0153677
650.315 0.987437 0.015462
650.647 0.974977 0.0150117
650.979 0.98386 0.0143921
651.31 0.984777 0.013845
651.642 0.980936 0.0135077
651.973 0.986573 0.0135374
652.305 0.985001 0.0134753
652.636 1.00597 0.0138067
652.967 0.993609 0.0140317
653.299 0.989944 0.0143323
653.63 0.984518 0.0141314
653.961 0.950251 0.012897
654.292 0.829112 0.00924662
654.623 0.697785 0.00307464
654.955 0.897897 0.00342373
655.286 0.897842 0.00342352
655.616 0.897786 0.00342331
655.947 0.897729 0.00342309
656.278 0.897672 0.00342287
656.609 0.983063 0.00374847
656.94 1.15138 0.00536803
657.27 1.12027 0.00620778
657.601 1.09698 0.00708517
657.932 1.08732 0.00843712
658.262 1.07524 0.0102205
658.593 1.05681 0.0121546
658.923 1.04118 0.0141065
659.254 1.01376 0.0153758
659.584 0.995519 0.0161775
659.914 1.00528 0.0170236
660.244 0.991535 0.0173291
660.575 0.974314 0.0170523
660.905 0.969681 0.017037
661.235 0.975577 0.0168495
661.565 0.984454 0.0168042
661.895 0.967984 0.0165679
662.225 0.970116 0.0168474
662.555 0.983102 0.0171953
662.884 0.96865 0.0168777
663.214 0.958988 0.0165617
663.544 0.987437 0.0166307
663.873 0.97698 0.0162973
664.203 0.975148 0.0161047
664.533 0.977217 0.0156851
664.862 0.974242 0.0155522
665.192 0.993938 0.0161605
665.521 1.00356 0.0171201
665.85 0.973158 0.0173596
666.18 0.993966 0.018267
666.509 0.979003 0.0180212
666.838 0.956858 0.017395
667.167 0.966215 0.0172554
667.496 0.997799 0.0178373
667.825 0.974407 0.0177157
668.154 0.97478 0.0176896
668.483 0.975121 0.0175725
668.812 0.977867 0.0172693
669.141 0.97579 0.0170788
669.47 0.976381 0.0168737
669.798 0.997927 0.0172334
670.127 0.975196 0.017052
670.456 0.933947 0.0157438
670.784 0.939123 0.014161
671.113 0.945237 0.0130412
671.441 0.98506 0.0127213
671.77 0.999047 0.0130241
672.098 1.00215 0.0135575
672.426 1.03102 0.0152884
672.755 1.01053 0.0160932
673.083 0.987135 0.0161307
673.411 0.978345 0.0160266
673.739 0.98557 0.0163211
674.067 0.997834 0.0172897
674.395 0.981155 0.0171426
674.723 0.951065 0.0164382
675.051 0.980284 0.0164474
675.379 0.964624 0.016302
675.706 0.981891 0.0166282
676.034 0.97647 0.0169564
676.362 0.964858 0.0169365
676.689 0.94548 0.0157486
677.017 0.96814 0.0148898
677.344 0.979301 0.0143855
677.672 0.999337 0.014781
677.999 0.985555 0.0148575
678.327 0.976631 0.0144952
678.654 0.975063 0.0138533
678.981 0.973757 0.0134276
679.308 0.995129 0.0136824
679.636 1.01748 0.0144819
679.963 1.02044 0.0152288
680.29 0.969331 0.0148829
680.617 0.982391 0.0147039
680.944 0.981363 0.0144782
681.271 1.00981 0.0151096
681.597 1.02306 0.016237
681.924 1.01249 0.0172037
682.251 0.976287 0.0168269
682.578 0.970287 0.0158935
682.904 0.949605 0.0146714
683.231 0.95911 0.0141582
683.557 0.969452 0.0139155
683.884 0.972891 0.0135425
684.21 0.97793 0.0132596
684.536 0.977221 0.0128216
684.863 0.986251 0.0126872
685.189 1.00362 0.0130144
685.515 1.01814 0.0138177
685.841 0.999324 0.0141377
686.167 0.982297 0.0140307
686.493 0.994808 0.013951
686.819 0.991192 0.0140046
687.145 1.00346 0.0147063
687.471 1.02164 0.0159575
687.797 0.994636 0.0162733
688.123 0.971557 0.0159856
688.448 0.962728 0.0153908
688.774 0.983503 0.0150885
689.1 0.992037 0.0154103
689.425 1.00026 0.0161233
689.751 0.979275 0.0162114
690.076 0.952347 0.0150967
690.402 0.958521 0.0141503
690.727 0.972546 0.0138134
691.052 1.00942 0.0144418
691.377 0.991448 0.0147423
691.703 1.00047 0.0151842
692.028 0.994128 0.0151445
692.353 0.989927 0.014793
692.678 0.995891 0.0149516
693.003 1.03297 0.0158063
693.328 1.02238 0.016886
693.652 0.998717 0.0174429
693.977 0.952829 0.0166304
694.302 0.942217 0.0155932
694.627 0.975098 0.0156412
694.951 1.00136 0.0164204
695.276 1.02993 0.0182558
695.6 0.969641 0.0180113
695.925 0.926066 0.0154486
696.249 0.942637 0.0137433
696.574 0.970003 0.0132125
696.898 1.01535 0.0141331
697.222 1.00135 0.0148354
697.546 1.00188 0.0154363
697.871 0.988901 0.0156591
698.195 0.992124 0.0157995
698.519 0.984506 0.016137
698.843 1.00916 0.0168054
699.167 1.00697 0.0174181
699.491 1.00163 0.0180334
699.814 0.981064 0.0179915
700.138 0.973218 0.0179742
700.462 0.999733 0.0185186
700.786 0.956382 0.0178721
701.109 0.968946 0.0175457
701.433 0.983788 0.0170673
701.756 0.966724 0.0163147
702.08 0.988572 0.0164994
702.403 0.995189 0.0168918
702.726 0.994627 0.0176036
703.05 0.986531 0.0179597
703.373 0.976425 0.0180758
703.696 0.972177 0.0180516
704.019 1.00628 0.0190063
704.342 0.991053 0.0195499
704.665 0.987373 0.0203193
704.988 0.972109 0.0200298
705.311 0.949268 0.0185768
705.634 0.931004 0.016518
705.957 0.959319 0.015186
706.28 0.950452 0.0140029
706.602 0.978397 0.0140599
706.925 0.993852 0.0144685
707.247 1.0048 0.0151276
707.57 0.993238 0.0156335
707.892 1.00894 0.0162943
708.215 1.01229 0.0171189
708.537 0.974906 0.0172133
708.859 0.979863 0.0173557
709.182 0.969651 0.0170863
709.504 0.971466 0.0166522
709.826 0.988443 0.0165862
710.148 0.977464 0.0165603
710.47 0.986358 0.0171084
710.792 1.0023 0.0178833
711.114 0.992571 0.0183929
711.436 0.977796 0.0186617
711.758 0.968877 0.0182757
712.079 0.967143 0.0180507
712.401 0.962655 0.0171202
712.723 0.964835 0.0165173
713.044 0.954049 0.0154743
713.366 0.981596 0.0155213
713.687 0.984698 0.0156721
714.009 0.988566 0.0161289
714.33 1.00033 0.0165884
714.652 0.989238 0.016965
714.973 0.996671 0.0176187
715.294 0.981807 0.0183861
715.615 1.0145 0.0198848
715.936 0.982453 0.0198552
716.257 0.960853 0.0198247
716.578 0.978281 0.0201381
716.899 0.985866 0.0197654
717.22 0.955015 0.0181987
717.541 0.964903 0.0178023
717.862 0.981622 0.0178956
718.182 0.964296 0.017702
718.503 0.961636 0.0172933
718.824 0.995974 0.0178501
719.144 0.98842 0.0180665
719.465 0.987033 0.0184662
719.785 0.950645 0.0177487
720.105 0.96057 0.0176068
720.426 0.965379 0.0174319
720.746 1.00135 0.0180548
721.066 0.981407 0.0179064
721.386 0.965461 0.0179422
721.706 0.977198 0.0185759
722.026 0.982817 0.0191236
722.346 0.967832 0.0191351
722.666 0.999546 0.0191917
722.986 0.970825 0.0184447
723.306 0.986833 0.0187414
723.626 0.987417 0.0191186
723.946 0.958578 0.0187997
724.265 0.937038 0.0175936
724.585 0.951064 0.0167902
724.904 0.979613 0.0169137
725.224 0.99912 0.0171269
725.543 0.979307 0.0169527
725.863 0.977077 0.0170956
726.182 1.00013 0.0179983
726.501 0.983028 0.0181249
726.82 0.982998 0.0182439
727.14 0.959669 0.017328
727.459 0.955667 0.0167702
727.778 0.96581 0.0167589
728.097 0.979751 0.0171103
728.416 0.961324 0.016757
728.734 0.974921 0.0163386
729.053 0.991488 0.0163153
729.372 0.974449 0.0161411
729.691 0.964505 0.0156539
730.009 0.972309 0.0149615
730.328 0.976963 0.014556
730.647 0.995117 0.0147074
730.965 0.997821 0.0152433
731.283 1.01005 0.0159126
731.602 0.974698 0.0158137
731.92 0.975765 0.0155411
732.238 0.961398 0.0150548
732.557 0.988549 0.015126
732.875 0.963929 0.0145744
733.193 0.949329 0.0136011
733.511 0.980687 0.013508
733.829 1.00123 0.0140581
734.147 1.01031 0.0150505
734.465 1.00352 0.0156821
734.782 0.989912 0.0155614
735.1 0.972183 0.0149894
735.418 0.976639 0.0150113
735.735 0.98786 0.0151428
736.053 0.978466 0.0149036
736.371 0.98534 0.0151104
736.688 0.993328 0.0157244
737.005 0.998595 0.0167264
737.323 0.985848 0.0172549
737.64 0.976348 0.0171912
737.957 0.941475 0.0160052
738.274 0.943124 0.0147029
738.592 0.982834 0.0146439
738.909 0.992036 0.0150829
739.226 1.00822 0.0165615
739.543 1.00812 0.0178508
739.86 0.994084 0.0187567
740.176 0.990288 0.019207
740.493 0.993973 0.0198237
740.81 0.955848 0.0195011
741.127 0.96245 0.0193616
741.443 0.93758 0.0181069
741.76 0.961869 0.0177322
742.076 0.975135 0.0180121
742.393 0.988496 0.0191079
742.709 1.00755 0.0203591
743.025 0.973392 0.0203796
743.342 0.965098 0.0201062
743.658 0.966203 0.0197305
743.974 0.963056 0.0191536
744.29 0.973266 0.0192353
744.606 0.956341 0.019271
744.922 0.950936 0.0192509
745.238 0.962361 0.0194251
745.554 0.9813 0.0200898
745.87 0.955945 0.0200375
746.186 0.948317 0.0191351
746.501 0.961837 0.0185621
746.817 0.981619 0.0190507
747.132 1.01423 0.0207856
747.448 0.977348 0.0212059
747.763 0.925689 0.0203296
748.079 0.935409 0.0195856
748.394 0.961212 0.0185083
748.71 0.952583 0.0171534
749.025 0.948295 0.0161135
749.34 0.967987 0.0160683
749.655 0.990554 0.0166102
749.97 0.994401 0.0172415
750.285 0.978854 0.0171591
750.6 0.949032 0.0165345
750.915 0.971968 0.0163173
751.23 0.994944 0.0168341
751.545 1.0102 0.0176597
751.859 0.992422 0.018163
752.174 0.979116 0.0182515
752.489 0.958679 0.0171507
752.803 0.94668 0.01602
753.118 0.9745 0.0161317
753.432 0.99824 0.0168747
753.747 0.989331 0.017422
754.061 0.955978 0.0165454
754.375 0.944239 0.0157553
754.689 0.952796 0.0153339
755.004 0.975888 0.0154936
755.318 0.974853 0.0151478
755.632 0.947812 0.0142078
755.946 0.970402 0.0141163
756.26 0.954668 0.0133754
756.573 0.963049 0.0128534
756.887 0.976238 0.0125471
757.201 0.99663 0.0129465
757.515 1.02815 0.0144043
757.828 1.01301 0.0153341
758.142 0.982664 0.0150526
758.455 0.953792 0.0137725
758.769 0.969857 0.0131521
759.082 0.970278 0.0127971
759.396 0.963415 0.0125601
759.709 0.98015 0.0125705
760.022 0.988187 0.0127333
760.335 1.01993 0.0136161
760.648 1.01534 0.0146017
760.962 1.01476 0.0156686
761.275 1.00041 0.0163281
761.587 0.987045 0.0164297
761.9 0.993845 0.016528
762.213 0.959872 0.0157126
762.526 0.966762 0.0152
762.839 0.962577 0.0151064
763.151 0.964657 0.0146859
763.464 0.961822 0.0138698
763.776 0.955546 0.0128412
764.089 0.970774 0.0126698
764.401 0.996741 0.0132942
764.714 1.0006 0.0141033
765.026 1.01634 0.0151712
765.338 0.992988 0.0159673
765.65 1.00899 0.0173239
765.962 0.998226 0.0180322
766.275 0.990348 0.0186035
766.587 0.964479 0.0184195
766.898 0.95947 0.017782
767.21 0.940801 0.0165674
767.522 0.945836 0.0154128
767.834 0.964515 0.0149941
768.146 0.96404 0.0150987
768.457 1.0032 0.0163435
768.769 0.99113 0.0171098
769.08 0.960677 0.016921
769.392 0.956524 0.0162739
769.703 0.950413 0.0153823
770.015 0.964403 0.0149039
770.326 0.980967 0.0150606
770.637 0.998595 0.0157448
770.948 0.994045 0.0168558
771.26 0.993198 0.017907
771.571 0.976532 0.0179507
771.882 0.959722 0.0173631
772.193 0.988672 0.0178016
772.504 0.982789 0.0181927
772.814 0.984463 0.0185715
773.125 0.969778 0.018814
773.436 0.955003 0.0192065
773.747 0.960423 0.0196944
774.057 0.959869 0.02011
774.368 0.981876 0.0206591
774.678 0.971699 0.0210875
774.989 0.93938 0.0210593
775.299 0.966076 0.0220751
775.609 0.967015 0.0218396
775.919 0.948521 0.0214523
776.23 0.963523 0.0216474
776.54 0.940896 0.0212106
776.85 0.942045 0.0214467
777.16 0.912983 0.0204861
777.47 0.926967 0.0195699
777.78 0.943539 0.0188739
778.089 0.943617 0.017926
778.399 0.946593 0.0178405
778.709 0.993316 0.0191186
779.019 1.00334 0.0204771
779.328 0.964068 0.0211583
779.638 0.934851 0.0205597
779.947 0.929075 0.018684
780.257 0.921657 0.0169759
780.566 0.947375 0.0165669
780.875 0.968209 0.0171309
781.185 1.00199 0.0185324
781.494 0.962903 0.0184675
781.803 0.977201 0.0191012
782.112 0.964442 0.0192538
782.421 0.961168 0.0189686
782.73 0.950247 0.0183638
783.039 0.967696 0.0187668
783.348 0.996765 0.0205668
783.656 0.9632 0.0213283
783.965 0.96229 0.0216379
784.274 0.952342 0.020708
784.582 0.942865 0.0199648
784.891 0.968564 0.0201157
785.199 0.97346 0.020472
785.508 0.95233 0.0208063
785.816 0.972881 0.0214119
786.124 0.936034 0.0205389
786.432 0.956132 0.0197389
786.741 0.957864 0.0190016
787.049 0.982432 0.0191301
787.357 0.973759 0.0193369
787.665 0.956415 0.0190485
787.973 0.968769 0.0193455
788.281 0.980509 0.0198676
788.588 0.969149 0.0208037
788.896 0.987256 0.022303
789.204 1.00017 0.0233605
789.511 0.972428 0.0230966
789.819 0.959653 0.0233626
790.126 0.957122 0.0233415
790.434 0.968911 0.0234795
790.741 0.947595 0.0231611
791.049 0.947959 0.0231411
791.356 0.968791 0.0241533
791.663 0.914364 0.0238884
791.97 0.928778 0.0241385
792.277 0.926205 0.0236573
792.584 0.92076 0.0223437
792.891 0.891 0.0194406
793.198 0.946607 0.0186005
793.505 0.953004 0.018298
793.812 0.962022 0.0189044
794.119 0.96063 0.019325
794.425 0.958715 0.0198791
794.732 0.976332 0.0209754
795.038 0.997056 0.023418
795.345 0.982758 0.0250016
795.651 0.977715 0.0262744
795.958 0.940154 0.0258171
796.264 0.905849 0.0236479
796.57 0.941866 0.0232312
796.876 0.964268 0.023304
797.183 0.953287 0.0235993
797.489 0.96059 0.0246619
797.795 0.929876 0.0244815
798.101 0.983702 0.0250687
798.406 0.940705 0.024645
798.712 0.962609 0.0256666
799.018 0.945236 0.0258313
799.324 0.95498 0.0260323
799.629 0.915213 0.0255995
799.935 0.963493 0.0264608
800.24 0.938883 0.0266175
800.546 0.93359 0.0265515
800.851 0.93749 0.0268491
801.157 0.96126 0.0283519
801.462 0.92797 0.0281269
801.767 0.940452 0.0284501
802.072 0.935085 0.0272683
802.377 0.943226 0.0263541
802.682 0.92788 0.0257177
802.987 0.969781 0.0270222
803.292 0.917256 0.0269521
803.597 0.9189 0.0272059
803.902 0.895799 0.0267942
804.207 0.928461 0.0271076
804.511 0.916389 0.026518
804.816 0.892492 0.024589
805.12 0.929873 0.0234513
805.425 0.925984 0.0220421
805.729 0.944711 0.0224383
806.034 0.967296 0.0235837
806.338 0.995454 0.0252881
806.642 0.955489 0.0254061
806.946 0.928649 0.0247934
807.251 0.944101 0.0252286
807.555 0.944466 0.0248319
807.859 0.937197 0.0245483
808.162 0.965505 0.0256395
808.466 0.951945 0.0263253
808.77 0.949667 0.0269904
809.074 0.956043 0.028007
809.378 0.971638 0.0282837
809.681 0.897846 0.0269744
809.985 0.955361 0.028275
810.288 0.979682 0.028952
810.592 0.900799 0.0275538
810.895 0.929925 0.0286606
811.198 0.972492 0.0306053
811.502 0.900664 0.0298817
811.805 0.944635 0.0314431
812.108 0.885574 0.0290582
812.411 0.908532 0.0285606
812.714 0.918555 0.0267576
813.017 0.939643 0.0256115
813.32 0.949925 0.025713
813.623 0.956264 0.0266137
813.926 0.971578 0.0287691
814.228 0.969208 0.0302706
814.531 0.95404 0.0309958
814.833 0.890773 0.0297202
815.136 0.885497 0.0298122
815.438 0.931598 0.0309272
815.741 0.885208 0.0288974
816.043 0.905055 0.0288641
816.345 0.916209 0.0288461
816.648 0.92314 0.0291909
816.95 0.906384 0.0293688
817.252 0.945872 0.0306757
817.554 0.906258 0.0300906
817.856 0.900388 0.0306336
818.158 0.902331 0.030933
818.46 0.900825 0.0316909
818.761 0.946765 0.0323705
819.063 0.889441 0.0308306
819.365 0.906128 0.0301992
819.666 0.918652 0.0288867
819.968 0.92264 0.0279943
820.269 0.914724 0.0275727
820.571 0.958153 0.0289595
820.872 0.950521 0.0299347
821.173 0.926707 0.0307315
821.475 0.940486 0.0321504
821.776 0.921864 0.0316657
822.077 0.908422 0.0312508
822.378 0.900218 0.0313266
822.679 0.915929 0.0321159
822.98 0.869649 0.0310034
823.281 0.963247 0.0336874
823.581 0.937386 0.0328968
823.882 0.933097 0.0332415
824.183 0.942444 0.0330686
824.483 0.904049 0.0312364
824.784 0.852034 0.0290788
825.084 0.915062 0.0306754
825.385 0.951426 0.031689
825.685 0.949274 0.0323339
825.985 0.8833 0.0309234
826.286 0.882394 0.0304831
826.586 0.899533 0.030174
826.886 0.925808 0.0306683
827.186 0.935188 0.0312758
827.486 0.944519 0.0324872
827.786 0.956616 0.0331928
828.086 0.925688 0.0323237
828.386 0.927106 0.0319257
828.685 0.903368 0.0313399
828.985 0.930156 0.0327516
829.285 0.922243 0.0328371
829.584 0.874138 0.0324857
829.884 0.918241 0.0338027
830.183 0.968159 0.0365187
830.482 0.903293 0.0348892
830.782 0.919835 0.0353568
831.081 0.906246 0.036423
831.38 0.838116 0.0338946
831.679 0.885973 0.0349279
831.978 0.919688 0.0356431
832.277 0.896515 0.034057
832.576 0.884241 0.0331868
832.875 0.880701 0.0331002
833.174 0.865518 0.0326077
833.472 0.924158 0.0339491
833.771 0.898381 0.0339277
834.07 0.902812 0.0332031
834.368 0.907891 0.0336221
834.667 0.939409 0.0351039
834.965 0.941462 0.0356699
835.263 0.896451 0.0348537
835.562 0.94293 0.035762
835.86 0.834045 0.0333234
836.158 0.84425 0.0339081
836.456 0.858026 0.0350841
836.754 0.828583 0.0343804
837.052 0.925927 0.037498
837.35 0.870507 0.0356535
837.648 0.870811 0.0361326
837.946 0.896952 0.0369834
838.243 0.864599 0.0363206
838.541 0.833295 0.0347203
838.839 0.877264 0.0356768
839.136 0.883804 0.0357341
839.434 0.920777 0.0362522
839.731 0.920723 0.0372269
840.028 0.877796 0.0355159
840.326 0.910023 0.0366166
840.623 0.862951 0.0356245
840.92 0.863933 0.0359878
841.217 0.944983 0.0386947
841.514 0.959212 0.0392028
841.811 0.829003 0.035242
842.108 0.872616 0.03722
842.405 0.919483 0.0384916
842.701 0.872198 0.0376616
842.998 0.803725 0.0350401
843.295 0.879051 0.0374464
843.591 0.871555 0.0373679
843.888 0.879457 0.0371029
844.184 0.862298 0.0369521
844.481 0.825559 0.0355633
844.777 0.840688 0.0360634
845.073 0.861875 0.0367903
845.369 0.899683 0.0379657
845.665 0.84996 0.037441
845.962 0.871322 0.0371648
846.258 0.88998 0.038288
846.553 0.831672 0.0370662
846.849 0.890953 0.0384307
847.145 0.840581 0.0361154
847.441 0.861378 0.0367788
847.737 0.865104 0.0365527
848.032 0.842539 0.036762
848.328 0.83792 0.0368296
848.623 0.869872 0.0380263
848.919 0.833336 0.0363899
849.214 0.799895 0.0352455
849.509 0.870665 0.0373202
849.805 0.856865 0.0377661
850.1 0.85415 0.0385492
850.395 0.908799 0.0396316
850.69 0.925959 0.0402823
850.985 0.840606 0.0370189
851.28 0.880868 0.0377378
851.575 0.842382 0.0373548
851.869 0.891225 0.0382913
852.164 0.900617 0.0379191
852.459 0.899815 0.0368625
852.753 0.921528 0.0367856
853.048 0.883309 0.0341461
853.342 0.910494 0.034427
853.637 0.967934 0.036134
853.931 0.906194 0.0345876
854.225 0.904536 0.034404
854.52 0.936555 0.036312
854.814 0.936765 0.0364368
855.108 0.856306 0.0337066
855.402 0.871187 0.0346203
855.696 0.897047 0.036136
855.99 0.925794 0.0373025
856.283 0.901882 0.0360097
856.577 0.908245 0.0369627
856.871 0.870448 0.0358994
857.164 0.916489 0.0372372
857.458 0.91753 0.038496
857.751 0.893044 0.0373202
858.045 0.896085 0.0369301
858.338 0.872152 0.0370288
858.632 0.83523 0.035407
858.925 0.916382 0.0380605
859.218 0.85839 0.0366797
859.511 0.957798 0.0403671
859.804 0.905169 0.0388499
860.097 0.859649 0.0368575
860.39 0.905619 0.0389403
860.683 0.867832 0.0379578
860.976 0.890412 0.0387564
861.268 0.842218 0.0371104
861.561 0.890213 0.0392465
861.854 0.965371 0.0420874
862.146 0.865584 0.0384374
862.439 0.867741 0.038277
862.731 0.846267 0.0368748
863.023 0.890814 0.0390584
863.316 0.870667 0.0379175
863.608 0.885933 0.0384484
863.9 0.876652 0.0382708
864.192 0.86986 0.037218
864.484 0.830554 0.0372375
864.776 0.889215 0.0388719
865.068 0.851592 0.0378052
865.36 0.837194 0.0373863
865.651 0.874261 0.0392085
865.943 0.879728 0.0386039
866.235 0.830898 0.0377074
866.526 0.902405 0.0403556
866.818 0.852928 0.0379176
867.109 0.88641 0.0384178
867.4 0.927726 0.0400593
867.692 0.880372 0.0392367
867.983 0.903284 0.0393593
868.274 0.887685 0.0395073
868.565 0.922541 0.0397618
868.856 0.920866 0.0399855
869.147 0.910978 0.0396625
869.438 0.854447 0.0383087
869.729 0.833626 0.0380655
870.02 0.94755 0.0421834
870.31 0.858851 0.0389079
870.601 0.86585 0.0385032
870.892 0.825806 0.0372162
871.182 0.858018 0.0377754
871.473 0.888839 0.0392838
871.763 0.897848 0.0385357
872.053 0.905682 0.0391594
872.343 0.861739 0.0381386
872.634 0.86059 0.0384964
872.924 0.81546 0.0367287
873.214 0.861392 0.0385215
873.504 0.898722 0.0398755
873.794 0.889876 0.0406701
874.084 0.893673 0.0406391
874.373 0.852736 0.0386984
874.663 0.844649 0.0376024
874.953 0.912931 0.0403932
875.242 0.889502 0.0393346
875.532 0.858931 0.0383352
875.821 0.904028 0.0395731
876.111 0.84793 0.0381803
876.4 0.898285 0.0397892
876.689 0.901672 0.0395992
876.978 0.891477 0.0393892
877.268 0.8783 0.0391665
877.557 0.896649 0.0400302
877.846 0.900221 0.0399755
878.134 0.930988 0.0410218
878.423 0.931159 0.0410294
878.712 0.931331 0.0410369
