178.41 0.949205 0.150705
178.791 0.955215 0.15166
179.172 0.961183 0.152607
179.553 0.372978 0.372978
179.934 0.932717 0.932717
180.316 0.676915 0.676915
180.697 0.213692 0.213692
181.078 0.897039 0.897039
181.459 0.660174 0.660174
181.84 0.145638 0.145638
182.221 1.84743 1.84743
182.602 1.1373 1.1373
182.983 -0.533088 -0.533088
183.364 0.889525 0.167359
183.744 0.483618 0.0779118
184.125 0.797904 0.0868107
184.506 0.365403 0.0481252
184.887 0.48189 0.0492829
185.268 0.507367 0.0435352
185.648 0.608185 0.0461409
186.029 0.542429 0.0415633
186.41 0.666722 0.044875
186.791 0.621361 0.0416337
187.171 0.560902 0.0338341
187.552 0.465816 0.025086
187.932 0.509648 0.0267183
188.313 0.463336 0.0237937
188.694 0.496786 0.0246236
189.074 0.466923 0.0230154
189.455 0.450815 0.0219873
189.835 0.472766 0.023152
190.216 0.488465 0.0229132
190.596 0.464413 0.0213816
190.977 0.460252 0.0211203
191.357 0.462418 0.0212324
191.737 0.471166 0.0211645
192.118 0.478042 0.0212139
192.498 0.458617 0.0201338
192.878 0.474866 0.020645
193.258 0.469679 0.0201776
193.639 0.465769 0.0198442
194.019 0.476701 0.0202527
194.399 0.446692 0.0194357
194.779 0.417348 0.0180336
195.159 0.449845 0.0192652
195.54 0.442877 0.0185426
195.92 0.438636 0.0185082
196.3 0.408816 0.0176091
196.68 0.400964 0.0175262
197.06 0.404346 0.017495
197.44 0.401886 0.0172743
197.82 0.413621 0.017387
198.2 0.405786 0.0172135
198.58 0.397592 0.0165891
198.959 0.397721 0.0165618
199.339 0.393493 0.016545
199.719 0.371354 0.0157649
200.099 0.373901 0.0158569
200.479 0.366485 0.0156545
200.858 0.368087 0.0154574
201.238 0.353995 0.0149218
201.618 0.343759 0.0148695
201.998 0.336354 0.0143563
202.377 0.338597 0.0144038
202.757 0.32942 0.0140207
203.136 0.337517 0.0140999
203.516 0.316359 0.0134475
203.896 0.305136 0.0130442
204.275 0.292153 0.0125118
204.655 0.305763 0.0128242
205.034 0.282835 0.012189
205.414 0.284654 0.0120751
205.793 0.278292 0.0118324
206.172 0.277942 0.0118357
206.552 0.275166 0.0115756
206.931 0.262112 0.0111245
207.31 0.262391 0.0110105
207.69 0.261948 0.0109134
208.069 0.262337 0.0107769
208.448 0.24892 0.0103655
208.827 0.236032 0.0100356
209.207 0.247669 0.0102531
209.586 0.232939 0.00968338
209.965 0.237364 0.00974402
210.344 0.209353 0.00901756
210.723 0.231517 0.00936639
211.102 0.215284 0.00887581
211.481 0.227066 0.00906736
211.86 0.214125 0.00871754
212.239 0.214943 0.00864592
212.618 0.206763 0.00835721
212.997 0.210346 0.00829181
213.376 0.209582 0.00824717
213.755 0.208917 0.00811842
214.134 0.199556 0.00782699
214.513 0.194327 0.00759874
214.891 0.204931 0.00775121
215.27 0.189313 0.00730994
215.649 0.19289 0.00731798
216.028 0.18211 0.00698777
216.406 0.180937 0.00689267
216.785 0.180199 0.00676667
217.164 0.17506 0.00660272
217.542 0.172726 0.00642103
217.921 0.171949 0.00632455
218.3 0.170015 0.00626661
218.678 0.171475 0.00619448
219.057 0.163411 0.0059394
219.435 0.154188 0.00567454
219.814 0.162799 0.00578787
220.192 0.153877 0.00553634
220.57 0.156886 0.00552465
220.949 0.156446 0.00542434
221.327 0.152056 0.00525877
221.705 0.152279 0.00520874
222.084 0.15349 0.00511596
222.462 0.145251 0.00491748
222.84 0.149699 0.00495098
223.218 0.150195 0.0048357
223.597 0.142487 0.0046624
223.975 0.145571 0.00462774
224.353 0.147336 0.00460458
224.731 0.147135 0.00452729
225.109 0.145241 0.00440719
225.487 0.143153 0.0043132
225.865 0.139588 0.00419401
226.243 0.145873 0.00423297
226.621 0.144643 0.00415958
226.999 0.144191 0.004068
227.377 0.14191 0.00399651
227.755 0.141154 0.00393384
228.133 0.144905 0.00393514
228.511 0.142558 0.00385669
228.889 0.141209 0.003765
229.266 0.1373 0.0036773
229.644 0.14162 0.00366117
230.022 0.142258 0.00362192
230.4 0.140779 0.00356908
230.777 0.141611 0.00354555
231.155 0.141528 0.00349844
231.533 0.142101 0.00345588
231.91 0.143549 0.00342642
232.288 0.14489 0.00340977
232.665 0.142818 0.00334172
233.043 0.14556 0.0033418
233.42 0.143666 0.00327512
233.798 0.145767 0.00327486
234.175 0.146037 0.00323519
234.553 0.146995 0.00321123
234.93 0.146584 0.00317461
235.307 0.145532 0.00313758
235.685 0.147446 0.00313236
236.062 0.149565 0.00311792
236.439 0.149193 0.00309865
236.816 0.150968 0.00307891
237.194 0.149063 0.00302702
237.571 0.151934 0.00302942
237.948 0.151355 0.00300768
238.325 0.151119 0.00297207
238.702 0.152079 0.00296389
239.079 0.15176 0.0029314
239.456 0.153708 0.00293045
239.833 0.154144 0.00291568
240.21 0.152917 0.00287723
240.587 0.156383 0.00289617
240.964 0.155739 0.00286662
241.341 0.156521 0.00284952
241.718 0.156252 0.00282013
242.095 0.158165 0.0028365
242.472 0.161054 0.00283959
242.849 0.15967 0.00280626
243.225 0.159934 0.00278409
243.602 0.1591 0.00276284
243.979 0.160111 0.00276203
244.356 0.161148 0.00275959
244.732 0.162353 0.00274168
245.109 0.160224 0.00270457
245.486 0.163983 0.00273231
245.862 0.165006 0.00272728
246.239 0.162536 0.0026792
246.615 0.162294 0.00267235
246.992 0.165924 0.00268229
247.368 0.165875 0.00268186
247.745 0.165265 0.00265436
248.121 0.167479 0.00265387
248.497 0.167598 0.00265052
248.874 0.168277 0.00263979
249.25 0.166033 0.00259906
249.626 0.168415 0.00261331
250.003 0.168687 0.00260007
250.379 0.166766 0.00256005
250.755 0.168013 0.00257183
251.131 0.169299 0.00256354
251.507 0.170196 0.00256689
251.884 0.168999 0.00254029
252.26 0.169364 0.00254368
252.636 0.171195 0.00253411
253.012 0.170541 0.00252004
253.388 0.170462 0.00251187
253.764 0.171627 0.00251014
254.14 0.171352 0.00250215
254.516 0.173254 0.00251257
254.892 0.170246 0.00247806
255.268 0.172089 0.00248879
255.643 0.17376 0.00249035
256.019 0.174373 0.00249289
256.395 0.173265 0.00247978
256.771 0.173599 0.00246407
257.147 0.175644 0.00247572
257.522 0.175004 0.00246729
257.898 0.176907 0.0024766
258.274 0.176603 0.00246806
258.649 0.176045 0.00246265
259.025 0.176586 0.00245289
259.4 0.175284 0.00244251
259.776 0.17744 0.00244989
260.151 0.180109 0.00247654
260.527 0.177534 0.00244782
260.902 0.178094 0.00244501
261.278 0.178421 0.00244209
261.653 0.178947 0.00244561
262.028 0.180971 0.00246177
262.404 0.180872 0.00244981
262.779 0.179694 0.00243571
263.154 0.18049 0.0024368
263.53 0.180875 0.00243274
263.905 0.181622 0.00244249
264.28 0.182806 0.00244917
264.655 0.180806 0.00242865
265.03 0.181705 0.0024422
265.405 0.182615 0.00244015
265.781 0.182727 0.00244379
266.156 0.184148 0.00245065
266.531 0.183008 0.00243015
266.906 0.184219 0.00245165
267.281 0.182831 0.00243031
267.655 0.18446 0.00245024
268.03 0.184414 0.0024513
268.405 0.184589 0.0024492
268.78 0.184598 0.0024492
269.155 0.186408 0.0024557
269.53 0.187722 0.00247284
269.904 0.186849 0.0024643
270.279 0.187433 0.00246972
270.654 0.186411 0.00245597
271.029 0.189267 0.0024794
271.403 0.187298 0.0024595
271.778 0.187165 0.00246561
272.152 0.188662 0.0024778
272.527 0.187416 0.00246745
272.901 0.18846 0.00246463
273.276 0.188317 0.00245808
273.65 0.190333 0.00247897
274.025 0.189882 0.0024696
274.399 0.191036 0.00248895
274.774 0.19208 0.00248998
275.148 0.190994 0.00247508
275.522 0.193633 0.00249879
275.897 0.191469 0.00248344
276.271 0.192886 0.0024951
276.645 0.193599 0.00249247
277.019 0.192585 0.0024792
277.393 0.193085 0.00247571
277.768 0.193915 0.00249277
278.142 0.193492 0.00248755
278.516 0.192526 0.0024857
278.89 0.193139 0.00248475
279.264 0.195428 0.00250745
279.638 0.195389 0.00249507
280.012 0.196127 0.00250417
280.386 0.196379 0.00251888
280.76 0.19595 0.00250657
281.133 0.195885 0.00251074
281.507 0.197425 0.00251857
281.881 0.195144 0.00249825
282.255 0.197592 0.00251739
282.629 0.198416 0.00252996
283.002 0.197622 0.00252626
283.376 0.198072 0.00252221
283.75 0.199171 0.00253778
284.123 0.198854 0.00252692
284.497 0.199273 0.00253419
284.87 0.199407 0.00253763
285.244 0.201013 0.00254314
285.618 0.201483 0.00255265
285.991 0.200056 0.00255434
286.364 0.201304 0.00256134
286.738 0.201307 0.00256088
287.111 0.203564 0.00257629
287.485 0.202543 0.00257127
287.858 0.203006 0.00258382
288.231 0.202693 0.0025773
288.605 0.204799 0.00259776
288.978 0.202574 0.0025781
289.351 0.202826 0.00259312
289.724 0.202294 0.00258962
290.097 0.204062 0.00260402
290.47 0.205187 0.00261963
290.843 0.203752 0.00260953
291.217 0.203682 0.0026096
291.59 0.205168 0.00263725
291.963 0.207507 0.00264639
292.336 0.20772 0.00265621
292.708 0.205787 0.00264886
293.081 0.207111 0.0026696
293.454 0.20613 0.00265153
293.827 0.205848 0.0026576
294.2 0.208237 0.0026904
294.573 0.205566 0.00266456
294.945 0.210252 0.00271068
295.318 0.210044 0.00270829
295.691 0.210557 0.00271821
296.064 0.209388 0.00271562
296.436 0.208552 0.00270829
296.809 0.208462 0.00270042
297.181 0.210021 0.00272505
297.554 0.209629 0.00272666
297.926 0.210556 0.00273485
298.299 0.211175 0.0027418
298.671 0.209602 0.00271968
299.044 0.211934 0.00274974
299.416 0.210839 0.00274678
299.788 0.209049 0.00273084
300.161 0.211761 0.0027606
300.533 0.21059 0.00274912
300.905 0.21054 0.00273833
301.278 0.21135 0.00274935
301.65 0.210109 0.00273819
302.022 0.210893 0.00274928
302.394 0.210296 0.00274982
302.766 0.208751 0.00273584
303.138 0.208927 0.00274774
303.51 0.209406 0.00274373
303.882 0.206157 0.00271894
304.254 0.206939 0.00272945
304.626 0.208064 0.00272863
304.998 0.205832 0.00271315
305.37 0.206246 0.00273105
305.742 0.207106 0.00272649
306.114 0.206089 0.00271862
306.485 0.205332 0.00271422
306.857 0.205649 0.00271438
307.229 0.205842 0.00272514
307.601 0.203668 0.00270997
307.972 0.20413 0.00271025
308.344 0.20505 0.00271295
308.716 0.206456 0.00273346
309.087 0.209236 0.00274834
309.459 0.208016 0.00274447
309.83 0.210341 0.00276013
310.202 0.209485 0.00275003
310.573 0.212589 0.00277195
310.945 0.214046 0.0027795
311.316 0.217306 0.00281399
311.687 0.214302 0.00278326
312.059 0.217989 0.00281695
312.43 0.217544 0.00280896
312.801 0.220098 0.00283537
313.172 0.21812 0.00282434
313.544 0.218181 0.00282765
313.915 0.215369 0.0027915
314.286 0.215965 0.00280751
314.657 0.214162 0.00278957
315.028 0.213208 0.00278923
315.399 0.211634 0.00277799
315.77 0.209916 0.00276278
316.141 0.209562 0.00277194
316.512 0.208272 0.00276298
316.883 0.209261 0.00277512
317.254 0.209894 0.00277652
317.625 0.21232 0.00280973
317.996 0.215588 0.00281577
318.366 0.219111 0.00284572
318.737 0.219521 0.00284552
319.108 0.226206 0.00289849
319.478 0.230987 0.00292994
319.849 0.237477 0.0029694
320.22 0.245154 0.00301998
320.59 0.250732 0.00305241
320.961 0.257641 0.00309949
321.331 0.265085 0.00314436
321.702 0.272692 0.00320531
322.072 0.280154 0.0032587
322.443 0.286794 0.00329055
322.813 0.291653 0.00331216
323.184 0.297911 0.00335689
323.554 0.303014 0.00339628
323.924 0.308374 0.00342441
324.295 0.317052 0.00348911
324.665 0.31909 0.00350285
325.035 0.326015 0.00353602
325.405 0.335184 0.00360016
325.775 0.342436 0.00365659
326.145 0.345392 0.00366883
326.515 0.351349 0.00370716
326.886 0.357741 0.00375964
327.256 0.36192 0.00378514
327.626 0.365843 0.00382913
327.995 0.364548 0.00383177
328.365 0.365422 0.00384173
328.735 0.367632 0.00387269
329.105 0.370019 0.00392733
329.475 0.380386 0.00401324
329.845 0.402297 0.0041869
330.215 0.420641 0.00426524
330.584 0.429009 0.00426594
330.954 0.42808 0.00416061
331.324 0.415056 0.00398149
331.693 0.406259 0.00387147
332.063 0.398361 0.00379236
332.432 0.392567 0.00374527
332.802 0.390912 0.00376805
333.171 0.393503 0.00383013
333.541 0.395772 0.00391282
333.91 0.40071 0.00395715
334.28 0.405154 0.00400183
334.649 0.404053 0.00400797
335.018 0.407887 0.00404067
335.388 0.40968 0.00406261
335.757 0.409704 0.00406331
336.126 0.411585 0.00408726
336.495 0.41059 0.00406852
336.865 0.413114 0.0040979
337.234 0.413428 0.00412264
337.603 0.416066 0.00412734
337.972 0.416692 0.00413995
338.341 0.415601 0.00412776
338.71 0.415946 0.00412667
339.079 0.416386 0.00414382
339.448 0.416586 0.00413827
339.817 0.417803 0.00415456
340.186 0.4159 0.00414771
340.554 0.412807 0.00412684
340.923 0.417966 0.00416123
341.292 0.413607 0.00414338
341.661 0.414867 0.00415489
342.029 0.416308 0.00415489
342.398 0.411948 0.00413863
342.767 0.414501 0.0041674
343.135 0.413002 0.00415674
343.504 0.41295 0.00416944
343.872 0.409145 0.00413475
344.241 0.409988 0.00414869
344.609 0.407514 0.00415259
344.978 0.405521 0.00413824
345.346 0.405411 0.00412212
345.715 0.4014 0.00411754
346.083 0.399814 0.00411855
346.451 0.396329 0.00409406
346.82 0.398157 0.00411723
347.188 0.397089 0.00410394
347.556 0.39443 0.00411128
347.924 0.392959 0.00409863
348.292 0.388942 0.0040869
348.66 0.385605 0.00406574
349.028 0.384715 0.00406615
349.396 0.383496 0.00407571
349.764 0.383433 0.00407024
350.132 0.375783 0.00402736
350.5 0.37652 0.00403789
350.868 0.374912 0.00403657
351.236 0.372464 0.00402017
351.604 0.371461 0.00403036
351.972 0.374085 0.00404915
352.34 0.368436 0.0040243
352.707 0.36893 0.00402877
353.075 0.367198 0.00402036
353.443 0.360605 0.00399319
353.81 0.360427 0.00400213
354.178 0.361479 0.00401022
354.545 0.358089 0.00398159
354.913 0.360074 0.00400959
355.28 0.35755 0.00399606
355.648 0.355022 0.00397349
356.015 0.356835 0.0039906
356.383 0.356865 0.00398621
356.75 0.355825 0.00399055
357.117 0.355719 0.00399216
357.485 0.354958 0.00399068
357.852 0.358493 0.0040382
358.219 0.355845 0.00400329
358.586 0.355667 0.00400162
358.954 0.358239 0.00403295
359.321 0.355545 0.00400804
359.688 0.355003 0.0040247
360.055 0.35814 0.00403669
360.422 0.359119 0.00404806
360.789 0.36031 0.00406176
361.156 0.360864 0.0040613
361.523 0.360638 0.00407646
361.89 0.360985 0.00407348
362.256 0.363879 0.00407341
362.623 0.370534 0.00415143
362.99 0.366815 0.00411077
363.357 0.369069 0.00414022
363.724 0.371284 0.00415442
364.09 0.369368 0.00413533
364.457 0.379729 0.00422424
364.823 0.377805 0.00418646
365.19 0.381756 0.00421455
365.557 0.382004 0.00420937
365.923 0.383243 0.00423017
366.29 0.386388 0.00426084
366.656 0.39067 0.00426676
367.022 0.391537 0.00426616
367.389 0.397031 0.00431522
367.755 0.39719 0.00433663
368.121 0.401818 0.00436006
368.488 0.403528 0.00436342
368.854 0.405921 0.00439295
369.22 0.410824 0.00444023
369.586 0.412526 0.00446457
369.952 0.415077 0.00448809
370.318 0.41714 0.00450137
370.684 0.417719 0.00451762
371.051 0.421806 0.00454092
371.416 0.429197 0.00460884
371.782 0.430511 0.00460209
372.148 0.431239 0.00461546
372.514 0.432159 0.00463031
372.88 0.440153 0.00468666
373.246 0.439639 0.00467962
373.612 0.446493 0.00471374
373.977 0.448552 0.00471393
374.343 0.448106 0.0046967
374.709 0.446965 0.0046755
375.074 0.449924 0.004705
375.44 0.454593 0.0047496
375.806 0.459948 0.00480386
376.171 0.459053 0.00477493
376.537 0.462039 0.00478605
376.902 0.461147 0.00478984
377.268 0.465029 0.00479021
377.633 0.465662 0.00478468
377.998 0.466323 0.00476974
378.364 0.474092 0.00478852
378.729 0.472593 0.00478899
379.094 0.481191 0.0048535
379.459 0.481307 0.00491911
379.825 0.478712 0.00488409
380.19 0.480442 0.0049005
380.555 0.483341 0.0049498
380.92 0.49056 0.00504894
381.285 0.491033 0.00504182
381.65 0.485526 0.00497446
382.015 0.49008 0.00500509
382.38 0.493512 0.0050421
382.745 0.499101 0.00510166
383.11 0.499045 0.00511517
383.474 0.497427 0.00509179
383.839 0.50192 0.00512395
384.204 0.503557 0.00514887
384.569 0.505238 0.00516376
384.933 0.507447 0.00519011
385.298 0.504096 0.005181
385.663 0.505168 0.0051718
386.027 0.507356 0.00517227
386.392 0.507178 0.00514929
386.756 0.513305 0.00515425
387.121 0.519019 0.00518137
387.485 0.519657 0.00516862
387.849 0.518747 0.00513992
388.214 0.525773 0.00523203
388.578 0.527606 0.0052675
388.942 0.527775 0.00529518
389.307 0.529121 0.00529709
389.671 0.530304 0.00532254
390.035 0.529357 0.00529356
390.399 0.532075 0.00529468
390.763 0.530861 0.00525745
391.127 0.53505 0.00525912
391.492 0.534558 0.0051844
391.856 0.534318 0.00512349
392.219 0.54044 0.00511432
392.583 0.549991 0.0051887
392.947 0.55991 0.00534825
393.311 0.555921 0.00537834
393.675 0.550957 0.00537041
394.039 0.559341 0.00544462
394.403 0.563518 0.00546763
394.766 0.561925 0.00547473
395.13 0.564656 0.00550254
395.494 0.564644 0.00550029
395.857 0.565445 0.00548016
396.221 0.563338 0.00544517
396.584 0.564069 0.00540789
396.948 0.566659 0.00536177
397.311 0.564974 0.00527495
397.675 0.570811 0.00527349
398.038 0.580783 0.00532194
398.401 0.582928 0.00540754
398.765 0.587027 0.00551044
399.128 0.587948 0.00559355
399.491 0.586686 0.00563005
399.854 0.586402 0.0056367
400.218 0.589166 0.0056664
400.581 0.592556 0.00569887
400.944 0.594543 0.00573637
401.307 0.597046 0.00581761
401.67 0.599495 0.0058126
402.033 0.5966 0.00581545
402.396 0.600242 0.00583642
402.759 0.602213 0.00585312
403.122 0.598045 0.00580437
403.485 0.605219 0.00583758
403.847 0.602991 0.00577834
404.21 0.601483 0.00574129
404.573 0.610738 0.00577898
404.936 0.609872 0.00574643
405.298 0.616793 0.00584238
405.661 0.623167 0.00595482
406.023 0.621088 0.00602918
406.386 0.620808 0.00604915
406.749 0.619296 0.00606942
407.111 0.618026 0.00605541
407.473 0.612401 0.00593134
407.836 0.621373 0.00596592
408.198 0.622601 0.00593545
408.561 0.624108 0.00595973
408.923 0.625314 0.00597429
409.285 0.626067 0.00598893
409.647 0.636348 0.00609081
410.009 0.637608 0.0061545
410.372 0.632526 0.006121
410.734 0.635871 0.00616802
411.096 0.634476 0.00615043
411.458 0.640784 0.00617945
411.82 0.635022 0.00611124
412.182 0.634638 0.00606303
412.544 0.640689 0.00610549
412.906 0.639631 0.00608965
413.267 0.644806 0.0061361
413.629 0.648079 0.00620007
413.991 0.64863 0.00623186
414.353 0.654381 0.00627667
414.714 0.652266 0.00633252
415.076 0.647066 0.00629156
415.438 0.647493 0.00628678
415.799 0.648395 0.00626606
416.161 0.651138 0.00633435
416.522 0.650745 0.00635851
416.884 0.648795 0.00635292
417.245 0.653927 0.00640153
417.607 0.649847 0.00636579
417.968 0.646115 0.00634033
418.329 0.651067 0.00635663
418.691 0.653938 0.00636851
419.052 0.659464 0.0063909
419.413 0.652822 0.00630143
419.774 0.650981 0.00627296
420.135 0.646998 0.00611452
420.497 0.644489 0.00600635
420.858 0.649698 0.00594738
421.219 0.665494 0.00603957
421.58 0.673349 0.00615257
421.941 0.676412 0.00627481
422.302 0.667199 0.00631552
422.662 0.672065 0.00636579
423.023 0.665573 0.00636292
423.384 0.667926 0.00639553
423.745 0.65866 0.00631268
424.106 0.655568 0.00629431
424.466 0.669874 0.00635024
424.827 0.677418 0.00647405
425.187 0.673914 0.006539
425.548 0.675077 0.00660647
425.909 0.668146 0.00660723
426.269 0.662771 0.0065342
426.63 0.659279 0.00647277
426.99 0.667537 0.00645973
427.35 0.666201 0.00648207
427.711 0.658327 0.00639797
428.071 0.659849 0.00635174
428.431 0.652772 0.00619689
428.792 0.647427 0.00596025
429.152 0.654345 0.0058273
429.512 0.667561 0.00587482
429.872 0.674829 0.00594771
430.232 0.68137 0.006082
430.592 0.686601 0.00627855
430.952 0.68734 0.00646741
431.312 0.691318 0.00664746
431.672 0.679713 0.00666733
432.032 0.667075 0.00658488
432.392 0.658967 0.00645624
432.752 0.639553 0.00604752
433.111 0.656035 0.00598818
433.471 0.683472 0.00620775
433.831 0.697853 0.00651839
434.19 0.676538 0.00641891
434.55 0.671176 0.00639226
434.91 0.672673 0.00647404
435.269 0.665255 0.00634956
435.629 0.66674 0.00634264
435.988 0.668819 0.00632533
436.348 0.682797 0.00648883
436.707 0.680759 0.00657773
437.066 0.67381 0.0065405
437.426 0.664474 0.00641794
437.785 0.672373 0.00643788
438.144 0.673246 0.00643403
438.503 0.681613 0.00655931
438.862 0.672499 0.00652739
439.222 0.678748 0.00660997
439.581 0.677802 0.00663371
439.94 0.661872 0.00646345
440.299 0.654671 0.00621151
440.658 0.656329 0.00606107
441.017 0.674202 0.00614503
441.376 0.688149 0.00628071
441.734 0.685845 0.00633459
442.093 0.669075 0.00625394
442.452 0.667366 0.0062011
442.811 0.672058 0.00619551
443.169 0.672723 0.00619625
443.528 0.688239 0.00639729
443.887 0.680707 0.00636627
444.245 0.679057 0.00638639
444.604 0.674262 0.00641678
444.962 0.67728 0.00646172
445.321 0.675845 0.00646089
445.679 0.671261 0.00640511
446.038 0.680799 0.0064269
446.396 0.683112 0.0065265
446.754 0.678313 0.00659252
447.112 0.682536 0.00664645
447.471 0.676811 0.00662611
447.829 0.672401 0.00663903
448.187 0.666276 0.00659698
448.545 0.672133 0.00660563
448.903 0.674736 0.00663555
449.261 0.674277 0.00665259
449.619 0.680106 0.00674456
449.977 0.682122 0.00678745
450.335 0.68064 0.00685436
450.693 0.674793 0.00684175
451.051 0.680441 0.00685672
451.409 0.679581 0.00687925
451.766 0.679669 0.00688847
452.124 0.682153 0.00699786
452.482 0.685108 0.00708248
452.839 0.684859 0.00716027
453.197 0.679056 0.00714245
453.555 0.672593 0.00713777
453.912 0.668734 0.00709857
454.27 0.658663 0.00693379
454.627 0.669015 0.00690549
454.984 0.679501 0.00697584
455.342 0.689419 0.00713429
455.699 0.679379 0.00716118
456.056 0.671395 0.00707672
456.414 0.670276 0.00700761
456.771 0.664056 0.00684747
457.128 0.668917 0.0068462
457.485 0.674657 0.00685166
457.842 0.674812 0.00689486
458.199 0.676695 0.00689649
458.556 0.681208 0.00685269
458.913 0.668088 0.00678666
459.27 0.672609 0.00677101
459.627 0.68623 0.00693873
459.984 0.673673 0.00682483
460.341 0.677153 0.00683363
460.697 0.682129 0.00694041
461.054 0.6946 0.00720988
461.411 0.690178 0.00733495
461.767 0.678442 0.00735807
462.124 0.66794 0.00728264
462.481 0.672934 0.00722239
462.837 0.666387 0.00707561
463.194 0.668779 0.00693993
463.55 0.66868 0.00698404
463.907 0.662242 0.00676788
464.263 0.662517 0.00667609
464.619 0.666705 0.00657038
464.976 0.66903 0.00649067
465.332 0.678262 0.00653369
465.688 0.697094 0.00682703
466.044 0.698912 0.00708135
466.4 0.690364 0.00714742
466.756 0.67844 0.00713191
467.112 0.676188 0.00712
467.468 0.674383 0.00709998
467.824 0.684868 0.00722836
468.18 0.68914 0.00734557
468.536 0.680954 0.00730792
468.892 0.680087 0.00741978
469.248 0.680229 0.00745346
469.604 0.680272 0.00749853
469.959 0.66995 0.00743879
470.315 0.673319 0.00745345
470.671 0.674668 0.00745346
471.026 0.667298 0.00735008
471.382 0.669122 0.0072897
471.737 0.674373 0.00725937
472.093 0.667718 0.00711077
472.448 0.664546 0.00695769
472.804 0.666821 0.00691016
473.159 0.670702 0.00687334
473.514 0.681299 0.00696264
473.87 0.668088 0.00679656
474.225 0.647718 0.00650091
474.58 0.659527 0.00643056
474.935 0.680459 0.00658736
475.29 0.685349 0.00670013
475.645 0.680662 0.00668395
476 0.670389 0.00664186
476.355 0.678321 0.00674119
476.71 0.668852 0.00669004
477.065 0.654959 0.00642736
477.42 0.658517 0.0063598
477.775 0.675636 0.00644969
478.13 0.679624 0.00652689
478.485 0.67165 0.00644147
478.839 0.661715 0.00631717
479.194 0.655237 0.00612507
479.549 0.661228 0.00607755
479.903 0.677241 0.0061671
480.258 0.675364 0.00620701
480.612 0.663591 0.00607244
480.967 0.655654 0.00589646
481.321 0.672161 0.00598936
481.675 0.688173 0.00617703
482.03 0.67923 0.00624501
482.384 0.671167 0.00623391
482.738 0.660772 0.00612646
483.093 0.66108 0.00608314
483.447 0.657233 0.00593368
483.801 0.650121 0.00571723
484.155 0.656787 0.00567313
484.509 0.557949 0.00455316
484.863 0.520414 0.00299718
485.217 0.60963 0.00294827
485.571 0.724021 0.003296
485.925 0.885182 0.00464243
486.279 0.796992 0.00510797
486.632 0.693801 0.0051546
486.986 0.691568 0.00556298
487.34 0.698026 0.00596619
487.694 0.681975 0.00606181
488.047 0.666983 0.00602871
488.401 0.673634 0.00606639
488.754 0.66924 0.00608495
489.108 0.677408 0.00622189
489.461 0.67021 0.00621871
489.815 0.669165 0.00627867
490.168 0.662833 0.00617997
490.522 0.664913 0.00616332
490.875 0.665913 0.00617722
491.228 0.668149 0.00623014
491.581 0.666785 0.00618107
491.935 0.671871 0.00622754
492.288 0.669583 0.00624255
492.641 0.669762 0.00619911
492.994 0.664266 0.006169
493.347 0.661456 0.00607045
493.7 0.66788 0.00610452
494.053 0.667549 0.00612389
494.406 0.679829 0.00627991
494.759 0.676532 0.0063924
495.111 0.653015 0.0060842
495.464 0.636333 0.0057424
495.817 0.653656 0.0057149
496.169 0.685434 0.00601639
496.522 0.700743 0.00635782
496.875 0.680823 0.00647609
497.227 0.67275 0.00650119
497.58 0.660586 0.00643092
497.932 0.663656 0.00637017
498.285 0.654631 0.00626895
498.637 0.651734 0.00609928
498.989 0.654721 0.00604518
499.342 0.670839 0.0061645
499.694 0.683751 0.00636115
500.046 0.665949 0.0063317
500.398 0.649519 0.00609998
500.751 0.660793 0.00609658
501.103 0.66485 0.00609577
501.455 0.670064 0.00612901
501.807 0.663383 0.00610754
502.159 0.665837 0.00612213
502.511 0.662846 0.0060932
502.862 0.663056 0.00612041
503.214 0.67101 0.00624118
503.566 0.675286 0.00638793
503.918 0.665523 0.00641021
504.27 0.664835 0.00640011
504.621 0.666808 0.00642525
504.973 0.669335 0.00647373
505.324 0.663454 0.0064036
505.676 0.652524 0.00623998
506.027 0.666246 0.00632227
506.379 0.686692 0.00663245
506.73 0.665603 0.00662938
507.082 0.655591 0.00653263
507.433 0.647931 0.00637407
507.784 0.658391 0.0063716
508.136 0.668997 0.00653477
508.487 0.671016 0.0066118
508.838 0.663578 0.0066367
509.189 0.658969 0.00660634
509.54 0.656041 0.00650354
509.891 0.663265 0.0066149
510.242 0.669207 0.00665187
510.593 0.662096 0.00665853
510.944 0.664438 0.00670759
511.295 0.675052 0.00690175
511.646 0.6728 0.00696654
511.996 0.653577 0.00679556
512.347 0.653551 0.00674431
512.698 0.66414 0.00682119
513.049 0.671182 0.0068995
513.399 0.660955 0.00687849
513.75 0.65829 0.00684409
514.1 0.6736 0.00705457
514.451 0.677788 0.00722362
514.801 0.65787 0.00708544
515.152 0.652782 0.0069956
515.502 0.65335 0.00689017
515.852 0.667066 0.00692475
516.202 0.659211 0.00687463
516.553 0.668211 0.00702258
516.903 0.673116 0.00715581
517.253 0.669496 0.0072442
517.603 0.658034 0.00718061
517.953 0.659731 0.00715492
518.303 0.655705 0.00696564
518.653 0.656192 0.00691113
519.003 0.672309 0.00704922
519.353 0.674897 0.0073154
519.703 0.676137 0.00747739
520.052 0.65649 0.00740574
520.402 0.658027 0.00737356
520.752 0.660271 0.00730159
521.102 0.675591 0.00750551
521.451 0.673596 0.00754777
521.801 0.659489 0.00744696
522.15 0.656464 0.00730674
522.5 0.660545 0.00731752
522.849 0.657949 0.00728019
523.199 0.65788 0.00721104
523.548 0.655011 0.00712612
523.897 0.672054 0.0073017
524.246 0.669809 0.00741082
524.596 0.670894 0.00752179
524.945 0.656676 0.00739828
525.294 0.660665 0.00741986
525.643 0.661715 0.00740921
525.992 0.662272 0.00739966
526.341 0.657921 0.00732932
526.69 0.667264 0.00743928
527.039 0.665886 0.00750402
527.388 0.655444 0.00749703
527.737 0.643325 0.00720141
528.086 0.641734 0.00692787
528.434 0.652565 0.00685825
528.783 0.678912 0.00718648
529.132 0.672902 0.00729078
529.48 0.669461 0.00736568
529.829 0.657736 0.00734113
530.177 0.66698 0.0074684
530.526 0.664341 0.00747194
530.874 0.653664 0.00734099
531.223 0.653338 0.00732856
531.571 0.6629 0.00744557
531.919 0.659036 0.00735088
532.268 0.64168 0.00703194
532.616 0.640788 0.00680242
532.964 0.654912 0.00677497
533.312 0.665594 0.00683353
533.66 0.663668 0.00685443
534.008 0.657897 0.00680903
534.356 0.661524 0.00683228
534.704 0.664217 0.0069084
535.052 0.669761 0.00703047
535.4 0.67124 0.00718701
535.748 0.670834 0.00735589
536.095 0.663204 0.00749925
536.443 0.652944 0.00745029
536.791 0.643539 0.00724
537.139 0.643505 0.00707312
537.486 0.646822 0.00692731
537.834 0.661277 0.00696718
538.181 0.655819 0.00689853
538.529 0.658972 0.00695405
538.876 0.655674 0.00691864
539.223 0.660951 0.00706389
539.571 0.670412 0.00726645
539.918 0.658278 0.00717487
540.265 0.647359 0.00697484
540.613 0.654569 0.00689296
540.96 0.665989 0.00703891
541.307 0.652985 0.00698257
541.654 0.653237 0.00698217
542.001 0.6583 0.00703099
542.348 0.654428 0.00700898
542.695 0.655209 0.00702202
543.042 0.64891 0.00688094
543.388 0.649962 0.00679943
543.735 0.655569 0.00681921
544.082 0.659375 0.00682857
544.429 0.658633 0.00685614
544.775 0.667838 0.00705592
545.122 0.667613 0.00726389
545.469 0.661699 0.00734989
545.815 0.651296 0.00724968
546.162 0.645015 0.00715723
546.508 0.646651 0.00701916
546.854 0.635881 0.00670248
547.201 0.644648 0.00650144
547.547 0.661981 0.00656919
547.893 0.673931 0.00677703
548.24 0.685969 0.00720348
548.586 0.665379 0.00738957
548.932 0.652935 0.00742905
549.278 0.648236 0.00740752
549.624 0.654247 0.00740203
549.97 0.663972 0.00752663
550.316 0.662482 0.00766828
550.662 0.654105 0.00769804
551.008 0.626181 0.00714225
551.353 0.635439 0.00681045
551.699 0.656301 0.00676824
552.045 0.684349 0.00709748
552.391 0.659336 0.00711094
552.736 0.649585 0.00709039
553.082 0.64532 0.00707745
553.427 0.665039 0.00731176
553.773 0.671127 0.00758834
554.118 0.642056 0.00742263
554.464 0.641129 0.00722695
554.809 0.632871 0.00689508
555.154 0.655478 0.00692264
555.5 0.662259 0.00697413
555.845 0.671725 0.0072969
556.19 0.665038 0.00745748
556.535 0.650306 0.00754002
556.88 0.644766 0.00738676
557.225 0.657201 0.00743002
557.57 0.665513 0.00762276
557.915 0.667097 0.00783873
558.26 0.657269 0.00787667
558.605 0.649466 0.007802
558.95 0.639477 0.00757106
559.295 0.629899 0.00711343
559.639 0.635754 0.00687743
559.984 0.643013 0.00665224
560.329 0.655954 0.00669403
560.673 0.661822 0.00674725
561.018 0.663096 0.00695194
561.362 0.661393 0.00712809
561.707 0.656233 0.00727822
562.051 0.6416 0.00710889
562.395 0.638907 0.00700025
562.74 0.648684 0.00691364
563.084 0.646564 0.00681704
563.428 0.651543 0.00670034
563.772 0.66124 0.00678131
564.117 0.651761 0.00668329
564.461 0.657306 0.00669043
564.805 0.651252 0.00671755
565.149 0.647077 0.00666511
565.493 0.652405 0.00670275
565.836 0.644674 0.00653491
566.18 0.637879 0.00640539
566.524 0.622568 0.00590099
566.868 0.646799 0.00585345
567.212 0.653232 0.00578236
567.555 0.642508 0.00566223
567.899 0.631983 0.00535547
568.242 0.636609 0.00515554
568.586 0.625034 0.00478046
568.929 0.628928 0.00448858
569.273 0.636165 0.00426808
569.616 0.65578 0.0043395
569.96 0.638567 0.00419567
570.303 0.633689 0.00404974
570.646 0.641503 0.00402402
570.989 0.635121 0.00387995
571.333 0.655661 0.00399126
571.676 0.66577 0.00417224
572.019 0.660173 0.00449253
572.362 0.60683 0.0040641
572.705 0.614525 0.00379596
573.048 0.640943 0.00369001
573.391 0.637929 0.0035612
573.733 0.644639 0.00353015
574.076 0.64268 0.00348582
574.419 0.662826 0.00364793
574.762 0.655011 0.00381957
575.104 0.66199 0.0041104
575.447 0.612441 0.00390019
575.789 0.61253 0.0036663
576.132 0.635846 0.00352893
576.474 0.636993 0.00349258
576.817 0.626365 0.00320379
577.159 0.642766 0.00306857
577.501 0.679702 0.00318041
577.844 0.685387 0.00341809
578.186 0.66825 0.00378574
578.528 0.626258 0.00381455
578.87 0.626902 0.00383317
579.212 0.620815 0.00368728
579.554 0.641746 0.00362914
579.896 0.64458 0.0036593
580.238 0.614432 0.00336674
580.58 0.625995 0.00298578
580.922 0.679522 0.00298971
581.264 0.735979 0.00311135
581.606 0.691064 0.00314766
581.947 0.671097 0.00329251
582.289 0.66409 0.0036388
582.631 0.645468 0.0039792
582.972 0.628052 0.00418837
583.314 0.61825 0.00410974
583.655 0.615893 0.0039653
583.997 0.610459 0.00360357
584.338 0.631776 0.00340973
584.679 0.644203 0.0033035
585.021 0.67436 0.00347285
585.362 0.663281 0.00370079
585.703 0.65533 0.00395657
586.044 0.609889 0.00383116
586.385 0.613696 0.00363658
586.726 0.633926 0.00353005
587.067 0.668914 0.00376847
587.408 0.654085 0.00394013
587.749 0.647426 0.00410589
588.09 0.641822 0.00425848
588.431 0.653344 0.00455246
588.772 0.631616 0.00465529
589.113 0.623421 0.00454514
589.453 0.638606 0.0045752
589.794 0.655584 0.00479437
590.134 0.650777 0.00503164
590.475 0.638492 0.00509976
590.815 0.629847 0.00501825
591.156 0.640846 0.00506908
591.496 0.609707 0.00479366
591.837 0.598961 0.0040874
592.177 0.620882 0.00378035
592.517 0.654846 0.00371699
592.857 0.667538 0.00395679
593.198 0.663093 0.00419585
593.538 0.654485 0.0045985
593.878 0.620661 0.0046212
594.218 0.608943 0.00442971
594.558 0.629346 0.00433592
594.898 0.655092 0.00454832
595.237 0.66253 0.00485764
595.577 0.652123 0.00513066
595.917 0.63425 0.00531256
596.257 0.616209 0.00501705
596.596 0.622261 0.00491491
596.936 0.653582 0.00495349
597.276 0.647052 0.00512135
597.615 0.625684 0.00494681
597.955 0.602827 0.0042705
598.294 0.640815 0.00413093
598.633 0.660553 0.00420797
598.973 0.650544 0.00433338
599.312 0.631249 0.0042556
599.651 0.643952 0.00433228
599.991 0.64224 0.00442102
600.33 0.640517 0.00448331
600.669 0.642678 0.00461958
601.008 0.647374 0.00479669
601.347 0.632627 0.00490334
601.686 0.624074 0.00472784
602.025 0.633193 0.00479404
602.364 0.624112 0.0045224
602.702 0.636694 0.00450223
603.041 0.651716 0.0045852
603.38 0.652781 0.00480845
603.719 0.650048 0.00501696
604.057 0.633482 0.00509181
604.396 0.629739 0.00506873
604.734 0.609259 0.00476167
605.073 0.635529 0.00449919
605.411 0.651935 0.00460113
605.75 0.662166 0.00480639
606.088 0.636529 0.0049591
606.426 0.621248 0.00477911
606.764 0.631679 0.00475282
607.103 0.65639 0.00499842
607.441 0.636233 0.00509093
607.779 0.632825 0.00520036
608.117 0.635258 0.00517471
608.455 0.655164 0.00547806
608.793 0.622941 0.00539315
609.131 0.612447 0.00498893
609.469 0.63828 0.00497016
609.806 0.66317 0.00513427
610.144 0.653762 0.00549805
610.482 0.623652 0.00542574
610.819 0.636815 0.00547069
611.157 0.637431 0.00550214
611.495 0.642524 0.00571768
611.832 0.63285 0.00569143
612.17 0.625824 0.00561858
612.507 0.640519 0.00562068
612.844 0.638071 0.00566886
613.182 0.63905 0.00568632
613.519 0.630864 0.00561499
613.856 0.638032 0.00563208
614.193 0.624028 0.00549969
614.53 0.633915 0.0054276
614.867 0.649802 0.00548925
615.205 0.655162 0.00578783
615.541 0.640463 0.00592934
615.878 0.622514 0.00609386
616.215 0.6258 0.00604756
616.552 0.633248 0.0061456
616.889 0.625056 0.00596554
617.226 0.641399 0.00598104
617.562 0.655965 0.00624085
617.899 0.658225 0.00662914
618.235 0.642668 0.00688782
618.572 0.628995 0.00706661
618.908 0.617177 0.00675702
619.245 0.628949 0.00654276
619.581 0.645975 0.00651448
619.918 0.679439 0.00723613
620.254 0.662137 0.00805833
620.59 0.617763 0.0079008
620.926 0.60903 0.00731444
621.262 0.629452 0.00702306
621.599 0.658172 0.00721413
621.935 0.633891 0.0069907
622.271 0.636539 0.00674263
622.606 0.636548 0.00659698
622.942 0.660171 0.00688484
623.278 0.642152 0.00698815
623.614 0.621517 0.00655184
623.95 0.643582 0.00664043
624.285 0.651599 0.00680621
624.621 0.646646 0.00714865
624.957 0.633661 0.00729661
625.292 0.646715 0.00759429
625.628 0.635797 0.00775774
625.963 0.631212 0.00778103
626.299 0.629646 0.00761137
626.634 0.634511 0.00752084
626.969 0.650903 0.00775825
627.304 0.66561 0.00850408
627.64 0.644314 0.00897449
627.975 0.620264 0.0086292
628.31 0.611538 0.00809915
628.645 0.650328 0.00816103
628.98 0.650036 0.00833849
629.315 0.644934 0.00846488
629.65 0.640391 0.00850233
629.985 0.638227 0.00846408
630.319 0.653708 0.00894073
630.654 0.632216 0.0088927
630.989 0.640518 0.00890706
631.323 0.636618 0.00903372
631.658 0.65935 0.00956826
631.993 0.641299 0.00984498
632.327 0.637757 0.00985517
632.662 0.6384 0.00980672
632.996 0.647395 0.00965653
633.33 0.64572 0.00950127
633.665 0.661852 0.00995612
633.999 0.647809 0.0101491
634.333 0.638767 0.010076
634.667 0.643847 0.010151
635.001 0.642082 0.00989012
635.335 0.640959 0.00950545
635.669 0.645184 0.00918282
636.003 0.66097 0.0094239
636.337 0.668509 0.00995123
636.671 0.653671 0.0103542
637.005 0.64132 0.0105344
637.339 0.635757 0.0104423
637.672 0.633881 0.0100462
638.006 0.647017 0.00988911
638.339 0.658749 0.0101238
638.673 0.663712 0.0104855
639.006 0.651623 0.0107159
639.34 0.641948 0.0106301
639.673 0.652267 0.0108682
640.007 0.649385 0.0108169
640.34 0.653028 0.0110364
640.673 0.643906 0.0110425
641.006 0.652857 0.0112824
641.34 0.647931 0.0113622
641.673 0.642932 0.0115885
642.006 0.646431 0.0118202
642.339 0.636813 0.0115245
642.672 0.653218 0.0116003
643.004 0.65151 0.0116512
643.337 0.648801 0.0120015
643.67 0.638637 0.0119039
644.003 0.638967 0.0117903
644.336 0.64221 0.0117706
644.668 0.640145 0.0117306
645.001 0.652273 0.0120459
645.333 0.666914 0.0124799
645.666 0.66481 0.0127173
645.998 0.641704 0.0127796
646.331 0.653322 0.0130908
646.663 0.64179 0.0128412
646.995 0.624414 0.0118938
647.327 0.627941 0.0109533
647.66 0.642287 0.0104715
647.992 0.658444 0.0104404
648.324 0.651628 0.0103479
648.656 0.661767 0.0105731
648.988 0.660464 0.0109832
649.32 0.660554 0.0117493
649.652 0.649775 0.0121998
649.983 0.635565 0.0123255
650.315 0.649716 0.0125422
650.647 0.625533 0.0120243
650.979 0.633761 0.011551
651.31 0.639513 0.011157
651.642 0.648188 0.0109802
651.973 0.650211 0.01099
652.305 0.646037 0.0109131
652.636 0.652852 0.0111226
652.967 0.638791 0.0112508
653.299 0.637215 0.0114988
653.63 0.61572 0.0111755
653.961 0.597183 0.010224
654.292 0.513424 0.00727636
654.623 0.395795 0.00231562
654.955 0.900011 0.00342776
655.286 0.899955 0.00342755
655.616 0.899899 0.00342733
655.947 0.899842 0.00342712
656.278 0.899785 0.0034269
656.609 0.45198 0.00254169
656.94 0.400591 0.00316634
657.27 0.363621 0.00353672
657.601 0.375156 0.00414339
657.932 0.415067 0.00521284
658.262 0.457042 0.00666342
658.593 0.509539 0.00843975
658.923 0.554984 0.010299
659.254 0.592117 0.011751
659.584 0.616202 0.0127277
659.914 0.630929 0.0134865
660.244 0.643183 0.0139569
660.575 0.63704 0.0137885
660.905 0.651551 0.0139654
661.235 0.652153 0.0137763
661.565 0.651067 0.0136658
661.895 0.650563 0.0135825
662.225 0.648205 0.0137714
662.555 0.656491 0.0140516
662.884 0.646386 0.0137872
663.214 0.664243 0.0137835
663.544 0.667539 0.0136739
663.873 0.659177 0.0133867
664.203 0.650778 0.0131563
664.533 0.63887 0.0126823
664.862 0.658014 0.0127814
665.192 0.659021 0.0131591
665.521 0.664607 0.0139322
665.85 0.650512 0.0141931
666.18 0.643736 0.0147006
666.509 0.639709 0.0145675
666.838 0.64884 0.0143242
667.167 0.645114 0.0140996
667.496 0.671699 0.0146351
667.825 0.66623 0.0146487
668.154 0.653939 0.0144888
668.483 0.657395 0.0144284
668.812 0.651827 0.0140994
669.141 0.666071 0.0141104
669.47 0.669963 0.0139774
669.798 0.690662 0.0143369
670.127 0.660337 0.0140318
670.456 0.617086 0.0127974
670.784 0.629965 0.0115982
671.113 0.642849 0.0107548
671.441 0.664655 0.0104496
671.77 0.676653 0.0107186
672.098 0.675916 0.0111342
672.426 0.683131 0.0124446
672.755 0.630355 0.0127104
673.083 0.623674 0.0128216
673.411 0.631715 0.0128783
673.739 0.652726 0.0132822
674.067 0.659067 0.0140515
674.395 0.652358 0.0139782
674.723 0.646694 0.013555
675.051 0.662708 0.0135233
675.379 0.658185 0.0134659
675.706 0.671575 0.0137518
676.034 0.66523 0.0139955
676.362 0.655271 0.0139574
676.689 0.631039 0.012866
677.017 0.636332 0.0120715
677.344 0.664047 0.0118459
677.672 0.670775 0.0121098
677.999 0.646026 0.012029
678.327 0.637778 0.0117137
678.654 0.642032 0.0112413
678.981 0.645796 0.010935
679.308 0.6626 0.0111647
679.636 0.667179 0.0117269
679.963 0.655832 0.0122087
680.29 0.628048 0.0119797
680.617 0.628423 0.0117602
680.944 0.647447 0.0117598
681.271 0.675681 0.0123596
681.597 0.673349 0.0131727
681.924 0.663813 0.0139299
682.251 0.623721 0.0134496
682.578 0.628507 0.0127916
682.904 0.625316 0.0119056
683.231 0.64388 0.0116005
683.557 0.638668 0.0112947
683.884 0.637219 0.01096
684.21 0.649835 0.0108088
684.536 0.640075 0.0103768
684.863 0.642469 0.01024
685.189 0.652473 0.0104935
685.515 0.667756 0.0111903
685.841 0.645866 0.0113657
686.167 0.631629 0.0112509
686.493 0.64456 0.0112297
686.819 0.650003 0.011341
687.145 0.665651 0.0119778
687.471 0.655733 0.0127843
687.797 0.632842 0.0129805
688.123 0.628147 0.0128536
688.448 0.635308 0.0125026
688.774 0.650671 0.0122726
689.1 0.661167 0.0125807
689.425 0.661595 0.0131127
689.751 0.653537 0.0132435
690.076 0.61944 0.0121754
690.402 0.638863 0.0115523
690.727 0.643105 0.0112328
691.052 0.665852 0.0117294
691.377 0.647556 0.0119143
691.703 0.655315 0.0122889
692.028 0.639941 0.0121508
692.353 0.632985 0.0118291
692.678 0.651329 0.0120915
693.003 0.670411 0.0127337
693.328 0.66922 0.0136617
693.652 0.642495 0.0139905
693.977 0.618117 0.0133946
694.302 0.631209 0.0127629
694.627 0.650875 0.012779
694.951 0.673931 0.0134709
695.276 0.685501 0.0148937
695.6 0.632981 0.0145524
695.925 0.600213 0.0124371
696.249 0.622516 0.0111685
696.574 0.65422 0.0108508
696.898 0.691933 0.0116671
697.222 0.664831 0.0120882
697.546 0.651581 0.0124486
697.871 0.644758 0.0126441
698.195 0.650704 0.0127954
698.519 0.645721 0.0130688
698.843 0.662943 0.013621
699.167 0.655804 0.0140565
699.491 0.647765 0.0145021
699.814 0.638556 0.0145151
700.138 0.634706 0.0145155
700.462 0.663504 0.0150865
700.786 0.644882 0.0146757
701.109 0.653575 0.0144102
701.433 0.654677 0.0139228
701.756 0.653739 0.0134162
702.08 0.665805 0.0135406
702.403 0.669736 0.0138571
702.726 0.676352 0.0145164
703.05 0.654044 0.0146234
703.373 0.651151 0.0147611
703.696 0.643482 0.0146863
704.019 0.672785 0.0155409
704.342 0.658063 0.0159306
704.665 0.67091 0.0167494
704.988 0.64198 0.0162772
705.311 0.631487 0.0151516
705.634 0.620995 0.0134904
705.957 0.643111 0.0124338
706.28 0.649756 0.0115778
706.602 0.667353 0.0116119
706.925 0.668468 0.011866
707.247 0.671607 0.0123677
707.57 0.645887 0.0126069
707.892 0.65173 0.013096
708.215 0.657416 0.0137957
708.537 0.630261 0.0138402
708.859 0.633734 0.0139577
709.182 0.631297 0.0137866
709.504 0.640849 0.0135249
709.826 0.661065 0.0135642
710.148 0.659034 0.0135979
710.47 0.668283 0.0140822
710.792 0.664611 0.0145624
711.114 0.657828 0.0149736
711.436 0.648164 0.0151939
711.758 0.637435 0.0148238
712.079 0.639739 0.0146808
712.401 0.642971 0.0139916
712.723 0.6462 0.0135175
713.044 0.634281 0.0126173
713.366 0.659684 0.0127242
713.687 0.669895 0.0129264
714.009 0.652528 0.0131039
714.33 0.648436 0.0133557
714.652 0.647236 0.0137225
714.973 0.660914 0.0143473
715.294 0.650461 0.0149654
715.615 0.672352 0.0161881
715.936 0.651561 0.0161695
716.257 0.646215 0.016258
716.578 0.660951 0.0165528
716.899 0.656611 0.0161306
717.22 0.652734 0.0150454
717.541 0.659954 0.0147228
717.862 0.674558 0.0148348
718.182 0.653222 0.0145696
718.503 0.643791 0.0141497
718.824 0.6691 0.0146306
719.144 0.675718 0.0149378
719.465 0.649302 0.0149773
719.785 0.629522 0.0144432
720.105 0.647551 0.0144561
720.426 0.650212 0.0143061
720.746 0.675348 0.0148274
721.066 0.638389 0.0144419
721.386 0.652278 0.0147477
721.706 0.650187 0.0151523
722.026 0.662862 0.0157052
722.346 0.660749 0.0158106
722.666 0.668221 0.0156917
722.986 0.648659 0.0150768
723.306 0.669236 0.0154337
723.626 0.66562 0.0156971
723.946 0.643538 0.0154037
724.265 0.639217 0.0145311
724.585 0.652187 0.0139039
724.904 0.668093 0.0139679
725.224 0.666871 0.0139924
725.543 0.65155 0.0138278
725.863 0.660204 0.0140527
726.182 0.677521 0.0148137
726.501 0.646854 0.0147026
726.82 0.659729 0.014946
727.14 0.629536 0.0140345
727.459 0.655741 0.0138916
727.778 0.643543 0.0136801
728.097 0.653811 0.0139773
728.416 0.640007 0.0136727
728.734 0.639469 0.0132325
729.053 0.653346 0.0132441
729.372 0.65811 0.0132649
729.691 0.637219 0.0127237
730.009 0.6434 0.0121707
730.328 0.643153 0.0118103
730.647 0.665788 0.01203
730.965 0.662123 0.0124172
731.283 0.646817 0.0127339
731.602 0.63407 0.0127546
731.92 0.626152 0.0124494
732.238 0.623011 0.0121191
732.557 0.648095 0.0122474
732.875 0.619781 0.0116866
733.193 0.621041 0.0110009
733.511 0.642345 0.0109323
733.829 0.66502 0.0114572
734.147 0.656841 0.0121354
734.465 0.628588 0.0124115
734.782 0.630891 0.012423
735.1 0.627307 0.0120406
735.418 0.631743 0.0120732
735.735 0.639895 0.0121874
736.053 0.624477 0.0119063
736.371 0.634518 0.0121256
736.688 0.637845 0.0126004
737.005 0.648016 0.0134742
737.323 0.627957 0.0137712
737.64 0.62536 0.0137584
737.957 0.613742 0.0129226
738.274 0.612373 0.0118475
738.592 0.648854 0.0118984
738.909 0.661492 0.0123164
739.226 0.647216 0.0132692
739.543 0.643717 0.0142643
739.86 0.644151 0.0150987
740.176 0.64907 0.0155498
740.493 0.633351 0.0158241
740.81 0.629345 0.0158237
741.127 0.62918 0.0156545
741.443 0.625367 0.014788
741.76 0.644478 0.0145148
742.076 0.659636 0.0148144
742.393 0.683494 0.0158889
742.709 0.659247 0.0164683
743.025 0.657523 0.0167497
743.342 0.6373 0.0163387
743.658 0.645445 0.0161263
743.974 0.648097 0.0157125
744.29 0.655796 0.0157894
744.606 0.645831 0.0158365
744.922 0.639111 0.0157821
745.238 0.649684 0.0159604
745.554 0.647375 0.0163175
745.87 0.646175 0.0164741
746.186 0.637828 0.015693
746.501 0.642421 0.01517
746.817 0.664389 0.0156729
747.132 0.660494 0.0167738
747.448 0.641172 0.0171759
747.763 0.62116 0.0166532
748.079 0.620248 0.0159485
748.394 0.62233 0.0148925
748.71 0.631368 0.0139649
749.025 0.623595 0.0130668
749.34 0.653003 0.0131976
749.655 0.646693 0.013421
749.97 0.640255 0.0138347
750.285 0.620597 0.0136628
750.6 0.603387 0.0131841
750.915 0.615695 0.0129869
751.23 0.636475 0.0134642
751.545 0.635054 0.0140018
751.859 0.618823 0.0143424
752.174 0.606822 0.0143685
752.489 0.602177 0.0135928
752.803 0.605339 0.0128103
753.118 0.621651 0.0128844
753.432 0.619807 0.0132968
753.747 0.618923 0.0137799
754.061 0.590014 0.0129983
754.375 0.591819 0.0124733
754.689 0.608998 0.0122592
755.004 0.6213 0.0123624
755.318 0.600742 0.0118912
755.632 0.594379 0.0112511
755.946 0.61027 0.0111945
756.26 0.588776 0.010504
756.573 0.598185 0.01013
756.887 0.598502 0.00982425
757.201 0.614385 0.010165
757.515 0.605545 0.0110544
757.828 0.593952 0.0117416
758.142 0.567238 0.0114365
758.455 0.572129 0.0106668
758.769 0.593975 0.0102926
759.082 0.588128 0.00996323
759.396 0.597301 0.00988971
759.709 0.590486 0.00975688
760.022 0.608052 0.00998833
760.335 0.608995 0.0105214
760.648 0.598687 0.0112124
760.962 0.58494 0.011896
761.275 0.565958 0.0122811
761.587 0.564466 0.0124245
761.9 0.582511 0.0126536
762.213 0.585722 0.012274
762.526 0.59649 0.0119395
762.839 0.594022 0.0118671
763.151 0.588817 0.0114737
763.464 0.586111 0.0108271
763.776 0.589455 0.0100857
764.089 0.607084 0.0100192
764.401 0.606781 0.0103726
764.714 0.592893 0.0108562
765.026 0.567252 0.0113342
765.338 0.583129 0.012236
765.65 0.58335 0.0131725
765.962 0.570006 0.0136262
766.275 0.569781 0.0141109
766.587 0.557824 0.0140082
766.898 0.573561 0.0137485
767.21 0.590104 0.0131211
767.522 0.579948 0.0120689
767.834 0.605268 0.0118779
768.146 0.594276 0.0118545
768.457 0.612378 0.0127691
768.769 0.591755 0.0132206
769.08 0.581204 0.0131614
769.392 0.575631 0.0126245
769.703 0.583417 0.0120519
770.015 0.594968 0.0117063
770.326 0.602002 0.0117981
770.637 0.597809 0.0121822
770.948 0.594381 0.013034
771.26 0.554245 0.0133769
771.571 0.559187 0.0135837
771.882 0.577877 0.0134733
772.193 0.591789 0.0137726
772.504 0.597666 0.0141872
772.814 0.588629 0.0143605
773.125 0.59256 0.0147066
773.436 0.589412 0.0150888
773.747 0.593085 0.0154764
774.057 0.590651 0.0157751
774.368 0.602191 0.0161789
774.678 0.609496 0.0167011
774.989 0.589172 0.016678
775.299 0.619013 0.0176704
775.609 0.596422 0.0171516
775.919 0.5909 0.016932
776.23 0.611861 0.0172505
776.54 0.601944 0.0169653
776.85 0.599039 0.0171022
777.16 0.585655 0.0164077
777.47 0.584532 0.0155403
777.78 0.597734 0.0150223
778.089 0.583466 0.0140959
778.399 0.586319 0.0140408
778.709 0.611891 0.0150055
779.019 0.609639 0.0159618
779.328 0.581321 0.0164299
779.638 0.567195 0.0160145
779.947 0.583854 0.0148114
780.257 0.57381 0.0133947
780.566 0.580022 0.012963
780.875 0.586192 0.0133296
781.185 0.592256 0.0142481
781.494 0.565311 0.0141501
781.803 0.571401 0.0146063
782.112 0.554793 0.014603
782.421 0.574565 0.0146658
782.73 0.560179 0.0140997
783.039 0.573981 0.0144534
783.348 0.583865 0.0157408
783.656 0.56431 0.0163252
783.965 0.556883 0.0164606
784.274 0.569134 0.0160085
784.582 0.586254 0.0157428
784.891 0.584746 0.0156298
785.199 0.58945 0.0159303
785.508 0.582337 0.01627
785.816 0.591272 0.0166924
786.124 0.575701 0.0161076
786.432 0.567741 0.0152103
786.741 0.588781 0.0148976
787.049 0.588926 0.0148114
787.357 0.570901 0.0148061
787.665 0.570416 0.0147107
787.973 0.579972 0.0149683
788.281 0.555003 0.0149475
788.588 0.578107 0.0160676
788.896 0.570878 0.0169598
789.204 0.59872 0.0180741
789.511 0.590392 0.0179966
789.819 0.574638 0.0180784
790.126 0.589869 0.0183241
790.434 0.595522 0.0184075
790.741 0.603036 0.0184765
791.049 0.584908 0.0181775
791.356 0.579557 0.0186814
791.663 0.594506 0.0192622
791.97 0.582738 0.0191202
792.277 0.580709 0.0187323
792.584 0.589179 0.0178734
792.891 0.559815 0.0154097
793.198 0.572935 0.0144708
793.505 0.572427 0.0141813
793.812 0.563421 0.0144673
794.119 0.545009 0.0145561
794.425 0.547016 0.0150159
794.732 0.568437 0.0160049
795.038 0.576153 0.0178016
795.345 0.565886 0.0189718
795.651 0.587734 0.0203712
795.958 0.592329 0.0204922
796.264 0.550814 0.0184402
796.57 0.589579 0.0183801
796.876 0.57838 0.0180484
797.183 0.568036 0.0182169
797.489 0.609558 0.0196456
797.795 0.59617 0.0196025
798.101 0.593425 0.0194708
798.406 0.594103 0.0195854
798.712 0.615053 0.0205164
799.018 0.596372 0.020518
799.324 0.615729 0.020903
799.629 0.588954 0.0205358
799.935 0.611056 0.0210727
800.24 0.627499 0.0217605
800.546 0.615771 0.0215636
800.851 0.598573 0.0214538
801.157 0.631577 0.0229813
801.462 0.613762 0.0228747
801.767 0.615475 0.0230155
802.072 0.612035 0.0220608
802.377 0.620207 0.0213702
802.682 0.615269 0.0209421
802.987 0.638233 0.0219217
803.292 0.630136 0.0223391
803.597 0.576245 0.0215443
803.902 0.635653 0.0225707
804.207 0.61274 0.0220215
804.511 0.61773 0.0217721
804.816 0.558354 0.0194488
805.12 0.57139 0.0183832
805.425 0.566896 0.0172466
805.729 0.572359 0.0174652
806.034 0.59487 0.0184946
806.338 0.577343 0.0192585
806.642 0.563649 0.0195132
806.946 0.57136 0.0194475
807.251 0.590859 0.0199584
807.555 0.58399 0.0195263
807.859 0.580054 0.0193126
808.162 0.595385 0.020134
808.466 0.605372 0.0209932
808.77 0.587814 0.0212346
809.074 0.619895 0.0225521
809.378 0.612054 0.022448
809.681 0.596951 0.0219948
809.985 0.623758 0.0228469
810.288 0.629039 0.0231993
810.592 0.637746 0.0231842
810.895 0.618693 0.0233775
811.198 0.641101 0.0248494
811.502 0.664097 0.025659
811.805 0.658417 0.0262509
812.108 0.630327 0.0245154
812.411 0.635457 0.0238858
812.714 0.611824 0.0218378
813.017 0.603941 0.0205329
813.32 0.611377 0.0206283
813.623 0.606707 0.0211985
813.926 0.636894 0.0232928
814.228 0.633565 0.0244742
814.531 0.654039 0.0256638
814.833 0.633076 0.0250551
815.136 0.643637 0.0254168
815.438 0.655502 0.0259426
815.741 0.617222 0.02413
816.043 0.630698 0.0240953
816.345 0.631234 0.0239434
816.648 0.638691 0.0242806
816.95 0.645794 0.0247901
817.252 0.636275 0.0251594
817.554 0.637868 0.0252447
817.856 0.656849 0.0261647
818.158 0.649983 0.0262536
818.46 0.695686 0.0278497
818.761 0.680587 0.0274455
819.063 0.650505 0.0263663
819.365 0.638577 0.0253517
819.666 0.630556 0.0239323
819.968 0.640558 0.0233256
820.269 0.601646 0.0223617
820.571 0.642763 0.0237191
820.872 0.649902 0.0247525
821.173 0.635931 0.0254576
821.475 0.670865 0.0271536
821.776 0.649154 0.0265724
822.077 0.645568 0.0263444
822.378 0.652454 0.0266694
822.679 0.692802 0.0279315
822.98 0.637716 0.0265492
823.281 0.691439 0.0285414
823.581 0.698488 0.0283971
823.882 0.710783 0.0290125
824.183 0.692814 0.0283528
824.483 0.648089 0.0264473
824.784 0.624323 0.0248916
825.084 0.655349 0.0259598
825.385 0.644255 0.0260766
825.685 0.675699 0.0272797
825.985 0.656215 0.0266536
826.286 0.630859 0.0257747
826.586 0.638458 0.0254208
826.886 0.623003 0.0251579
827.186 0.634902 0.0257699
827.486 0.650739 0.0269656
827.786 0.697477 0.0283426
828.086 0.648672 0.0270583
828.386 0.662042 0.0269786
828.685 0.63748 0.0263269
828.985 0.712418 0.028663
829.285 0.669617 0.0279805
829.584 0.685272 0.028763
829.884 0.663295 0.0287294
830.183 0.779155 0.0327608
830.482 0.701117 0.0307377
830.782 0.656967 0.0298807
831.081 0.75166 0.0331714
831.38 0.702289 0.0310268
831.679 0.696887 0.0309773
831.978 0.727705 0.0317053
832.277 0.68523 0.0297746
832.576 0.705243 0.0296381
832.875 0.674764 0.0289729
833.174 0.675719 0.0288115
833.472 0.677502 0.0290677
833.771 0.749443 0.030988
834.07 0.684133 0.0289035
834.368 0.656648 0.028594
834.667 0.689924 0.0300835
834.965 0.690105 0.0305392
835.263 0.698878 0.0307741
835.562 0.729512 0.0314556
835.86 0.722154 0.0310077
836.158 0.708553 0.0310638
836.456 0.737824 0.0325339
836.754 0.75232 0.0327601
837.052 0.779323 0.0344016
837.35 0.703818 0.0320587
837.648 0.727302 0.0330214
837.946 0.738011 0.033547
838.243 0.770458 0.0342863
838.541 0.735022 0.0326088
838.839 0.722365 0.0323742
839.136 0.736953 0.0326306
839.434 0.742194 0.0325473
839.731 0.732728 0.0332096
840.028 0.736627 0.0325349
840.326 0.7607 0.0334779
840.623 0.760152 0.0334353
840.92 0.715312 0.0327464
841.217 0.770424 0.0349385
841.514 0.763149 0.0349675
841.811 0.711051 0.0326387
842.108 0.819671 0.0360732
842.405 0.789898 0.0356763
842.701 0.805506 0.0361931
842.998 0.748439 0.0338134
843.295 0.782431 0.0353286
843.591 0.827656 0.0364147
843.888 0.730909 0.0338246
844.184 0.797375 0.0355338
844.481 0.730575 0.033455
844.777 0.763197 0.0343612
845.073 0.766737 0.0347004
845.369 0.803107 0.0358702
845.665 0.809438 0.0365376
845.962 0.78068 0.0351786
846.258 0.777098 0.0357776
846.553 0.797162 0.0362891
846.849 0.835653 0.0372189
847.145 0.750971 0.0341361
847.441 0.742626 0.0341496
847.737 0.761487 0.0342939
848.032 0.802231 0.0358718
848.328 0.765528 0.0352027
848.623 0.829976 0.0371441
848.919 0.769504 0.0349684
849.214 0.763508 0.0344345
849.509 0.80279 0.035836
849.805 0.805115 0.0366079
850.1 0.815839 0.0376748
850.395 0.780025 0.0367165
850.69 0.877943 0.039224
850.985 0.779749 0.0356537
851.28 0.815018 0.0362998
851.575 0.765953 0.0356199
851.869 0.762605 0.0354206
852.164 0.763156 0.0349056
852.459 0.78441 0.0344175
852.753 0.763146 0.0334755
853.048 0.702853 0.0304591
853.342 0.706422 0.0303244
853.637 0.683068 0.0303547
853.931 0.708556 0.0305842
854.225 0.684896 0.029937
854.52 0.716122 0.0317525
854.814 0.750226 0.0326077
855.108 0.672984 0.0298815
855.402 0.694715 0.0309157
855.696 0.744972 0.0329308
855.99 0.769616 0.0340109
856.283 0.739889 0.0326157
856.577 0.757036 0.0337459
856.871 0.736722 0.0330269
857.164 0.727506 0.0331766
857.458 0.791307 0.0357502
857.751 0.722938 0.0335782
858.045 0.761648 0.0340473
858.338 0.758189 0.0345249
858.632 0.717059 0.0328068
858.925 0.775376 0.03501
859.218 0.75855 0.0344806
859.511 0.816624 0.0372736
859.804 0.806039 0.0366609
860.097 0.771533 0.0349175
860.39 0.788011 0.0363239
860.683 0.801622 0.0364811
860.976 0.808764 0.0369368
861.268 0.744973 0.0349023
861.561 0.840832 0.0381425
861.854 0.870856 0.039974
862.146 0.81542 0.037307
862.439 0.81572 0.0371119
862.731 0.785836 0.0355338
863.023 0.761739 0.036118
863.316 0.758411 0.0353888
863.608 0.802353 0.0365898
863.9 0.844139 0.0375544
864.192 0.767977 0.0349706
864.484 0.772472 0.0359118
864.776 0.794922 0.0367531
865.068 0.825578 0.0372233
865.36 0.743098 0.0352227
865.651 0.836051 0.0383421
865.943 0.763113 0.0359543
866.235 0.871385 0.0386151
866.526 0.84525 0.0390567
866.818 0.811511 0.0369856
867.109 0.77938 0.0360238
867.4 0.79936 0.0371848
867.692 0.797203 0.0373374
867.983 0.784759 0.0366862
868.274 0.81155 0.0377751
868.565 0.796324 0.0369418
868.856 0.787072 0.0369668
869.147 0.851903 0.0383549
869.438 0.831243 0.0377849
869.729 0.825439 0.0378781
870.02 0.887024 0.0408139
870.31 0.800526 0.0375635
870.601 0.802893 0.0370769
870.892 0.780304 0.0361764
871.182 0.809621 0.0366946
871.473 0.838315 0.038151
871.763 0.773239 0.0357617
872.053 0.873716 0.0384621
872.343 0.864794 0.0382062
872.634 0.841234 0.038061
872.924 0.765418 0.0355839
873.214 0.828351 0.0377754
873.504 0.847732 0.0387278
873.794 0.883761 0.0405301
874.084 0.917457 0.0411764
874.373 0.82353 0.0380299
874.663 0.793073 0.0364363
874.953 0.834025 0.0386081
875.242 0.872908 0.038966
875.532 0.799886 0.0369941
875.821 0.815768 0.0375918
876.111 0.783238 0.036695
876.4 0.836969 0.0384072
876.689 0.858942 0.0386495
876.978 0.858584 0.0386557
877.268 0.83488 0.0381861
877.557 0.822823 0.0383468
877.846 0.857617 0.0390181
878.134 0.879925 0.039881
878.423 0.880087 0.0398883
878.712 0.880249 0.0398957
