178.41 0.968108 0.152199
178.791 0.974238 0.153162
179.172 0.980324 0.154119
179.553 0.408189 0.408189
179.934 0.989207 0.989207
180.316 0.712171 0.712171
180.697 0.406138 0.406138
181.078 0.821618 0.821618
181.459 0.545076 0.545076
181.84 0.635229 0.635229
182.221 3.54698 3.54698
182.602 -0.179955 -0.0628812
182.983 1.56236 0.565982
183.364 0.833477 0.162001
183.744 0.64767 0.0901631
184.125 0.465727 0.066323
184.506 0.569433 0.0600769
184.887 0.50457 0.0504293
185.268 0.549766 0.0453177
185.648 0.54311 0.0436025
186.029 0.524053 0.0408532
186.41 0.614077 0.0430669
186.791 0.628335 0.0418667
187.171 0.579944 0.0344036
187.552 0.43654 0.0242849
187.932 0.493232 0.0262845
188.313 0.461515 0.0237469
188.694 0.502949 0.0247758
189.074 0.486186 0.0234853
189.455 0.497935 0.0231079
189.835 0.520328 0.0242887
190.216 0.477717 0.0226597
190.596 0.44759 0.0209907
190.977 0.463489 0.0211944
191.357 0.53342 0.0228043
191.737 0.493764 0.0216661
192.118 0.492135 0.0215243
192.498 0.462074 0.0202095
192.878 0.501272 0.0212112
193.258 0.49591 0.0207334
193.639 0.462362 0.0197715
194.019 0.470549 0.0201216
194.399 0.488586 0.0203267
194.779 0.442922 0.0185779
195.159 0.454235 0.0193589
195.54 0.456021 0.0188157
195.92 0.457621 0.0189045
196.3 0.441234 0.018294
196.68 0.449771 0.0185623
197.06 0.43112 0.0180649
197.44 0.438031 0.0180344
197.82 0.423722 0.017598
198.2 0.436981 0.0178629
198.58 0.406569 0.0167753
198.959 0.398458 0.0165771
199.339 0.405075 0.0167867
199.719 0.376815 0.0158804
200.099 0.409489 0.0165944
200.479 0.401685 0.016389
200.858 0.397102 0.0160551
201.238 0.38835 0.0156291
201.618 0.38473 0.0157307
201.998 0.371907 0.015096
202.377 0.37606 0.0151797
202.757 0.353564 0.0145254
203.136 0.34432 0.0142413
203.516 0.362477 0.0143943
203.896 0.339234 0.0137537
204.275 0.32628 0.0132224
204.655 0.327827 0.0132789
205.034 0.322695 0.0130196
205.414 0.320321 0.0128092
205.793 0.307909 0.0124461
206.172 0.32174 0.0127341
206.552 0.30452 0.0121774
206.931 0.289506 0.0116914
207.31 0.292986 0.0116348
207.69 0.284719 0.0113778
208.069 0.290893 0.0113483
208.448 0.281902 0.0110308
208.827 0.268883 0.0107112
209.207 0.275531 0.0108144
209.586 0.277025 0.01056
209.965 0.269276 0.0103784
210.344 0.252685 0.00990693
210.723 0.264313 0.0100079
211.102 0.253696 0.00963517
211.481 0.262188 0.00974341
211.86 0.2585 0.00957834
212.239 0.249762 0.00931994
212.618 0.246987 0.00913403
212.997 0.247771 0.00899928
213.376 0.253527 0.00907068
213.755 0.239767 0.00869721
214.134 0.242424 0.00862681
214.513 0.234303 0.0083438
214.891 0.23541 0.00830765
215.27 0.224728 0.00796438
215.649 0.233985 0.00805993
216.028 0.228547 0.00782816
216.406 0.222473 0.00764297
216.785 0.220026 0.00747714
217.164 0.216275 0.00733892
217.542 0.216597 0.00719038
217.921 0.216071 0.00708972
218.3 0.217539 0.00708856
218.678 0.212075 0.00688888
219.057 0.200816 0.00658417
219.435 0.202277 0.00649949
219.814 0.200525 0.00642358
220.192 0.209091 0.00645362
220.57 0.200657 0.006248
220.949 0.199009 0.00611788
221.327 0.198486 0.00600824
221.705 0.199753 0.00596568
222.084 0.197557 0.00580409
222.462 0.197649 0.00573628
222.84 0.197252 0.00568319
223.218 0.192798 0.00547877
223.597 0.194446 0.00544655
223.975 0.190191 0.00528965
224.353 0.191162 0.00524488
224.731 0.189035 0.00513157
225.109 0.18691 0.00499959
225.487 0.182908 0.00487546
225.865 0.180956 0.00477522
226.243 0.184368 0.00475883
226.621 0.181986 0.00466572
226.999 0.180606 0.00455279
227.377 0.182022 0.00452622
227.755 0.179631 0.00443773
228.133 0.177066 0.00434997
228.511 0.180418 0.00433869
228.889 0.176467 0.00420887
229.266 0.181367 0.00422642
229.644 0.175799 0.00407912
230.022 0.174844 0.00401537
230.4 0.174786 0.00397687
230.777 0.177646 0.00397112
231.155 0.17349 0.00387338
231.533 0.174613 0.00383087
231.91 0.172891 0.00376033
232.288 0.174593 0.003743
232.665 0.169845 0.00364423
233.043 0.173351 0.00364689
233.42 0.174277 0.00360719
233.798 0.173732 0.00357521
234.175 0.174229 0.00353369
234.553 0.171488 0.00346846
234.93 0.17221 0.00344094
235.307 0.17169 0.00340791
235.685 0.173084 0.00339378
236.062 0.170836 0.00333227
236.439 0.173601 0.00334251
236.816 0.170574 0.00327273
237.194 0.172647 0.0032577
237.571 0.172311 0.00322619
237.948 0.17217 0.00320783
238.325 0.174158 0.00319059
238.702 0.174009 0.0031704
239.079 0.172328 0.00312374
239.456 0.171458 0.00309502
239.833 0.171747 0.00307766
240.21 0.17468 0.00307515
240.587 0.173931 0.00305434
240.964 0.176931 0.00305543
241.341 0.173868 0.00300329
241.718 0.17447 0.00298
242.095 0.176627 0.00299748
242.472 0.174343 0.00295442
242.849 0.176065 0.00294681
243.225 0.17417 0.00290536
243.602 0.175359 0.00290058
243.979 0.176521 0.00290012
244.356 0.176784 0.00289037
244.732 0.174259 0.00284043
245.109 0.175262 0.00282865
245.486 0.179 0.00285467
245.862 0.179155 0.0028418
246.239 0.177496 0.00279978
246.615 0.178009 0.00279874
246.992 0.178816 0.00278454
247.368 0.180279 0.00279588
247.745 0.180307 0.00277252
248.121 0.177073 0.00272882
248.497 0.17931 0.00274156
248.874 0.181481 0.00274141
249.25 0.181384 0.00271655
249.626 0.18202 0.00271681
250.003 0.181012 0.00269338
250.379 0.181154 0.0026682
250.755 0.180695 0.00266713
251.131 0.182468 0.00266137
251.507 0.184656 0.00267371
251.884 0.183502 0.00264705
252.26 0.185196 0.00265991
252.636 0.182574 0.00261698
253.012 0.182534 0.00260715
253.388 0.185166 0.00261797
253.764 0.186004 0.00261315
254.14 0.18513 0.0026008
254.516 0.186789 0.00260887
254.892 0.186072 0.00259068
255.268 0.187033 0.00259461
255.643 0.184798 0.00256823
256.019 0.187515 0.00258513
256.395 0.190116 0.00259756
256.771 0.18824 0.00256587
257.147 0.190464 0.00257805
257.522 0.191196 0.00257891
257.898 0.192203 0.00258144
258.274 0.192055 0.00257377
258.649 0.191544 0.00256877
259.025 0.190553 0.00254804
259.4 0.190038 0.00254322
259.776 0.192897 0.00255437
260.151 0.192648 0.0025613
260.527 0.192747 0.00255054
260.902 0.192432 0.00254153
261.278 0.193742 0.00254478
261.653 0.194441 0.00254929
262.028 0.19558 0.00255921
262.404 0.195816 0.00254901
262.779 0.193943 0.00253044
263.154 0.195529 0.00253628
263.53 0.196441 0.00253526
263.905 0.196961 0.00254354
264.28 0.196713 0.00254062
264.655 0.195087 0.00252274
265.03 0.19858 0.00255308
265.405 0.198045 0.00254115
265.781 0.199441 0.00255312
266.156 0.200032 0.00255415
266.531 0.198584 0.00253146
266.906 0.202682 0.00257157
267.281 0.201715 0.00255273
267.655 0.200592 0.00255514
268.03 0.201867 0.00256467
268.405 0.203229 0.00256988
268.78 0.204713 0.00257919
269.155 0.202897 0.00256201
269.53 0.205418 0.00258677
269.904 0.204268 0.00257661
270.279 0.206281 0.00259092
270.654 0.20575 0.00258023
271.029 0.207063 0.00259335
271.403 0.206439 0.00258212
271.778 0.2071 0.0025936
272.152 0.207992 0.00260165
272.527 0.206813 0.00259199
272.901 0.208038 0.00258948
273.276 0.208114 0.00258405
273.65 0.210633 0.00260781
274.025 0.208448 0.00258751
274.399 0.210134 0.00261041
274.774 0.211189 0.0026109
275.148 0.211047 0.00260177
275.522 0.212289 0.00261639
275.897 0.212814 0.00261821
276.271 0.212253 0.00261737
276.645 0.214033 0.00262071
277.019 0.212724 0.0026056
277.393 0.21303 0.00260044
277.768 0.212529 0.00260967
278.142 0.214409 0.00261855
278.516 0.212784 0.00261321
278.89 0.214141 0.00261636
279.264 0.217667 0.00264627
279.638 0.215566 0.00262073
280.012 0.217661 0.00263806
280.386 0.217326 0.00264982
280.76 0.215855 0.00263079
281.133 0.218052 0.002649
281.507 0.218471 0.00264942
281.881 0.221564 0.002662
282.255 0.222396 0.00267073
282.629 0.220096 0.0026646
283.002 0.220809 0.00267035
283.376 0.221931 0.0026698
283.75 0.223661 0.00268929
284.123 0.220037 0.00265811
284.497 0.22222 0.00267612
284.87 0.224514 0.00269265
285.244 0.224592 0.00268816
285.618 0.225051 0.00269782
285.991 0.226365 0.00271711
286.364 0.225392 0.00271025
286.738 0.224966 0.00270719
287.111 0.226081 0.00271504
287.485 0.227622 0.00272582
287.858 0.226424 0.00272878
288.231 0.227747 0.00273194
288.605 0.229067 0.00274736
288.978 0.230184 0.00274818
289.351 0.228538 0.00275258
289.724 0.231715 0.00277155
290.097 0.230158 0.00276552
290.47 0.234026 0.00279767
290.843 0.232362 0.00278673
291.217 0.229759 0.00277163
291.59 0.234227 0.00281783
291.963 0.232238 0.00279965
292.336 0.235071 0.00282568
292.708 0.234491 0.00282756
293.081 0.234403 0.00284005
293.454 0.235639 0.00283498
293.827 0.23615 0.00284649
294.2 0.235933 0.00286373
294.573 0.235221 0.00285028
294.945 0.236611 0.00287558
295.318 0.237411 0.00287933
295.691 0.238588 0.00289349
296.064 0.237463 0.00289195
296.436 0.238516 0.00289631
296.809 0.2381 0.00288601
297.181 0.239705 0.00291126
297.554 0.239422 0.00291399
297.926 0.239475 0.00291663
298.299 0.23861 0.00291446
298.671 0.239451 0.00290688
299.044 0.243226 0.00294575
299.416 0.238551 0.00292173
299.788 0.240364 0.00292825
300.161 0.243496 0.00296023
300.533 0.241062 0.00294129
300.905 0.240092 0.0029242
301.278 0.241883 0.00294125
301.65 0.245832 0.00296184
302.022 0.240575 0.00293639
302.394 0.242232 0.00295124
302.766 0.243161 0.00295272
303.138 0.241683 0.0029553
303.51 0.245389 0.00297012
303.882 0.243972 0.00295782
304.254 0.24514 0.00297071
304.626 0.245183 0.00296205
304.998 0.24483 0.00295904
305.37 0.24576 0.00298122
305.742 0.245949 0.00297119
306.114 0.246406 0.00297267
306.485 0.245705 0.0029691
306.857 0.245684 0.00296685
307.229 0.245916 0.00297862
307.601 0.24472 0.00297055
307.972 0.240336 0.0029408
308.344 0.235831 0.00290945
308.716 0.236073 0.00292295
309.087 0.231976 0.00289383
309.459 0.230654 0.00288996
309.83 0.229061 0.00288034
310.202 0.224233 0.00284519
310.573 0.223253 0.00284062
310.945 0.219103 0.00281214
311.316 0.216367 0.0028079
311.687 0.213888 0.00278057
312.059 0.210947 0.00277108
312.43 0.209536 0.00275678
312.801 0.212259 0.00278442
313.172 0.213131 0.00279185
313.544 0.217781 0.00282505
313.915 0.221462 0.00283072
314.286 0.227859 0.00288378
314.657 0.232906 0.00290908
315.028 0.24026 0.00296089
315.399 0.250709 0.00302359
315.77 0.255345 0.00304711
316.141 0.263884 0.00311052
316.512 0.273908 0.00316858
316.883 0.279099 0.00320492
317.254 0.284513 0.0032326
317.625 0.286857 0.00326589
317.996 0.286598 0.00324654
318.366 0.285962 0.00325099
318.737 0.280425 0.00321611
319.108 0.279448 0.00322159
319.478 0.268353 0.00315804
319.849 0.262282 0.00312063
320.22 0.258602 0.00310171
320.59 0.251375 0.00305632
320.961 0.248787 0.00304577
321.331 0.247821 0.00304025
321.702 0.248572 0.00306027
322.072 0.25706 0.0031215
322.443 0.265896 0.0031684
322.813 0.274703 0.00321447
323.184 0.289662 0.00331009
323.554 0.308828 0.0034287
323.924 0.320885 0.00349319
324.295 0.338093 0.00360302
324.665 0.357568 0.00370804
325.035 0.375818 0.00379652
325.405 0.392065 0.00389367
325.775 0.414424 0.00402262
326.145 0.423994 0.00406491
326.515 0.44268 0.00416118
326.886 0.459226 0.00425966
327.256 0.469401 0.00431069
327.626 0.48147 0.00439276
327.995 0.490007 0.00444246
328.365 0.503074 0.0045076
328.735 0.513062 0.004575
329.105 0.520755 0.0046591
329.475 0.529597 0.00473539
329.845 0.544038 0.00486893
330.215 0.551565 0.00488411
330.584 0.561236 0.00487926
330.954 0.561778 0.00476625
331.324 0.562035 0.00463312
331.693 0.562849 0.00455691
332.063 0.567341 0.00452578
332.432 0.576853 0.00454004
332.802 0.583813 0.00460483
333.171 0.590302 0.00469112
333.541 0.598276 0.00481081
333.91 0.59548 0.00482393
334.28 0.598114 0.00486229
334.649 0.596373 0.00486928
335.018 0.600964 0.00490465
335.388 0.600777 0.00491971
335.757 0.595378 0.00489825
336.126 0.592107 0.00490233
336.495 0.585297 0.00485758
336.865 0.582467 0.00486589
337.234 0.580696 0.00488596
337.603 0.573296 0.00484483
337.972 0.57373 0.00485782
338.341 0.572878 0.00484627
338.71 0.570175 0.00483153
339.079 0.573204 0.00486192
339.448 0.57563 0.00486451
339.817 0.583785 0.00491095
340.186 0.588089 0.00493214
340.554 0.587816 0.00492454
340.923 0.597224 0.00497416
341.292 0.602275 0.00499987
341.661 0.607614 0.00502827
342.029 0.610784 0.00503265
342.398 0.609483 0.00503404
342.767 0.608905 0.005051
343.135 0.618703 0.00508766
343.504 0.62051 0.00511097
343.872 0.619276 0.00508689
344.241 0.624405 0.00511987
344.609 0.622757 0.00513343
344.978 0.623488 0.00513125
345.346 0.618964 0.00509338
345.715 0.620582 0.00511974
346.083 0.620295 0.00512997
346.451 0.618391 0.00511396
346.82 0.617444 0.00512716
347.188 0.614721 0.00510617
347.556 0.617788 0.00514531
347.924 0.616294 0.00513286
348.292 0.613858 0.00513435
348.66 0.60949 0.00511154
349.028 0.60656 0.00510565
349.396 0.608254 0.00513293
349.764 0.609897 0.00513338
350.132 0.601502 0.0050953
350.5 0.598433 0.00509059
350.868 0.596716 0.00509251
351.236 0.594431 0.0050787
351.604 0.592666 0.00509087
351.972 0.590837 0.00508877
352.34 0.583567 0.00506471
352.707 0.581298 0.00505708
353.075 0.577089 0.00504007
353.443 0.577392 0.00505289
353.81 0.571872 0.00504118
354.178 0.567416 0.00502432
354.545 0.56425 0.00499801
354.913 0.567465 0.00503354
355.28 0.558945 0.0049963
355.648 0.555665 0.00497108
356.015 0.551183 0.00495966
356.383 0.546783 0.00493418
356.75 0.539516 0.00491378
357.117 0.535521 0.00489827
357.485 0.534245 0.00489586
357.852 0.537224 0.0049434
358.219 0.526643 0.00487018
358.586 0.521602 0.00484601
358.954 0.518455 0.00485168
359.321 0.514841 0.00482305
359.688 0.512021 0.0048335
360.055 0.508822 0.00481152
360.422 0.503939 0.00479532
360.789 0.50184 0.00479357
361.156 0.495377 0.0047584
361.523 0.493793 0.00477002
361.89 0.488946 0.00474079
362.256 0.48194 0.00468788
362.623 0.482018 0.00473495
362.99 0.474522 0.0046755
363.357 0.476746 0.00470559
363.724 0.46857 0.00466707
364.09 0.463583 0.00463281
364.457 0.463918 0.00466909
364.823 0.457418 0.00460649
365.19 0.452034 0.0045861
365.557 0.447266 0.00455477
365.923 0.446186 0.00456435
366.29 0.440477 0.0045493
366.656 0.435184 0.00450329
367.022 0.429352 0.00446743
367.389 0.433363 0.00450834
367.755 0.430282 0.00451367
368.121 0.426143 0.0044901
368.488 0.425382 0.00448002
368.854 0.423334 0.00448618
369.22 0.428485 0.00453467
369.586 0.425935 0.00453655
369.952 0.427414 0.0045543
370.318 0.426126 0.00454959
370.684 0.424715 0.0045553
371.051 0.430126 0.00458549
371.416 0.431279 0.00462001
371.782 0.425169 0.00457345
372.148 0.428505 0.00460081
372.514 0.428682 0.00461164
372.88 0.430765 0.00463641
373.246 0.429406 0.00462484
373.612 0.430458 0.00462832
373.977 0.430961 0.00462058
374.343 0.432031 0.00461169
374.709 0.432073 0.00459695
375.074 0.431603 0.0046082
375.44 0.434322 0.0046425
375.806 0.434645 0.00466986
376.171 0.429721 0.00461986
376.537 0.431255 0.00462387
376.902 0.433739 0.00464532
377.268 0.438083 0.00464936
377.633 0.439585 0.00464878
377.998 0.439709 0.00463163
378.364 0.443015 0.00462891
378.729 0.442308 0.00463301
379.094 0.449037 0.00468854
379.459 0.44809 0.00474634
379.825 0.446119 0.0047149
380.19 0.447504 0.00472953
380.555 0.446714 0.00475856
380.92 0.456902 0.00487266
381.285 0.454935 0.00485296
381.65 0.455075 0.00481594
382.015 0.455718 0.00482644
382.38 0.462879 0.00488311
382.745 0.463436 0.004916
383.11 0.464593 0.00493544
383.474 0.46461 0.00492096
383.839 0.467217 0.00494365
384.204 0.472613 0.00498816
384.569 0.475757 0.00501085
384.933 0.479146 0.0050433
385.298 0.481437 0.00506322
385.663 0.485064 0.00506784
386.027 0.48751 0.0050701
386.392 0.487499 0.0050484
386.756 0.485868 0.00501461
387.121 0.493122 0.00505045
387.485 0.499879 0.00506931
387.849 0.503077 0.0050617
388.214 0.508435 0.00514504
388.578 0.511527 0.00518662
388.942 0.511398 0.00521237
389.307 0.513975 0.00522073
389.671 0.522476 0.00528311
390.035 0.52357 0.00526454
390.399 0.530712 0.00528789
390.763 0.533345 0.00526973
391.127 0.536722 0.00526733
391.492 0.539163 0.00520669
391.856 0.543952 0.00516948
392.219 0.549483 0.00515693
392.583 0.557583 0.00522439
392.947 0.564566 0.00537044
393.311 0.564576 0.00542005
393.675 0.574504 0.00548397
394.039 0.580927 0.00554868
394.403 0.582853 0.00556064
394.766 0.583435 0.00557854
395.13 0.588121 0.00561571
395.494 0.590703 0.00562578
395.857 0.597471 0.00563321
396.221 0.601771 0.00562785
396.584 0.6091 0.00561961
396.948 0.609991 0.005563
397.311 0.614731 0.00550233
397.675 0.620772 0.00549943
398.038 0.628241 0.0055351
398.401 0.628843 0.00561647
398.765 0.635555 0.00573369
399.128 0.644639 0.00585701
399.491 0.646779 0.00591136
399.854 0.644791 0.00591067
400.218 0.649262 0.00594838
400.581 0.657286 0.00600208
400.944 0.661405 0.00605033
401.307 0.664183 0.006136
401.67 0.670685 0.00614804
402.033 0.676936 0.00619463
402.396 0.679654 0.00621051
402.759 0.689854 0.00626456
403.122 0.684817 0.0062112
403.485 0.693379 0.0062483
403.847 0.69702 0.00621256
404.21 0.701716 0.00620124
404.573 0.711218 0.00623627
404.936 0.718684 0.00623804
405.298 0.718175 0.00630428
405.661 0.723637 0.00641692
406.023 0.734233 0.00655539
406.386 0.734661 0.00658051
406.749 0.735103 0.0066126
407.111 0.737822 0.00661631
407.473 0.738406 0.00651302
407.836 0.751631 0.00656151
408.198 0.752386 0.00652483
408.561 0.762215 0.00658621
408.923 0.764138 0.00660425
409.285 0.772562 0.00665281
409.647 0.775159 0.00672239
410.009 0.778773 0.00680176
410.372 0.78199 0.00680587
410.734 0.78492 0.00685289
411.096 0.781762 0.00682709
411.458 0.787173 0.00684903
411.82 0.795601 0.00684042
412.182 0.789662 0.00676312
412.544 0.800146 0.0068231
412.906 0.804872 0.00683111
413.267 0.807236 0.00686559
413.629 0.814487 0.00695064
413.991 0.812419 0.00697444
414.353 0.818875 0.00702138
414.714 0.816005 0.00708289
415.076 0.822874 0.00709498
415.438 0.827092 0.00710539
415.799 0.827919 0.00708057
416.161 0.832966 0.0071644
416.522 0.833205 0.00719491
416.884 0.829844 0.00718485
417.245 0.843236 0.00726932
417.607 0.839113 0.00723364
417.968 0.837239 0.00721742
418.329 0.843121 0.00723367
418.691 0.851396 0.00726667
419.052 0.84576 0.00723753
419.413 0.846314 0.00717476
419.774 0.853173 0.00718136
420.135 0.84962 0.00700685
420.497 0.849693 0.00689658
420.858 0.864083 0.00685879
421.219 0.867384 0.00689508
421.58 0.869007 0.00698953
421.941 0.879078 0.00715334
422.302 0.871251 0.00721695
422.662 0.878239 0.00727701
423.023 0.869677 0.0072734
423.384 0.87194 0.00730727
423.745 0.870133 0.00725565
424.106 0.879224 0.00728935
424.466 0.885277 0.00730018
424.827 0.886818 0.00740739
425.187 0.887631 0.00750456
425.548 0.889931 0.00758527
425.909 0.881095 0.00758743
426.269 0.892402 0.00758212
426.63 0.888747 0.00751527
426.99 0.896075 0.00748426
427.35 0.894346 0.00751041
427.711 0.890794 0.00744235
428.071 0.889884 0.00737628
428.431 0.886717 0.00722247
428.792 0.88598 0.00697238
429.152 0.8967 0.00682161
429.512 0.900116 0.00682179
429.872 0.902054 0.00687652
430.232 0.912427 0.00703808
430.592 0.914539 0.00724616
430.952 0.912768 0.00745289
431.312 0.920772 0.00767172
431.672 0.914924 0.00773539
432.032 0.903883 0.00766509
432.392 0.906227 0.00757122
432.752 0.900103 0.00717439
433.111 0.906433 0.00703881
433.471 0.924812 0.00722106
433.831 0.925004 0.00750465
434.19 0.91741 0.00747475
434.55 0.91779 0.00747494
434.91 0.922464 0.00758137
435.269 0.918229 0.00745977
435.629 0.923431 0.00746439
435.988 0.924495 0.00743671
436.348 0.928529 0.00756691
436.707 0.927333 0.0076771
437.066 0.924485 0.00766112
437.426 0.918211 0.00754445
437.785 0.926225 0.00755607
438.144 0.921302 0.00752658
438.503 0.938499 0.00769673
438.862 0.931516 0.00768226
439.222 0.934132 0.00775442
439.581 0.930748 0.00777358
439.94 0.923726 0.0076357
440.299 0.923101 0.00737582
440.658 0.920828 0.00717923
441.017 0.936763 0.00724342
441.376 0.945356 0.00736149
441.734 0.937293 0.00740532
442.093 0.925873 0.00735686
442.452 0.930949 0.00732403
442.811 0.937717 0.00731829
443.169 0.935021 0.00730502
443.528 0.944617 0.0074947
443.887 0.933604 0.00745565
444.245 0.941994 0.00752188
444.604 0.937198 0.00756516
444.962 0.938962 0.00760831
445.321 0.940945 0.00762344
445.679 0.9414 0.00758521
446.038 0.942181 0.00756065
446.396 0.94139 0.0076616
446.754 0.943907 0.0077768
447.112 0.94851 0.00783516
447.471 0.939494 0.00780678
447.829 0.941529 0.00785611
448.187 0.942455 0.007846
448.545 0.942381 0.00782168
448.903 0.942271 0.00784148
449.261 0.938801 0.00784979
449.619 0.947648 0.00796138
449.977 0.952061 0.00801877
450.335 0.95226 0.00810748
450.693 0.950127 0.00811845
451.051 0.951345 0.00810756
451.409 0.954343 0.00815216
451.766 0.954926 0.00816505
452.124 0.956659 0.00828711
452.482 0.949893 0.00833956
452.839 0.957251 0.00846528
453.197 0.948163 0.00843988
453.555 0.952531 0.00849427
453.912 0.948578 0.00845436
454.27 0.944655 0.00830378
454.627 0.949918 0.00822849
454.984 0.952311 0.0082583
455.342 0.963119 0.00843236
455.699 0.961137 0.00851768
456.056 0.949649 0.00841636
456.414 0.953309 0.00835718
456.771 0.949633 0.00818853
457.128 0.949456 0.00815644
457.485 0.959934 0.00817289
457.842 0.961134 0.0082286
458.199 0.969341 0.0082541
458.556 0.958194 0.00812733
458.913 0.957911 0.00812647
459.27 0.963189 0.00810267
459.627 0.958172 0.00819911
459.984 0.951865 0.0081125
460.341 0.959146 0.008133
460.697 0.969261 0.00827318
461.054 0.971412 0.00852633
461.411 0.967183 0.00868302
461.767 0.959782 0.00875173
462.124 0.958636 0.00872464
462.481 0.96082 0.0086301
462.837 0.956524 0.00847713
463.194 0.964323 0.00833346
463.55 0.95988 0.0083677
463.907 0.959504 0.00814644
464.263 0.963723 0.00805193
464.619 0.960401 0.00788587
464.976 0.965153 0.00779588
465.332 0.964551 0.00779152
465.688 0.981067 0.00809907
466.044 0.977398 0.00837415
466.4 0.979529 0.00851371
466.756 0.96986 0.00852716
467.112 0.969016 0.00852338
467.468 0.968068 0.00850662
467.824 0.973901 0.00861973
468.18 0.974821 0.00873644
468.536 0.969339 0.00871912
468.892 0.972339 0.00887191
469.248 0.966749 0.00888561
469.604 0.968446 0.0089469
469.959 0.971227 0.00895656
470.315 0.970055 0.00894634
470.671 0.972073 0.00894669
471.026 0.963694 0.00883287
471.382 0.967974 0.00876776
471.737 0.971704 0.00871397
472.093 0.961387 0.00853236
472.448 0.963474 0.00837765
472.804 0.975321 0.00835713
473.159 0.970162 0.00826657
473.514 0.979907 0.00835021
473.87 0.963715 0.00816294
474.225 0.957244 0.00790301
474.58 0.964656 0.00777712
474.935 0.985003 0.00792555
475.29 0.9833 0.00802547
475.645 0.975096 0.00800002
476 0.971036 0.00799363
476.355 0.977913 0.00809411
476.71 0.966336 0.00804133
477.065 0.960176 0.00778217
477.42 0.969768 0.0077178
477.775 0.9718 0.00773519
478.13 0.97666 0.00782426
478.485 0.974909 0.00776061
478.839 0.969395 0.00764605
479.194 0.969798 0.00745166
479.549 0.968796 0.00735647
479.903 0.981741 0.0074252
480.258 0.97417 0.00745472
480.612 0.969517 0.0073399
480.967 0.975318 0.00719162
481.321 0.984449 0.00724837
481.675 0.983225 0.00738341
482.03 0.979882 0.00750087
482.384 0.976528 0.00751947
482.738 0.972339 0.00743178
483.093 0.970726 0.00737139
483.447 0.968968 0.00720476
483.801 0.968398 0.00697775
484.155 0.972951 0.00690488
484.509 0.870142 0.00568606
484.863 0.892776 0.00392563
485.217 0.941185 0.00366329
485.571 1.00209 0.00387761
485.925 1.08962 0.00515069
486.279 1.03948 0.00583351
486.632 1.01305 0.00622864
486.986 1.00695 0.00671265
487.34 1.00135 0.00714586
487.694 0.990047 0.00730375
488.047 0.97958 0.00730612
488.401 0.981448 0.00732237
488.754 0.981261 0.00736815
489.108 0.985808 0.00750573
489.461 0.98542 0.00754059
489.815 0.981989 0.00760597
490.168 0.976386 0.00750058
490.522 0.978467 0.00747662
490.875 0.980476 0.00749554
491.228 0.981219 0.00754995
491.581 0.97846 0.0074876
491.935 0.986251 0.00754514
492.288 0.982231 0.00756078
492.641 0.984995 0.00751771
492.994 0.975999 0.0074777
493.347 0.982428 0.00739811
493.7 0.986011 0.00741725
494.053 0.983737 0.00743405
494.406 0.986304 0.00756413
494.759 0.990212 0.00773364
495.111 0.97126 0.0074201
495.464 0.96754 0.00708085
495.817 0.976593 0.00698539
496.169 0.993136 0.00724198
496.522 0.995118 0.00757645
496.875 0.983543 0.00778381
497.227 0.985331 0.00786787
497.58 0.980219 0.00783375
497.932 0.980907 0.0077445
498.285 0.97335 0.00764418
498.637 0.967438 0.00743114
498.989 0.977613 0.00738693
499.342 0.985838 0.00747295
499.694 0.987963 0.00764639
500.046 0.974026 0.00765746
500.398 0.968097 0.00744718
500.751 0.979154 0.00742128
501.103 0.976331 0.00738695
501.455 0.980577 0.00741435
501.807 0.987719 0.00745248
502.159 0.986562 0.00745214
502.511 0.980134 0.00740938
502.862 0.989084 0.00747519
503.214 0.983991 0.00755784
503.566 0.989082 0.00773095
503.918 0.981422 0.00778428
504.27 0.982463 0.00778016
504.621 0.994268 0.00784587
504.973 0.991818 0.00788041
505.324 0.985121 0.00780303
505.676 0.983607 0.00766118
506.027 0.992905 0.00771809
506.379 0.999226 0.00800064
506.73 0.989062 0.00808121
507.082 0.989975 0.00802757
507.433 0.980871 0.00784257
507.784 0.981668 0.00778017
508.136 0.992561 0.00795971
508.487 0.993525 0.0080453
508.838 0.986737 0.00809295
509.189 0.986632 0.00808363
509.54 0.986565 0.0079753
509.891 0.991782 0.00808887
510.242 0.993089 0.00810322
510.593 0.993513 0.00815652
510.944 0.985921 0.00817072
511.295 0.998109 0.00839227
511.646 0.997783 0.00848383
511.996 0.984858 0.00834187
512.347 0.980655 0.00826144
512.698 0.992327 0.00833792
513.049 0.98935 0.00837669
513.399 0.98659 0.0084038
513.75 0.985968 0.00837603
514.1 0.999273 0.00859235
514.451 1.00584 0.00879979
514.801 0.979083 0.00864383
515.152 0.978725 0.00856586
515.502 0.982512 0.0084494
515.852 0.995976 0.00846144
516.202 0.991479 0.00843099
516.553 0.99805 0.00858255
516.903 0.990723 0.0086814
517.253 0.994366 0.00882855
517.603 0.984559 0.00878331
517.953 0.982667 0.00873222
518.303 0.982539 0.00852671
518.653 0.994826 0.00850956
519.003 1.00023 0.00859818
519.353 1.00216 0.00891432
519.703 0.989216 0.00904437
520.052 0.987251 0.00908171
520.402 0.990494 0.00904651
520.752 0.988446 0.00893372
521.102 1.00019 0.00913229
521.451 0.993284 0.00916549
521.801 0.995796 0.00915083
522.15 0.976808 0.00891297
522.5 0.987019 0.0089449
522.849 0.984179 0.00890397
523.199 0.986926 0.00883216
523.548 0.977661 0.00870609
523.897 0.995768 0.00888794
524.246 0.995163 0.00903312
524.596 0.995698 0.00916343
524.945 0.982857 0.00905108
525.294 0.987349 0.00907069
525.643 0.986055 0.00904455
525.992 0.98812 0.00903855
526.341 0.99092 0.0089949
526.69 0.990063 0.00906178
527.039 0.999841 0.00919517
527.388 0.989953 0.0092136
527.737 0.977039 0.0088748
528.086 0.982586 0.00857251
528.434 0.991238 0.0084526
528.783 1.00846 0.00875867
529.132 0.997426 0.00887644
529.48 0.996462 0.0089863
529.829 0.989535 0.00900435
530.177 1.00396 0.00916281
530.526 0.99285 0.00913439
530.874 0.988713 0.00902843
531.223 0.984716 0.00899716
531.571 0.993323 0.00911421
531.919 0.979239 0.00896043
532.268 0.977447 0.00867885
532.616 0.985136 0.0084344
532.964 0.989935 0.0083295
533.312 0.991468 0.00834027
533.66 0.990036 0.00837185
534.008 0.991346 0.00835832
534.356 0.995918 0.00838311
534.704 1.00293 0.00848903
535.052 1.00216 0.00859988
535.4 1.00498 0.00879401
535.748 1.00146 0.0089876
536.095 0.998555 0.00920196
536.443 0.986469 0.0091575
536.791 0.979356 0.00893144
537.139 0.97912 0.00872475
537.486 0.985641 0.00855129
537.834 0.989299 0.00852175
538.181 0.990458 0.00847779
538.529 0.999296 0.0085635
538.876 0.988766 0.00849618
539.223 1.00393 0.00870583
539.571 1.00205 0.00888374
539.918 0.995842 0.0088248
540.265 0.990807 0.00862892
540.613 0.985857 0.0084593
540.96 0.998737 0.00861981
541.307 0.993099 0.00861112
541.654 0.985321 0.00857519
542.001 0.994556 0.0086421
542.348 0.997158 0.00865178
542.695 0.992527 0.00864258
543.042 0.99638 0.00852645
543.388 0.985311 0.00837173
543.735 0.997258 0.00841063
544.082 0.998199 0.00840179
544.429 0.999974 0.00844797
544.775 1.00488 0.00865516
545.122 1.00878 0.00892905
545.469 0.999921 0.00903511
545.815 0.989885 0.00893762
546.162 0.986282 0.00885035
546.508 0.992452 0.00869571
546.854 0.980611 0.00832331
547.201 0.976058 0.00799993
547.547 1.00142 0.00807975
547.893 1.01044 0.00829825
548.24 1.03489 0.00884785
548.586 1.00638 0.00908794
548.932 1.00704 0.00922619
549.278 0.993628 0.00917103
549.624 1.0008 0.00915489
549.97 1.00741 0.00927106
550.316 0.99815 0.00941258
550.662 0.995431 0.00949647
551.008 0.966898 0.00887515
551.353 0.975423 0.00843792
551.699 1.00301 0.00836714
552.045 1.02065 0.0086677
552.391 0.998168 0.00874934
552.736 0.998343 0.00879006
553.082 0.992694 0.00877803
553.427 1.01657 0.00903997
553.773 1.00627 0.00929185
554.118 0.987268 0.00920426
554.464 0.984327 0.00895472
554.809 0.970527 0.00853858
555.154 0.9974 0.0085394
555.5 1.00031 0.00857123
555.845 1.00635 0.00893137
556.19 1.00937 0.00918743
556.535 0.998378 0.00934245
556.88 0.993491 0.00916927
557.225 1.00119 0.00917064
557.57 1.00671 0.00937532
557.915 1.00863 0.00963866
558.26 1.00908 0.00975966
558.605 0.998622 0.0096745
558.95 0.985684 0.00939968
559.295 0.972697 0.00883959
559.639 0.978035 0.00853019
559.984 0.979619 0.00821082
560.329 0.99319 0.00823696
560.673 1.00078 0.0082971
561.018 1.00676 0.00856605
561.362 1.00701 0.00879547
561.707 1.0064 0.00901324
562.051 0.988993 0.00882604
562.395 0.980672 0.00867274
562.74 0.997182 0.00857191
563.084 0.990574 0.00843789
563.428 0.99565 0.00828283
563.772 0.998619 0.00833362
564.117 0.995914 0.00826146
564.461 1.00015 0.00825281
564.805 0.992295 0.00829195
565.149 0.995772 0.00826817
565.493 1.004 0.00831496
565.836 0.99635 0.00812411
566.18 0.986482 0.00796564
566.524 0.974461 0.00738267
566.868 0.990507 0.00724363
567.212 1.00023 0.00715521
567.555 0.985746 0.00701344
567.899 0.981205 0.00667305
568.242 0.982775 0.00640568
568.586 0.97204 0.00596156
568.929 0.972623 0.00558189
569.273 0.981081 0.0053003
569.616 1.00689 0.00537714
569.96 0.992684 0.00523123
570.303 0.994181 0.00507249
570.646 0.99793 0.00501893
570.989 0.992261 0.00484966
571.333 1.00819 0.00494929
571.676 1.02668 0.00518115
572.019 1.02365 0.00559421
572.362 0.97245 0.00514475
572.705 0.968596 0.00476566
573.048 0.988754 0.00458312
573.391 0.987283 0.00443028
573.733 0.994628 0.00438495
574.076 0.998273 0.00434442
574.419 1.01699 0.0045186
574.762 1.02129 0.00476942
575.104 1.03707 0.00514471
575.447 0.986476 0.00494991
575.789 0.97414 0.00462354
576.132 0.99068 0.00440487
576.474 0.984128 0.00434115
576.817 0.963791 0.00397413
577.159 0.966938 0.00376365
577.501 1.0017 0.00386094
577.844 1.02954 0.00418926
578.186 1.04462 0.00473326
578.528 1.00775 0.00483886
578.87 1.00422 0.00485146
579.212 0.983045 0.00463994
579.554 0.99612 0.00452146
579.896 1.00038 0.00455871
580.238 0.965484 0.00422033
580.58 0.950415 0.003679
580.922 0.904871 0.00345001
581.264 0.904827 0.00344984
581.606 0.986258 0.00376031
581.947 1.02153 0.0040622
582.289 1.04897 0.00457326
582.631 1.04444 0.00506174
582.972 1.02451 0.0053494
583.314 1.00108 0.00522958
583.655 0.984 0.00501212
583.997 0.966499 0.00453425
584.338 0.972801 0.00423107
584.679 0.982351 0.0040794
585.021 1.01858 0.00426813
585.362 1.03197 0.00461615
585.703 1.03565 0.00497389
586.044 0.991475 0.00488479
586.385 0.980267 0.00459609
586.726 0.984828 0.00439989
587.067 1.0279 0.0046715
587.408 1.02645 0.00493585
587.749 1.02919 0.00517677
588.09 1.02117 0.00537152
588.431 1.03472 0.00572912
588.772 1.01592 0.00590404
589.113 0.995816 0.00574442
589.453 1.00145 0.0057294
589.794 1.02459 0.00599367
590.134 1.02822 0.00632465
590.475 1.00759 0.00640641
590.815 0.996046 0.00631066
591.156 1.00822 0.00635815
591.496 0.971069 0.00604968
591.837 0.952237 0.00515372
592.177 0.964694 0.00471218
592.517 1.00145 0.00459659
592.857 1.03076 0.00491682
593.198 1.03928 0.0052529
593.538 1.04443 0.00580905
593.878 1.0152 0.00591022
594.218 0.986008 0.00563672
594.558 1.0028 0.00547323
594.898 1.0202 0.00567599
595.237 1.04285 0.00609443
595.577 1.03545 0.00646505
595.917 1.01963 0.00673589
596.257 0.986372 0.00634753
596.596 0.982707 0.00617649
596.936 1.01291 0.00616661
597.276 1.01502 0.00641435
597.615 0.983974 0.00620354
597.955 0.953573 0.00537105
598.294 0.989563 0.00513338
598.633 1.01828 0.0052246
598.973 1.02268 0.00543323
599.312 0.999143 0.00535396
599.651 1.01575 0.00544105
599.991 1.01588 0.00556027
600.33 1.02063 0.00565936
600.669 1.01682 0.00581068
601.008 1.02898 0.00604739
601.347 1.01644 0.00621526
601.686 0.997001 0.00597575
602.025 1.00431 0.00603763
602.364 0.98744 0.00568844
602.702 0.998865 0.00563917
603.041 1.01382 0.00571887
603.38 1.02981 0.00603947
603.719 1.03061 0.00631705
604.057 1.01334 0.00643994
604.396 1.00353 0.00639859
604.734 0.973286 0.00601836
605.073 0.991937 0.00562094
605.411 1.01073 0.005729
605.75 1.03372 0.00600532
606.088 1.01993 0.00627738
606.426 0.997675 0.00605632
606.764 1.00219 0.00598657
607.103 1.03322 0.00627119
607.441 1.01663 0.00643534
607.779 1.0152 0.00658668
608.117 1.01002 0.00652493
608.455 1.03017 0.00686919
608.793 0.999404 0.00683109
609.131 0.973838 0.00629096
609.469 0.994009 0.00620241
609.806 1.02399 0.00637991
610.144 1.03353 0.00691289
610.482 1.0059 0.00689073
610.819 1.0193 0.00692128
611.157 1.00939 0.00692379
611.495 1.02587 0.00722474
611.832 1.00429 0.00716968
612.17 0.999087 0.00709908
612.507 1.0059 0.00704369
612.844 1.00844 0.00712667
613.182 1.00997 0.00714856
613.519 1.00281 0.00707929
613.856 1.00894 0.00708242
614.193 0.987913 0.00691984
614.53 1.0018 0.00682312
614.867 1.01359 0.00685573
615.205 1.02844 0.00725156
615.541 1.02537 0.00750238
615.878 1.01036 0.00776346
616.215 1.00536 0.00766518
616.552 1.00595 0.00774577
616.889 0.991947 0.00751509
617.226 1.00932 0.00750288
617.562 1.02359 0.00779591
617.899 1.02869 0.00828729
618.235 1.02988 0.00871931
618.572 1.00674 0.00894017
618.908 0.98703 0.00854506
619.245 0.988363 0.00820185
619.581 1.00244 0.00811523
619.918 1.05572 0.00901999
620.254 1.05462 0.0101699
620.59 1.00089 0.0100567
620.926 0.977011 0.00926428
621.262 0.980215 0.00876406
621.599 1.01248 0.00894762
621.935 0.991531 0.00874312
622.271 0.992099 0.00841771
622.606 0.992969 0.00823944
622.942 1.0258 0.00858214
623.278 1.01313 0.0087776
623.614 0.982825 0.008239
623.95 1.00482 0.00829731
624.285 1.00999 0.00847371
624.621 1.02979 0.00902121
624.957 1.00911 0.00920795
625.292 1.02511 0.00956129
625.628 1.01395 0.00979679
625.963 0.994263 0.00976562
626.299 0.999906 0.00959167
626.634 0.994885 0.00941745
626.969 1.01815 0.00970313
627.304 1.03704 0.0106149
627.64 1.02215 0.0113036
627.975 0.988694 0.0108947
628.31 0.967227 0.0101857
628.645 1.00733 0.010157
628.98 1.01026 0.0103952
629.315 1.01732 0.0106315
629.65 1.00908 0.0106728
629.985 1.00856 0.01064
630.319 1.01772 0.0111557
630.654 0.998834 0.0111776
630.989 1.005 0.0111571
631.323 0.996984 0.011305
631.658 1.02741 0.0119439
631.993 1.02108 0.0124226
632.327 0.997807 0.0123271
632.662 0.989248 0.0122076
632.996 0.990603 0.011945
633.33 0.99659 0.0118037
633.665 1.01723 0.012343
633.999 1.00413 0.0126358
634.333 0.994197 0.0125706
634.667 0.999101 0.0126451
635.001 0.989817 0.0122796
635.335 0.977887 0.0117409
635.669 0.985067 0.0113466
636.003 1.0109 0.0116545
636.337 1.01973 0.0122904
636.671 1.03149 0.0130068
637.005 1.01199 0.0132331
637.339 0.999649 0.013094
637.672 0.985318 0.0125252
638.006 0.997599 0.0122794
638.339 1.00422 0.0124997
638.673 1.01562 0.0129707
639.006 1.0159 0.01338
639.34 1.00004 0.0132678
639.673 1.00108 0.0134641
640.007 0.994567 0.0133865
640.34 1.00715 0.0137059
640.673 0.998905 0.0137537
641.006 1.01317 0.0140551
641.34 1.00087 0.0141217
641.673 0.997923 0.0144376
642.006 0.992808 0.0146487
642.339 0.997867 0.0144262
642.672 1.00245 0.0143704
643.004 0.98735 0.0143432
643.337 1.01987 0.0150471
643.67 0.993745 0.0148491
644.003 0.99815 0.0147361
644.336 1.00071 0.0146932
644.668 0.982438 0.0145323
645.001 1.00262 0.0149346
645.333 1.01936 0.0154291
645.666 1.01941 0.0157479
645.998 0.997223 0.0159311
646.331 1.01104 0.0162849
646.663 0.997173 0.0160064
646.995 0.964712 0.0147837
647.327 0.957182 0.0135233
647.66 0.978074 0.012922
647.992 0.985463 0.0127726
648.324 1.00331 0.0128401
648.656 1.01038 0.0130644
648.988 1.02355 0.0136728
649.32 1.04368 0.0147687
649.652 1.02278 0.015306
649.983 1.00589 0.0155059
650.315 0.999242 0.0155542
650.647 0.977986 0.0150349
650.979 0.980473 0.0143673
651.31 0.984265 0.0138414
651.642 0.987203 0.0135508
651.973 0.994514 0.0135918
652.305 0.995288 0.0135455
652.636 1.00957 0.0138313
652.967 1.01473 0.01418
653.299 1.00822 0.014464
653.63 0.986433 0.0141451
653.961 0.952173 0.01291
654.292 0.841624 0.00931613
654.623 0.695604 0.00306983
654.955 0.89806 0.00342404
655.286 0.898005 0.00342383
655.616 0.897949 0.00342362
655.947 0.897893 0.0034234
656.278 0.897835 0.00342318
656.609 0.983242 0.00374881
656.94 1.13379 0.00532687
657.27 1.11263 0.00618658
657.601 1.11247 0.007135
657.932 1.12697 0.00858959
658.262 1.12482 0.0104535
658.593 1.09752 0.0123864
658.923 1.05702 0.0142134
659.254 1.03183 0.0155122
659.584 1.0178 0.0163576
659.914 1.00545 0.0170251
660.244 1.00256 0.0174251
660.575 0.977591 0.0170809
660.905 0.988434 0.0172009
661.235 0.985125 0.0169318
661.565 0.981494 0.0167789
661.895 0.988035 0.0167387
662.225 0.98875 0.0170085
662.555 0.995857 0.0173065
662.884 0.974691 0.0169303
663.214 0.986094 0.0167941
663.544 0.983325 0.016596
663.873 0.985576 0.0163688
664.203 0.980153 0.016146
664.533 0.978459 0.015695
664.862 0.996328 0.0157275
665.192 0.993523 0.0161572
665.521 0.999506 0.0170855
665.85 0.9936 0.017541
666.18 0.988639 0.0182179
666.509 0.964901 0.017891
666.838 0.974387 0.0175536
667.167 0.984116 0.0174145
667.496 1.01257 0.0179688
667.825 0.996055 0.0179114
668.154 0.990459 0.0178313
668.483 0.988845 0.0176957
668.812 0.980469 0.0172922
669.141 0.991899 0.0172192
669.47 0.998526 0.017064
669.798 1.01338 0.0173663
670.127 0.976106 0.01706
670.456 0.957166 0.0159383
670.784 0.952257 0.0142596
671.113 0.947936 0.0130598
671.441 0.980407 0.0126913
671.77 1.01486 0.0131267
672.098 1.0153 0.0136462
672.426 1.04921 0.0154227
672.755 1.02291 0.0161915
673.083 1.00018 0.0162369
673.411 0.982711 0.0160624
673.739 0.990511 0.0163619
674.067 1.00979 0.017393
674.395 0.991401 0.0172319
674.723 0.972565 0.016623
675.051 0.994879 0.0165694
675.379 0.975674 0.0163951
675.706 1.00186 0.0167964
676.034 1.00117 0.0171695
676.362 0.979503 0.0170646
676.689 0.961269 0.0158795
677.017 0.974957 0.0149421
677.344 0.983003 0.0144127
677.672 1.01946 0.0149292
677.999 0.995894 0.0149352
678.327 0.990656 0.014599
678.654 0.990626 0.0139634
678.981 0.98919 0.0135335
679.308 1.01682 0.0138307
679.636 1.03163 0.0145822
679.963 1.03759 0.0153562
680.29 0.978229 0.014951
680.617 0.975164 0.0146497
680.944 0.98643 0.0145155
681.271 1.02608 0.0152309
681.597 1.02677 0.0162665
681.924 1.03729 0.0174131
682.251 0.993955 0.0169784
682.578 0.975749 0.0159382
682.904 0.965787 0.0147959
683.231 0.990255 0.0143862
683.557 0.990243 0.014064
683.884 0.979351 0.0135874
684.21 0.995661 0.0133793
684.536 0.993568 0.0129284
684.863 0.999223 0.0127704
685.189 1.00775 0.0130411
685.515 1.03174 0.0139097
685.841 1.00855 0.0142028
686.167 0.994233 0.0141157
686.493 1.00555 0.0140261
686.819 1.01757 0.0141898
687.145 1.015 0.0147906
687.471 1.03386 0.0160526
687.797 0.995011 0.0162764
688.123 0.984084 0.0160883
688.448 0.988885 0.0155985
688.774 0.990392 0.0151412
689.1 1.0037 0.0155007
689.425 1.01586 0.0162485
689.751 1.00724 0.0164412
690.076 0.967141 0.0152135
690.402 0.968872 0.0142265
690.727 0.991683 0.0139487
691.052 1.02278 0.0145371
691.377 0.999307 0.0148006
691.703 1.01074 0.0152619
692.028 1.0008 0.0151953
692.353 0.986541 0.0147677
692.678 1.006 0.0150273
693.003 1.03998 0.0158598
693.328 1.04174 0.0170451
693.652 1.00223 0.0174735
693.977 0.969104 0.0167718
694.302 0.964828 0.0157792
694.627 1.00035 0.0158425
694.951 1.00722 0.0164684
695.276 1.05075 0.0184394
695.6 0.993723 0.0182336
695.925 0.93548 0.0155269
696.249 0.946416 0.0137708
696.574 0.97625 0.013255
696.898 1.03775 0.0142882
697.222 1.02874 0.0150369
697.546 1.00909 0.0154917
697.871 0.997512 0.0157271
698.195 0.99077 0.0157887
698.519 0.996885 0.0162381
698.843 1.01542 0.0168574
699.167 1.01678 0.0175027
699.491 0.98696 0.0179008
699.814 0.992398 0.0180952
700.138 0.990271 0.018131
700.462 1.00248 0.0185441
700.786 0.972546 0.0180225
701.109 0.961556 0.0174787
701.433 0.97312 0.0169745
701.756 0.974692 0.0163818
702.08 1.00088 0.0166018
702.403 1.00912 0.0170095
702.726 1.00981 0.0177375
703.05 1.00564 0.0181328
703.373 1.00197 0.0183108
703.696 0.976336 0.0180902
704.019 1.01488 0.0190873
704.342 1.00596 0.0196964
704.665 1.0111 0.0205619
704.988 0.984111 0.020153
705.311 0.941866 0.0185042
705.634 0.932862 0.0165344
705.957 0.956528 0.0151639
706.28 0.963224 0.0140967
706.602 1.00744 0.0142671
706.925 1.01242 0.014603
707.247 1.01494 0.0152038
707.57 0.995049 0.0156478
707.892 1.00553 0.0162667
708.215 1.01601 0.0171503
708.537 0.988723 0.0173349
708.859 0.978449 0.0173432
709.182 0.985475 0.0172252
709.504 0.984019 0.0167594
709.826 1.00218 0.016701
710.148 0.995219 0.0167101
710.47 1.00088 0.0172338
710.792 1.01594 0.0180046
711.114 1.01607 0.0186094
711.436 0.989083 0.0187691
711.758 0.990974 0.018483
712.079 0.973732 0.0181121
712.401 0.969253 0.0171787
712.723 0.976499 0.0166169
713.044 0.95863 0.0155114
713.366 0.994439 0.0156225
713.687 1.00269 0.0158146
714.009 0.99959 0.0162186
714.33 1.00198 0.0166021
714.652 1.0083 0.0171277
714.973 1.01313 0.0177635
715.294 1.01426 0.0186875
715.615 1.03472 0.020082
715.936 0.992228 0.0199538
716.257 1.00203 0.0202451
716.578 0.992745 0.0202864
716.899 0.988838 0.0197952
717.22 0.980692 0.0184417
717.541 0.984839 0.0179853
717.862 1.00006 0.0180629
718.182 0.990696 0.0179427
718.503 0.978433 0.0174437
718.824 1.0016 0.0179004
719.144 1.00102 0.0181813
719.465 0.97613 0.0183639
719.785 0.960583 0.0178413
720.105 0.972007 0.0177113
720.426 0.978763 0.0175523
720.746 1.00244 0.0180646
721.066 0.983933 0.0179294
721.386 0.990746 0.0181756
721.706 0.9845 0.0186452
722.026 1.00374 0.0193261
722.346 1.0054 0.0195029
722.666 0.998245 0.0191792
722.986 0.989541 0.0186217
723.306 0.998013 0.0188473
723.626 0.99284 0.0191711
723.946 0.990298 0.0191082
724.265 0.972446 0.0179229
724.585 0.971671 0.0169711
724.904 0.990792 0.01701
725.224 0.999135 0.017127
725.543 1.00216 0.0171493
725.863 0.994013 0.0172432
726.182 1.02959 0.0182615
726.501 0.987907 0.0181698
726.82 0.99064 0.0183147
727.14 0.982744 0.0175351
727.459 0.98552 0.0170302
727.778 0.985841 0.0169318
728.097 0.993159 0.0172269
728.416 0.975865 0.0168833
728.734 0.980301 0.0163837
729.053 0.996393 0.0163556
729.372 0.985301 0.0162308
729.691 0.967348 0.015677
730.009 0.979474 0.0150165
730.328 0.98988 0.0146519
730.647 1.00174 0.0147562
730.965 1.02479 0.015448
731.283 1.03511 0.0161088
731.602 0.991985 0.0159533
731.92 0.978394 0.0155621
732.238 0.982651 0.0152203
732.557 0.981557 0.0150724
732.875 0.974279 0.0146524
733.193 0.960259 0.0136792
733.511 1.00636 0.0136837
733.829 1.02342 0.014213
734.147 1.03482 0.015232
734.465 1.02137 0.015821
734.782 1.00588 0.0156864
735.1 0.99592 0.0151712
735.418 0.993104 0.0151374
735.735 1.00386 0.0152649
736.053 1.00139 0.0150771
736.371 1.00412 0.0152537
736.688 1.00548 0.0158203
737.005 1.02797 0.0169707
737.323 0.999318 0.0173724
737.64 0.987372 0.0172879
737.957 0.958182 0.0161466
738.274 0.960681 0.0148391
738.592 1.00211 0.0147868
738.909 1.00622 0.0151903
739.226 1.03286 0.0167626
739.543 1.01427 0.0179052
739.86 1.02484 0.0190446
740.176 1.01831 0.0194769
740.493 0.996828 0.0198522
740.81 0.980161 0.0197476
741.127 0.964191 0.0193791
741.443 0.950403 0.0182304
741.76 0.976956 0.0178708
742.076 0.986201 0.018114
742.393 1.02898 0.0194953
742.709 1.00928 0.0203765
743.025 0.993608 0.0205902
743.342 0.98401 0.0203023
743.658 0.981812 0.0198893
743.974 0.975059 0.0192726
744.29 0.966153 0.0191648
744.606 0.98166 0.0195245
744.922 0.976896 0.0195119
745.238 0.974833 0.0195505
745.554 0.974267 0.0200177
745.87 0.987697 0.0203675
746.186 0.945668 0.0191084
746.501 0.962249 0.0185661
746.817 0.96798 0.0189178
747.132 1.01436 0.020787
747.448 0.989109 0.0213331
747.763 0.957678 0.0206779
748.079 0.932703 0.0195573
748.394 0.954163 0.0184403
748.71 0.952089 0.0171489
749.025 0.966971 0.0162714
749.34 0.984111 0.0162016
749.655 1.01135 0.0167836
749.97 1.01115 0.0173861
750.285 1.00057 0.0173484
750.6 0.985865 0.0168523
750.915 0.97586 0.0163499
751.23 1.01902 0.0170365
751.545 1.02498 0.0177885
751.859 1.00994 0.0183226
752.174 0.987917 0.0183333
752.489 0.981289 0.0173518
752.803 0.951199 0.0160582
753.118 0.989841 0.0162582
753.432 1.00953 0.0169699
753.747 1.01501 0.0176467
754.061 0.970456 0.0166703
754.375 0.959208 0.0158797
754.689 0.976706 0.0155251
755.004 0.99949 0.0156799
755.318 0.989312 0.0152598
755.632 0.962224 0.0143154
755.946 0.983815 0.0142135
756.26 0.958337 0.0134011
756.573 0.979799 0.0129647
756.887 0.980346 0.0125735
757.201 1.01202 0.0130461
757.515 1.02736 0.0143987
757.828 1.03268 0.0154822
758.142 0.992825 0.0151303
758.455 0.963625 0.0138433
758.769 0.975997 0.0131937
759.082 0.977593 0.0128453
759.396 0.989164 0.0127269
759.709 0.991764 0.0126447
760.022 1.008 0.0128604
760.335 1.02782 0.0136687
760.648 1.04036 0.0147805
760.962 1.04099 0.0158697
761.275 1.01034 0.0164089
761.587 1.00254 0.0165582
761.9 1.01241 0.0166816
762.213 0.973095 0.0158204
762.526 0.985728 0.0153483
762.839 0.988122 0.0153055
763.151 0.971004 0.0147341
763.464 0.959092 0.0138501
763.776 0.960792 0.0128764
764.089 0.988191 0.0127829
764.401 1.0034 0.0133386
764.714 1.02481 0.0142729
765.026 1.0258 0.0152417
765.338 1.02461 0.0162195
765.65 1.03303 0.0175291
765.962 1.00619 0.018104
766.275 0.980563 0.0185114
766.587 0.963529 0.0184105
766.898 0.948802 0.0176829
767.21 0.962113 0.016754
767.522 0.954923 0.0154867
767.834 0.971587 0.0150489
768.146 0.97269 0.0151662
768.457 1.02296 0.0165036
768.769 1.00953 0.0172679
769.08 0.969248 0.0169963
769.392 0.977522 0.0164515
769.703 0.960902 0.015467
770.015 0.96734 0.0149266
770.326 0.989034 0.0151224
770.637 1.00365 0.0157846
770.948 1.00987 0.0169895
771.26 1.00002 0.0179684
771.571 0.992301 0.0180951
771.882 0.975146 0.0175021
772.193 1.00572 0.0179545
772.504 1.00795 0.0184241
772.814 0.984383 0.0185708
773.125 0.999646 0.0191015
773.436 0.97582 0.0194147
773.747 0.986342 0.0199584
774.057 0.978315 0.0203023
774.368 0.993691 0.020783
774.678 0.982257 0.0212018
774.989 0.947406 0.021149
775.299 0.993178 0.0223826
775.609 0.951814 0.0216672
775.919 0.955153 0.0215272
776.23 0.977063 0.021799
776.54 0.960055 0.0214255
776.85 0.961756 0.0216699
777.16 0.9531 0.0209313
777.47 0.938317 0.0196893
777.78 0.952623 0.0189646
778.089 0.942228 0.0179128
778.399 0.956589 0.0179345
778.709 0.990798 0.0190944
779.019 1.00266 0.0204702
779.328 1.00184 0.0215688
779.638 0.945291 0.0206742
779.947 0.927016 0.0186632
780.257 0.925794 0.017014
780.566 0.953566 0.016621
780.875 0.972538 0.0171692
781.185 1.00708 0.0185795
781.494 0.984363 0.0186721
781.803 0.984422 0.0191717
782.112 0.977825 0.0193869
782.421 0.976774 0.0191219
782.73 0.966387 0.0185191
783.039 0.988765 0.01897
783.348 1.00453 0.0206468
783.656 0.980401 0.0215179
783.965 0.947022 0.0214656
784.274 0.952364 0.0207083
784.582 0.97414 0.0202932
784.891 0.954936 0.0199737
785.199 0.970382 0.0204396
785.508 0.973918 0.0210408
785.816 0.987815 0.0215756
786.124 0.974324 0.0209548
786.432 0.955586 0.0197332
786.741 0.967348 0.0190955
787.049 0.963963 0.0189494
787.357 0.980348 0.0194022
787.665 0.974542 0.0192282
787.973 0.995328 0.0196089
788.281 0.969958 0.0197604
788.588 0.963348 0.0207414
788.896 0.995263 0.0223933
789.204 0.993509 0.0232826
789.511 0.97979 0.0231839
789.819 0.989985 0.0237289
790.126 0.967317 0.0234655
790.434 0.981161 0.0236274
790.741 0.989312 0.0236654
791.049 0.968008 0.0233846
791.356 0.958897 0.0240296
791.663 0.946873 0.0243093
791.97 0.97847 0.0247758
792.277 0.926737 0.0236641
792.584 0.930314 0.0224594
792.891 0.897023 0.0195062
793.198 0.943095 0.0185659
793.505 0.963466 0.0183982
793.812 0.968902 0.0189718
794.119 0.980185 0.0195207
794.425 0.974358 0.0200407
794.732 0.967355 0.0208787
795.038 1.00627 0.023526
795.345 0.998971 0.025207
795.651 0.973592 0.0262189
795.958 0.94735 0.0259157
796.264 0.892051 0.0234671
796.57 0.939809 0.0232059
796.876 0.955021 0.023192
797.183 0.953637 0.0236037
797.489 0.959558 0.0246487
797.795 0.965989 0.0249524
798.101 0.952813 0.024672
798.406 0.936218 0.0245861
798.712 0.949407 0.02549
799.018 0.956552 0.0259855
799.324 0.936707 0.025782
799.629 0.951201 0.0260979
799.935 0.94906 0.0262619
800.24 0.966879 0.0270115
800.546 0.959271 0.0269142
800.851 0.931477 0.0267628
801.157 0.950949 0.0281995
801.462 0.919368 0.0279962
801.767 0.969783 0.0288904
802.072 0.928636 0.0271741
802.377 0.942431 0.026343
802.682 0.940511 0.0258922
802.987 0.981226 0.0271812
803.292 0.94556 0.0273648
803.597 0.936145 0.02746
803.902 0.935719 0.0273847
804.207 0.94406 0.0273343
804.511 0.938842 0.0268409
804.816 0.895561 0.0246312
805.12 0.914028 0.0232506
805.425 0.916062 0.0219237
805.729 0.971912 0.022759
806.034 0.972775 0.0236504
806.338 0.979496 0.0250845
806.642 0.97841 0.025709
806.946 0.941107 0.0249591
807.251 0.999821 0.0259624
807.555 0.96716 0.0251285
807.859 0.953606 0.0247623
808.162 0.997186 0.0260567
808.466 0.97934 0.0267014
808.77 0.969089 0.027265
809.074 0.972912 0.028253
809.378 0.954324 0.0280305
809.681 0.938447 0.0275775
809.985 0.944106 0.028108
810.288 0.991267 0.0291227
810.592 0.95774 0.0284113
810.895 0.94389 0.028875
811.198 0.963583 0.0304648
811.502 0.94264 0.0305701
811.805 0.94497 0.0314487
812.108 0.898255 0.0292655
812.411 0.938915 0.0290342
812.714 0.941587 0.027091
813.017 0.952592 0.0257874
813.32 0.954449 0.0257742
813.623 0.950064 0.0265272
813.926 0.991017 0.0290555
814.228 1.00864 0.0308803
814.531 0.948129 0.0308996
814.833 0.913203 0.030092
815.136 0.904517 0.0301306
815.438 0.965809 0.03149
815.741 0.921942 0.0294909
816.043 0.922223 0.0291366
816.345 0.946171 0.029314
816.648 0.939819 0.0294535
816.95 0.916614 0.0295341
817.252 0.961342 0.0309255
817.554 0.904329 0.0300586
817.856 0.907496 0.0307543
818.158 0.867348 0.0303274
818.46 0.944316 0.0324469
818.761 0.910264 0.0317404
819.063 0.913325 0.0312418
819.365 0.901347 0.0301195
819.666 0.919206 0.0288954
819.968 0.948963 0.0283908
820.269 0.965714 0.0283308
820.571 0.938984 0.0286684
820.872 0.942064 0.0298013
821.173 0.970438 0.0314483
821.475 0.975887 0.0327499
821.776 0.928053 0.0317718
822.077 0.912109 0.0313142
822.378 0.901188 0.0313435
822.679 0.952234 0.0327462
822.98 0.924648 0.0319687
823.281 0.966959 0.0337522
823.581 0.91559 0.0325121
823.882 0.966268 0.0338272
824.183 0.925457 0.0327692
824.483 0.912327 0.031379
824.784 0.882045 0.0295865
825.084 0.963835 0.0314823
825.385 0.940154 0.0315008
825.685 0.961455 0.0325407
825.985 0.913916 0.0314547
826.286 0.909795 0.0309527
826.586 0.875596 0.0297698
826.886 0.925858 0.0306692
827.186 0.937897 0.0313211
827.486 0.951827 0.0326127
827.786 0.924471 0.0326304
828.086 0.946456 0.0326842
828.386 0.921883 0.0318357
828.685 0.936877 0.0319159
828.985 0.973205 0.0335009
829.285 0.921962 0.0328321
829.584 0.922997 0.0333813
829.884 0.893316 0.0333408
830.183 0.991603 0.0369582
830.482 0.91937 0.0351983
830.782 0.879892 0.0345806
831.081 0.907563 0.0364495
831.38 0.846326 0.0340602
831.679 0.896562 0.0351361
831.978 0.918983 0.0356294
832.277 0.921097 0.0345208
832.576 0.900147 0.033484
832.875 0.893079 0.033332
833.174 0.874609 0.0327785
833.472 0.913283 0.0337488
833.771 0.937576 0.0346599
834.07 0.864188 0.032485
834.368 0.913582 0.0337273
834.667 0.919063 0.0347217
834.965 0.928137 0.0354165
835.263 0.916073 0.035233
835.562 0.916902 0.0352649
835.86 0.873681 0.0341061
836.158 0.867075 0.0343634
836.456 0.855659 0.0350356
836.754 0.858555 0.0349967
837.052 0.888995 0.0367426
837.35 0.854021 0.0353143
837.648 0.89297 0.0365894
837.946 0.846035 0.0359184
838.243 0.907901 0.037219
838.541 0.866973 0.035415
838.839 0.882676 0.0357866
839.136 0.88756 0.03581
839.434 0.906304 0.0359661
839.731 0.944671 0.0377079
840.028 0.907571 0.0361132
840.326 0.903408 0.0364832
840.623 0.931748 0.0370173
840.92 0.874187 0.0362008
841.217 0.926207 0.0383084
841.514 0.952931 0.0390742
841.811 0.868989 0.0360819
842.108 0.906875 0.0379436
842.405 0.913617 0.0383686
842.701 0.905926 0.0383829
842.998 0.870055 0.0364573
843.295 0.887266 0.037621
843.591 0.897958 0.0379297
843.888 0.876436 0.0370392
844.184 0.874491 0.0372124
844.481 0.852997 0.0361494
844.777 0.842947 0.0361118
845.073 0.913118 0.0378682
845.369 0.932446 0.0386508
845.665 0.915503 0.0388578
845.962 0.853869 0.0367907
846.258 0.891924 0.0383298
846.553 0.880934 0.0381482
846.849 0.894319 0.0385032
847.145 0.849457 0.0363055
847.441 0.888168 0.0373463
847.737 0.878757 0.03684
848.032 0.844432 0.0368032
848.328 0.877014 0.037679
848.623 0.861926 0.0378522
848.919 0.8235 0.0361745
849.214 0.843131 0.0361855
849.509 0.821746 0.0362566
849.805 0.880551 0.0382845
850.1 0.894704 0.0394537
850.395 0.890739 0.0392358
850.69 0.906175 0.0398497
850.985 0.825885 0.0366933
851.28 0.854806 0.0371753
851.575 0.906819 0.0387572
851.869 0.919276 0.0388892
852.164 0.924214 0.0384127
852.459 0.908015 0.0370301
852.753 0.914524 0.0366455
853.048 0.888602 0.0342483
853.342 0.930072 0.0347951
853.637 0.992025 0.036581
853.931 0.934643 0.0351263
854.225 0.911629 0.0345386
854.52 0.95773 0.0367202
854.814 0.952879 0.0367488
855.108 0.897304 0.034504
855.402 0.856053 0.0343183
855.696 0.89134 0.0360209
855.99 0.928409 0.0373552
856.283 0.878748 0.0355448
856.577 0.926627 0.0373349
856.871 0.90995 0.036705
857.164 0.943556 0.0377831
857.458 1.0114 0.0404173
857.751 0.875889 0.03696
858.045 0.878917 0.0365746
858.338 0.855739 0.0366787
858.632 0.837857 0.0354626
858.925 0.855079 0.0367654
859.218 0.83803 0.0362421
859.511 0.963174 0.0404802
859.804 0.872637 0.0381454
860.097 0.860171 0.0368687
860.39 0.892877 0.0386653
860.683 0.827887 0.0370739
860.976 0.949302 0.0400176
861.268 0.830706 0.0368559
861.561 0.921202 0.0399238
861.854 0.934765 0.0414148
862.146 0.894226 0.0390682
862.439 0.859197 0.0380881
862.731 0.856823 0.0371041
863.023 0.889923 0.0390389
863.316 0.868404 0.0378682
863.608 0.878925 0.038296
863.9 0.841182 0.0374886
864.192 0.847375 0.0367339
864.484 0.904498 0.0388597
864.776 0.882061 0.0387152
865.068 0.862131 0.0380385
865.36 0.85242 0.0377247
865.651 0.90229 0.039832
865.943 0.899023 0.0390249
866.235 0.873216 0.0386557
866.526 0.944473 0.0412855
866.818 0.861137 0.0380997
867.109 0.825569 0.0370759
867.4 0.885139 0.0391291
867.692 0.847199 0.0384904
867.983 0.902873 0.0393503
868.274 0.915203 0.040115
868.565 0.890066 0.0390556
868.856 0.900257 0.0395356
869.147 0.87335 0.0388347
869.438 0.906162 0.039451
869.729 0.869223 0.0388697
870.02 0.965221 0.0425749
870.31 0.84794 0.0386599
870.601 0.836795 0.0378516
870.892 0.797327 0.0365689
871.182 0.836879 0.0373072
871.473 0.88745 0.0392531
871.763 0.843995 0.0373621
872.053 0.874088 0.0384703
872.343 0.828773 0.037402
872.634 0.886059 0.0390619
872.924 0.800042 0.0363798
873.214 0.817481 0.0375268
873.504 0.921386 0.0403752
873.794 0.956401 0.0421629
874.084 0.940409 0.0416882
874.373 0.891179 0.0395611
874.663 0.806264 0.036738
874.953 0.906425 0.040249
875.242 0.856036 0.0385876
875.532 0.812889 0.0372936
875.821 0.892317 0.039316
876.111 0.866067 0.0385865
876.4 0.91286 0.0401107
876.689 0.885481 0.0392421
876.978 0.876249 0.0390514
877.268 0.852608 0.0385894
877.557 0.8937 0.0399643
877.846 0.912399 0.040245
878.134 0.914684 0.0406611
878.423 0.914852 0.0406685
878.712 0.915021 0.040676
