178.41 0.182567 0.0660937
178.791 0.183723 0.0665122
179.172 0.184871 0.0669277
179.553 0.218999 0.218999
179.934 0.933411 0.933411
180.316 0.268449 0.268449
180.697 0.407989 0.407989
181.078 0.481758 0.481758
181.459 0.716957 0.716957
181.84 0.532352 0.532352
182.221 1.8722 1.8722
182.602 0.00812982 0.00812982
182.983 5.37188 1.04948
183.364 0.716973 0.150252
183.744 0.454247 0.0755089
184.125 0.57916 0.0739601
184.506 0.453759 0.0536289
184.887 0.531989 0.0517814
185.268 0.648833 0.0492318
185.648 0.458327 0.0400549
186.029 0.578576 0.0429258
186.41 0.604653 0.0427351
186.791 0.676819 0.0434519
187.171 0.534105 0.033016
187.552 0.479974 0.0254643
187.932 0.522324 0.0270486
188.313 0.422293 0.0227154
188.694 0.449907 0.023433
189.074 0.467195 0.0230221
189.455 0.464467 0.0223177
189.835 0.505543 0.0239411
190.216 0.502438 0.0232386
190.596 0.446487 0.0209648
190.977 0.492651 0.021851
191.357 0.485055 0.0217459
191.737 0.514803 0.0221229
192.118 0.499355 0.0216816
192.498 0.45106 0.0199672
192.878 0.459042 0.0202981
193.258 0.491012 0.0206308
193.639 0.459496 0.0197101
194.019 0.482758 0.020381
194.399 0.473745 0.0200156
194.779 0.462582 0.0189857
195.159 0.472254 0.0197392
195.54 0.445035 0.0185877
195.92 0.452982 0.0188084
196.3 0.425124 0.0179569
196.68 0.439145 0.0183417
197.06 0.430491 0.0180517
197.44 0.412162 0.0174937
197.82 0.436578 0.017863
198.2 0.438237 0.0178885
198.58 0.402859 0.0166986
198.959 0.41781 0.0169749
199.339 0.413562 0.0169617
199.719 0.374733 0.0158365
200.099 0.395212 0.0163026
200.479 0.382748 0.015998
200.858 0.397109 0.0160552
201.238 0.379632 0.0154527
201.618 0.375262 0.0155359
201.998 0.373825 0.0151348
202.377 0.352635 0.0146994
202.757 0.36017 0.0146604
203.136 0.364017 0.0146429
203.516 0.34079 0.0139571
203.896 0.34698 0.0139098
204.275 0.319459 0.0130835
204.655 0.330118 0.0133252
205.034 0.3227 0.0130197
205.414 0.330335 0.0130079
205.793 0.317176 0.012632
206.172 0.323463 0.0127682
206.552 0.303702 0.012161
206.931 0.300611 0.0119135
207.31 0.30712 0.0119121
207.69 0.292194 0.0115262
208.069 0.28902 0.0113117
208.448 0.273718 0.0108695
208.827 0.285558 0.0110383
209.207 0.289712 0.0110893
209.586 0.277372 0.0105666
209.965 0.264188 0.0102799
210.344 0.253788 0.00992853
210.723 0.257136 0.00987104
211.102 0.259705 0.0097486
211.481 0.247444 0.00946549
211.86 0.24907 0.00940201
212.239 0.246914 0.00926665
212.618 0.24317 0.00906318
212.997 0.239463 0.0088471
213.376 0.241425 0.00885154
213.755 0.236117 0.00863076
214.134 0.229678 0.00839696
214.513 0.23389 0.00833645
214.891 0.23558 0.00831065
215.27 0.231508 0.00808362
215.649 0.223563 0.00787838
216.028 0.221206 0.00770141
216.406 0.217661 0.00755985
216.785 0.221322 0.00749912
217.164 0.212836 0.00728034
217.542 0.206633 0.00702306
217.921 0.204068 0.00688997
218.3 0.202819 0.00684452
218.678 0.203307 0.00674498
219.057 0.203802 0.00663293
219.435 0.202868 0.00650897
219.814 0.201397 0.00643754
220.192 0.199783 0.00630834
220.57 0.193317 0.00613265
220.949 0.194512 0.00604836
221.327 0.200381 0.00603685
221.705 0.196851 0.00592218
222.084 0.189792 0.00568887
222.462 0.192787 0.00566527
222.84 0.195138 0.00565266
223.218 0.185979 0.00538101
223.597 0.189439 0.00537597
223.975 0.18396 0.00520227
224.353 0.191326 0.00524713
224.731 0.186812 0.0051013
225.109 0.186387 0.00499259
225.487 0.187096 0.00493097
225.865 0.188929 0.00487928
226.243 0.185881 0.00477832
226.621 0.18754 0.00473638
226.999 0.186316 0.00462419
227.377 0.18966 0.0046202
227.755 0.192755 0.00459698
228.133 0.18944 0.0044994
228.511 0.187517 0.00442323
228.889 0.189862 0.0043657
229.266 0.19192 0.00434764
229.644 0.193435 0.00427883
230.022 0.194501 0.00423507
230.4 0.18917 0.00413726
230.777 0.196863 0.00418039
231.155 0.196497 0.00412222
231.533 0.194672 0.00404493
231.91 0.199162 0.00403593
232.288 0.19565 0.00396229
232.665 0.19708 0.00392555
233.043 0.20017 0.00391886
233.42 0.200372 0.00386784
233.798 0.202557 0.00386043
234.175 0.20374 0.00382126
234.553 0.203666 0.00377988
234.93 0.206608 0.00376896
235.307 0.208949 0.00375954
235.685 0.208341 0.00372342
236.062 0.207682 0.0036741
236.439 0.2097 0.00367364
236.816 0.209253 0.00362485
237.194 0.210351 0.00359587
237.571 0.211152 0.00357133
237.948 0.213032 0.00356824
238.325 0.213753 0.00353472
238.702 0.213389 0.00351086
239.079 0.214255 0.00348307
239.456 0.2143 0.00346017
239.833 0.216574 0.00345604
240.21 0.219253 0.00344523
240.587 0.220015 0.00343523
240.964 0.220993 0.00341476
241.341 0.219644 0.00337556
241.718 0.220427 0.00334957
242.095 0.220378 0.00334819
242.472 0.221206 0.00332788
242.849 0.221732 0.00330697
243.225 0.222228 0.00328181
243.602 0.223042 0.00327125
243.979 0.22231 0.0032546
244.356 0.225087 0.00326142
244.732 0.224515 0.00322411
245.109 0.226426 0.00321513
245.486 0.228735 0.00322698
245.862 0.227821 0.00320462
246.239 0.225198 0.00315364
246.615 0.22523 0.00314815
246.992 0.225781 0.00312891
247.368 0.228674 0.00314887
247.745 0.228942 0.00312415
248.121 0.228288 0.00309842
248.497 0.229204 0.00309962
248.874 0.229205 0.00308085
249.25 0.229985 0.00305893
249.626 0.230207 0.00305534
250.003 0.229388 0.003032
250.379 0.228022 0.00299352
250.755 0.229002 0.00300255
251.131 0.228447 0.00297786
251.507 0.229451 0.00298042
251.884 0.230066 0.00296392
252.26 0.233643 0.00298763
252.636 0.230907 0.00294306
253.012 0.23032 0.0029286
253.388 0.231822 0.00292928
253.764 0.228988 0.00289941
254.14 0.228634 0.00289028
254.516 0.230715 0.00289945
254.892 0.229216 0.00287539
255.268 0.230705 0.00288165
255.643 0.231662 0.0028755
256.019 0.229449 0.00285961
256.395 0.229391 0.00285329
256.771 0.232086 0.00284907
257.147 0.230438 0.00283571
257.522 0.229562 0.00282583
257.898 0.230989 0.00282994
258.274 0.229515 0.0028136
258.649 0.231881 0.00282633
259.025 0.22917 0.00279434
259.4 0.230291 0.00279964
259.776 0.230418 0.00279177
260.151 0.231425 0.00280726
260.527 0.229482 0.002783
260.902 0.229753 0.00277707
261.278 0.228467 0.00276344
261.653 0.228937 0.0027662
262.028 0.229255 0.00277079
262.404 0.228804 0.00275537
262.779 0.228458 0.00274638
263.154 0.226738 0.0027312
263.53 0.227358 0.00272748
263.905 0.227327 0.00273259
264.28 0.227574 0.00273266
264.655 0.226252 0.00271679
265.03 0.226074 0.00272409
265.405 0.225418 0.00271108
265.781 0.22355 0.00270303
266.156 0.227002 0.00272089
266.531 0.224332 0.00269057
266.906 0.224898 0.00270884
267.281 0.221915 0.0026775
267.655 0.223594 0.00269766
268.03 0.223021 0.0026957
268.405 0.223077 0.00269246
268.78 0.224586 0.00270148
269.155 0.222245 0.00268138
269.53 0.223139 0.00269604
269.904 0.222807 0.00269099
270.279 0.222012 0.0026879
270.654 0.220641 0.00267196
271.029 0.220411 0.00267563
271.403 0.218538 0.00265671
271.778 0.219483 0.00267001
272.152 0.21913 0.0026704
272.527 0.218627 0.00266499
272.901 0.217919 0.00265027
273.276 0.216193 0.00263373
273.65 0.217019 0.00264705
274.025 0.215808 0.0026328
274.399 0.216841 0.00265173
274.774 0.216111 0.00264115
275.148 0.214172 0.00262096
275.522 0.213801 0.0026257
275.897 0.211134 0.00260786
276.271 0.211369 0.00261191
276.645 0.212598 0.00261191
277.019 0.210069 0.00258929
277.393 0.207966 0.00256934
277.768 0.210234 0.00259554
278.142 0.209542 0.00258866
278.516 0.207863 0.00258281
278.89 0.20765 0.0025764
279.264 0.208213 0.00258816
279.638 0.206741 0.00256652
280.012 0.205613 0.00256401
280.386 0.20329 0.00256282
280.76 0.204779 0.00256242
281.133 0.203262 0.00255758
281.507 0.201926 0.00254712
281.881 0.201722 0.00254001
282.255 0.199406 0.00252892
282.629 0.198884 0.00253294
283.002 0.197843 0.00252767
283.376 0.19841 0.00252436
283.75 0.195985 0.00251741
284.123 0.193285 0.00249129
284.497 0.192983 0.00249387
284.87 0.193523 0.00249991
285.244 0.192564 0.00248912
285.618 0.191256 0.00248703
285.991 0.189958 0.00248904
286.364 0.190405 0.00249104
286.738 0.188899 0.0024807
287.111 0.187526 0.00247272
287.485 0.186168 0.00246514
287.858 0.186774 0.00247837
288.231 0.183137 0.00244982
288.605 0.182652 0.00245328
288.978 0.18163 0.00244119
289.351 0.180882 0.00244883
289.724 0.177917 0.00242859
290.097 0.176808 0.0024239
290.47 0.176658 0.0024307
290.843 0.175516 0.00242198
291.217 0.172995 0.002405
291.59 0.173696 0.00242656
291.963 0.172064 0.00240981
292.336 0.170946 0.00240964
292.708 0.16778 0.00239177
293.081 0.166577 0.00239415
293.454 0.167583 0.00239079
293.827 0.164954 0.00237901
294.2 0.16405 0.00238795
294.573 0.15837 0.00233877
294.945 0.159852 0.00236356
295.318 0.158243 0.00235073
295.691 0.158646 0.00235946
296.064 0.156628 0.0023487
296.436 0.154141 0.00232834
296.809 0.151397 0.00230132
297.181 0.150468 0.00230656
297.554 0.148905 0.00229806
297.926 0.14749 0.00228892
298.299 0.14371 0.00226181
298.671 0.143799 0.00225266
299.044 0.143195 0.00226024
299.416 0.140573 0.00224285
299.788 0.137707 0.00221642
300.161 0.135872 0.00221129
300.533 0.133933 0.00219239
300.905 0.132218 0.00217002
301.278 0.130186 0.0021578
301.65 0.129234 0.00214748
302.022 0.12769 0.00213927
302.394 0.126613 0.00213367
302.766 0.123196 0.00210171
303.138 0.121878 0.00209865
303.51 0.12091 0.00208486
303.882 0.11751 0.00205277
304.254 0.11689 0.00205136
304.626 0.114103 0.00202067
304.998 0.112566 0.00200642
305.37 0.112462 0.00201669
305.742 0.109299 0.00198068
306.114 0.108467 0.00197228
306.485 0.107167 0.00196086
306.857 0.104014 0.00193043
307.229 0.10387 0.00193583
307.601 0.100721 0.00190573
307.972 0.0997713 0.00189478
308.344 0.0984941 0.00188025
308.716 0.0990393 0.00189323
309.087 0.0961557 0.00186312
309.459 0.0961682 0.00186606
309.83 0.0936177 0.00184139
310.202 0.0930347 0.00183267
310.573 0.0923859 0.00182733
310.945 0.0919686 0.00182194
311.316 0.0902355 0.00181332
311.687 0.090352 0.00180722
312.059 0.0901122 0.00181115
312.43 0.0887635 0.00179428
312.801 0.0916606 0.00182976
313.172 0.0905814 0.00182007
313.544 0.0913151 0.00182931
313.915 0.090887 0.00181342
314.286 0.0920506 0.00183291
314.657 0.091433 0.00182271
315.028 0.0935413 0.0018475
315.399 0.0928052 0.0018396
315.77 0.0960426 0.00186877
316.141 0.0988435 0.00190371
316.512 0.101619 0.00192997
316.883 0.101453 0.00193228
317.254 0.105692 0.00197025
317.625 0.108387 0.00200751
317.996 0.111432 0.00202437
318.366 0.116999 0.00207947
318.737 0.118278 0.00208869
319.108 0.123696 0.00214337
319.478 0.126579 0.00216893
319.849 0.13312 0.00222321
320.22 0.138141 0.00226697
320.59 0.144221 0.00231501
320.961 0.149459 0.00236072
321.331 0.155062 0.00240487
321.702 0.161545 0.00246707
322.072 0.168599 0.00252798
322.443 0.174448 0.00256636
322.813 0.182442 0.00261963
323.184 0.189531 0.00267753
323.554 0.198761 0.00275066
323.924 0.207244 0.00280729
324.295 0.213668 0.0028643
324.665 0.223701 0.00293291
325.035 0.231274 0.00297824
325.405 0.238913 0.00303948
325.775 0.250299 0.00312619
326.145 0.258367 0.00317314
326.515 0.266226 0.00322698
326.886 0.274923 0.00329584
327.256 0.285678 0.0033629
327.626 0.293302 0.00342855
327.995 0.298709 0.00346854
328.365 0.303206 0.00349944
328.735 0.308327 0.0035466
329.105 0.319643 0.00365021
329.475 0.336469 0.00377447
329.845 0.361525 0.00396906
330.215 0.388055 0.0040967
330.584 0.400391 0.0041212
330.954 0.403965 0.00404172
331.324 0.398785 0.00390267
331.693 0.400707 0.00384493
332.063 0.402548 0.00381224
332.432 0.406373 0.00381056
332.802 0.413707 0.00387636
333.171 0.425147 0.00398115
333.541 0.435285 0.00410349
333.91 0.44379 0.00416444
334.28 0.454577 0.00423889
334.649 0.464149 0.0042957
335.018 0.473595 0.00435399
335.388 0.485651 0.00442329
335.757 0.492622 0.00445555
336.126 0.496516 0.0044892
336.495 0.505729 0.00451535
336.865 0.511 0.00455761
337.234 0.522412 0.00463428
337.603 0.526377 0.00464234
337.972 0.532628 0.00468058
338.341 0.538687 0.00469943
338.71 0.541047 0.0047065
339.079 0.549208 0.00475906
339.448 0.556716 0.00478392
339.817 0.56331 0.00482406
340.186 0.567978 0.00484708
340.554 0.57259 0.00486034
340.923 0.578798 0.00489683
341.292 0.580336 0.00490796
341.661 0.589423 0.00495243
342.029 0.593039 0.004959
342.398 0.593428 0.00496729
342.767 0.601055 0.00501833
343.135 0.606888 0.00503885
343.504 0.611035 0.0050718
343.872 0.612175 0.00505765
344.241 0.621049 0.0051061
344.609 0.626596 0.00514923
344.978 0.624499 0.0051354
345.346 0.629507 0.00513657
345.715 0.631535 0.00516473
346.083 0.639792 0.00520997
346.451 0.637983 0.00519434
346.82 0.648185 0.00525324
347.188 0.646676 0.00523721
347.556 0.651501 0.00528383
347.924 0.653519 0.0052856
348.292 0.654068 0.00529984
348.66 0.656988 0.00530698
349.028 0.661324 0.00533116
349.396 0.66421 0.00536383
349.764 0.665298 0.00536146
350.132 0.664977 0.0053574
350.5 0.665892 0.00536985
350.868 0.674858 0.00541569
351.236 0.678085 0.00542431
351.604 0.677955 0.00544487
351.972 0.683228 0.0054722
352.34 0.678281 0.00546028
352.707 0.684857 0.00548909
353.075 0.682616 0.00548155
353.443 0.682183 0.00549231
353.81 0.686284 0.00552248
354.178 0.692076 0.00554886
354.545 0.688579 0.00552126
354.913 0.69416 0.00556716
355.28 0.691021 0.00555532
355.648 0.690643 0.00554206
356.015 0.692631 0.00555975
356.383 0.697509 0.00557292
356.75 0.695657 0.00557971
357.117 0.696951 0.00558799
357.485 0.696481 0.00559003
357.852 0.709287 0.00568014
358.219 0.703012 0.00562689
358.586 0.698192 0.00560663
358.954 0.699459 0.0056353
359.321 0.703279 0.00563701
359.688 0.707215 0.00568059
360.055 0.701099 0.00564793
360.422 0.709846 0.00569128
360.789 0.708302 0.00569489
361.156 0.709722 0.00569557
361.523 0.708517 0.00571377
361.89 0.708937 0.00570854
362.256 0.707265 0.00567899
362.623 0.714822 0.00576611
362.99 0.707399 0.00570863
363.357 0.709956 0.0057423
363.724 0.714636 0.00576367
364.09 0.707879 0.0057248
364.457 0.713863 0.00579188
364.823 0.716128 0.00576379
365.19 0.712639 0.00575829
365.557 0.711973 0.00574666
365.923 0.711476 0.00576369
366.29 0.715932 0.00579988
366.656 0.717957 0.00578419
367.022 0.713506 0.00575903
367.389 0.721357 0.00581656
367.755 0.717466 0.00582846
368.121 0.717333 0.00582557
368.488 0.715689 0.00581102
368.854 0.716897 0.005838
369.22 0.721211 0.00588314
369.586 0.720958 0.00590213
369.952 0.721246 0.00591615
370.318 0.715721 0.00589624
370.684 0.718014 0.0059229
371.051 0.722539 0.00594317
371.416 0.721877 0.00597716
371.782 0.720989 0.00595562
372.148 0.719711 0.00596259
372.514 0.715854 0.00595937
372.88 0.722045 0.00600267
373.246 0.72222 0.00599787
373.612 0.723926 0.00600213
373.977 0.719957 0.00597214
374.343 0.720029 0.00595357
374.709 0.717972 0.00592577
375.074 0.718697 0.00594651
375.44 0.723186 0.00599061
375.806 0.721417 0.0060163
376.171 0.72259 0.00599075
376.537 0.720763 0.0059777
376.902 0.717681 0.0059754
377.268 0.720045 0.00596066
377.633 0.718866 0.00594486
377.998 0.718526 0.0059207
378.364 0.724745 0.00592056
378.729 0.721955 0.00591909
379.094 0.73008 0.00597836
379.459 0.727431 0.00604744
379.825 0.716423 0.00597491
380.19 0.721839 0.00600676
380.555 0.725644 0.00606488
380.92 0.728526 0.00615286
381.285 0.725799 0.00612972
381.65 0.712865 0.00602758
382.015 0.719514 0.00606454
382.38 0.720057 0.0060904
382.745 0.72216 0.00613669
383.11 0.724955 0.00616517
383.474 0.717187 0.00611395
383.839 0.719081 0.00613306
384.204 0.720357 0.0061583
384.569 0.722848 0.00617649
384.933 0.722863 0.00619453
385.298 0.721945 0.00620025
385.663 0.715812 0.00615634
386.027 0.714531 0.00613811
386.392 0.715344 0.0061154
386.756 0.716819 0.00609091
387.121 0.719318 0.00609977
387.485 0.717679 0.00607409
387.849 0.717531 0.00604504
388.214 0.727986 0.00615648
388.578 0.724714 0.00617352
388.942 0.718897 0.00618001
389.307 0.717906 0.00617013
389.671 0.72256 0.00621289
390.035 0.718776 0.00616836
390.399 0.714126 0.00613395
390.763 0.711231 0.00608541
391.127 0.709695 0.00605691
391.492 0.710108 0.00597535
391.856 0.70405 0.00588123
392.219 0.715489 0.00588458
392.583 0.721161 0.00594151
392.947 0.731815 0.00611439
393.311 0.719149 0.00611718
393.675 0.722166 0.00614847
394.039 0.720885 0.00618105
394.403 0.721057 0.00618486
394.766 0.716082 0.00618024
395.13 0.717404 0.0062023
395.494 0.711957 0.00617626
395.857 0.715058 0.00616266
396.221 0.710285 0.00611425
396.584 0.710264 0.00606836
396.948 0.705177 0.00598131
397.311 0.704529 0.00589052
397.675 0.709616 0.00587981
398.038 0.712567 0.00589489
398.401 0.715937 0.0059928
398.765 0.718762 0.00609747
399.128 0.72364 0.00620553
399.491 0.713677 0.00620955
399.854 0.710749 0.00620563
400.218 0.71478 0.00624129
400.581 0.714676 0.00625862
400.944 0.715604 0.00629335
401.307 0.719724 0.0063874
401.67 0.710811 0.00632928
402.033 0.711453 0.0063506
402.396 0.708317 0.00634012
402.759 0.712063 0.00636461
403.122 0.713058 0.00633798
403.485 0.714729 0.00634377
403.847 0.703401 0.00624093
404.21 0.709869 0.00623716
404.573 0.709804 0.00623007
404.936 0.710902 0.00620417
405.298 0.717272 0.00630031
405.661 0.719101 0.00639678
406.023 0.71654 0.00647593
406.386 0.710112 0.00646963
406.749 0.708166 0.00649031
407.111 0.707115 0.00647717
407.473 0.693471 0.00631174
407.836 0.70643 0.00636115
408.198 0.707019 0.00632506
408.561 0.70645 0.00634071
408.923 0.708667 0.00636002
409.285 0.710406 0.00637958
409.647 0.71098 0.00643809
410.009 0.71232 0.0065051
410.372 0.708003 0.00647591
410.734 0.706296 0.00650062
411.096 0.708053 0.00649727
411.458 0.703752 0.00647595
411.82 0.703671 0.00643309
412.182 0.700385 0.00636935
412.544 0.704932 0.00640428
412.906 0.703537 0.00638662
413.267 0.712391 0.00644967
413.629 0.70874 0.00648375
413.991 0.704298 0.00649378
414.353 0.712398 0.006549
414.714 0.707593 0.00659563
415.076 0.706963 0.00657631
415.438 0.707263 0.00657054
415.799 0.705001 0.00653386
416.161 0.70834 0.00660673
416.522 0.702076 0.00660453
416.884 0.704275 0.00661897
417.245 0.707416 0.0066582
417.607 0.703678 0.0066242
417.968 0.697912 0.00658958
418.329 0.699709 0.0065898
418.691 0.703192 0.00660399
419.052 0.700595 0.00658719
419.413 0.69213 0.00648837
419.774 0.702204 0.00651509
420.135 0.693838 0.00633198
420.497 0.687407 0.00620312
420.858 0.691532 0.00613587
421.219 0.701943 0.00620276
421.58 0.712408 0.0063285
421.941 0.719327 0.00647081
422.302 0.706832 0.0065004
422.662 0.708126 0.00653434
423.023 0.699442 0.0065228
423.384 0.702868 0.00656068
423.745 0.696449 0.00649125
424.106 0.69288 0.00647095
424.466 0.703322 0.00650685
424.827 0.708998 0.00662324
425.187 0.712195 0.00672216
425.548 0.710567 0.00677791
425.909 0.701838 0.00677176
426.269 0.699104 0.00671091
426.63 0.693194 0.00663717
426.99 0.696246 0.00659717
427.35 0.695398 0.00662259
427.711 0.695267 0.00657502
428.071 0.69067 0.00649839
428.431 0.678899 0.00631969
428.792 0.675359 0.00608747
429.152 0.683369 0.00595513
429.512 0.693374 0.00598733
429.872 0.703859 0.00607429
430.232 0.709793 0.00620756
430.592 0.714225 0.0064036
430.952 0.71721 0.00660645
431.312 0.714974 0.00676024
431.672 0.700823 0.00677008
432.032 0.688058 0.00668765
432.392 0.684386 0.00657958
432.752 0.665457 0.00616877
433.111 0.678818 0.00609127
433.471 0.704785 0.0063038
433.831 0.720418 0.00662294
434.19 0.703245 0.00654438
434.55 0.69525 0.00650589
434.91 0.698375 0.00659656
435.269 0.687767 0.0064561
435.629 0.68818 0.00644381
435.988 0.689226 0.0064211
436.348 0.706222 0.0065992
436.707 0.698566 0.0066632
437.066 0.692917 0.00663259
437.426 0.686721 0.00652449
437.785 0.685429 0.00650008
438.144 0.692459 0.00652519
438.503 0.699161 0.00664321
438.862 0.6958 0.00663951
439.222 0.698179 0.00670391
439.581 0.691051 0.00669823
439.94 0.677092 0.00653734
440.299 0.670827 0.00628768
440.658 0.674527 0.00614452
441.017 0.689217 0.00621308
441.376 0.702724 0.00634688
441.734 0.700051 0.00639986
442.093 0.687314 0.00633861
442.452 0.678338 0.00625187
442.811 0.688864 0.0062725
443.169 0.688982 0.00627068
443.528 0.694886 0.00642811
443.887 0.690535 0.00641205
444.245 0.693875 0.0064557
444.604 0.691939 0.00650035
444.962 0.687625 0.00651088
445.321 0.689958 0.00652801
445.679 0.683083 0.00646126
446.038 0.690549 0.00647275
446.396 0.692548 0.00657142
446.754 0.689761 0.00664792
447.112 0.694943 0.00670659
447.471 0.687207 0.00667681
447.829 0.680946 0.00668108
448.187 0.681593 0.00667237
448.545 0.680971 0.00664892
448.903 0.685849 0.00668998
449.261 0.689092 0.00672528
449.619 0.688506 0.00678608
449.977 0.697368 0.00686288
450.335 0.693548 0.00691905
450.693 0.690849 0.00692267
451.051 0.68127 0.00686089
451.409 0.686338 0.00691337
451.766 0.691629 0.00694881
452.124 0.693901 0.00705786
452.482 0.688323 0.00709907
452.839 0.694738 0.00721172
453.197 0.689616 0.00719777
453.555 0.685968 0.00720839
453.912 0.679087 0.00715331
454.27 0.670579 0.00699623
454.627 0.677067 0.00694693
454.984 0.68187 0.00698799
455.342 0.694482 0.00716044
455.699 0.687446 0.00720357
456.056 0.680884 0.00712655
456.414 0.681226 0.00706461
456.771 0.674805 0.00690267
457.128 0.683038 0.00691808
457.485 0.682963 0.00689371
457.842 0.684962 0.00694652
458.199 0.680729 0.00691701
458.556 0.688684 0.00689019
458.913 0.675665 0.00682504
459.27 0.683106 0.00682364
459.627 0.686137 0.00693826
459.984 0.675956 0.00683638
460.341 0.680223 0.00684911
460.697 0.680895 0.00693413
461.054 0.699985 0.00723777
461.411 0.697253 0.00737245
461.767 0.687273 0.00740581
462.124 0.677721 0.00733578
462.481 0.674793 0.00723236
462.837 0.668361 0.00708608
463.194 0.675385 0.00697413
463.55 0.676541 0.00702497
463.907 0.67141 0.00681456
464.263 0.674117 0.00673429
464.619 0.674071 0.00660657
464.976 0.668545 0.00648832
465.332 0.680293 0.00654346
465.688 0.698098 0.00683194
466.044 0.702255 0.00709827
466.4 0.69329 0.00716254
466.756 0.677181 0.00712529
467.112 0.684335 0.00716277
467.468 0.67567 0.00710675
467.824 0.688404 0.007247
468.18 0.690511 0.00735288
468.536 0.682146 0.00731431
468.892 0.689034 0.00746842
469.248 0.686913 0.00748999
469.604 0.684255 0.00752045
469.959 0.679121 0.00748953
470.315 0.674451 0.00745971
470.671 0.672014 0.00743878
471.026 0.670968 0.00737027
471.382 0.673313 0.0073125
471.737 0.670631 0.0072392
472.093 0.672502 0.0071362
472.448 0.662535 0.00694715
472.804 0.669709 0.0069251
473.159 0.674514 0.00689284
473.514 0.680475 0.00695842
473.87 0.673544 0.00682426
474.225 0.655943 0.00654206
474.58 0.6601 0.00643335
474.935 0.685001 0.00660931
475.29 0.687467 0.00671048
475.645 0.680341 0.00668237
476 0.671899 0.00664934
476.355 0.676709 0.00673317
476.71 0.674205 0.00671676
477.065 0.654152 0.0064234
477.42 0.660187 0.00636785
477.775 0.670173 0.00642356
478.13 0.67597 0.00650932
478.485 0.670391 0.00643543
478.839 0.659368 0.00630595
479.194 0.659397 0.00614448
479.549 0.659405 0.00606917
479.903 0.677437 0.006168
480.258 0.672723 0.00619487
480.612 0.663982 0.00607423
480.967 0.658484 0.00590917
481.321 0.668934 0.00597497
481.675 0.680417 0.00614212
482.03 0.679808 0.00624767
482.384 0.664729 0.00620394
482.738 0.658613 0.00611645
483.093 0.658983 0.00607348
483.447 0.655813 0.00592727
483.801 0.645066 0.00569496
484.155 0.659989 0.00568695
484.509 0.561036 0.00456574
484.863 0.526198 0.00301379
485.217 0.607027 0.00294197
485.571 0.716896 0.00327974
485.925 0.872852 0.00460998
486.279 0.800437 0.005119
486.632 0.702489 0.00518677
486.986 0.690188 0.00555742
487.34 0.694998 0.00595323
487.694 0.681769 0.0060609
488.047 0.666678 0.00602733
488.401 0.663535 0.00602074
488.754 0.668651 0.00608227
489.108 0.678171 0.00622539
489.461 0.671595 0.00622513
489.815 0.670149 0.00628328
490.168 0.661883 0.00617553
490.522 0.663884 0.00615855
490.875 0.664867 0.00617237
491.228 0.665645 0.00621845
491.581 0.665565 0.00617542
491.935 0.669312 0.00621568
492.288 0.666589 0.00622858
492.641 0.665055 0.00617729
492.994 0.663364 0.00616481
493.347 0.656357 0.00604701
493.7 0.664679 0.00608987
494.053 0.663117 0.00610353
494.406 0.67516 0.00625831
494.759 0.675227 0.00638623
495.111 0.645919 0.00605105
495.464 0.635665 0.00573938
495.817 0.654908 0.00572037
496.169 0.681398 0.00599865
496.522 0.693943 0.00632689
496.875 0.679866 0.00647154
497.227 0.667949 0.00647795
497.58 0.660296 0.0064295
497.932 0.657899 0.00634248
498.285 0.654109 0.00626645
498.637 0.6458 0.00607145
498.989 0.653547 0.00603975
499.342 0.670679 0.00616377
499.694 0.679897 0.00634319
500.046 0.662078 0.00631327
500.398 0.647134 0.00608877
500.751 0.654146 0.00606584
501.103 0.655849 0.00605436
501.455 0.661889 0.00609151
501.807 0.656528 0.0060759
502.159 0.664298 0.00611505
502.511 0.658256 0.00607206
502.862 0.65888 0.00610111
503.214 0.664878 0.00621259
503.566 0.666646 0.00634694
503.918 0.654393 0.00635638
504.27 0.658812 0.00637105
504.621 0.661023 0.00639731
504.973 0.658041 0.00641888
505.324 0.654592 0.00636069
505.676 0.647258 0.00621475
506.027 0.658503 0.00628542
506.379 0.681862 0.00660908
506.73 0.664773 0.00662524
507.082 0.650445 0.00650694
507.433 0.645384 0.00636153
507.784 0.653804 0.00634936
508.136 0.659339 0.00648744
508.487 0.668219 0.006598
508.838 0.659465 0.0066161
509.189 0.651048 0.00656652
509.54 0.649201 0.00646954
509.891 0.655719 0.00657716
510.242 0.658873 0.00660031
510.593 0.660172 0.00664886
510.944 0.656818 0.00666902
511.295 0.665392 0.00685219
511.646 0.665154 0.00692684
511.996 0.645991 0.00675601
512.347 0.653476 0.00674392
512.698 0.654561 0.00677182
513.049 0.660663 0.00684523
513.399 0.65782 0.00686216
513.75 0.653014 0.00681661
514.1 0.665051 0.00700966
514.451 0.670269 0.00718344
514.801 0.653979 0.00706445
515.152 0.652915 0.00699631
515.502 0.646882 0.00685598
515.852 0.661108 0.00689375
516.202 0.655129 0.00685331
516.553 0.665432 0.00700796
516.903 0.669225 0.00713509
517.253 0.664238 0.0072157
517.603 0.655614 0.00716739
517.953 0.650927 0.00710702
518.303 0.643492 0.00690047
518.653 0.656489 0.00691269
519.003 0.661639 0.00699306
519.353 0.67005 0.00728908
519.703 0.65826 0.00737788
520.052 0.65329 0.00738766
520.402 0.64964 0.00732642
520.752 0.655027 0.00727253
521.102 0.668482 0.00746591
521.451 0.661137 0.00747765
521.801 0.660755 0.00745411
522.15 0.644326 0.00723887
522.5 0.653869 0.00728045
522.849 0.655102 0.00726442
523.199 0.649247 0.00716357
523.548 0.643699 0.00706432
523.897 0.660337 0.00723777
524.246 0.663781 0.0073774
524.596 0.659436 0.00745729
524.945 0.647602 0.00734698
525.294 0.651793 0.00736987
525.643 0.654505 0.00736873
525.992 0.646784 0.00731263
526.341 0.647793 0.00727269
526.69 0.659499 0.00739587
527.039 0.655292 0.00744409
527.388 0.65298 0.00748293
527.737 0.637514 0.00716882
528.086 0.63244 0.00687753
528.434 0.646506 0.00682634
528.783 0.673864 0.00715971
529.132 0.667459 0.00726124
529.48 0.656334 0.00729311
529.829 0.650703 0.00730177
530.177 0.660647 0.00743286
530.526 0.65502 0.00741934
530.874 0.646603 0.00730123
531.223 0.647132 0.00729367
531.571 0.657631 0.00741592
531.919 0.644534 0.00726955
532.268 0.631064 0.00697353
532.616 0.636163 0.00677783
532.964 0.648891 0.00674375
533.312 0.653549 0.00677142
533.66 0.650738 0.00678733
534.008 0.649956 0.00676781
534.356 0.651251 0.00677903
534.704 0.654726 0.00685886
535.052 0.658783 0.00697262
535.4 0.661231 0.00713322
535.748 0.658548 0.00728823
536.095 0.654807 0.00745162
536.443 0.645092 0.00740536
536.791 0.634292 0.00718779
537.139 0.640235 0.00705512
537.486 0.637135 0.00687524
537.834 0.650995 0.0069128
538.181 0.643729 0.00683465
538.529 0.65066 0.00691005
538.876 0.650945 0.00689365
539.223 0.654355 0.00702855
539.571 0.65664 0.00719143
539.918 0.645486 0.00710481
540.265 0.635572 0.00691106
540.613 0.641536 0.00682399
540.96 0.650377 0.00695592
541.307 0.645496 0.00694241
541.654 0.641662 0.00692003
542.001 0.648207 0.00697688
542.348 0.648819 0.00697887
542.695 0.640864 0.00694473
543.042 0.638643 0.00682629
543.388 0.637607 0.0067345
543.735 0.64335 0.00675536
544.082 0.644834 0.00675285
544.429 0.650345 0.00681287
544.775 0.655833 0.00699221
545.122 0.659114 0.00721751
545.469 0.644146 0.00725175
545.815 0.63984 0.00718564
546.162 0.640763 0.0071336
546.508 0.635004 0.00695567
546.854 0.625894 0.00664964
547.201 0.626592 0.00640975
547.547 0.646708 0.00649297
547.893 0.661009 0.00671174
548.24 0.670657 0.00712262
548.586 0.652366 0.00731696
548.932 0.650728 0.00741648
549.278 0.635821 0.00733624
549.624 0.642701 0.00733643
549.97 0.653274 0.00746574
550.316 0.64663 0.00757598
550.662 0.649238 0.00766935
551.008 0.614426 0.0070749
551.353 0.620713 0.00673107
551.699 0.646465 0.00671733
552.045 0.667541 0.00700978
552.391 0.64677 0.00704285
552.736 0.639351 0.00703431
553.082 0.634807 0.00701956
553.427 0.648553 0.00722056
553.773 0.653482 0.00748792
554.118 0.631715 0.00736261
554.464 0.62364 0.0071277
554.809 0.620096 0.00682513
555.154 0.640534 0.00684327
555.5 0.648049 0.0068989
555.845 0.653832 0.00719906
556.19 0.652587 0.00738734
556.535 0.642076 0.00749216
556.88 0.630868 0.00730672
557.225 0.642162 0.00734451
557.57 0.651038 0.0075394
557.915 0.65124 0.007745
558.26 0.64502 0.00780292
558.605 0.631384 0.00769262
558.95 0.624453 0.0074816
559.295 0.610574 0.00700346
559.639 0.625581 0.00682219
559.984 0.627234 0.00657012
560.329 0.642096 0.00662294
560.673 0.642089 0.00664589
561.018 0.645901 0.00686121
561.362 0.651989 0.00707723
561.707 0.639259 0.00718347
562.051 0.631899 0.00705494
562.395 0.625475 0.00692627
562.74 0.637393 0.00685321
563.084 0.631876 0.00673916
563.428 0.636715 0.00662366
563.772 0.637316 0.0066575
564.117 0.635663 0.00660024
564.461 0.634187 0.00657171
564.805 0.634088 0.00662844
565.149 0.633042 0.00659243
565.493 0.636154 0.00661874
565.836 0.630109 0.00646067
566.18 0.624582 0.00633827
566.524 0.609808 0.0058402
566.868 0.626134 0.00575919
567.212 0.635841 0.00570487
567.555 0.628227 0.00559895
567.899 0.61705 0.00529182
568.242 0.617204 0.00507636
568.586 0.611952 0.00473017
568.929 0.608856 0.00441638
569.273 0.617041 0.00420344
569.616 0.635064 0.0042704
569.96 0.62222 0.00414162
570.303 0.620873 0.00400858
570.646 0.625385 0.00397315
570.989 0.620852 0.00383612
571.333 0.637866 0.00393673
571.676 0.646546 0.00411156
572.019 0.638506 0.00441819
572.362 0.591975 0.00401404
572.705 0.59494 0.00373498
573.048 0.618779 0.00362564
573.391 0.619274 0.00350874
573.733 0.625234 0.00347661
574.076 0.625631 0.00343927
574.419 0.64247 0.00359147
574.762 0.637199 0.00376728
575.104 0.643787 0.00405349
575.447 0.596545 0.00384925
575.789 0.594878 0.00361308
576.132 0.616546 0.00347496
576.474 0.61898 0.00344284
576.817 0.60931 0.00315987
577.159 0.623001 0.00302102
577.501 0.658595 0.00313064
577.844 0.666213 0.00336994
578.186 0.650033 0.00373378
578.528 0.609019 0.00376168
578.87 0.606505 0.0037703
579.212 0.601015 0.00362801
579.554 0.622585 0.00357455
579.896 0.623731 0.00359963
580.238 0.595909 0.00331561
580.58 0.608084 0.00294276
580.922 0.6589 0.00294399
581.264 0.713647 0.00306378
581.606 0.670991 0.00310161
581.947 0.649935 0.00324018
582.289 0.64305 0.0035807
582.631 0.626452 0.00392015
582.972 0.610799 0.00413044
583.314 0.598332 0.004043
583.655 0.596685 0.00390298
583.997 0.592906 0.00355138
584.338 0.607854 0.00334455
584.679 0.626089 0.00325673
585.021 0.652041 0.0034149
585.362 0.641409 0.00363926
585.703 0.631961 0.00388538
586.044 0.594623 0.00378291
586.385 0.595265 0.00358156
586.726 0.609133 0.00346033
587.067 0.646216 0.00370398
587.408 0.635461 0.00388364
587.749 0.624673 0.00403309
588.09 0.619973 0.00418537
588.431 0.63223 0.0044783
588.772 0.612044 0.0045826
589.113 0.608039 0.00448872
589.453 0.613879 0.00448575
589.794 0.633433 0.00471268
590.134 0.632215 0.00495937
590.475 0.618951 0.00502112
590.815 0.607222 0.00492729
591.156 0.622967 0.00499787
591.496 0.593734 0.00473046
591.837 0.580897 0.0040253
592.177 0.60172 0.00372155
592.517 0.632505 0.00365303
592.857 0.645163 0.00388991
593.198 0.64203 0.00412867
593.538 0.635379 0.00453088
593.878 0.603042 0.00455513
594.218 0.584324 0.00433924
594.558 0.61133 0.00427341
594.898 0.635374 0.00447934
595.237 0.642028 0.00478189
595.577 0.629452 0.00504068
595.917 0.614365 0.00522861
596.257 0.591305 0.00491462
596.596 0.596531 0.00481223
596.936 0.632024 0.00487112
597.276 0.629821 0.0050527
597.615 0.604795 0.00486353
597.955 0.577965 0.00418151
598.294 0.616343 0.00405128
598.633 0.638859 0.00413829
598.973 0.631057 0.00426798
599.312 0.604538 0.00416459
599.651 0.622902 0.00426089
599.991 0.619062 0.00434051
600.33 0.620243 0.00441178
600.669 0.617976 0.00452993
601.008 0.62438 0.00471074
601.347 0.60941 0.00481253
601.686 0.601647 0.00464211
602.025 0.612748 0.00471601
602.364 0.603374 0.00444663
602.702 0.612446 0.00441566
603.041 0.624993 0.00449021
603.38 0.63151 0.00472946
603.719 0.625847 0.00492269
604.057 0.611125 0.00500115
604.396 0.607104 0.0049768
604.734 0.584029 0.00466204
605.073 0.60977 0.00440707
605.411 0.62527 0.00450605
605.75 0.644411 0.00474151
606.088 0.619567 0.00489258
606.426 0.60203 0.00470461
606.764 0.610274 0.0046716
607.103 0.633516 0.00491056
607.441 0.615036 0.0050054
607.779 0.614049 0.00512263
608.117 0.608905 0.00506624
608.455 0.629933 0.00537154
608.793 0.596776 0.00527867
609.131 0.58632 0.00488136
609.469 0.610188 0.00485956
609.806 0.631395 0.00500976
610.144 0.634142 0.00541492
610.482 0.600567 0.00532437
610.819 0.612536 0.0053654
611.157 0.615529 0.00540679
611.495 0.618564 0.00561007
611.832 0.609889 0.00558723
612.17 0.604372 0.00552144
612.507 0.612083 0.0054945
612.844 0.613344 0.00555793
613.182 0.609952 0.00555535
613.519 0.615244 0.00554504
613.856 0.614359 0.00552661
614.193 0.60392 0.00541036
614.53 0.609521 0.00532215
614.867 0.620902 0.00536579
615.205 0.623595 0.00564667
615.541 0.622445 0.00584534
615.878 0.604375 0.00600442
616.215 0.60098 0.00592642
616.552 0.609868 0.00603108
616.889 0.60314 0.00586002
617.226 0.61836 0.00587264
617.562 0.626617 0.00609965
617.899 0.631068 0.00649095
618.235 0.613416 0.00672924
618.572 0.602001 0.00691332
618.908 0.593906 0.0066284
619.245 0.602782 0.00640521
619.581 0.61874 0.00637568
619.918 0.655074 0.0071052
620.254 0.639127 0.00791707
620.59 0.596179 0.00776155
620.926 0.577584 0.00712311
621.262 0.600385 0.00685898
621.599 0.631547 0.00706671
621.935 0.609152 0.00685293
622.271 0.606973 0.00658417
622.606 0.619811 0.00650968
622.942 0.634744 0.00675094
623.278 0.614518 0.00683614
623.614 0.595412 0.00641276
623.95 0.617608 0.00650505
624.285 0.625681 0.00666948
624.621 0.630775 0.00706037
624.957 0.601318 0.00710796
625.292 0.615734 0.00741016
625.628 0.610959 0.0076047
625.963 0.600738 0.00759088
626.299 0.604273 0.00745643
626.634 0.604909 0.00734331
626.969 0.622945 0.00758981
627.304 0.63188 0.00828581
627.64 0.618976 0.00879625
627.975 0.584957 0.00838001
628.31 0.586237 0.00792985
628.645 0.617712 0.00795375
628.98 0.623686 0.00816774
629.315 0.62278 0.00831822
629.65 0.615653 0.00833649
629.985 0.609053 0.00826837
630.319 0.622824 0.00872697
630.654 0.605959 0.00870609
630.989 0.610502 0.00869586
631.323 0.614433 0.00887493
631.658 0.633691 0.00938024
631.993 0.615743 0.00964682
632.327 0.604892 0.00959788
632.662 0.609825 0.00958473
632.996 0.604589 0.00933183
633.33 0.614758 0.00927068
633.665 0.629779 0.00971189
633.999 0.619143 0.00992206
634.333 0.61622 0.00989662
634.667 0.614714 0.00991872
635.001 0.609174 0.00963334
635.335 0.606554 0.00924681
635.669 0.609421 0.00892468
636.003 0.628606 0.00919029
636.337 0.640262 0.00973872
636.671 0.633736 0.0101951
637.005 0.609796 0.0102723
637.339 0.613764 0.0102601
637.672 0.603501 0.00980245
638.006 0.616029 0.00964939
638.339 0.62713 0.00987788
638.673 0.628921 0.0102069
639.006 0.624943 0.0104942
639.34 0.617871 0.0104289
639.673 0.616123 0.0105627
640.007 0.621584 0.0105828
640.34 0.628286 0.0108253
640.673 0.622325 0.0108559
641.006 0.628224 0.0110675
641.34 0.617926 0.011096
641.673 0.627287 0.0114467
642.006 0.616269 0.0115412
642.339 0.610767 0.0112864
642.672 0.624084 0.0113386
643.004 0.621798 0.0113824
643.337 0.637021 0.0118921
643.67 0.614833 0.0116799
644.003 0.621807 0.0116309
644.336 0.612099 0.0114914
644.668 0.612271 0.0114724
645.001 0.626774 0.0118081
645.333 0.629831 0.012128
645.666 0.633971 0.0124188
645.998 0.618427 0.0125457
646.331 0.619529 0.0127477
646.663 0.620555 0.012627
646.995 0.592329 0.0115842
647.327 0.592795 0.0106424
647.66 0.619342 0.0102828
647.992 0.618397 0.0101179
648.324 0.622903 0.0101172
648.656 0.621654 0.0102476
648.988 0.631389 0.0107387
649.32 0.63088 0.0114824
649.652 0.610492 0.0118252
649.983 0.616115 0.0121354
650.315 0.612457 0.0121773
650.647 0.603868 0.0118142
650.979 0.602769 0.011265
651.31 0.609732 0.0108941
651.642 0.614515 0.0106912
651.973 0.625165 0.0107763
652.305 0.618564 0.0106786
652.636 0.63034 0.0109291
652.967 0.618821 0.0110735
653.299 0.611479 0.0112642
653.63 0.588601 0.0109266
653.961 0.569679 0.00998582
654.292 0.492424 0.007126
654.623 0.378594 0.00226475
654.955 0.900009 0.00342776
655.286 0.899954 0.00342754
655.616 0.899898 0.00342733
655.947 0.899841 0.00342711
656.278 0.899784 0.0034269
656.609 0.434309 0.00249151
656.94 0.376307 0.00306886
657.27 0.338606 0.0034129
657.601 0.35073 0.00400624
657.932 0.397285 0.00509996
658.262 0.45325 0.00663572
658.593 0.509038 0.0084356
658.923 0.551563 0.0102672
659.254 0.576268 0.0115927
659.584 0.585257 0.012404
659.914 0.604849 0.0132048
660.244 0.614245 0.0136393
660.575 0.608195 0.0134727
660.905 0.622971 0.0136556
661.235 0.626084 0.0134981
661.565 0.624586 0.013385
661.895 0.62235 0.0132847
662.225 0.614599 0.0134097
662.555 0.624436 0.0137042
662.884 0.620925 0.0135129
663.214 0.62692 0.0133907
663.544 0.630006 0.013284
663.873 0.624724 0.0130322
664.203 0.62687 0.0129124
664.533 0.621761 0.0125113
664.862 0.62596 0.0124662
665.192 0.641737 0.0129854
665.521 0.638862 0.0136596
665.85 0.626676 0.0139306
666.18 0.629892 0.0145416
666.509 0.628895 0.0144438
666.838 0.613322 0.0139266
667.167 0.630813 0.0139424
667.496 0.632896 0.0142061
667.825 0.629609 0.0142404
668.154 0.6368 0.0142977
668.483 0.624389 0.0140615
668.812 0.62989 0.0138601
669.141 0.625519 0.0136742
669.47 0.629146 0.0135449
669.798 0.641756 0.01382
670.127 0.611769 0.0135059
670.456 0.591573 0.01253
670.784 0.585702 0.0111833
671.113 0.597682 0.0103701
671.441 0.618295 0.0100786
671.77 0.630923 0.01035
672.098 0.628436 0.010736
672.426 0.643092 0.0120744
672.755 0.597608 0.0123759
673.083 0.591924 0.012491
673.411 0.601489 0.0125664
673.739 0.61196 0.0128608
674.067 0.624067 0.0136733
674.395 0.619352 0.01362
674.723 0.596826 0.0130219
675.051 0.624745 0.0131302
675.379 0.617075 0.0130386
675.706 0.632673 0.0133476
676.034 0.616561 0.0134739
676.362 0.613442 0.0135045
676.689 0.59561 0.0124996
677.017 0.603532 0.0117562
677.344 0.608508 0.0113397
677.672 0.63165 0.0117513
677.999 0.617256 0.0117581
678.327 0.60189 0.0113794
678.654 0.595726 0.0108283
678.981 0.607874 0.0106091
679.308 0.620385 0.0108032
679.636 0.63099 0.0114044
679.963 0.6277 0.011944
680.29 0.601289 0.0117218
680.617 0.590326 0.0113982
680.944 0.612902 0.0114418
681.271 0.636672 0.0119976
681.597 0.628886 0.0127304
681.924 0.617288 0.0134329
682.251 0.595855 0.0131457
682.578 0.580803 0.0122966
682.904 0.58934 0.011558
683.231 0.597352 0.0111735
683.557 0.603966 0.0109836
683.884 0.608102 0.0107067
684.21 0.595394 0.0103462
684.536 0.601494 0.0100592
684.863 0.608161 0.0099628
685.189 0.61536 0.0101907
685.515 0.626053 0.0108352
685.841 0.592643 0.0108874
686.167 0.580669 0.0107875
686.493 0.601015 0.0108437
686.819 0.601131 0.0109063
687.145 0.622235 0.0115806
687.471 0.621411 0.0124453
687.797 0.602178 0.0126621
688.123 0.587295 0.0124286
688.448 0.594605 0.0120955
688.774 0.59328 0.0117189
689.1 0.624431 0.0122262
689.425 0.616065 0.0126535
689.751 0.610689 0.012802
690.076 0.585476 0.0118369
690.402 0.59074 0.0111087
690.727 0.609912 0.0109391
691.052 0.628099 0.011392
691.377 0.615085 0.0116117
691.703 0.606526 0.0118226
692.028 0.590671 0.0116736
692.353 0.600565 0.0115222
692.678 0.603283 0.011637
693.003 0.633297 0.0123762
693.328 0.629079 0.0132456
693.652 0.610163 0.0136339
693.977 0.591274 0.0131005
694.302 0.57472 0.0121784
694.627 0.614713 0.0124189
694.951 0.628671 0.0130107
695.276 0.646395 0.0144626
695.6 0.599983 0.014168
695.925 0.563229 0.0120478
696.249 0.577428 0.0107564
696.574 0.605197 0.0104363
696.898 0.640418 0.0112244
697.222 0.614055 0.0116174
697.546 0.610479 0.0120496
697.871 0.591137 0.0121069
698.195 0.594196 0.0122272
698.519 0.600345 0.0126013
698.843 0.614502 0.0131139
699.167 0.599587 0.0134405
699.491 0.609641 0.0140689
699.814 0.599141 0.01406
700.138 0.600862 0.0141232
700.462 0.617744 0.014557
700.786 0.606561 0.014233
701.109 0.590482 0.013697
701.433 0.608744 0.0134255
701.756 0.613486 0.0129966
702.08 0.620456 0.0130713
702.403 0.63638 0.0135077
702.726 0.628602 0.0139946
703.05 0.610739 0.014131
703.373 0.611552 0.0143052
703.696 0.608847 0.0142856
704.019 0.613043 0.0148349
704.342 0.623914 0.0155117
704.665 0.621786 0.0161246
704.988 0.60964 0.0158619
705.311 0.584387 0.0145756
705.634 0.577924 0.0130142
705.957 0.597085 0.0119807
706.28 0.605568 0.0111772
706.602 0.622002 0.0112104
706.925 0.622731 0.0114528
707.247 0.61386 0.0118241
707.57 0.612677 0.0122785
707.892 0.610907 0.0126792
708.215 0.609733 0.013286
708.537 0.581761 0.0132971
708.859 0.596131 0.0135372
709.182 0.591389 0.0133437
709.504 0.596589 0.0130495
709.826 0.609114 0.0130203
710.148 0.607345 0.0130538
710.47 0.61684 0.0135294
710.792 0.622308 0.0140913
711.114 0.622804 0.0145695
711.436 0.607041 0.014704
711.758 0.590049 0.0142621
712.079 0.598718 0.0142023
712.401 0.596356 0.0134749
712.723 0.596416 0.0129864
713.044 0.579328 0.0120583
713.366 0.600975 0.0121448
713.687 0.617532 0.012411
714.009 0.603913 0.0126064
714.33 0.603713 0.0128869
714.652 0.614228 0.0133681
714.973 0.610814 0.0137928
715.294 0.609209 0.014483
715.615 0.619992 0.015545
715.936 0.6124 0.0156761
716.257 0.619092 0.0159131
716.578 0.619554 0.016026
716.899 0.620725 0.0156836
717.22 0.598219 0.0144034
717.541 0.607129 0.0141213
717.862 0.618953 0.0142103
718.182 0.598423 0.0139451
718.503 0.606186 0.0137302
718.824 0.624111 0.0141301
719.144 0.626495 0.0143834
719.465 0.600099 0.0143987
719.785 0.589638 0.0139782
720.105 0.605442 0.0139782
720.426 0.597174 0.0137102
720.746 0.616879 0.014171
721.066 0.619106 0.0142221
721.386 0.604003 0.0141915
721.706 0.606471 0.014634
722.026 0.610626 0.0150737
722.346 0.60635 0.0151458
722.666 0.613538 0.015036
722.986 0.611534 0.014639
723.306 0.614177 0.0147852
723.626 0.615424 0.0150936
723.946 0.606996 0.01496
724.265 0.584656 0.0138971
724.585 0.594671 0.0132767
724.904 0.613603 0.0133862
725.224 0.603188 0.0133075
725.543 0.596417 0.0132298
725.863 0.607487 0.01348
726.182 0.613412 0.0140955
726.501 0.588024 0.0140181
726.82 0.593337 0.014174
727.14 0.580874 0.0134812
727.459 0.589991 0.0131768
727.778 0.591568 0.013116
728.097 0.606282 0.0134597
728.416 0.589247 0.0131193
728.734 0.595012 0.0127642
729.053 0.586678 0.0125502
729.372 0.595003 0.0126129
729.691 0.570463 0.0120388
730.009 0.572899 0.0114845
730.328 0.579216 0.0112079
730.647 0.592453 0.0113481
730.965 0.602935 0.0118492
731.283 0.599316 0.0122574
731.602 0.571102 0.0121047
731.92 0.57607 0.0119412
732.238 0.569063 0.0115825
732.557 0.583933 0.0116254
732.875 0.567092 0.0111788
733.193 0.573065 0.0105674
733.511 0.579725 0.0103857
733.829 0.597004 0.0108555
734.147 0.595346 0.0115534
734.465 0.581805 0.0119407
734.782 0.563964 0.0117456
735.1 0.569683 0.0114743
735.418 0.586776 0.0116356
735.735 0.582947 0.0116325
736.053 0.56953 0.0113704
736.371 0.577973 0.0115728
736.688 0.583232 0.0120489
737.005 0.590548 0.0128628
737.323 0.573635 0.0131621
737.64 0.569806 0.0131331
737.957 0.547909 0.0122099
738.274 0.557217 0.0113014
738.592 0.583153 0.01128
738.909 0.592235 0.0116538
739.226 0.595911 0.0127324
739.543 0.574678 0.0134777
739.86 0.589065 0.0144387
740.176 0.590505 0.0148317
740.493 0.591439 0.0152916
740.81 0.57869 0.0151736
741.127 0.566747 0.0148576
741.443 0.579701 0.0142378
741.76 0.577938 0.0137451
742.076 0.604347 0.01418
742.393 0.617571 0.0151032
742.709 0.611144 0.0158561
743.025 0.604725 0.0160632
743.342 0.591788 0.0157445
743.658 0.592921 0.0154562
743.974 0.59808 0.015094
744.29 0.599521 0.0150968
744.606 0.599593 0.015259
744.922 0.587684 0.0151338
745.238 0.593673 0.0152569
745.554 0.592936 0.0156164
745.87 0.588673 0.015724
746.186 0.570788 0.0148454
746.501 0.577841 0.0143873
746.817 0.596804 0.0148544
747.132 0.612085 0.0161474
747.448 0.581794 0.0163613
747.763 0.559659 0.0158073
748.079 0.563968 0.0152077
748.394 0.568299 0.0142313
748.71 0.567608 0.013241
749.025 0.555998 0.0123383
749.34 0.561408 0.012237
749.655 0.567065 0.0125676
749.97 0.574054 0.0131
750.285 0.556348 0.0129363
750.6 0.551018 0.012599
750.915 0.554282 0.0123222
751.23 0.563741 0.0126716
751.545 0.56412 0.0131967
751.859 0.55505 0.0135833
752.174 0.550702 0.013688
752.489 0.551005 0.0130024
752.803 0.541008 0.0121105
753.118 0.55888 0.0122166
753.432 0.566815 0.0127157
753.747 0.547022 0.0129548
754.061 0.531637 0.0123385
754.375 0.524704 0.0117447
754.689 0.539468 0.0115381
755.004 0.558862 0.0117248
755.318 0.539257 0.0112662
755.632 0.52645 0.0105887
755.946 0.530833 0.0104406
756.26 0.520203 0.00987343
756.573 0.5323 0.00955589
756.887 0.5296 0.00924145
757.201 0.540588 0.00953498
757.515 0.544023 0.0104778
757.828 0.528183 0.0110724
758.142 0.505849 0.0107999
758.455 0.505423 0.0100257
758.769 0.515299 0.00958674
759.082 0.515346 0.00932639
759.396 0.523159 0.00925559
759.709 0.515475 0.00911611
760.022 0.534264 0.00936269
760.335 0.531328 0.00982763
760.648 0.517155 0.010421
760.962 0.517605 0.0111904
761.275 0.503518 0.0115839
761.587 0.50529 0.0117553
761.9 0.530037 0.0120702
762.213 0.518864 0.0115523
762.526 0.518386 0.0111304
762.839 0.521743 0.0111217
763.151 0.527074 0.0108555
763.464 0.505608 0.0100561
763.776 0.511093 0.0093914
764.089 0.529974 0.00936132
764.401 0.526026 0.00965775
764.714 0.532878 0.0102921
765.026 0.517278 0.0108234
765.338 0.517097 0.0115224
765.65 0.51135 0.0123328
765.962 0.50077 0.0127719
766.275 0.503411 0.0132636
766.587 0.512842 0.0134315
766.898 0.506731 0.0129227
767.21 0.516776 0.0122788
767.522 0.516013 0.0113843
767.834 0.526541 0.0110785
768.146 0.529854 0.0111936
768.457 0.544669 0.0120425
768.769 0.523673 0.0124368
769.08 0.513623 0.0123726
769.392 0.515344 0.0119451
769.703 0.500918 0.0111673
770.015 0.514292 0.0108837
770.326 0.52116 0.0109774
770.637 0.519064 0.0113515
770.948 0.512566 0.0121038
771.26 0.508613 0.0128144
771.571 0.504692 0.0129048
771.882 0.502241 0.0125606
772.193 0.541825 0.0131784
772.504 0.534016 0.0134105
772.814 0.52625 0.0135783
773.125 0.522108 0.0138047
773.436 0.518655 0.0141542
773.747 0.526865 0.0145869
774.057 0.520442 0.0148078
774.368 0.54524 0.0153949
774.678 0.543706 0.015774
774.989 0.52919 0.0158062
775.299 0.562144 0.0168392
775.609 0.545377 0.0164012
775.919 0.570299 0.0166342
776.23 0.567301 0.0166105
776.54 0.548329 0.0161921
776.85 0.556624 0.0164856
777.16 0.536317 0.0157014
777.47 0.529144 0.0147858
777.78 0.534549 0.0142061
778.089 0.534475 0.0134912
778.399 0.519831 0.0132208
778.709 0.52957 0.0139597
779.019 0.543918 0.0150769
779.328 0.533557 0.0157404
779.638 0.509752 0.0151819
779.947 0.50357 0.0137554
780.257 0.504286 0.012557
780.566 0.51938 0.0122666
780.875 0.513219 0.0124723
781.185 0.526091 0.0134286
781.494 0.499598 0.0133023
781.803 0.512849 0.0138377
782.112 0.510832 0.0140125
782.421 0.523205 0.0139949
782.73 0.498897 0.0133061
783.039 0.515206 0.0136934
783.348 0.513717 0.014765
783.656 0.505327 0.0154485
783.965 0.500186 0.0156001
784.274 0.504212 0.0150678
784.582 0.503088 0.0145835
784.891 0.518525 0.0147182
785.199 0.526137 0.0150505
785.508 0.517452 0.0153368
785.816 0.511518 0.0155259
786.124 0.520241 0.0153121
786.432 0.503486 0.0143238
786.741 0.512582 0.0139002
787.049 0.520634 0.0139262
787.357 0.519688 0.0141264
787.665 0.487593 0.0136009
787.973 0.50918 0.0140251
788.281 0.521232 0.0144855
788.588 0.502069 0.0149737
788.896 0.521375 0.0162078
789.204 0.523566 0.0169017
789.511 0.513569 0.0167849
789.819 0.531498 0.0173866
790.126 0.544137 0.0175995
790.434 0.536992 0.0174795
790.741 0.540669 0.017495
791.049 0.538733 0.0174452
791.356 0.553212 0.0182519
791.663 0.539729 0.0183533
791.97 0.554577 0.0186524
792.277 0.539275 0.0180516
792.584 0.524569 0.0168649
792.891 0.512172 0.0147394
793.198 0.504178 0.0135747
793.505 0.506194 0.0133357
793.812 0.495261 0.013564
794.119 0.480661 0.0136698
794.425 0.491113 0.014228
794.732 0.49434 0.0149253
795.038 0.524841 0.0169904
795.345 0.516121 0.0181184
795.651 0.52007 0.0191627
795.958 0.528204 0.0193512
796.264 0.494141 0.0174658
796.57 0.545314 0.0176767
796.876 0.546942 0.017551
797.183 0.548581 0.0179023
797.489 0.549174 0.0186472
797.795 0.53994 0.0186551
798.101 0.547977 0.0187104
798.406 0.534315 0.0185738
798.712 0.553392 0.0194608
799.018 0.566837 0.0200035
799.324 0.5636 0.0199986
799.629 0.56526 0.0201184
799.935 0.554984 0.0200825
800.24 0.57651 0.0208577
800.546 0.565592 0.0206663
800.851 0.539411 0.020366
801.157 0.575023 0.0219283
801.462 0.577546 0.0221895
801.767 0.603021 0.0227815
802.072 0.566137 0.0212175
802.377 0.574414 0.0205661
802.682 0.557874 0.0199414
802.987 0.579074 0.020881
803.292 0.572126 0.021286
803.597 0.561175 0.0212607
803.902 0.583287 0.021621
804.207 0.571981 0.0212765
804.511 0.560661 0.020742
804.816 0.54072 0.0191392
805.12 0.520662 0.0175482
805.425 0.492385 0.0160733
805.729 0.524016 0.0167114
806.034 0.521276 0.0173128
806.338 0.537424 0.0185808
806.642 0.540532 0.0191089
806.946 0.522549 0.0185983
807.251 0.539056 0.0190634
807.555 0.537342 0.0187302
807.859 0.524125 0.0183579
808.162 0.555949 0.0194558
808.466 0.545071 0.0199202
808.77 0.55677 0.0206662
809.074 0.569281 0.0216118
809.378 0.566838 0.0216029
809.681 0.549234 0.0210974
809.985 0.570937 0.0218582
810.288 0.60456 0.0227434
810.592 0.592663 0.0223497
810.895 0.563908 0.0223185
811.198 0.591151 0.0238618
811.502 0.625036 0.0248929
811.805 0.621617 0.0255068
812.108 0.60464 0.0240107
812.411 0.590197 0.0230195
812.714 0.587996 0.0214083
813.017 0.541609 0.0194445
813.32 0.547087 0.0195136
813.623 0.543253 0.0200593
813.926 0.575653 0.0221446
814.228 0.601411 0.0238451
814.531 0.632036 0.0252284
814.833 0.573769 0.0238526
815.136 0.577635 0.0240784
815.438 0.608632 0.0249979
815.741 0.600355 0.023798
816.043 0.602778 0.0235559
816.345 0.610373 0.0235444
816.648 0.590313 0.0233429
816.95 0.614771 0.0241873
817.252 0.601008 0.0244522
817.554 0.601601 0.0245166
817.856 0.622559 0.0254726
818.158 0.616294 0.0255642
818.46 0.637835 0.0266667
818.761 0.635386 0.0265184
819.063 0.605343 0.0254346
819.365 0.631119 0.0252033
819.666 0.593242 0.0232134
819.968 0.575418 0.0221078
820.269 0.583037 0.0220132
820.571 0.577353 0.0224799
820.872 0.602633 0.0238353
821.173 0.596624 0.0246583
821.475 0.655566 0.0268422
821.776 0.621984 0.0260103
822.077 0.608962 0.0255866
822.378 0.645608 0.0265292
822.679 0.668186 0.0274308
822.98 0.628277 0.0263519
823.281 0.655329 0.0277861
823.581 0.64806 0.0273528
823.882 0.662408 0.0280078
824.183 0.637188 0.0271908
824.483 0.604304 0.0255383
824.784 0.608256 0.0245692
825.084 0.635801 0.0255697
825.385 0.63883 0.0259665
825.685 0.641635 0.0265831
825.985 0.61722 0.0258496
826.286 0.588737 0.0248993
826.586 0.562718 0.0238654
826.886 0.599068 0.0246699
827.186 0.617371 0.0254116
827.486 0.631687 0.026568
827.786 0.675559 0.0278938
828.086 0.623988 0.0265385
828.386 0.639879 0.0265231
828.685 0.634968 0.0262749
828.985 0.647343 0.0273225
829.285 0.683144 0.0282617
829.584 0.664 0.0283131
829.884 0.640648 0.0282347
830.183 0.711535 0.0313069
830.482 0.71404 0.0310197
830.782 0.70664 0.0309897
831.081 0.739553 0.0329032
831.38 0.706497 0.0311196
831.679 0.7015 0.0310797
831.978 0.782863 0.032885
832.277 0.720382 0.0305288
832.576 0.668462 0.0288549
832.875 0.67505 0.028979
833.174 0.671825 0.0287283
833.472 0.632169 0.0280784
833.771 0.705802 0.0300723
834.07 0.661237 0.0284157
834.368 0.679185 0.0290805
834.667 0.704747 0.030405
834.965 0.705755 0.0308836
835.263 0.726102 0.0313678
835.562 0.700216 0.0308175
835.86 0.685847 0.0302182
836.158 0.697672 0.0308243
836.456 0.72596 0.0322713
836.754 0.712604 0.0318836
837.052 0.816286 0.0352079
837.35 0.712463 0.032255
837.648 0.732325 0.0331352
837.946 0.774715 0.0343711
838.243 0.788997 0.0346963
838.541 0.730856 0.0325162
838.839 0.773742 0.0335057
839.136 0.738528 0.0326655
839.434 0.755068 0.0328284
839.731 0.756134 0.0337358
840.028 0.72026 0.0321714
840.326 0.747676 0.0331901
840.623 0.737974 0.032944
840.92 0.71864 0.0328225
841.217 0.793731 0.0354631
841.514 0.790803 0.0355954
841.811 0.702901 0.0324511
842.108 0.797985 0.0355928
842.405 0.796682 0.0358292
842.701 0.794822 0.0359523
842.998 0.725387 0.0332886
843.295 0.767867 0.0349983
843.591 0.770315 0.0351306
843.888 0.763718 0.0345754
844.184 0.756853 0.0346191
844.481 0.748316 0.0338587
844.777 0.746443 0.0339819
845.073 0.73547 0.0339855
845.369 0.819385 0.0362319
845.665 0.83416 0.0370914
845.962 0.738324 0.034211
846.258 0.817207 0.0366892
846.553 0.826138 0.0369427
846.849 0.813474 0.0367216
847.145 0.802844 0.0352954
847.441 0.722055 0.0336733
847.737 0.739062 0.0337852
848.032 0.760286 0.0349214
848.328 0.790716 0.0357772
848.623 0.816694 0.0368457
848.919 0.76132 0.034782
849.214 0.75551 0.0342537
849.509 0.762334 0.0349213
849.805 0.785673 0.0361632
850.1 0.838961 0.0382049
850.395 0.767685 0.0364249
850.69 0.832117 0.0381866
850.985 0.758849 0.0351726
851.28 0.757155 0.0349875
851.575 0.827921 0.0370328
851.869 0.816205 0.0366443
852.164 0.787998 0.0354691
852.459 0.725213 0.0330933
852.753 0.770576 0.0336381
853.048 0.686697 0.030107
853.342 0.701567 0.03022
853.637 0.683001 0.0303532
853.931 0.689018 0.0301595
854.225 0.648466 0.0291299
854.52 0.698481 0.0313589
854.814 0.743338 0.0324577
855.108 0.659756 0.0295864
855.402 0.695431 0.0309316
855.696 0.709803 0.0321441
855.99 0.765708 0.0339244
856.283 0.723096 0.0322435
856.577 0.761654 0.0338486
856.871 0.713122 0.0324936
857.164 0.757054 0.0338436
857.458 0.78848 0.0356862
857.751 0.740125 0.033975
858.045 0.749472 0.033774
858.338 0.788437 0.0352068
858.632 0.722522 0.0329315
858.925 0.751964 0.0344774
859.218 0.760697 0.0345294
859.511 0.846465 0.0379485
859.804 0.795084 0.0364109
860.097 0.740955 0.0342185
860.39 0.803616 0.0366818
860.683 0.816132 0.0368098
860.976 0.788572 0.0364728
861.268 0.79084 0.0359607
861.561 0.83142 0.0379284
861.854 0.867645 0.0399002
862.146 0.800809 0.0369712
862.439 0.845335 0.0377796
862.731 0.796248 0.0357685
863.023 0.825823 0.0376066
863.316 0.80004 0.0363471
863.608 0.787118 0.0362408
863.9 0.81988 0.0370108
864.192 0.780095 0.0352454
864.484 0.79466 0.0364239
864.776 0.790011 0.0366394
865.068 0.84075 0.0375638
865.36 0.779027 0.0360641
865.651 0.820489 0.0379836
865.943 0.801025 0.0368366
866.235 0.803827 0.037088
866.526 0.827239 0.0386383
866.818 0.824339 0.0372768
867.109 0.771738 0.0358467
867.4 0.812039 0.0374785
867.692 0.823906 0.0379576
867.983 0.824582 0.0376055
868.274 0.839419 0.0384183
868.565 0.812296 0.0373104
868.856 0.787488 0.0369766
869.147 0.793518 0.0370173
869.438 0.805823 0.0372027
869.729 0.841639 0.038248
870.02 0.883193 0.0407257
870.31 0.810961 0.0378075
870.601 0.7931 0.0368501
870.892 0.742617 0.035292
871.182 0.756202 0.0354634
871.473 0.841666 0.0382271
871.763 0.771751 0.0357273
872.053 0.754958 0.0357527
872.343 0.818258 0.037164
872.634 0.820139 0.0375808
872.924 0.847007 0.0374324
873.214 0.79991 0.0371213
873.504 0.811994 0.0379027
873.794 0.888408 0.0406365
874.084 0.809864 0.0386867
874.373 0.814486 0.0378205
874.663 0.791081 0.0363905
874.953 0.789809 0.0375708
875.242 0.801262 0.0373326
875.532 0.808065 0.0371828
875.821 0.807331 0.0373969
876.111 0.808527 0.0372827
876.4 0.835894 0.0383826
876.689 0.807047 0.0374638
876.978 0.824437 0.0378793
877.268 0.814969 0.037728
877.557 0.794318 0.0376767
877.846 0.802623 0.0377464
878.134 0.823404 0.0385789
878.423 0.823555 0.038586
878.712 0.823707 0.0385931
