178.41 0.735054 0.13262
178.791 0.739708 0.13346
179.172 0.744329 0.134293
179.553 0.616196 0.616196
179.934 0.588777 0.588777
180.316 0.556944 0.556944
180.697 0.324033 0.324033
181.078 0.715095 0.715095
181.459 0.395295 0.395295
181.84 0.476204 0.476204
182.221 1.9833 1.9833
182.602 0.36694 0.36694
182.983 2.49321 0.714977
183.364 0.589763 0.136273
183.744 0.410693 0.0717977
184.125 0.354844 0.0578918
184.506 0.466118 0.0543544
184.887 0.580626 0.0540967
185.268 0.529407 0.0444707
185.648 0.510065 0.0422552
186.029 0.59657 0.0435882
186.41 0.599337 0.0425469
186.791 0.60281 0.0410075
187.171 0.548514 0.0334584
187.552 0.458777 0.0248957
187.932 0.524243 0.0270982
188.313 0.453842 0.0235487
188.694 0.486265 0.0243614
189.074 0.495806 0.0237166
189.455 0.484809 0.0228013
189.835 0.497766 0.0237562
190.216 0.530448 0.0238776
190.596 0.484151 0.0218312
190.977 0.487379 0.0217338
191.357 0.475608 0.0215331
191.737 0.499659 0.0217951
192.118 0.500908 0.0217153
192.498 0.499383 0.0210096
192.878 0.48394 0.0208413
193.258 0.465172 0.0200806
193.639 0.46281 0.0197811
194.019 0.481252 0.0203492
194.399 0.492637 0.0204108
194.779 0.449966 0.018725
195.159 0.488111 0.0200679
195.54 0.436201 0.0184023
195.92 0.452506 0.0187985
196.3 0.441636 0.0183023
196.68 0.452353 0.0186155
197.06 0.443541 0.0183233
197.44 0.45568 0.0183941
197.82 0.430534 0.0177389
198.2 0.429511 0.0177096
198.58 0.396546 0.0165673
198.959 0.39961 0.0166011
199.339 0.410376 0.0168962
199.719 0.39803 0.0163214
200.099 0.390989 0.0162152
200.479 0.394463 0.016241
200.858 0.392669 0.0159652
201.238 0.385124 0.015564
201.618 0.400012 0.0160401
201.998 0.368592 0.0150285
202.377 0.364932 0.0149535
202.757 0.361662 0.0146908
203.136 0.363994 0.0146425
203.516 0.352262 0.01419
203.896 0.348848 0.0139472
204.275 0.325508 0.0132068
204.655 0.328268 0.0132878
205.034 0.337251 0.01331
205.414 0.323932 0.0128812
205.793 0.330683 0.0128981
206.172 0.32301 0.0127592
206.552 0.318842 0.0124605
206.931 0.307542 0.0120501
207.31 0.315857 0.0120803
207.69 0.320093 0.0120639
208.069 0.309044 0.011697
208.448 0.307166 0.0115145
208.827 0.30618 0.01143
209.207 0.299538 0.0112757
209.586 0.290334 0.0108107
209.965 0.290309 0.0107761
210.344 0.293873 0.0106839
210.723 0.286591 0.0104211
211.102 0.283897 0.0101925
211.481 0.277631 0.0100262
211.86 0.283464 0.0100302
212.239 0.281695 0.00989782
212.618 0.276281 0.00966052
212.997 0.268262 0.00936402
213.376 0.276338 0.00946996
213.755 0.27682 0.00934511
214.134 0.2692 0.00909076
214.513 0.261559 0.00881576
214.891 0.275529 0.00898771
215.27 0.262401 0.00860609
215.649 0.264519 0.0085697
216.028 0.262793 0.00839418
216.406 0.257272 0.00821901
216.785 0.252548 0.00801069
217.164 0.261052 0.00806291
217.542 0.250957 0.00773974
217.921 0.244247 0.00753781
218.3 0.247264 0.00755736
218.678 0.240619 0.00733786
219.057 0.244028 0.00725808
219.435 0.241418 0.00710052
219.814 0.241515 0.00704961
220.192 0.245878 0.00699835
220.57 0.245662 0.00691325
220.949 0.241922 0.00674532
221.327 0.240831 0.00661818
221.705 0.245563 0.00661447
222.084 0.229958 0.00626198
222.462 0.231137 0.00620322
222.84 0.23683 0.00622731
223.218 0.229323 0.00597525
223.597 0.231287 0.00594014
223.975 0.232741 0.0058515
224.353 0.231999 0.005778
224.731 0.230534 0.00566692
225.109 0.231616 0.00556546
225.487 0.226672 0.00542748
225.865 0.228151 0.00536189
226.243 0.229203 0.00530601
226.621 0.228732 0.00523074
226.999 0.224819 0.00507958
227.377 0.227951 0.00506517
227.755 0.228618 0.0050064
228.133 0.227119 0.00492658
228.511 0.227705 0.00487423
228.889 0.225535 0.00475819
229.266 0.226647 0.00472464
229.644 0.226007 0.00462508
230.022 0.222998 0.00453471
230.4 0.224263 0.00450471
230.777 0.226608 0.0044851
231.155 0.223379 0.00439515
231.533 0.225924 0.00435753
231.91 0.224667 0.00428657
232.288 0.225265 0.0042516
232.665 0.222576 0.00417175
233.043 0.224612 0.00415122
233.42 0.220754 0.00405979
233.798 0.226577 0.00408292
234.175 0.224856 0.0040144
234.553 0.225528 0.00397759
234.93 0.225846 0.00394052
235.307 0.225382 0.00390458
235.685 0.227531 0.00389113
236.062 0.226217 0.00383454
236.439 0.226546 0.00381835
236.816 0.227795 0.00378203
237.194 0.227814 0.00374215
237.571 0.228707 0.00371683
237.948 0.229495 0.00370355
238.325 0.23104 0.00367487
238.702 0.227459 0.00362475
239.079 0.23257 0.00362889
239.456 0.231136 0.00359351
239.833 0.235008 0.00360012
240.21 0.232865 0.00355057
240.587 0.233797 0.00354119
240.964 0.233726 0.00351177
241.341 0.232576 0.00347352
241.718 0.23169 0.00343408
242.095 0.235043 0.0034578
242.472 0.235154 0.0034312
242.849 0.235858 0.00341068
243.225 0.233793 0.00336612
243.602 0.234984 0.00335769
243.979 0.236722 0.00335844
244.356 0.23767 0.00335134
244.732 0.237909 0.00331888
245.109 0.23836 0.00329876
245.486 0.241782 0.00331774
245.862 0.24088 0.00329519
246.239 0.239881 0.00325483
246.615 0.24042 0.00325258
246.992 0.240747 0.00323095
247.368 0.243662 0.00325043
247.745 0.243086 0.00321921
248.121 0.244386 0.00320581
248.497 0.246701 0.00321575
248.874 0.245029 0.00318542
249.25 0.244283 0.00315258
249.626 0.246269 0.00316014
250.003 0.244682 0.00313145
250.379 0.245065 0.00310338
250.755 0.248392 0.00312708
251.131 0.247972 0.00310251
251.507 0.246361 0.0030883
251.884 0.247896 0.00307663
252.26 0.248707 0.00308245
252.636 0.247185 0.00304502
253.012 0.250747 0.00305571
253.388 0.251537 0.0030513
253.764 0.251354 0.00303772
254.14 0.252991 0.00304034
254.516 0.252196 0.00303142
254.892 0.252472 0.00301773
255.268 0.254381 0.0030259
255.643 0.254859 0.00301603
256.019 0.254258 0.00301024
256.395 0.256581 0.00301765
256.771 0.253586 0.00297811
257.147 0.258258 0.00300201
257.522 0.257885 0.00299509
257.898 0.258515 0.00299381
258.274 0.257891 0.00298246
258.649 0.260094 0.00299334
259.025 0.260151 0.00297723
259.4 0.262336 0.00298808
259.776 0.2616 0.00297467
260.151 0.264001 0.00299834
260.527 0.26276 0.00297796
260.902 0.264209 0.00297804
261.278 0.266849 0.00298656
261.653 0.265635 0.00297967
262.028 0.265537 0.00298199
262.404 0.267661 0.00298016
262.779 0.268475 0.00297721
263.154 0.268981 0.00297477
263.53 0.268823 0.00296578
263.905 0.26939 0.00297467
264.28 0.271239 0.00298332
264.655 0.270299 0.00296948
265.03 0.27174 0.00298657
265.405 0.272054 0.00297835
265.781 0.274877 0.00299731
266.156 0.273569 0.00298697
266.531 0.273113 0.00296872
266.906 0.276535 0.00300377
267.281 0.279454 0.00300464
267.655 0.277954 0.00300776
268.03 0.279089 0.00301558
268.405 0.280121 0.00301713
268.78 0.280998 0.00302177
269.155 0.280694 0.00301342
269.53 0.280377 0.00302211
269.904 0.281576 0.00302514
270.279 0.283405 0.00303688
270.654 0.283284 0.0030276
271.029 0.284199 0.00303823
271.403 0.283612 0.00302652
271.778 0.286602 0.00305107
272.152 0.291017 0.00307741
272.527 0.289368 0.00306598
272.901 0.288845 0.00305122
273.276 0.290713 0.0030541
273.65 0.291154 0.00306602
274.025 0.291348 0.00305907
274.399 0.293662 0.00308591
274.774 0.29401 0.0030806
275.148 0.293458 0.00306798
275.522 0.297629 0.00309797
275.897 0.295293 0.00308412
276.271 0.298997 0.0031065
276.645 0.298745 0.0030962
277.019 0.297399 0.00308084
277.393 0.298219 0.00307676
277.768 0.301418 0.00310785
278.142 0.300714 0.00310111
278.516 0.300522 0.00310558
278.89 0.30277 0.00311103
279.264 0.305732 0.00313624
279.638 0.304115 0.0031128
280.012 0.306661 0.0031313
280.386 0.309495 0.00316218
280.76 0.308134 0.00314323
281.133 0.311155 0.00316439
281.507 0.311876 0.00316551
281.881 0.312721 0.00316255
282.255 0.313277 0.0031698
282.629 0.314429 0.00318483
283.002 0.314769 0.00318828
283.376 0.315434 0.00318291
283.75 0.317886 0.0032061
284.123 0.318057 0.00319578
284.497 0.319736 0.00321004
284.87 0.320622 0.00321777
285.244 0.319904 0.00320825
285.618 0.321864 0.00322633
285.991 0.32245 0.0032429
286.364 0.326155 0.00326026
286.738 0.326659 0.00326218
287.111 0.327494 0.00326773
287.485 0.326003 0.00326212
287.858 0.329006 0.00328935
288.231 0.328103 0.00327907
288.605 0.334648 0.00332069
288.978 0.33137 0.00329735
289.351 0.332358 0.00331943
289.724 0.333013 0.00332258
290.097 0.33521 0.00333751
290.47 0.337568 0.00336004
290.843 0.339253 0.00336724
291.217 0.338764 0.00336548
291.59 0.341871 0.0034043
291.963 0.339433 0.00338466
292.336 0.341692 0.00340675
292.708 0.34201 0.00341483
293.081 0.345808 0.00344954
293.454 0.346098 0.00343579
293.827 0.344133 0.0034362
294.2 0.348831 0.00348213
294.573 0.348879 0.00347126
294.945 0.347856 0.00348665
295.318 0.35074 0.00349972
295.691 0.353474 0.0035219
296.064 0.352484 0.00352341
296.436 0.352231 0.00351966
296.809 0.356062 0.00352924
297.181 0.357057 0.00355314
297.554 0.355221 0.0035494
297.926 0.357992 0.00356605
298.299 0.357155 0.00356568
298.671 0.360085 0.00356469
299.044 0.360112 0.00358435
299.416 0.362356 0.00360094
299.788 0.357647 0.00357191
300.161 0.359263 0.00359572
300.533 0.36297 0.00360919
300.905 0.361305 0.00358719
301.278 0.36446 0.00361039
301.65 0.364444 0.00360626
302.022 0.363216 0.00360803
302.394 0.364784 0.00362165
302.766 0.365286 0.00361903
303.138 0.365466 0.00363415
303.51 0.364494 0.00361986
303.882 0.365439 0.00362
304.254 0.365211 0.00362598
304.626 0.366475 0.00362134
304.998 0.366696 0.00362135
305.37 0.368811 0.00365208
305.742 0.365722 0.00362312
306.114 0.367486 0.00363028
306.485 0.36655 0.00362647
306.857 0.365918 0.00362075
307.229 0.365954 0.00363359
307.601 0.367117 0.00363836
307.972 0.365093 0.00362458
308.344 0.364271 0.00361596
308.716 0.364534 0.00363219
309.087 0.367852 0.00364409
309.459 0.363991 0.00363041
309.83 0.365633 0.00363907
310.202 0.362137 0.00361575
310.573 0.363282 0.00362357
310.945 0.364282 0.00362604
311.316 0.363955 0.00364175
311.687 0.361838 0.00361658
312.059 0.362555 0.00363287
312.43 0.361527 0.00362112
312.801 0.361362 0.00363307
313.172 0.359962 0.00362825
313.544 0.359288 0.00362859
313.915 0.357273 0.0035954
314.286 0.359944 0.00362448
314.657 0.353176 0.00358229
315.028 0.355118 0.00359972
315.399 0.354574 0.00359576
315.77 0.350682 0.00357093
316.141 0.352309 0.00359409
316.512 0.349759 0.00358053
316.883 0.347554 0.00357643
317.254 0.34643 0.00356704
317.625 0.347692 0.00359556
317.996 0.342666 0.00354993
318.366 0.343391 0.0035625
318.737 0.341978 0.00355159
319.108 0.341019 0.00355885
319.478 0.342068 0.0035655
319.849 0.337327 0.00353903
320.22 0.334741 0.00352891
320.59 0.332894 0.00351714
320.961 0.331183 0.00351412
321.331 0.329296 0.00350456
321.702 0.328262 0.00351678
322.072 0.326127 0.00351592
322.443 0.323468 0.00349462
322.813 0.319301 0.0034656
323.184 0.317411 0.00346502
323.554 0.317261 0.0034752
323.924 0.318372 0.00347948
324.295 0.311529 0.00345858
324.665 0.309955 0.00345235
325.035 0.307421 0.00343371
325.405 0.304616 0.00343207
325.775 0.305228 0.00345222
326.145 0.29846 0.00341047
326.515 0.298176 0.00341513
326.886 0.298209 0.00343259
327.256 0.294828 0.00341633
327.626 0.292797 0.00342559
327.995 0.291903 0.0034288
328.365 0.286828 0.00340361
328.735 0.283566 0.0034012
329.105 0.282417 0.00343108
329.475 0.281524 0.00345256
329.845 0.279999 0.00349299
330.215 0.277994 0.0034674
330.584 0.27898 0.00344007
330.954 0.272878 0.00332184
331.324 0.26687 0.00319258
331.693 0.266086 0.00313318
332.063 0.262189 0.00307666
332.432 0.260559 0.00305126
332.802 0.261194 0.00308006
333.171 0.259523 0.00311048
333.541 0.257981 0.00315908
333.91 0.256997 0.00316907
334.28 0.25522 0.00317618
334.649 0.254173 0.00317885
335.018 0.254853 0.00319395
335.388 0.255043 0.00320545
335.757 0.253317 0.00319504
336.126 0.251814 0.003197
336.495 0.249934 0.00317428
336.865 0.253771 0.00321179
337.234 0.254312 0.00323339
337.603 0.252615 0.00321602
337.972 0.254237 0.00323375
338.341 0.257751 0.0032507
338.71 0.259942 0.00326226
339.079 0.262919 0.00329279
339.448 0.264249 0.0032959
339.817 0.26864 0.00333139
340.186 0.26789 0.00332883
340.554 0.271614 0.0033475
340.923 0.278868 0.003399
341.292 0.279809 0.00340794
341.661 0.287542 0.00345904
342.029 0.291315 0.00347563
342.398 0.297536 0.00351727
342.767 0.3038 0.00356776
343.135 0.312479 0.00361566
343.504 0.316706 0.00365138
343.872 0.324487 0.00368222
344.241 0.330642 0.00372568
344.609 0.340295 0.00379469
344.978 0.34714 0.00382879
345.346 0.355407 0.00385954
345.715 0.365546 0.00392934
346.083 0.371606 0.00397061
346.451 0.381818 0.00401841
346.82 0.391572 0.00408304
347.188 0.400191 0.00411994
347.556 0.406203 0.00417218
347.924 0.416296 0.00421858
348.292 0.427055 0.00428246
348.66 0.434743 0.00431703
349.028 0.444111 0.00436878
349.396 0.455219 0.00444051
349.764 0.466966 0.00449177
350.132 0.472991 0.00451833
350.5 0.485565 0.00458547
350.868 0.494967 0.00463806
351.236 0.507724 0.00469371
351.604 0.514133 0.00474159
351.972 0.527058 0.00480627
352.34 0.531177 0.00483203
352.707 0.542129 0.00488373
353.075 0.551939 0.00492902
353.443 0.561947 0.00498485
353.81 0.567671 0.00502262
354.178 0.578851 0.0050747
354.545 0.587516 0.00510001
354.913 0.598882 0.00517101
355.28 0.602403 0.00518689
355.648 0.61057 0.00521089
356.015 0.619654 0.00525871
356.383 0.623761 0.00527008
356.75 0.632269 0.00531943
357.117 0.638251 0.00534749
357.485 0.646403 0.00538531
357.852 0.660468 0.00548118
358.219 0.660317 0.00545335
358.586 0.665582 0.00547413
358.954 0.672876 0.00552718
359.321 0.681056 0.00554724
359.688 0.689718 0.00560988
360.055 0.693722 0.00561813
360.422 0.701067 0.00565598
360.789 0.70327 0.00567463
361.156 0.710424 0.00569839
361.523 0.717973 0.00575177
361.89 0.717456 0.00574273
362.256 0.724089 0.00574614
362.623 0.731426 0.00583269
362.99 0.729517 0.00579719
363.357 0.738981 0.0058585
363.724 0.747308 0.00589395
364.09 0.745678 0.00587566
364.457 0.761144 0.00598061
364.823 0.753926 0.00591394
365.19 0.759561 0.00594484
365.557 0.766214 0.00596155
365.923 0.775487 0.00601739
366.29 0.776797 0.0060414
366.656 0.776086 0.00601379
367.022 0.782767 0.00603208
367.389 0.785951 0.0060714
367.755 0.790708 0.00611873
368.121 0.789131 0.00611016
368.488 0.792442 0.00611468
368.854 0.794986 0.00614774
369.22 0.802617 0.00620629
369.586 0.80211 0.00622545
369.952 0.801542 0.00623679
370.318 0.801109 0.00623805
370.684 0.810144 0.00629142
371.051 0.810603 0.00629494
371.416 0.814856 0.00635044
371.782 0.822843 0.0063624
372.148 0.820706 0.00636722
372.514 0.821473 0.00638388
372.88 0.827801 0.00642725
373.246 0.82581 0.00641361
373.612 0.836764 0.00645297
373.977 0.832965 0.00642378
374.343 0.831571 0.00639812
374.709 0.836526 0.00639633
375.074 0.835642 0.00641209
375.44 0.839846 0.00645574
375.806 0.84553 0.0065133
376.171 0.843256 0.00647165
376.537 0.843837 0.00646796
376.902 0.844053 0.00648017
377.268 0.851096 0.00648043
377.633 0.85121 0.00646899
377.998 0.853794 0.00645399
378.364 0.854083 0.00642717
378.729 0.857033 0.0064491
379.094 0.865408 0.00650889
379.459 0.862613 0.00658542
379.825 0.856228 0.00653193
380.19 0.860628 0.00655885
380.555 0.86171 0.00660908
380.92 0.866741 0.00671118
381.285 0.862031 0.00668026
381.65 0.863436 0.00663368
382.015 0.867082 0.00665746
382.38 0.869461 0.00669249
382.745 0.872038 0.00674349
383.11 0.874619 0.00677172
383.474 0.871772 0.00674074
383.839 0.874088 0.00676185
384.204 0.878305 0.00680002
384.569 0.874459 0.00679342
384.933 0.878229 0.00682786
385.298 0.87758 0.00683597
385.663 0.876633 0.0068129
386.027 0.873586 0.00678699
386.392 0.879179 0.00677963
386.756 0.8794 0.00674639
387.121 0.880725 0.00674953
387.485 0.885349 0.00674642
387.849 0.887842 0.00672429
388.214 0.886082 0.00679216
388.578 0.891479 0.00684708
388.942 0.879083 0.00683394
389.307 0.889653 0.00686864
389.671 0.888612 0.0068899
390.035 0.887152 0.00685287
390.399 0.887231 0.00683709
390.763 0.890065 0.00680762
391.127 0.894827 0.0068012
391.492 0.89063 0.00669191
391.856 0.888635 0.00660736
392.219 0.894274 0.00657884
392.583 0.896232 0.00662355
392.947 0.902891 0.00679157
393.311 0.896273 0.00682908
393.675 0.896169 0.00684926
394.039 0.905454 0.00692728
394.403 0.89982 0.00690913
394.766 0.900798 0.00693167
395.13 0.900064 0.00694717
395.494 0.895927 0.00692843
395.857 0.898725 0.00690894
396.221 0.894107 0.00685996
396.584 0.900798 0.006834
396.948 0.894087 0.00673499
397.311 0.894435 0.0066371
397.675 0.900382 0.00662316
398.038 0.903829 0.00663905
398.401 0.90021 0.00671993
398.765 0.909711 0.00685976
399.128 0.906653 0.00694606
399.491 0.902894 0.00698438
399.854 0.902503 0.00699281
400.218 0.906046 0.0070269
400.581 0.906385 0.00704824
400.944 0.904917 0.00707701
401.307 0.908785 0.00717747
401.67 0.908542 0.00715566
402.033 0.905807 0.00716572
402.396 0.90835 0.00717976
402.759 0.910324 0.00719632
403.122 0.909623 0.00715845
403.485 0.909405 0.00715575
403.847 0.903806 0.00707433
404.21 0.910264 0.00706287
404.573 0.911082 0.00705834
404.936 0.909592 0.00701782
405.298 0.910543 0.00709856
405.661 0.913685 0.00721049
406.023 0.916947 0.00732578
406.386 0.9138 0.00733908
406.749 0.917714 0.00738842
407.111 0.916792 0.00737523
407.473 0.9026 0.00720083
407.836 0.916034 0.00724364
408.198 0.910555 0.00717797
408.561 0.915817 0.0072194
408.923 0.915847 0.00723017
409.285 0.913306 0.00723347
409.647 0.923134 0.00733602
410.009 0.919699 0.00739161
410.372 0.915476 0.00736388
410.734 0.920824 0.00742249
411.096 0.912169 0.00737456
411.458 0.920515 0.00740643
411.82 0.916819 0.00734306
412.182 0.918 0.00729202
412.544 0.917303 0.00730556
412.906 0.922765 0.00731431
413.267 0.925985 0.00735326
413.629 0.917035 0.00737523
413.991 0.917653 0.00741239
414.353 0.925994 0.00746651
414.714 0.929488 0.00755938
415.076 0.919197 0.00749874
415.438 0.918898 0.00748936
415.799 0.922035 0.0074722
416.161 0.917925 0.00752089
416.522 0.920142 0.00756096
416.884 0.921209 0.00757005
417.245 0.929285 0.00763121
417.607 0.920683 0.00757708
417.968 0.912485 0.00753477
418.329 0.919112 0.00755263
418.691 0.921824 0.00756125
419.052 0.924025 0.00756499
419.413 0.914922 0.00745991
419.774 0.918684 0.00745198
420.135 0.916855 0.00727882
420.497 0.920181 0.00717695
420.858 0.919175 0.00707406
421.219 0.927834 0.00713131
421.58 0.933668 0.0072449
421.941 0.934257 0.00737443
422.302 0.931635 0.00746285
422.662 0.927669 0.00747899
423.023 0.924741 0.00750013
423.384 0.923409 0.00751985
423.745 0.918682 0.00745532
424.106 0.928258 0.00748985
424.466 0.937128 0.00751092
424.827 0.934398 0.00760351
425.187 0.933581 0.00769635
425.548 0.928556 0.00774813
425.909 0.928419 0.00778853
426.269 0.926067 0.00772381
426.63 0.921352 0.00765189
426.99 0.937393 0.00765486
427.35 0.926931 0.007646
427.711 0.919708 0.00756217
428.071 0.919356 0.00749743
428.431 0.918789 0.00735192
428.792 0.920966 0.00710871
429.152 0.9259 0.00693179
429.512 0.924834 0.00691482
429.872 0.930622 0.00698456
430.232 0.936971 0.00713211
430.592 0.939564 0.00734464
430.952 0.943171 0.007576
431.312 0.943799 0.00776706
431.672 0.933317 0.00781275
432.032 0.928274 0.00776782
432.392 0.928722 0.00766461
432.752 0.913626 0.00722808
433.111 0.92552 0.00711253
433.471 0.942753 0.00729076
433.831 0.937568 0.00755544
434.19 0.934527 0.00754416
434.55 0.933385 0.00753818
434.91 0.929166 0.00760887
435.269 0.927678 0.00749805
435.629 0.930149 0.00749149
435.988 0.930364 0.00746028
436.348 0.939451 0.00761128
436.707 0.939385 0.00772682
437.066 0.932318 0.00769351
437.426 0.922887 0.00756364
437.785 0.928003 0.00756332
438.144 0.930513 0.00756411
438.503 0.940823 0.00770626
438.862 0.937245 0.00770584
439.222 0.938352 0.00777191
439.581 0.926824 0.00775718
439.94 0.926384 0.00764668
440.299 0.92127 0.0073685
440.658 0.92805 0.00720732
441.017 0.939576 0.00725429
441.376 0.940796 0.00734371
441.734 0.938757 0.0074111
442.093 0.931601 0.00737958
442.452 0.928876 0.00731587
442.811 0.932197 0.00729672
443.169 0.931159 0.00728992
443.528 0.945088 0.00749657
443.887 0.938259 0.00747422
444.245 0.938695 0.0075087
444.604 0.937819 0.00756767
444.962 0.930526 0.00757405
445.321 0.934813 0.00759856
445.679 0.930594 0.00754155
446.038 0.934203 0.00752857
446.396 0.941497 0.00766203
446.754 0.93616 0.00774482
447.112 0.94491 0.00782028
447.471 0.9291 0.00776348
447.829 0.927879 0.00779895
448.187 0.933129 0.00780708
448.545 0.931803 0.00777766
448.903 0.932173 0.00779935
449.261 0.933227 0.00782646
449.619 0.938255 0.00792183
449.977 0.939905 0.00796742
450.335 0.947733 0.00808818
450.693 0.941667 0.00808222
451.051 0.931519 0.00802263
451.409 0.935628 0.00807183
451.766 0.939415 0.00809847
452.124 0.944305 0.00823342
452.482 0.933534 0.00826743
452.839 0.94292 0.00840168
453.197 0.938404 0.00839633
453.555 0.935323 0.00841719
453.912 0.93854 0.00840951
454.27 0.927003 0.00822583
454.627 0.933001 0.00815489
454.984 0.938403 0.00819778
455.342 0.944699 0.00835134
455.699 0.943452 0.00843895
456.056 0.934952 0.00835098
456.414 0.938195 0.00829066
456.771 0.929484 0.00810119
457.128 0.936391 0.00810013
457.485 0.94438 0.0081064
457.842 0.940907 0.00814156
458.199 0.939558 0.00812631
458.556 0.94669 0.0080784
458.913 0.936449 0.00803492
459.27 0.942111 0.00801352
459.627 0.942637 0.00813237
459.984 0.93871 0.00805625
460.341 0.946516 0.00807927
460.697 0.938479 0.00814075
461.054 0.946993 0.00841848
461.411 0.945938 0.00858712
461.767 0.938852 0.00865578
462.124 0.933802 0.00861089
462.481 0.939203 0.00853246
462.837 0.929764 0.0083577
463.194 0.941109 0.00823254
463.55 0.935349 0.00826009
463.907 0.934418 0.00803924
464.263 0.933468 0.00792453
464.619 0.938919 0.00779718
464.976 0.938155 0.00768607
465.332 0.945385 0.00771372
465.688 0.954013 0.00798662
466.044 0.94618 0.00823933
466.4 0.951883 0.0083927
466.756 0.943732 0.00841152
467.112 0.944566 0.00841517
467.468 0.938313 0.00837487
467.824 0.949249 0.00850994
468.18 0.951512 0.00863136
468.536 0.94877 0.00862612
468.892 0.952171 0.00877942
469.248 0.94268 0.0087743
469.604 0.941661 0.00882231
469.959 0.941789 0.00881978
470.315 0.944391 0.0088272
470.671 0.940836 0.00880176
471.026 0.935172 0.00870118
471.382 0.935907 0.00862131
471.737 0.943528 0.0085867
472.093 0.933264 0.00840664
472.448 0.932192 0.00824053
472.804 0.941109 0.00820924
473.159 0.935898 0.00811928
473.514 0.948594 0.00821571
473.87 0.932688 0.00803046
474.225 0.938203 0.00782402
474.58 0.938076 0.00766922
474.935 0.954212 0.00780069
475.29 0.952569 0.00789907
475.645 0.942761 0.00786625
476 0.94258 0.00787563
476.355 0.943785 0.00795162
476.71 0.934652 0.0079084
477.065 0.926475 0.00764438
477.42 0.938605 0.00759279
477.775 0.940684 0.00761035
478.13 0.945895 0.00770004
478.485 0.945178 0.00764136
478.839 0.933836 0.00750451
479.194 0.934893 0.00731633
479.549 0.942811 0.00725714
479.903 0.949501 0.00730226
480.258 0.944536 0.00734046
480.612 0.934642 0.00720668
480.967 0.941181 0.00706465
481.321 0.948779 0.00711584
481.675 0.948384 0.00725142
482.03 0.946655 0.0073726
482.384 0.947178 0.00740561
482.738 0.941892 0.0073145
483.093 0.938288 0.00724718
483.447 0.937807 0.00708796
483.801 0.931548 0.0068437
484.155 0.934234 0.0067661
484.509 0.845321 0.00560437
484.863 0.863762 0.00386132
485.217 0.912592 0.00360722
485.571 0.971108 0.0038172
485.925 1.04557 0.00504552
486.279 0.995324 0.00570826
486.632 0.974014 0.00610745
486.986 0.971816 0.0065945
487.34 0.958082 0.00698976
487.694 0.954747 0.00717236
488.047 0.946165 0.00718043
488.401 0.949729 0.00720307
488.754 0.944744 0.00722975
489.108 0.950802 0.00737126
489.461 0.945783 0.00738738
489.815 0.951642 0.00748752
490.168 0.940347 0.00736085
490.522 0.9407 0.0073309
490.875 0.943417 0.00735252
491.228 0.943942 0.00740515
491.581 0.939014 0.00733512
491.935 0.947601 0.00739582
492.288 0.939964 0.00739632
492.641 0.950167 0.00738361
492.994 0.938825 0.00733392
493.347 0.941912 0.00724396
493.7 0.947673 0.00727163
494.053 0.946372 0.0072915
494.406 0.956939 0.00745068
494.759 0.949433 0.00757272
495.111 0.938896 0.00729543
495.464 0.930349 0.00694343
495.817 0.944963 0.00687134
496.169 0.955858 0.00710477
496.522 0.958926 0.0074374
496.875 0.947239 0.00763881
497.227 0.948848 0.00772084
497.58 0.943268 0.00768468
497.932 0.944593 0.0075998
498.285 0.934286 0.00748922
498.637 0.930492 0.00728786
498.989 0.946193 0.00726726
499.342 0.951067 0.00733998
499.694 0.952183 0.00750666
500.046 0.944853 0.00754191
500.398 0.936009 0.00732272
500.751 0.942791 0.00728217
501.103 0.941146 0.00725262
501.455 0.949044 0.00729417
501.807 0.947417 0.00729885
502.159 0.940863 0.0072775
502.511 0.93958 0.00725447
502.862 0.947551 0.00731656
503.214 0.945251 0.00740757
503.566 0.949676 0.00757538
503.918 0.943814 0.00763368
504.27 0.943256 0.00762334
504.621 0.949621 0.00766769
504.973 0.949482 0.00771039
505.324 0.941147 0.00762689
505.676 0.945714 0.00751216
506.027 0.951884 0.00755697
506.379 0.955285 0.00782275
506.73 0.946977 0.00790742
507.082 0.948053 0.00785576
507.433 0.939459 0.00767523
507.784 0.943039 0.00762556
508.136 0.952012 0.00779542
508.487 0.951086 0.0078716
508.838 0.943915 0.00791539
509.189 0.947546 0.00792189
509.54 0.94202 0.00779317
509.891 0.951257 0.00792188
510.242 0.946597 0.00791127
510.593 0.948384 0.00796912
510.944 0.945751 0.00800254
511.295 0.959619 0.00822887
511.646 0.952735 0.0082901
511.996 0.94242 0.00816017
512.347 0.94216 0.00809767
512.698 0.951801 0.00816589
513.049 0.950932 0.00821244
513.399 0.945899 0.00822867
513.75 0.945606 0.0082028
514.1 0.961732 0.0084294
514.451 0.956899 0.00858304
514.801 0.940093 0.00846997
515.152 0.943598 0.00841074
515.502 0.941703 0.00827206
515.852 0.95273 0.0082757
516.202 0.946941 0.00823945
516.553 0.953931 0.00839071
516.903 0.947662 0.00849064
517.253 0.942951 0.00859728
517.603 0.944466 0.00860261
517.953 0.937307 0.0085283
518.303 0.940112 0.00834058
518.653 0.944618 0.00829205
519.003 0.952872 0.00839216
519.353 0.955463 0.00870415
519.703 0.947281 0.00885059
520.052 0.938259 0.00885351
520.402 0.937651 0.00880189
520.752 0.946954 0.00874421
521.102 0.957217 0.00893395
521.451 0.949974 0.00896345
521.801 0.946148 0.0089198
522.15 0.934917 0.00871976
522.5 0.94752 0.00876409
522.849 0.938315 0.00869402
523.199 0.94377 0.0086369
523.548 0.935341 0.00851557
523.897 0.953972 0.00869941
524.246 0.946133 0.00880779
524.596 0.946475 0.00893406
524.945 0.944348 0.00887199
525.294 0.946835 0.00888264
525.643 0.943839 0.00884882
525.992 0.948682 0.00885634
526.341 0.942199 0.00877099
526.69 0.948774 0.00887081
527.039 0.95068 0.00896626
527.388 0.937749 0.00896737
527.737 0.939603 0.00870311
528.086 0.938167 0.0083765
528.434 0.94373 0.00824755
528.783 0.963285 0.00856026
529.132 0.953951 0.00868083
529.48 0.949338 0.00877124
529.829 0.949007 0.00881803
530.177 0.952491 0.00892487
530.526 0.947871 0.00892509
530.874 0.943842 0.00882119
531.223 0.944823 0.00881302
531.571 0.952906 0.00892686
531.919 0.937446 0.00876714
532.268 0.928106 0.00845697
532.616 0.935828 0.00822061
532.964 0.949455 0.00815743
533.312 0.951704 0.00817131
533.66 0.938473 0.00815092
534.008 0.946414 0.00816671
534.356 0.951872 0.00819563
534.704 0.955619 0.00828638
535.052 0.95123 0.00837852
535.4 0.955592 0.00857522
535.748 0.95116 0.00875901
536.095 0.949244 0.00897187
536.443 0.947041 0.00897263
536.791 0.93497 0.0087267
537.139 0.935128 0.00852649
537.486 0.937095 0.00833804
537.834 0.945925 0.00833285
538.181 0.943243 0.00827326
538.529 0.948443 0.00834276
538.876 0.947421 0.00831665
539.223 0.952232 0.00847872
539.571 0.960811 0.00869902
539.918 0.942015 0.00858299
540.265 0.937787 0.00839487
540.613 0.939797 0.00825933
540.96 0.949604 0.00840511
541.307 0.947344 0.00841041
541.654 0.940825 0.00837933
542.001 0.951718 0.00845393
542.348 0.945092 0.00842288
542.695 0.942614 0.00842247
543.042 0.94242 0.00829236
543.388 0.942464 0.00818769
543.735 0.947531 0.00819826
544.082 0.948653 0.00819062
544.429 0.95689 0.00826398
544.775 0.956335 0.00844351
545.122 0.959395 0.00870775
545.469 0.95258 0.00881863
545.815 0.935093 0.00868674
546.162 0.939834 0.00863944
546.508 0.938076 0.00845414
546.854 0.925938 0.00808795
547.201 0.929715 0.00780771
547.547 0.956605 0.00789688
547.893 0.96551 0.00811167
548.24 0.972649 0.00857764
548.586 0.96197 0.00888517
548.932 0.95341 0.00897714
549.278 0.940547 0.00892271
549.624 0.951088 0.00892463
549.97 0.952983 0.00901712
550.316 0.950518 0.00918525
550.662 0.954536 0.00929935
551.008 0.918065 0.00864812
551.353 0.929644 0.00823753
551.699 0.945968 0.00812573
552.045 0.95714 0.00839369
552.391 0.949443 0.00853312
552.736 0.946389 0.00855829
553.082 0.938577 0.00853541
553.427 0.953799 0.00875642
553.773 0.955515 0.00905447
554.118 0.928447 0.00892586
554.464 0.934588 0.00872554
554.809 0.924098 0.00833184
555.154 0.942665 0.00830179
555.5 0.948808 0.00834767
555.845 0.955566 0.00870308
556.19 0.954451 0.00893399
556.535 0.946271 0.00909539
556.88 0.944183 0.00893884
557.225 0.948108 0.0089242
557.57 0.955905 0.00913568
557.915 0.956543 0.00938649
558.26 0.952692 0.00948303
558.605 0.936934 0.00937092
558.95 0.93156 0.00913797
559.295 0.921703 0.00860476
559.639 0.92351 0.00828901
559.984 0.935738 0.00802482
560.329 0.938857 0.00800849
560.673 0.949328 0.00808098
561.018 0.951362 0.00832704
561.362 0.955898 0.00856937
561.707 0.949019 0.00875253
562.051 0.936953 0.0085907
562.395 0.931436 0.00845223
562.74 0.942156 0.00833205
563.084 0.934997 0.00819776
563.428 0.944015 0.0080652
563.772 0.944377 0.00810413
564.117 0.945143 0.00804813
564.461 0.943413 0.00801532
564.805 0.940395 0.00807219
565.149 0.945593 0.00805715
565.493 0.946943 0.00807525
565.836 0.939059 0.00788708
566.18 0.933131 0.00774725
566.524 0.922779 0.00718423
566.868 0.933908 0.00703363
567.212 0.944305 0.00695229
567.555 0.93257 0.00682164
567.899 0.931422 0.00650156
568.242 0.929183 0.00622858
568.586 0.920393 0.00580103
568.929 0.915526 0.00541557
569.273 0.92932 0.00515859
569.616 0.948585 0.00521913
569.96 0.937881 0.00508478
570.303 0.937289 0.00492522
570.646 0.943901 0.00488117
570.989 0.934316 0.00470592
571.333 0.953462 0.00481307
571.676 0.963934 0.00502031
572.019 0.964011 0.00542879
572.362 0.918374 0.00499965
572.705 0.919523 0.00464336
573.048 0.932502 0.00445084
573.391 0.931143 0.00430247
573.733 0.936348 0.00425454
574.076 0.942052 0.00422031
574.419 0.963087 0.00439723
574.762 0.960215 0.0046246
575.104 0.973891 0.00498555
575.447 0.921976 0.00478535
575.789 0.913483 0.00447728
576.132 0.930061 0.00426798
576.474 0.927576 0.00421458
576.817 0.917216 0.00387691
577.159 0.919109 0.00366939
577.501 0.948706 0.00375742
577.844 0.973563 0.00407378
578.186 0.983056 0.00459166
578.528 0.951769 0.00470254
578.87 0.948126 0.00471402
579.212 0.925704 0.00450258
579.554 0.940473 0.00439335
579.896 0.939163 0.00441702
580.238 0.909096 0.00409523
580.58 0.901304 0.00358268
580.922 0.90477 0.00344982
581.264 0.904726 0.00344965
581.606 0.965803 0.00372111
581.947 0.965956 0.00395015
582.289 0.984938 0.00443149
582.631 0.980081 0.00490331
582.972 0.958454 0.00517407
583.314 0.939609 0.00506648
583.655 0.923348 0.00485519
583.997 0.91211 0.00440482
584.338 0.918046 0.00411027
584.679 0.929714 0.0039686
585.021 0.961393 0.00414659
585.362 0.969494 0.00447423
585.703 0.97152 0.00481742
586.044 0.930286 0.00473165
586.385 0.921134 0.00445531
586.726 0.932254 0.00428084
587.067 0.963717 0.0045233
587.408 0.962841 0.00478048
587.749 0.962388 0.00500595
588.09 0.957449 0.00520121
588.431 0.969578 0.00554584
588.772 0.949127 0.00570667
589.113 0.934128 0.00556365
589.453 0.943169 0.00556018
589.794 0.960547 0.00580333
590.134 0.960418 0.00611257
590.475 0.946932 0.00621057
590.815 0.937799 0.00612336
591.156 0.941425 0.00614392
591.496 0.914346 0.00587033
591.837 0.894956 0.00499631
592.177 0.906644 0.0045682
592.517 0.942876 0.00446015
592.857 0.965026 0.00475745
593.198 0.972521 0.00508139
593.538 0.977138 0.00561881
593.878 0.951554 0.00572194
594.218 0.92264 0.00545259
594.558 0.935507 0.0052864
594.898 0.958017 0.00550029
595.237 0.97368 0.00588886
595.577 0.964673 0.00624019
595.917 0.953274 0.00651302
596.257 0.92295 0.00614007
596.596 0.924561 0.00599097
596.936 0.95305 0.00598163
597.276 0.952111 0.00621239
597.615 0.928704 0.0060268
597.955 0.899497 0.00521654
598.294 0.925865 0.00496541
598.633 0.950486 0.00504767
598.973 0.953744 0.00524691
599.312 0.932736 0.00517297
599.651 0.950464 0.0052633
599.991 0.945202 0.00536335
600.33 0.951607 0.00546464
600.669 0.950278 0.00561734
601.008 0.957165 0.00583254
601.347 0.944953 0.00599271
601.686 0.92878 0.00576768
602.025 0.936959 0.00583168
602.364 0.925111 0.00550598
602.702 0.931536 0.0054458
603.041 0.948477 0.00553149
603.38 0.960055 0.00583136
603.719 0.961308 0.00610097
604.057 0.94339 0.0062137
604.396 0.938531 0.00618789
604.734 0.911839 0.00582529
605.073 0.923114 0.00542244
605.411 0.939596 0.00552373
605.75 0.961289 0.00579112
606.088 0.953238 0.00606868
606.426 0.932072 0.00585381
606.764 0.933833 0.0057788
607.103 0.962586 0.00605302
607.441 0.950643 0.00622296
607.779 0.948618 0.00636704
608.117 0.940133 0.00629514
608.455 0.955559 0.00661577
608.793 0.92931 0.00658718
609.131 0.91006 0.00608147
609.469 0.932639 0.00600789
609.806 0.954739 0.00616039
610.144 0.962441 0.00667092
610.482 0.936273 0.00664797
610.819 0.948545 0.00667674
611.157 0.944865 0.00669885
611.495 0.947252 0.00694238
611.832 0.935241 0.00691883
612.17 0.930167 0.00684985
612.507 0.939442 0.00680704
612.844 0.930281 0.00684492
613.182 0.93461 0.00687668
613.519 0.934824 0.00683512
613.856 0.932776 0.00680983
614.193 0.922187 0.00668569
614.53 0.926069 0.00656016
614.867 0.941604 0.00660779
615.205 0.956929 0.0069949
615.541 0.954254 0.00723754
615.878 0.9387 0.0074831
616.215 0.933167 0.00738485
616.552 0.93719 0.00747637
616.889 0.92413 0.00725365
617.226 0.938188 0.00723365
617.562 0.952978 0.00752221
617.899 0.955908 0.00798874
618.235 0.955091 0.00839675
618.572 0.928621 0.00858632
618.908 0.923726 0.00826649
619.245 0.916517 0.00789812
619.581 0.935698 0.00784043
619.918 0.977241 0.00867824
620.254 0.972303 0.00976499
620.59 0.929655 0.00969217
620.926 0.908018 0.00893119
621.262 0.916583 0.00847483
621.599 0.9445 0.00864202
621.935 0.918672 0.00841576
622.271 0.915859 0.00808781
622.606 0.917682 0.00792093
622.942 0.945816 0.00824079
623.278 0.938159 0.00844659
623.614 0.907657 0.00791767
623.95 0.930787 0.00798582
624.285 0.94306 0.00818813
624.621 0.954516 0.00868524
624.957 0.938169 0.00887837
625.292 0.947706 0.00919322
625.628 0.937869 0.00942208
625.963 0.921679 0.00940241
626.299 0.919541 0.00919814
626.634 0.915699 0.0090349
626.969 0.937438 0.00931059
627.304 0.960507 0.0102157
627.64 0.953396 0.0109169
627.975 0.907669 0.0104387
628.31 0.891788 0.00978045
628.645 0.927229 0.00974479
628.98 0.931201 0.00998023
629.315 0.948189 0.0102639
629.65 0.934464 0.0102706
629.985 0.923656 0.0101823
630.319 0.940992 0.0107269
630.654 0.921024 0.0107334
630.989 0.927364 0.0107175
631.323 0.92857 0.0109102
631.658 0.952603 0.0115009
631.993 0.948965 0.0119759
632.327 0.920839 0.0118421
632.662 0.926642 0.011815
632.996 0.915535 0.0114835
633.33 0.909431 0.0112757
633.665 0.938158 0.0118535
633.999 0.941298 0.012234
634.333 0.926075 0.0121323
634.667 0.917999 0.012121
635.001 0.925332 0.0118729
635.335 0.915581 0.0113607
635.669 0.916872 0.0109468
636.003 0.942583 0.0112538
636.337 0.949809 0.0118615
636.671 0.959916 0.0125474
637.005 0.930353 0.0126881
637.339 0.925622 0.0125999
637.672 0.912756 0.0120552
638.006 0.931447 0.0118653
638.339 0.940807 0.0120986
638.673 0.935455 0.0124483
639.006 0.934144 0.0128303
639.34 0.922958 0.0127462
639.673 0.927462 0.0129596
640.007 0.921939 0.0128885
640.34 0.935211 0.0132073
640.673 0.919061 0.0131926
641.006 0.932981 0.0134875
641.34 0.921926 0.0135533
641.673 0.929806 0.0139361
642.006 0.919894 0.0141005
642.339 0.916981 0.0138292
642.672 0.919352 0.0137619
643.004 0.90453 0.0137285
643.337 0.929979 0.0143687
643.67 0.922756 0.0143089
644.003 0.908702 0.0140603
644.336 0.915329 0.0140524
644.668 0.904208 0.0139417
645.001 0.930388 0.0143866
645.333 0.940491 0.0148202
645.666 0.935964 0.0150895
645.998 0.932845 0.0154083
646.331 0.929993 0.0156186
646.663 0.922779 0.0153978
646.995 0.894497 0.0142355
647.327 0.886202 0.0130123
647.66 0.904219 0.0124246
647.992 0.916134 0.0123151
648.324 0.922676 0.0123133
648.656 0.927011 0.0125138
648.988 0.947699 0.0131564
649.32 0.963777 0.0141921
649.652 0.940932 0.0146808
649.983 0.929362 0.0149044
650.315 0.921852 0.0149397
650.647 0.906767 0.0144771
650.979 0.908255 0.0138281
651.31 0.907491 0.0132906
651.642 0.910403 0.013013
651.973 0.913723 0.013028
652.305 0.918658 0.0130136
652.636 0.94526 0.0133836
652.967 0.935829 0.0136176
653.299 0.924071 0.0138472
653.63 0.903572 0.013538
653.961 0.885912 0.0124527
654.292 0.770793 0.00891549
654.623 0.65095 0.00296966
654.955 0.897961 0.00342385
655.286 0.897906 0.00342364
655.616 0.89785 0.00342343
655.947 0.897793 0.00342321
656.278 0.897736 0.00342299
656.609 0.983133 0.0037486
656.94 1.011 0.00503015
657.27 0.991172 0.00583916
657.601 0.997678 0.00675687
657.932 1.01492 0.00815137
658.262 1.00512 0.0098816
658.593 0.986314 0.0117422
658.923 0.963777 0.013572
659.254 0.949716 0.0148822
659.584 0.931647 0.01565
659.914 0.929226 0.016367
660.244 0.925042 0.0167379
660.575 0.905755 0.0164414
660.905 0.912388 0.016526
661.235 0.906964 0.0162462
661.565 0.906373 0.0161241
661.895 0.907698 0.0160437
662.225 0.91337 0.0163473
662.555 0.909972 0.0165434
662.884 0.890073 0.0161787
663.214 0.904167 0.0160813
663.544 0.921692 0.0160675
663.873 0.911294 0.0157399
664.203 0.916022 0.0156088
664.533 0.897544 0.0150321
664.862 0.90896 0.0150221
665.192 0.927949 0.0156149
665.521 0.929897 0.0164798
665.85 0.906843 0.0167577
666.18 0.914243 0.0175191
666.509 0.911811 0.0173918
666.838 0.886171 0.0167402
667.167 0.904451 0.0166947
667.496 0.923372 0.0171592
667.825 0.910293 0.0171229
668.154 0.907267 0.017066
668.483 0.910387 0.0169792
668.812 0.912696 0.0166839
669.141 0.911793 0.0165093
669.47 0.915773 0.0163416
669.798 0.922135 0.0165661
670.127 0.902291 0.0164023
670.456 0.87114 0.0152052
670.784 0.869247 0.013624
671.113 0.876895 0.0125609
671.441 0.900196 0.012161
671.77 0.925862 0.012538
672.098 0.923908 0.0130175
672.426 0.956533 0.0147258
672.755 0.919855 0.0153542
673.083 0.913501 0.0155174
673.411 0.89711 0.0153469
673.739 0.903998 0.0156311
674.067 0.93145 0.0167046
674.395 0.915891 0.0165627
674.723 0.890534 0.0159065
675.051 0.90407 0.0157951
675.379 0.902349 0.015767
675.706 0.912452 0.0160294
676.034 0.919279 0.0164523
676.362 0.901767 0.0163734
676.689 0.8801 0.0151943
677.017 0.895723 0.0143221
677.344 0.898525 0.0137795
677.672 0.929416 0.0142546
677.999 0.906562 0.0142496
678.327 0.891685 0.0138505
678.654 0.88325 0.013185
678.981 0.894888 0.0128723
679.308 0.917547 0.0131382
679.636 0.929364 0.0138406
679.963 0.935877 0.0145842
680.29 0.896337 0.0143115
680.617 0.89077 0.0140014
680.944 0.90522 0.0139051
681.271 0.937228 0.0145565
681.597 0.931846 0.0154963
681.924 0.932872 0.0165134
682.251 0.896082 0.0161209
682.578 0.885115 0.0151799
682.904 0.872783 0.0140655
683.231 0.888612 0.0136279
683.557 0.890387 0.013336
683.884 0.887796 0.0129367
684.21 0.892642 0.0126682
684.536 0.892213 0.0122513
684.863 0.896118 0.0120936
685.189 0.91154 0.012403
685.515 0.929922 0.0132055
685.841 0.911507 0.0135022
686.167 0.889672 0.0133528
686.493 0.912991 0.013365
686.819 0.914815 0.0134543
687.145 0.923653 0.0141094
687.471 0.927122 0.0152014
687.797 0.905796 0.0155296
688.123 0.889923 0.0152993
688.448 0.892528 0.014819
688.774 0.894807 0.014392
689.1 0.91236 0.0147785
689.425 0.923715 0.0154941
689.751 0.911471 0.0156401
690.076 0.878719 0.0145014
690.402 0.872586 0.0135011
690.727 0.894238 0.0132456
691.052 0.921092 0.0137955
691.377 0.904996 0.0140849
691.703 0.915513 0.0145252
692.028 0.893333 0.0143562
692.353 0.897852 0.0140882
692.678 0.905449 0.0142565
693.003 0.929164 0.014991
693.328 0.94044 0.0161952
693.652 0.912119 0.0166695
693.977 0.870165 0.0158926
694.302 0.87103 0.0149926
694.627 0.895567 0.0149898
694.951 0.907151 0.0156289
695.276 0.934455 0.0173891
695.6 0.892243 0.0172775
695.925 0.847814 0.0147815
696.249 0.851714 0.0130637
696.574 0.892541 0.012674
696.898 0.928502 0.0135152
697.222 0.923681 0.0142484
697.546 0.907091 0.014688
697.871 0.90338 0.0149667
698.195 0.900637 0.0150534
698.519 0.897099 0.015404
698.843 0.917077 0.0160204
699.167 0.899501 0.0164623
699.491 0.900006 0.0170941
699.814 0.891913 0.0171546
700.138 0.906968 0.0173516
700.462 0.904515 0.0176147
700.786 0.862603 0.0169733
701.109 0.879944 0.0167205
701.433 0.889029 0.0162245
701.756 0.882885 0.0155912
702.08 0.896521 0.0157125
702.403 0.911453 0.0161655
702.726 0.915036 0.0168846
703.05 0.897247 0.0171277
703.373 0.89129 0.0172698
703.696 0.889929 0.0172712
704.019 0.908667 0.018061
704.342 0.912766 0.0187619
704.665 0.915827 0.0195693
704.988 0.889127 0.0191558
705.311 0.871292 0.0177975
705.634 0.85202 0.0158018
705.957 0.864563 0.0144165
706.28 0.867331 0.0133766
706.602 0.890784 0.0134156
706.925 0.905683 0.0138118
707.247 0.92072 0.0144809
707.57 0.900518 0.0148859
707.892 0.90854 0.0154623
708.215 0.910806 0.0162381
708.537 0.897867 0.0165192
708.859 0.889001 0.0165314
709.182 0.876728 0.016247
709.504 0.882554 0.0158719
709.826 0.893155 0.0157665
710.148 0.893308 0.0158314
710.47 0.893833 0.0162862
710.792 0.898369 0.0169308
711.114 0.897868 0.0174935
711.436 0.873603 0.0176394
711.758 0.869826 0.0173163
712.079 0.873482 0.0171544
712.401 0.873053 0.0163039
712.723 0.871576 0.0156988
713.044 0.867015 0.0147516
713.366 0.892018 0.0147961
713.687 0.885581 0.0148624
714.009 0.900566 0.0153943
714.33 0.896092 0.0157003
714.652 0.883617 0.0160338
714.973 0.900952 0.0167513
715.294 0.8872 0.0174778
715.615 0.907281 0.0188047
715.936 0.883969 0.0188338
716.257 0.87611 0.0189303
716.578 0.897577 0.0192895
716.899 0.879435 0.018668
717.22 0.877705 0.0174465
717.541 0.874303 0.0169459
717.862 0.890005 0.01704
718.182 0.865559 0.0167713
718.503 0.875849 0.016504
718.824 0.895611 0.0169268
719.144 0.900303 0.0172424
719.465 0.885538 0.017491
719.785 0.87149 0.0169938
720.105 0.872483 0.0167801
720.426 0.883977 0.0166807
720.746 0.884301 0.0169668
721.066 0.875167 0.0169094
721.386 0.884002 0.0171686
721.706 0.887866 0.0177065
722.026 0.885854 0.0181558
722.346 0.884219 0.0182898
722.666 0.884877 0.0180573
722.986 0.878987 0.0175506
723.306 0.894146 0.0178396
723.626 0.886899 0.0181194
723.946 0.867653 0.0178859
724.265 0.850629 0.0167628
724.585 0.859649 0.0159629
724.904 0.880829 0.0160383
725.224 0.892544 0.0161877
725.543 0.888304 0.0161458
725.863 0.886292 0.0162821
726.182 0.898837 0.0170625
726.501 0.874826 0.0170983
726.82 0.879943 0.0172611
727.14 0.859561 0.0163993
727.459 0.867943 0.015982
727.778 0.859577 0.0158104
728.097 0.877839 0.0161959
728.416 0.85466 0.0158001
728.734 0.856448 0.0153137
729.053 0.870527 0.0152877
729.372 0.873295 0.0152804
729.691 0.858716 0.0147705
730.009 0.864243 0.0141056
730.328 0.866687 0.0137099
730.647 0.887804 0.0138917
730.965 0.894221 0.0144303
731.283 0.890876 0.0149444
731.602 0.861635 0.0148683
731.92 0.859992 0.0145901
732.238 0.845024 0.0141142
732.557 0.872615 0.0142114
732.875 0.856192 0.0137358
733.193 0.852296 0.0128873
733.511 0.871561 0.0127343
733.829 0.894243 0.0132858
734.147 0.908511 0.0142722
734.465 0.887374 0.0147467
734.782 0.876508 0.0146429
735.1 0.866506 0.0141512
735.418 0.862074 0.0141034
735.735 0.880395 0.0142954
736.053 0.85932 0.0139667
736.371 0.8739 0.0142303
736.688 0.883892 0.0148329
737.005 0.899088 0.0158712
737.323 0.877434 0.0162785
737.64 0.871709 0.0162438
737.957 0.839566 0.0151142
738.274 0.842564 0.013897
738.592 0.867277 0.0137561
738.909 0.885645 0.0142512
739.226 0.891994 0.0155776
739.543 0.887764 0.0167514
739.86 0.892491 0.0177724
740.176 0.881291 0.0181191
740.493 0.866567 0.0185097
740.81 0.849751 0.018387
741.127 0.857383 0.0182743
741.443 0.841286 0.0171519
741.76 0.857288 0.0167405
742.076 0.861338 0.0169285
742.393 0.881569 0.0180449
742.709 0.884916 0.0190798
743.025 0.878749 0.0193636
743.342 0.846852 0.0188343
743.658 0.8535 0.0185441
743.974 0.851199 0.0180069
744.29 0.859576 0.0180769
744.606 0.851901 0.0181884
744.922 0.842419 0.0181192
745.238 0.871459 0.0184849
745.554 0.870115 0.0189175
745.87 0.857992 0.0189831
746.186 0.846068 0.0180741
746.501 0.833974 0.0172843
746.817 0.863308 0.0178657
747.132 0.894333 0.0195185
747.448 0.878148 0.0201009
747.763 0.830117 0.0192516
748.079 0.819159 0.0183282
748.394 0.849897 0.0174036
748.71 0.845104 0.0161567
749.025 0.840422 0.0151694
749.34 0.862458 0.0151672
749.655 0.872251 0.0155868
749.97 0.865664 0.0160868
750.285 0.853172 0.0160197
750.6 0.852936 0.0156751
750.915 0.841793 0.0151853
751.23 0.867153 0.0157159
751.545 0.888621 0.016563
751.859 0.887416 0.0171752
752.174 0.854033 0.0170458
752.489 0.844539 0.0160974
752.803 0.843699 0.0151236
753.118 0.847977 0.0150481
753.432 0.871911 0.0157709
753.747 0.868093 0.0163196
754.061 0.827175 0.0153905
754.375 0.819598 0.0146786
754.689 0.833889 0.0143452
755.004 0.844703 0.0144147
755.318 0.852152 0.0141625
755.632 0.833905 0.0133267
755.946 0.844154 0.013166
756.26 0.815841 0.0123647
756.573 0.841212 0.0120128
756.887 0.836625 0.0116153
757.201 0.855015 0.0119915
757.515 0.887313 0.0133814
757.828 0.877523 0.0142718
758.142 0.848026 0.0139835
758.455 0.819254 0.0127643
758.769 0.824427 0.012126
759.082 0.825162 0.0118014
759.396 0.8373 0.0117092
759.709 0.842253 0.0116527
760.022 0.856967 0.0118578
760.335 0.867265 0.0125558
760.648 0.867663 0.0134981
760.962 0.876876 0.0145652
761.275 0.860538 0.0151436
761.587 0.861603 0.0153503
761.9 0.852872 0.0153109
762.213 0.834901 0.0146541
762.526 0.830568 0.0140887
762.839 0.839063 0.0141039
763.151 0.825742 0.0135874
763.464 0.8261 0.012854
763.776 0.817866 0.0118801
764.089 0.832071 0.0117298
764.401 0.844027 0.0122335
764.714 0.853769 0.0130275
765.026 0.860358 0.0139586
765.338 0.86066 0.0148653
765.65 0.867614 0.0160644
765.962 0.845272 0.0165933
766.275 0.848955 0.0172244
766.587 0.818088 0.0169642
766.898 0.806605 0.0163041
767.21 0.797018 0.0152489
767.522 0.804414 0.0142139
767.834 0.822366 0.0138451
768.146 0.825653 0.013973
768.457 0.859984 0.015132
768.769 0.842399 0.0157739
769.08 0.819206 0.0156255
769.392 0.816361 0.0150343
769.703 0.814946 0.014244
770.015 0.817875 0.0137251
770.326 0.844414 0.0139731
770.637 0.841164 0.0144505
770.948 0.854025 0.0156236
771.26 0.8442 0.0165093
771.571 0.833495 0.016584
771.882 0.809775 0.0159491
772.193 0.856575 0.0165698
772.504 0.850023 0.0169193
772.814 0.838506 0.0171396
773.125 0.84965 0.0176102
773.436 0.833889 0.0179473
773.747 0.821525 0.0182147
774.057 0.818757 0.018573
774.368 0.853782 0.0192644
774.678 0.841571 0.0196248
774.989 0.811216 0.01957
775.299 0.850689 0.0207149
775.609 0.816543 0.0200686
775.919 0.819454 0.0199395
776.23 0.844367 0.0202647
776.54 0.824528 0.0198557
776.85 0.84536 0.0203163
777.16 0.809721 0.0192928
777.47 0.803124 0.0182158
777.78 0.811906 0.0175079
778.089 0.805721 0.0165645
778.399 0.809026 0.0164933
778.709 0.8297 0.0174733
779.019 0.868584 0.0190524
779.328 0.848113 0.0198451
779.638 0.816643 0.019216
779.947 0.798758 0.0173241
780.257 0.785667 0.0156736
780.566 0.792325 0.0151507
780.875 0.811262 0.0156811
781.185 0.850022 0.0170693
781.494 0.825365 0.0170978
781.803 0.826434 0.017566
782.112 0.829164 0.0178525
782.421 0.827553 0.0176008
782.73 0.805286 0.0169052
783.039 0.825147 0.0173296
783.348 0.848983 0.018981
783.656 0.826122 0.0197524
783.965 0.809406 0.0198448
784.274 0.802961 0.0190147
784.582 0.812829 0.018537
784.891 0.816519 0.0184695
785.199 0.829474 0.0188974
785.508 0.825301 0.019369
785.816 0.825111 0.0197189
786.124 0.816344 0.0191809
786.432 0.816148 0.0182368
786.741 0.80038 0.0173695
787.049 0.823588 0.0175154
787.357 0.816514 0.0177069
787.665 0.829857 0.0177435
787.973 0.821128 0.0178105
788.281 0.856011 0.0185635
788.588 0.832171 0.0192776
788.896 0.831855 0.0204726
789.204 0.842285 0.0214375
789.511 0.829819 0.0213359
789.819 0.848569 0.0219688
790.126 0.834309 0.0217926
790.434 0.850485 0.0219978
790.741 0.8256 0.0216189
791.049 0.823543 0.0215692
791.356 0.829966 0.0223559
791.663 0.817316 0.0225851
791.97 0.804149 0.0224607
792.277 0.807427 0.0220883
792.584 0.785892 0.0206426
792.891 0.767748 0.018046
793.198 0.786401 0.0169536
793.505 0.793514 0.0166968
793.812 0.816081 0.0174115
794.119 0.801514 0.0176521
794.425 0.823267 0.0184214
794.732 0.827691 0.0193128
795.038 0.858303 0.0217275
795.345 0.835818 0.0230569
795.651 0.836464 0.0243025
795.958 0.816159 0.0240544
796.264 0.757013 0.021618
796.57 0.785586 0.0212165
796.876 0.834608 0.0216807
797.183 0.826991 0.0219805
797.489 0.837706 0.0230305
797.795 0.806104 0.022794
798.101 0.81298 0.0227898
798.406 0.814208 0.0229282
798.712 0.830547 0.0238411
799.018 0.819011 0.0240448
799.324 0.82272 0.0241624
799.629 0.802779 0.0239755
799.935 0.807172 0.0242193
800.24 0.853445 0.0253776
800.546 0.8243 0.024949
800.851 0.795652 0.0247348
801.157 0.800738 0.0258766
801.462 0.823553 0.0264972
801.767 0.816611 0.0265108
802.072 0.776892 0.024855
802.377 0.806067 0.0243627
802.682 0.788126 0.023702
802.987 0.854323 0.0253627
803.292 0.808308 0.0253009
803.597 0.784689 0.0251407
803.902 0.815519 0.0255654
804.207 0.795982 0.0250992
804.511 0.786466 0.0245664
804.816 0.783321 0.0230361
805.12 0.778689 0.0214604
805.425 0.769464 0.020093
805.729 0.814966 0.0208406
806.034 0.80878 0.0215649
806.338 0.843634 0.0232799
806.642 0.816794 0.0234899
806.946 0.818383 0.0232749
807.251 0.805479 0.0233029
807.555 0.80847 0.0229747
807.859 0.795518 0.0226168
808.162 0.846952 0.0240138
808.466 0.838296 0.0247039
808.77 0.806919 0.0248793
809.074 0.837644 0.0262154
809.378 0.844271 0.0263648
809.681 0.792906 0.025349
809.985 0.845879 0.0266056
810.288 0.856176 0.0270656
810.592 0.824624 0.0263631
810.895 0.829155 0.0270632
811.198 0.864173 0.0288505
811.502 0.838295 0.0288285
811.805 0.870503 0.0301842
812.108 0.787928 0.0274094
812.411 0.796429 0.0267406
812.714 0.79929 0.0249602
813.017 0.809729 0.0237752
813.32 0.823563 0.0239418
813.623 0.8254 0.0247257
813.926 0.847886 0.0268755
814.228 0.860513 0.0285228
814.531 0.854345 0.0293316
814.833 0.785822 0.0279145
815.136 0.815811 0.0286151
815.438 0.818874 0.0289958
815.741 0.788081 0.027266
816.043 0.793707 0.0270303
816.345 0.80332 0.0270106
816.648 0.801093 0.0271929
816.95 0.823184 0.0279885
817.252 0.856654 0.0291932
817.554 0.830985 0.0288139
817.856 0.804742 0.0289609
818.158 0.785812 0.0288668
818.46 0.812303 0.0300935
818.761 0.835811 0.0304147
819.063 0.813682 0.0294884
819.365 0.795899 0.0283028
819.666 0.81958 0.0272847
819.968 0.8028 0.026113
820.269 0.821148 0.0261243
820.571 0.815674 0.0267197
820.872 0.819236 0.0277907
821.173 0.818854 0.0288879
821.475 0.826877 0.0301461
821.776 0.815878 0.0297899
822.077 0.796368 0.02926
822.378 0.84327 0.0303195
822.679 0.834489 0.0306549
822.98 0.817502 0.0300595
823.281 0.829741 0.0312658
823.581 0.859112 0.0314934
823.882 0.822633 0.0312119
824.183 0.802417 0.0305132
824.483 0.775983 0.0289395
824.784 0.74777 0.0272416
825.084 0.804466 0.0287619
825.385 0.824201 0.0294943
825.685 0.830152 0.0302372
825.985 0.79521 0.0293409
826.286 0.773223 0.0285351
826.586 0.81012 0.0286351
826.886 0.813701 0.0287516
827.186 0.812946 0.0291601
827.486 0.841638 0.0306669
827.786 0.875292 0.0317506
828.086 0.788845 0.029839
828.386 0.788582 0.0294442
828.685 0.83797 0.0301842
828.985 0.844795 0.0312126
829.285 0.827737 0.0311092
829.584 0.790474 0.030892
829.884 0.802428 0.0315992
830.183 0.856294 0.0343442
830.482 0.844566 0.033736
830.782 0.846378 0.0339157
831.081 0.852785 0.0353324
831.38 0.791922 0.0329473
831.679 0.816202 0.0335244
831.978 0.842276 0.03411
832.277 0.820377 0.0325788
832.576 0.825762 0.0320707
832.875 0.845171 0.0324256
833.174 0.792178 0.0311956
833.472 0.803511 0.0316557
833.771 0.880276 0.0335841
834.07 0.80058 0.0312667
834.368 0.83606 0.0322647
834.667 0.867432 0.0337323
834.965 0.863078 0.0341527
835.263 0.843534 0.0338093
835.562 0.860804 0.0341691
835.86 0.818601 0.0330135
836.158 0.835398 0.0337298
836.456 0.822291 0.0343457
836.754 0.833462 0.0344815
837.052 0.830424 0.0355115
837.35 0.785695 0.0338721
837.648 0.815174 0.0349593
837.946 0.856359 0.0361368
838.243 0.858145 0.0361848
838.541 0.850539 0.0350777
838.839 0.875639 0.0356437
839.136 0.833076 0.0346934
839.434 0.810832 0.0340191
839.731 0.867877 0.0361427
840.028 0.853799 0.0350271
840.326 0.839922 0.035178
840.623 0.828802 0.0349125
840.92 0.816786 0.0349921
841.217 0.863748 0.0369941
841.514 0.825716 0.0363727
841.811 0.808223 0.0347975
842.108 0.82718 0.036238
842.405 0.850533 0.0370203
842.701 0.873141 0.037682
842.998 0.827571 0.0355561
843.295 0.832041 0.0364314
843.591 0.866123 0.0372513
843.888 0.859969 0.0366895
844.184 0.826416 0.0361751
844.481 0.803437 0.0350836
844.777 0.822727 0.0356761
845.073 0.858325 0.0367144
845.369 0.85838 0.037084
845.665 0.893007 0.0383774
845.962 0.833135 0.0363413
846.258 0.871795 0.0378948
846.553 0.850439 0.0374821
846.849 0.899905 0.0386232
847.145 0.802316 0.0352838
847.441 0.8004 0.0354531
847.737 0.837119 0.0359567
848.032 0.795718 0.0357259
848.328 0.85584 0.0372213
848.623 0.869423 0.0380165
848.919 0.837865 0.0364886
849.214 0.785825 0.0349342
849.509 0.822162 0.0362658
849.805 0.861609 0.0378704
850.1 0.871461 0.0389379
850.395 0.951955 0.0405616
850.69 0.87181 0.0390867
850.985 0.840639 0.0370196
851.28 0.85888 0.0372638
851.575 0.903009 0.0386757
851.869 0.857203 0.0375533
852.164 0.815554 0.036084
852.459 0.9178 0.0372291
852.753 0.856243 0.0354586
853.048 0.847841 0.0334535
853.342 0.844588 0.0331576
853.637 0.843887 0.0337393
853.931 0.865125 0.0337947
854.225 0.826036 0.0328772
854.52 0.876396 0.0351264
854.814 0.865775 0.0350289
855.108 0.804482 0.0326707
855.402 0.815881 0.0335034
855.696 0.845938 0.0350915
855.99 0.879411 0.0363561
856.283 0.78745 0.0336477
856.577 0.862245 0.0360145
856.871 0.831879 0.0350951
857.164 0.853929 0.0359438
857.458 0.890089 0.037916
857.751 0.857267 0.036565
858.045 0.840471 0.0357657
858.338 0.832063 0.0361678
858.632 0.819515 0.0350723
858.925 0.81333 0.0358567
859.218 0.82242 0.0359029
859.511 0.869075 0.038452
859.804 0.803989 0.0366142
860.097 0.798272 0.0355173
860.39 0.854366 0.0378223
860.683 0.853736 0.0376483
860.976 0.838286 0.0376049
861.268 0.841318 0.0370906
861.561 0.894643 0.0393441
861.854 0.9217 0.0411244
862.146 0.889822 0.0389718
862.439 0.822744 0.0372714
862.731 0.806194 0.0359912
863.023 0.844695 0.0380339
863.316 0.88287 0.0381823
863.608 0.837694 0.037387
863.9 0.844924 0.0375719
864.192 0.850926 0.0368107
864.484 0.892127 0.0385931
864.776 0.875264 0.0385657
865.068 0.879687 0.0384238
865.36 0.822067 0.037047
865.651 0.883281 0.0394102
865.943 0.79806 0.0367684
866.235 0.888686 0.0389966
866.526 0.885549 0.0399769
866.818 0.86203 0.0381194
867.109 0.834977 0.0372865
867.4 0.843867 0.0382059
867.692 0.877906 0.0391817
867.983 0.874129 0.0387188
868.274 0.84582 0.0385645
868.565 0.889997 0.0390541
868.856 0.875585 0.0389901
869.147 0.807644 0.0373453
869.438 0.818412 0.0374922
869.729 0.866703 0.0388134
870.02 0.901221 0.0411392
870.31 0.847376 0.0386471
870.601 0.84015 0.0379274
870.892 0.827266 0.0372491
871.182 0.806627 0.0366267
871.473 0.873109 0.0389346
871.763 0.850512 0.0375061
872.053 0.860577 0.0381718
872.343 0.841652 0.0376915
872.634 0.868425 0.0386712
872.924 0.781696 0.0359603
873.214 0.836982 0.0379717
873.504 0.87919 0.0394398
873.794 0.893594 0.040755
874.084 0.923574 0.0413134
874.373 0.847783 0.0385859
874.663 0.782929 0.0362025
874.953 0.86682 0.0393599
875.242 0.882127 0.0391712
875.532 0.852156 0.0381837
875.821 0.849028 0.0383505
876.111 0.832354 0.037828
876.4 0.87881 0.0393555
876.689 0.835586 0.0381204
876.978 0.867303 0.0388515
877.268 0.851071 0.0385546
877.557 0.889071 0.0398606
877.846 0.908316 0.0401548
878.134 0.881281 0.0399117
878.423 0.881443 0.0399191
878.712 0.881605 0.0399264
