178.41 0.557033 0.115449
178.791 0.56056 0.11618
179.172 0.564062 0.116906
179.553 0.368693 0.368693
179.934 0.862902 0.862902
180.316 0.54264 0.54264
180.697 0.443696 0.443696
181.078 1.14666 1.14666
181.459 0.486214 0.486214
181.84 0.313462 0.313462
182.221 0.911329 0.911329
182.602 0.907243 0.907243
182.983 -1.02517 -1.02517
183.364 0.7239 0.150976
183.744 0.614784 0.0878442
184.125 0.662086 0.079078
184.506 0.692079 0.0662314
184.887 0.569034 0.0535539
185.268 0.476063 0.0421707
185.648 0.554907 0.0440735
186.029 0.606506 0.0439497
186.41 0.644885 0.044134
186.791 0.631376 0.0419679
187.171 0.505491 0.0321195
187.552 0.435716 0.0242619
187.932 0.527409 0.0271799
188.313 0.449309 0.0234308
188.694 0.477234 0.0241341
189.074 0.48259 0.0233983
189.455 0.45222 0.0220216
189.835 0.530895 0.0245341
190.216 0.485294 0.0228387
190.596 0.472968 0.0215776
190.977 0.455474 0.0210103
191.357 0.508502 0.0222653
191.737 0.506656 0.0219471
192.118 0.480075 0.0212589
192.498 0.465035 0.0202742
192.878 0.480108 0.0207586
193.258 0.465648 0.0200908
193.639 0.439069 0.0192671
194.019 0.47319 0.020178
194.399 0.479681 0.0201406
194.779 0.426543 0.0182312
195.159 0.433847 0.0189195
195.54 0.43839 0.0184484
195.92 0.438769 0.018511
196.3 0.429803 0.0180555
196.68 0.410655 0.0177368
197.06 0.42143 0.0178607
197.44 0.417382 0.0176041
197.82 0.448952 0.0181144
198.2 0.407152 0.0172425
198.58 0.393009 0.0164932
198.959 0.369886 0.0159717
199.339 0.417465 0.0170415
199.719 0.390816 0.0161728
200.099 0.372872 0.0158351
200.479 0.400328 0.0163613
200.858 0.372981 0.0155598
201.238 0.362662 0.0151033
201.618 0.375044 0.0155314
201.998 0.349308 0.0146301
202.377 0.359889 0.0148498
202.757 0.364866 0.0147557
203.136 0.347295 0.0143026
203.516 0.338972 0.0139198
203.896 0.312664 0.0132041
204.275 0.322009 0.0131356
204.655 0.326735 0.0132567
205.034 0.300196 0.0125575
205.414 0.300129 0.0123989
205.793 0.286507 0.0120057
206.172 0.293309 0.0121585
206.552 0.292911 0.011943
206.931 0.283066 0.0115606
207.31 0.28472 0.0114695
207.69 0.276971 0.011222
208.069 0.278085 0.0110956
208.448 0.274914 0.0108932
208.827 0.268017 0.0106939
209.207 0.266137 0.0106285
209.586 0.246126 0.0099537
209.965 0.25918 0.010182
210.344 0.247387 0.00980252
210.723 0.256792 0.00986442
211.102 0.234312 0.00925977
211.481 0.247115 0.00945919
211.86 0.24272 0.00928139
212.239 0.237548 0.0090892
212.618 0.222028 0.00866022
212.997 0.217896 0.00843931
213.376 0.226535 0.00857425
213.755 0.224053 0.00840738
214.134 0.225405 0.00831848
214.513 0.212033 0.00793737
214.891 0.209707 0.00784102
215.27 0.212989 0.00775357
215.649 0.203301 0.00751288
216.028 0.20119 0.00734472
216.406 0.20563 0.00734795
216.785 0.199566 0.00712102
217.164 0.199388 0.00704659
217.542 0.192531 0.00677917
217.921 0.185006 0.0065603
218.3 0.189438 0.00661489
218.678 0.189527 0.00651238
219.057 0.185459 0.0063274
219.435 0.183246 0.00618618
219.814 0.179972 0.0060855
220.192 0.184613 0.0060641
220.57 0.188591 0.00605723
220.949 0.177439 0.00577682
221.327 0.18071 0.00573288
221.705 0.179036 0.00564785
222.084 0.171928 0.00541453
222.462 0.178824 0.00545626
222.84 0.176897 0.00538198
223.218 0.169205 0.00513261
223.597 0.170523 0.00510051
223.975 0.171802 0.00502742
224.353 0.169262 0.00493531
224.731 0.165455 0.00480086
225.109 0.168191 0.00474262
225.487 0.165704 0.00464051
225.865 0.168063 0.00460195
226.243 0.167955 0.00454207
226.621 0.164364 0.00443407
226.999 0.164836 0.00434947
227.377 0.169243 0.00436445
227.755 0.165929 0.00426512
228.133 0.172405 0.00429235
228.511 0.1699 0.00421034
228.889 0.168173 0.00410878
229.266 0.165767 0.00404056
229.644 0.169625 0.00400685
230.022 0.168575 0.00394273
230.4 0.170351 0.00392608
230.777 0.171867 0.003906
231.155 0.169977 0.00383396
231.533 0.172788 0.0038108
231.91 0.170413 0.00373329
232.288 0.173432 0.00373053
232.665 0.174566 0.00369452
233.043 0.174749 0.00366157
233.42 0.171938 0.00358291
233.798 0.176801 0.00360665
234.175 0.177651 0.00356822
234.553 0.176619 0.00351997
234.93 0.178486 0.00350307
235.307 0.180024 0.00348964
235.685 0.178546 0.00344691
236.062 0.180176 0.00342216
236.439 0.182664 0.00342866
236.816 0.182175 0.00338219
237.194 0.183957 0.00336271
237.571 0.178762 0.00328602
237.948 0.185123 0.00332631
238.325 0.183881 0.00327844
238.702 0.182792 0.00324942
239.079 0.187283 0.00325646
239.456 0.187246 0.00323439
239.833 0.189641 0.00323402
240.21 0.188635 0.00319563
240.587 0.1885 0.00317969
240.964 0.187335 0.00314399
241.341 0.190665 0.00314501
241.718 0.188915 0.00310091
242.095 0.192659 0.00313056
242.472 0.193763 0.00311462
242.849 0.192541 0.00308161
243.225 0.192642 0.00305555
243.602 0.191578 0.00303175
243.979 0.194386 0.00304334
244.356 0.195442 0.00303907
244.732 0.195587 0.00300924
245.109 0.195473 0.00298729
245.486 0.19842 0.00300554
245.862 0.197973 0.00298732
246.239 0.195124 0.00293552
246.615 0.20063 0.00297126
246.992 0.197551 0.00292677
247.368 0.200535 0.00294877
247.745 0.200034 0.00292026
248.121 0.202614 0.002919
248.497 0.20035 0.00289795
248.874 0.202032 0.00289246
249.25 0.199855 0.00285152
249.626 0.203444 0.00287225
250.003 0.201246 0.00283993
250.379 0.20089 0.00280979
250.755 0.203723 0.00283199
251.131 0.203602 0.00281127
251.507 0.202636 0.00280086
251.884 0.204165 0.00279211
252.26 0.207082 0.0028127
252.636 0.204059 0.00276667
253.012 0.204172 0.00275735
253.388 0.205369 0.00275709
253.764 0.205579 0.00274722
254.14 0.205204 0.00273818
254.516 0.204548 0.00273007
254.892 0.203616 0.00271007
255.268 0.205605 0.00272038
255.643 0.20631 0.0027136
256.019 0.207027 0.0027163
256.395 0.20688 0.00270967
256.771 0.206649 0.00268841
257.147 0.207189 0.00268886
257.522 0.207676 0.00268776
257.898 0.207913 0.00268487
258.274 0.209799 0.00269004
258.649 0.210436 0.00269247
259.025 0.20841 0.00266476
259.4 0.209553 0.00267061
259.776 0.208887 0.00265813
260.151 0.210421 0.00267684
260.527 0.210325 0.00266431
260.902 0.211596 0.00266508
261.278 0.210535 0.00265277
261.653 0.21273 0.00266649
262.028 0.210681 0.00265617
262.404 0.210392 0.00264218
262.779 0.210787 0.00263803
263.154 0.213421 0.00264979
263.53 0.211593 0.00263122
263.905 0.213524 0.00264833
264.28 0.211157 0.00263224
264.655 0.210886 0.0026229
265.03 0.211904 0.00263734
265.405 0.213357 0.00263756
265.781 0.214019 0.00264478
266.156 0.214909 0.00264743
266.531 0.212978 0.0026216
266.906 0.21654 0.00265803
267.281 0.21351 0.00262631
267.655 0.21396 0.00263891
268.03 0.215005 0.00264681
268.405 0.214699 0.00264141
268.78 0.21521 0.00264449
269.155 0.215753 0.00264193
269.53 0.217475 0.00266161
269.904 0.216634 0.00265345
270.279 0.219238 0.00267105
270.654 0.217704 0.00265412
271.029 0.216137 0.00264956
271.403 0.216336 0.00264329
271.778 0.218935 0.00266668
272.152 0.218016 0.0026636
272.527 0.220171 0.00267439
272.901 0.218214 0.00265206
273.276 0.217617 0.00264239
273.65 0.219555 0.00266247
274.025 0.218678 0.00265025
274.399 0.220455 0.00267374
274.774 0.219979 0.00266468
275.148 0.218422 0.00264683
275.522 0.220813 0.00266841
275.897 0.220244 0.00266352
276.271 0.22082 0.00266967
276.645 0.222104 0.00266967
277.019 0.220593 0.00265336
277.393 0.219303 0.00263845
277.768 0.220558 0.00265851
278.142 0.220569 0.0026559
278.516 0.221584 0.0026667
278.89 0.220551 0.00265523
279.264 0.222112 0.00267316
279.638 0.221248 0.00265505
280.012 0.222899 0.00266962
280.386 0.221758 0.0026767
280.76 0.222888 0.00267331
281.133 0.222472 0.00267571
281.507 0.221888 0.00267006
281.881 0.222335 0.00266663
282.255 0.224263 0.00268192
282.629 0.223018 0.00268223
283.002 0.22264 0.0026814
283.376 0.223826 0.00268118
283.75 0.224449 0.00269402
284.123 0.222827 0.0026749
284.497 0.223014 0.0026809
284.87 0.226521 0.00270466
285.244 0.225789 0.00269532
285.618 0.225389 0.00269985
285.991 0.224745 0.00270737
286.364 0.225562 0.00271127
286.738 0.225991 0.00271335
287.111 0.225404 0.00271097
287.485 0.226438 0.00271872
287.858 0.225533 0.00272341
288.231 0.225044 0.00271568
288.605 0.226081 0.00272939
288.978 0.224747 0.00271554
289.351 0.226516 0.00274037
289.724 0.226491 0.00274013
290.097 0.226543 0.00274371
290.47 0.227244 0.00275683
290.843 0.227472 0.00275724
291.217 0.223367 0.0027328
291.59 0.22658 0.00277145
291.963 0.229212 0.00278136
292.336 0.226874 0.00277597
292.708 0.227407 0.00278453
293.081 0.229396 0.00280955
293.454 0.228035 0.00278886
293.827 0.226683 0.00278884
294.2 0.229136 0.00282218
294.573 0.228249 0.00280773
294.945 0.229408 0.00283147
295.318 0.230693 0.0028383
295.691 0.228287 0.00283033
296.064 0.228316 0.00283571
296.436 0.22857 0.00283528
296.809 0.22679 0.00281663
297.181 0.228429 0.00284196
297.554 0.227845 0.00284267
297.926 0.226051 0.0028337
298.299 0.228141 0.00284981
298.671 0.22775 0.00283497
299.044 0.228737 0.00285667
299.416 0.228703 0.00286078
299.788 0.228059 0.00285231
300.161 0.229662 0.00287491
300.533 0.227572 0.00285781
300.905 0.228579 0.00285322
301.278 0.228493 0.00285868
301.65 0.226332 0.00284194
302.022 0.227424 0.002855
302.394 0.227323 0.00285897
302.766 0.226436 0.00284937
303.138 0.227494 0.00286724
303.51 0.226662 0.00285454
303.882 0.225648 0.00284457
304.254 0.226735 0.00285702
304.626 0.22616 0.00284482
304.998 0.226327 0.00284502
305.37 0.225721 0.00285709
305.742 0.225009 0.00284189
306.114 0.223071 0.00282841
306.485 0.225058 0.00284161
306.857 0.22468 0.0028372
307.229 0.224737 0.00284747
307.601 0.222687 0.00283368
307.972 0.22023 0.0028151
308.344 0.221749 0.00282125
308.716 0.223065 0.00284128
309.087 0.220383 0.0028206
309.459 0.222586 0.00283896
309.83 0.222184 0.00283677
310.202 0.220774 0.00282316
310.573 0.22544 0.0028545
310.945 0.224297 0.00284528
311.316 0.226574 0.00287336
311.687 0.227559 0.00286806
312.059 0.228264 0.00288258
312.43 0.232847 0.00290608
312.801 0.235629 0.00293371
313.172 0.23645 0.00294062
313.544 0.236783 0.00294572
313.915 0.238684 0.00293872
314.286 0.242145 0.00297281
314.657 0.241667 0.00296329
315.028 0.241719 0.00296987
315.399 0.242509 0.00297373
315.77 0.246807 0.00299573
316.141 0.246783 0.00300805
316.512 0.24562 0.00300051
316.883 0.244598 0.0030003
317.254 0.245227 0.00300114
317.625 0.245459 0.00302105
317.996 0.242081 0.00298376
318.366 0.244257 0.00300458
318.737 0.241501 0.00298458
319.108 0.245022 0.00301664
319.478 0.243608 0.00300892
319.849 0.248598 0.00303814
320.22 0.251592 0.00305938
320.59 0.254587 0.00307578
320.961 0.258527 0.00310482
321.331 0.265052 0.00314416
321.702 0.269037 0.00318376
322.072 0.274816 0.00322751
322.443 0.280432 0.00325385
322.813 0.284657 0.00327219
323.184 0.290705 0.00331605
323.554 0.295481 0.00335379
323.924 0.301046 0.00338348
324.295 0.308636 0.00344248
324.665 0.310124 0.00345329
325.035 0.315079 0.00347621
325.405 0.32241 0.00353089
325.775 0.328821 0.00358316
326.145 0.330976 0.00359145
326.515 0.333434 0.00361141
326.886 0.336026 0.00364375
327.256 0.341695 0.00367785
327.626 0.339952 0.00369114
327.995 0.342454 0.00371384
328.365 0.337503 0.00369205
328.735 0.335392 0.00369898
329.105 0.344418 0.00378903
329.475 0.356017 0.00388256
329.845 0.374587 0.00404013
330.215 0.388834 0.0041008
330.584 0.394971 0.00409321
330.954 0.387335 0.00395765
331.324 0.375907 0.00378907
331.693 0.370971 0.00369951
332.063 0.363511 0.00362268
332.432 0.359115 0.00358214
332.802 0.358464 0.00360828
333.171 0.362988 0.00367862
333.541 0.36438 0.00375443
333.91 0.365651 0.00378008
334.28 0.36844 0.0038162
334.649 0.368923 0.00382978
335.018 0.369466 0.00384566
335.388 0.373005 0.0038765
335.757 0.369534 0.00385897
336.126 0.366486 0.00385684
336.495 0.367296 0.00384804
336.865 0.364017 0.00384669
337.234 0.364497 0.00387099
337.603 0.361881 0.00384921
337.972 0.360789 0.00385225
338.341 0.360054 0.00384203
338.71 0.355894 0.00381717
339.079 0.355901 0.00383105
339.448 0.356521 0.00382833
339.817 0.353554 0.00382179
340.186 0.348456 0.00379654
340.554 0.347853 0.00378828
340.923 0.346507 0.00378885
341.292 0.343363 0.00377518
341.661 0.341861 0.00377163
342.029 0.339302 0.00375099
342.398 0.336878 0.00374259
342.767 0.337678 0.00376144
343.135 0.335488 0.00374641
343.504 0.332482 0.00374122
343.872 0.328414 0.00370443
344.241 0.330609 0.00372549
344.609 0.32867 0.00372931
344.978 0.324385 0.00370117
345.346 0.321732 0.00367215
345.715 0.321262 0.00368365
346.083 0.321124 0.00369107
346.451 0.315733 0.00365415
346.82 0.318963 0.00368509
347.188 0.314324 0.00365128
347.556 0.313834 0.00366726
347.924 0.314796 0.00366843
348.292 0.314005 0.00367215
348.66 0.313015 0.00366312
349.028 0.308043 0.00363848
349.396 0.314592 0.00369145
349.764 0.314343 0.00368534
350.132 0.316017 0.00369323
350.5 0.319406 0.00371905
350.868 0.319931 0.00372886
351.236 0.322926 0.00374329
351.604 0.327302 0.00378322
351.972 0.330196 0.00380421
352.34 0.334655 0.00383538
352.707 0.336246 0.00384618
353.075 0.34232 0.00388179
353.443 0.343975 0.00390003
353.81 0.352303 0.00395677
354.178 0.354493 0.00397128
354.545 0.357314 0.00397728
354.913 0.366978 0.00404785
355.28 0.369488 0.00406223
355.648 0.375441 0.00408616
356.015 0.381493 0.00412617
356.383 0.384675 0.00413861
356.75 0.391947 0.0041882
357.117 0.396985 0.00421737
357.485 0.402067 0.00424726
357.852 0.410629 0.00432188
358.219 0.413998 0.00431803
358.586 0.413871 0.00431665
358.954 0.423151 0.00438312
359.321 0.430277 0.0044092
359.688 0.438305 0.00447204
360.055 0.437969 0.00446397
360.422 0.447988 0.00452128
360.789 0.4527 0.00455283
361.156 0.452439 0.00454751
361.523 0.460296 0.00460539
361.89 0.464364 0.00462009
362.256 0.462113 0.00459044
362.623 0.473122 0.00469105
362.99 0.474473 0.00467526
363.357 0.485857 0.00475033
363.724 0.487744 0.0047616
364.09 0.484943 0.00473834
364.457 0.498822 0.00484155
364.823 0.496721 0.00480031
365.19 0.499621 0.00482146
365.557 0.502661 0.0048286
365.923 0.506971 0.00486533
366.29 0.511848 0.00490404
366.656 0.515294 0.00490029
367.022 0.516451 0.00489965
367.389 0.520837 0.00494245
367.755 0.524677 0.00498424
368.121 0.523724 0.0049777
368.488 0.528345 0.00499285
368.854 0.532037 0.00502929
369.22 0.534702 0.00506564
369.586 0.536669 0.00509222
369.952 0.53929 0.00511575
370.318 0.536483 0.00510483
370.684 0.543053 0.00515097
371.051 0.541044 0.00514285
371.416 0.547375 0.00520482
371.782 0.549701 0.00520027
372.148 0.548531 0.00520543
372.514 0.554127 0.00524316
372.88 0.552967 0.00525305
373.246 0.557778 0.005271
373.612 0.561357 0.00528541
373.977 0.559316 0.00526387
374.343 0.560042 0.00525065
374.709 0.561926 0.0052424
375.074 0.56319 0.00526401
375.44 0.564078 0.00529073
375.806 0.569966 0.00534763
376.171 0.56569 0.00530059
376.537 0.571023 0.00532065
376.902 0.568284 0.00531722
377.268 0.574721 0.00532529
377.633 0.573399 0.00530941
377.998 0.570966 0.00527785
378.364 0.571701 0.00525841
378.729 0.579954 0.00530514
379.094 0.5853 0.00535286
379.459 0.584044 0.00541874
379.825 0.580177 0.00537684
380.19 0.579702 0.00538297
380.555 0.58155 0.00542943
380.92 0.586838 0.00552222
381.285 0.585159 0.00550388
381.65 0.580479 0.00543917
382.015 0.586827 0.00547688
382.38 0.589359 0.00551001
382.745 0.588414 0.00553935
383.11 0.587452 0.00554978
383.474 0.592249 0.00555595
383.839 0.59042 0.00555736
384.204 0.593357 0.00558914
384.569 0.5922 0.00559053
384.933 0.595585 0.0056228
385.298 0.589429 0.00560238
385.663 0.596408 0.00561947
386.027 0.594706 0.00559984
386.392 0.596466 0.00558419
386.756 0.595163 0.00555003
387.121 0.599915 0.00557055
387.485 0.605232 0.00557798
387.849 0.60003 0.00552796
388.214 0.609272 0.00563218
388.578 0.61044 0.00566593
388.942 0.604566 0.00566732
389.307 0.606837 0.00567278
389.671 0.608675 0.00570229
390.035 0.610878 0.00568657
390.399 0.60728 0.0056565
390.763 0.607703 0.0056251
391.127 0.611197 0.00562091
391.492 0.605664 0.00551845
391.856 0.607406 0.00546268
392.219 0.613072 0.00544716
392.583 0.622192 0.00551877
392.947 0.630866 0.00567702
393.311 0.626934 0.00571153
393.675 0.628565 0.00573619
394.039 0.625099 0.00575578
394.403 0.623897 0.0057531
394.766 0.630273 0.00579813
395.13 0.625992 0.00579369
395.494 0.627947 0.00580043
395.857 0.627765 0.00577426
396.221 0.625099 0.00573589
396.584 0.627211 0.00570254
396.948 0.627007 0.00564006
397.311 0.623976 0.00554355
397.675 0.631863 0.00554834
398.038 0.639395 0.00558403
398.401 0.640766 0.00566947
398.765 0.649664 0.00579698
399.128 0.648368 0.00587393
399.491 0.650392 0.00592785
399.854 0.646786 0.00591981
400.218 0.646424 0.00593536
400.581 0.644807 0.00594482
400.944 0.652018 0.00600725
401.307 0.648742 0.00606425
401.67 0.649188 0.0060487
402.033 0.647093 0.00605655
402.396 0.650933 0.00607788
402.759 0.652981 0.00609484
403.122 0.651276 0.00605719
403.485 0.659559 0.00609401
403.847 0.652732 0.00601195
404.21 0.65932 0.00601099
404.573 0.661319 0.00601353
404.936 0.661963 0.00598681
405.298 0.667948 0.00607983
405.661 0.670926 0.00617879
406.023 0.674185 0.00628161
406.386 0.673054 0.00629855
406.749 0.670269 0.00631426
407.111 0.668009 0.00629552
407.473 0.657023 0.00614364
407.836 0.669782 0.00619395
408.198 0.667532 0.00614589
408.561 0.665062 0.00615216
408.923 0.671444 0.00619073
409.285 0.675331 0.00622009
409.647 0.678549 0.00628954
410.009 0.685266 0.00638037
410.372 0.672677 0.00631228
410.734 0.679777 0.00637741
411.096 0.673554 0.00633701
411.458 0.676885 0.00635113
411.82 0.677583 0.00631272
412.182 0.675869 0.00625688
412.544 0.682899 0.00630341
412.906 0.679752 0.00627773
413.267 0.684296 0.0063212
413.629 0.687997 0.00638816
413.991 0.685703 0.00640748
414.353 0.68735 0.00643284
414.714 0.690232 0.00651421
415.076 0.683734 0.00646737
415.438 0.687604 0.00647858
415.799 0.687747 0.0064534
416.161 0.69075 0.00652419
416.522 0.690851 0.00655151
416.884 0.685139 0.00652843
417.245 0.688644 0.00656926
417.607 0.685996 0.00654045
417.968 0.682919 0.00651841
418.329 0.690431 0.00654597
418.691 0.689139 0.00653767
419.052 0.692438 0.00654873
419.413 0.679108 0.00642704
419.774 0.687306 0.0064456
420.135 0.684975 0.00629141
420.497 0.677917 0.00616015
420.858 0.684132 0.00610295
421.219 0.692512 0.00616095
421.58 0.70304 0.00628675
421.941 0.712678 0.00644083
422.302 0.702037 0.00647831
422.662 0.702434 0.00650803
423.023 0.697204 0.00651236
423.384 0.699498 0.00654493
423.745 0.687265 0.00644831
424.106 0.691989 0.00646679
424.466 0.696083 0.00647328
424.827 0.704872 0.00660394
425.187 0.707587 0.00670038
425.548 0.702824 0.00674088
425.909 0.698558 0.00675592
426.269 0.692202 0.0066777
426.63 0.692641 0.00663453
426.99 0.696211 0.00659701
427.35 0.697205 0.00663118
427.711 0.692392 0.00656141
428.071 0.691844 0.00650391
428.431 0.680236 0.00632591
428.792 0.682006 0.00611735
429.152 0.687493 0.00597307
429.512 0.693008 0.00598575
429.872 0.7009 0.00606151
430.232 0.71479 0.00622937
430.592 0.716926 0.0064157
430.952 0.717576 0.00660813
431.312 0.715327 0.00676191
431.672 0.702351 0.00677745
432.032 0.699291 0.00674202
432.392 0.690268 0.00660779
432.752 0.673004 0.00620365
433.111 0.679558 0.00609459
433.471 0.71565 0.00635221
433.831 0.724568 0.00664199
434.19 0.705569 0.00655519
434.55 0.703187 0.00654292
434.91 0.705245 0.00662893
435.269 0.686504 0.00645017
435.629 0.694291 0.00647236
435.988 0.699154 0.00646718
436.348 0.714384 0.00663723
436.707 0.714808 0.00674022
437.066 0.7018 0.00667497
437.426 0.691124 0.00654537
437.785 0.696903 0.00655426
438.144 0.703832 0.00657856
438.503 0.711986 0.00670386
438.862 0.705659 0.00668638
439.222 0.711343 0.00676682
439.581 0.699888 0.00674092
439.94 0.690043 0.00659957
440.299 0.678766 0.00632478
440.658 0.681952 0.00617825
441.017 0.701446 0.00626796
441.376 0.71624 0.00640762
441.734 0.711153 0.00645041
442.093 0.698847 0.00639157
442.452 0.696164 0.00633349
442.811 0.698644 0.00631687
443.169 0.70002 0.00632071
443.528 0.719896 0.00654277
443.887 0.706445 0.00648551
444.245 0.703765 0.00650154
444.604 0.704297 0.00655814
444.962 0.705363 0.00659433
445.321 0.701624 0.00658296
445.679 0.692426 0.0065053
446.038 0.700212 0.00651788
446.396 0.709293 0.00665039
446.754 0.710162 0.00674552
447.112 0.714536 0.00680048
447.471 0.704109 0.00675842
447.829 0.70102 0.00677885
448.187 0.696784 0.00674632
448.545 0.696823 0.00672587
448.903 0.706846 0.00679161
449.261 0.70273 0.0067915
449.619 0.70331 0.00685865
449.977 0.708629 0.00691807
450.335 0.709187 0.00699662
450.693 0.707993 0.00700804
451.051 0.701378 0.0069614
451.409 0.703259 0.00699807
451.766 0.706909 0.00702515
452.124 0.713499 0.00715684
452.482 0.705272 0.00718595
452.839 0.709623 0.00728857
453.197 0.702867 0.0072666
453.555 0.700276 0.00728318
453.912 0.697631 0.00725032
454.27 0.690691 0.00710037
454.627 0.691254 0.00701933
454.984 0.707348 0.00711734
455.342 0.712765 0.00725408
455.699 0.713126 0.00733688
456.056 0.697958 0.00721535
456.414 0.697352 0.00714774
456.771 0.69265 0.00699334
457.128 0.699988 0.00700339
457.485 0.703807 0.00699812
457.842 0.706529 0.00705504
458.199 0.709639 0.00706236
458.556 0.698497 0.00693911
458.913 0.699965 0.00694668
459.27 0.706415 0.00693909
459.627 0.710638 0.00706105
459.984 0.697291 0.00694343
460.341 0.701702 0.0069564
460.697 0.705742 0.00705952
461.054 0.722575 0.00735364
461.411 0.713116 0.00745584
461.767 0.704093 0.00749588
462.124 0.6991 0.00745058
462.481 0.696994 0.00735037
462.837 0.690076 0.00720028
463.194 0.698172 0.0070908
463.55 0.696608 0.0071284
463.907 0.689898 0.00690775
464.263 0.692333 0.00682467
464.619 0.692529 0.00669642
464.976 0.692935 0.00660561
465.332 0.701238 0.00664343
465.688 0.724416 0.00695953
466.044 0.724319 0.00720892
466.4 0.715852 0.00727816
466.756 0.702297 0.00725622
467.112 0.705464 0.0072725
467.468 0.699942 0.00723328
467.824 0.703722 0.00732718
468.18 0.712531 0.0074692
468.536 0.706974 0.00744623
468.892 0.712003 0.00759188
469.248 0.705041 0.00758818
469.604 0.700782 0.00761073
469.959 0.701889 0.00761404
470.315 0.705958 0.00763196
470.671 0.706912 0.00762949
471.026 0.694676 0.00749934
471.382 0.691855 0.0074125
471.737 0.697832 0.00738455
472.093 0.695271 0.007256
472.448 0.685954 0.00706887
472.804 0.691123 0.00703494
473.159 0.699635 0.00702003
473.514 0.706965 0.00709257
473.87 0.691897 0.00691661
474.225 0.679599 0.00665898
474.58 0.688749 0.00657147
474.935 0.707333 0.00671619
475.29 0.716138 0.00684898
475.645 0.704687 0.00680089
476 0.696149 0.00676827
476.355 0.701485 0.00685532
476.71 0.694331 0.00681628
477.065 0.67936 0.00654599
477.42 0.686606 0.00649402
477.775 0.694025 0.00653687
478.13 0.702751 0.00663701
478.485 0.696146 0.00655788
478.839 0.684849 0.00642664
479.194 0.680522 0.00624214
479.549 0.68684 0.00619414
479.903 0.7043 0.0062891
480.258 0.701879 0.00632768
480.612 0.692189 0.00620191
480.967 0.678564 0.00599859
481.321 0.698512 0.00610563
481.675 0.709501 0.00627202
482.03 0.709131 0.00638099
482.384 0.697738 0.00635611
482.738 0.68719 0.00624773
483.093 0.689245 0.00621137
483.447 0.677182 0.00602306
483.801 0.670518 0.00580622
484.155 0.682517 0.00578319
484.509 0.582978 0.00465417
484.863 0.544053 0.00306449
485.217 0.629353 0.00299558
485.571 0.744137 0.00334147
485.925 0.91483 0.00471954
486.279 0.841253 0.00524789
486.632 0.734166 0.00530243
486.986 0.720192 0.00567694
487.34 0.727403 0.00609044
487.694 0.709423 0.00618259
488.047 0.692857 0.00614453
488.401 0.696046 0.00616647
488.754 0.694792 0.00620003
489.108 0.701821 0.00633301
489.461 0.702887 0.0063685
489.815 0.699557 0.00641967
490.168 0.690409 0.00630721
490.522 0.688931 0.00627364
490.875 0.688878 0.00628283
491.228 0.696977 0.00636312
491.581 0.690209 0.00628871
491.935 0.697828 0.0063467
492.288 0.693467 0.00635291
492.641 0.695109 0.00631532
492.994 0.687793 0.0062773
493.347 0.686081 0.00618242
493.7 0.686484 0.00618896
494.053 0.693016 0.00623961
494.406 0.704279 0.00639184
494.759 0.701243 0.0065081
495.111 0.672238 0.0061731
495.464 0.661598 0.00585529
495.817 0.683121 0.00584228
496.169 0.71069 0.00612623
496.522 0.72671 0.00647454
496.875 0.711414 0.00661998
497.227 0.699953 0.00663133
497.58 0.690266 0.0065738
497.932 0.684244 0.00646823
498.285 0.684304 0.00640946
498.637 0.674161 0.00620333
498.989 0.679779 0.00615977
499.342 0.698823 0.00629177
499.694 0.707806 0.00647207
500.046 0.692169 0.00645514
500.398 0.677455 0.00622978
500.751 0.682481 0.00619581
501.103 0.68779 0.00620004
501.455 0.69657 0.00624906
501.807 0.689808 0.00622799
502.159 0.693746 0.00624912
502.511 0.687313 0.00620464
502.862 0.693004 0.00625711
503.214 0.696599 0.00635907
503.566 0.700974 0.0065083
503.918 0.690176 0.00652786
504.27 0.689059 0.00651567
504.621 0.694673 0.00655812
504.973 0.689501 0.00657053
505.324 0.688909 0.00652529
505.676 0.678701 0.00636392
506.027 0.690243 0.00643512
506.379 0.708133 0.0067352
506.73 0.692228 0.00676066
507.082 0.684761 0.00667638
507.433 0.673507 0.00649866
507.784 0.682715 0.00648823
508.136 0.693512 0.00665343
508.487 0.701009 0.00675795
508.838 0.690612 0.00677054
509.189 0.685057 0.00673585
509.54 0.680756 0.00662491
509.891 0.687618 0.00673524
510.242 0.690636 0.00675753
510.593 0.690262 0.00679869
510.944 0.688007 0.00682552
511.295 0.698573 0.00702096
511.646 0.694059 0.00707574
511.996 0.682822 0.00694593
512.347 0.678047 0.00686954
512.698 0.693643 0.00697106
513.049 0.694079 0.0070162
513.399 0.686383 0.00700956
513.75 0.684366 0.00697832
514.1 0.697459 0.00717842
514.451 0.699994 0.007341
514.801 0.679816 0.00720265
515.152 0.677921 0.00712903
515.502 0.674595 0.0070013
515.852 0.688424 0.00703473
516.202 0.690957 0.00703821
516.553 0.699545 0.00718535
516.903 0.697401 0.00728375
517.253 0.699334 0.00740387
517.603 0.685569 0.0073293
517.953 0.679343 0.00726049
518.303 0.68161 0.00710191
518.653 0.685496 0.00706376
519.003 0.696503 0.00717494
519.353 0.709056 0.00749824
519.703 0.698914 0.00760229
520.052 0.680868 0.00754198
520.402 0.680228 0.00749691
520.752 0.684352 0.00743354
521.102 0.697796 0.00762785
521.451 0.694105 0.00766182
521.801 0.692454 0.00763081
522.15 0.67524 0.00741049
522.5 0.680571 0.00742762
522.849 0.686584 0.00743692
523.199 0.683425 0.00734971
523.548 0.678881 0.0072548
523.897 0.69461 0.00742322
524.246 0.699273 0.00757206
524.596 0.696639 0.00766476
524.945 0.685903 0.00756113
525.294 0.688533 0.00757474
525.643 0.681939 0.00752158
525.992 0.687994 0.00754199
526.341 0.686464 0.00748662
526.69 0.692414 0.00757819
527.039 0.688231 0.00762889
527.388 0.682498 0.0076502
527.737 0.663498 0.00731345
528.086 0.665044 0.00705258
528.434 0.675519 0.00697783
528.783 0.704492 0.00732061
529.132 0.706299 0.00746951
529.48 0.695898 0.00750971
529.829 0.688403 0.00751032
530.177 0.69088 0.00760103
530.526 0.689246 0.0076107
530.874 0.679374 0.00748397
531.223 0.680824 0.00748113
531.571 0.686528 0.0075771
531.919 0.679884 0.00746624
532.268 0.660647 0.00713511
532.616 0.668648 0.00694873
532.964 0.679895 0.00690298
533.312 0.690719 0.00696131
533.66 0.687082 0.0069743
534.008 0.687083 0.00695843
534.356 0.684374 0.00694928
534.704 0.691047 0.00704654
535.052 0.695647 0.00716505
535.4 0.696465 0.0073208
535.748 0.694172 0.00748276
536.095 0.69643 0.00768481
536.443 0.681921 0.00761382
536.791 0.668206 0.00737745
537.139 0.672722 0.00723191
537.486 0.674698 0.00707501
537.834 0.681943 0.00707521
538.181 0.682083 0.00703531
538.529 0.688128 0.00710622
538.876 0.682896 0.0070608
539.223 0.689541 0.00721504
539.571 0.694729 0.00739706
539.918 0.683129 0.00730905
540.265 0.671569 0.00710407
540.613 0.672222 0.00698528
540.96 0.686408 0.00714601
541.307 0.678572 0.00711805
541.654 0.671926 0.00708134
542.001 0.683256 0.00716302
542.348 0.684528 0.00716835
542.695 0.681181 0.00715984
543.042 0.675723 0.00702167
543.388 0.674243 0.00692527
543.735 0.684676 0.00696895
544.082 0.681141 0.00694036
544.429 0.68503 0.00699218
544.775 0.700143 0.00722456
545.122 0.700965 0.00744312
545.469 0.682362 0.00746376
545.815 0.676389 0.00738802
546.162 0.679031 0.00734353
546.508 0.672973 0.0071606
546.854 0.66271 0.00684242
547.201 0.667433 0.00661534
547.547 0.690313 0.00670829
547.893 0.695271 0.00688349
548.24 0.710173 0.00732945
548.586 0.693524 0.00754424
548.932 0.682416 0.00759491
549.278 0.675335 0.00756077
549.624 0.682867 0.0075622
549.97 0.688553 0.00766468
550.316 0.684033 0.00779201
550.662 0.684834 0.00787679
551.008 0.651471 0.00728505
551.353 0.653857 0.00690844
551.699 0.679543 0.00688704
552.045 0.705178 0.00720467
552.391 0.688515 0.00726658
552.736 0.677044 0.00723869
553.082 0.678893 0.00725922
553.427 0.692737 0.00746247
553.773 0.690355 0.00769627
554.118 0.669996 0.00758241
554.464 0.661514 0.00734094
554.809 0.652646 0.00700198
555.154 0.67906 0.00704607
555.5 0.681631 0.0070754
555.845 0.692931 0.00741118
556.19 0.690937 0.0076013
556.535 0.685907 0.00774366
556.88 0.669227 0.00752557
557.225 0.678251 0.00754807
557.57 0.689227 0.00775738
557.915 0.694413 0.0079976
558.26 0.682371 0.00802567
558.605 0.679257 0.00797893
558.95 0.664072 0.00771528
559.295 0.655074 0.00725418
559.639 0.664476 0.00703107
559.984 0.667422 0.00677733
560.329 0.679926 0.00681525
560.673 0.678386 0.00683116
561.018 0.690698 0.00709515
561.362 0.684915 0.00725373
561.707 0.683285 0.00742672
562.051 0.671071 0.00727032
562.395 0.661415 0.00712249
562.74 0.670033 0.00702649
563.084 0.672901 0.0069545
563.428 0.669798 0.00679356
563.772 0.679568 0.00687465
564.117 0.672895 0.00679078
564.461 0.675113 0.00678044
564.805 0.675834 0.00684316
565.149 0.673574 0.0068002
565.493 0.677386 0.00682987
565.836 0.671943 0.00667169
566.18 0.661909 0.00652492
566.524 0.646211 0.00601199
566.868 0.666771 0.00594314
567.212 0.674054 0.0058738
567.555 0.666812 0.00576833
567.899 0.659878 0.00547238
568.242 0.657634 0.00523999
568.586 0.649703 0.00487389
568.929 0.647868 0.00455567
569.273 0.656959 0.00433728
569.616 0.678404 0.00441372
569.96 0.662483 0.00427352
570.303 0.660837 0.00413557
570.646 0.666109 0.00410047
570.989 0.659748 0.00395446
571.333 0.678979 0.00406162
571.676 0.691689 0.00425268
572.019 0.689591 0.00459153
572.362 0.630803 0.00414359
572.705 0.635857 0.00386128
573.048 0.659407 0.00374278
573.391 0.662868 0.00363014
573.733 0.668813 0.00359573
574.076 0.670313 0.00355997
574.419 0.688436 0.00371773
574.762 0.683051 0.00390047
575.104 0.694326 0.00420959
575.447 0.639592 0.00398571
575.789 0.635841 0.00373541
576.132 0.657002 0.00358715
576.474 0.660971 0.00355771
576.817 0.6497 0.00326292
577.159 0.662995 0.00311649
577.501 0.703715 0.0032361
577.844 0.71364 0.00348783
578.186 0.700353 0.0038756
578.528 0.65644 0.00390539
578.87 0.652532 0.00391074
579.212 0.642405 0.00375085
579.554 0.667512 0.00370128
579.896 0.666991 0.00372237
580.238 0.636717 0.00342726
580.58 0.647589 0.00303684
580.922 0.702139 0.00303905
581.264 0.758923 0.00315948
581.606 0.720065 0.00321303
581.947 0.700324 0.00336344
582.289 0.694437 0.00372102
582.631 0.678824 0.00408072
582.972 0.657833 0.00428652
583.314 0.64491 0.00419742
583.655 0.639977 0.00404209
583.997 0.635347 0.00367629
584.338 0.651406 0.00346229
584.679 0.668 0.00336397
585.021 0.700335 0.0035391
585.362 0.691172 0.0037778
585.703 0.683411 0.00404045
586.044 0.635931 0.0039121
586.385 0.638662 0.00370981
586.726 0.653809 0.00358499
587.067 0.693945 0.00383834
587.408 0.68211 0.00402366
587.749 0.674045 0.00418944
588.09 0.667273 0.00434209
588.431 0.686881 0.00466784
588.772 0.660017 0.00475881
589.113 0.647349 0.00463154
589.453 0.662188 0.00465891
589.794 0.680536 0.00488476
590.134 0.680125 0.00514385
590.475 0.662549 0.00519495
590.815 0.653604 0.00511202
591.156 0.668357 0.00517675
591.496 0.64039 0.00491281
591.837 0.618929 0.00415498
592.177 0.644053 0.00385024
592.517 0.679572 0.00378651
592.857 0.694871 0.00403699
593.198 0.692379 0.00428751
593.538 0.68598 0.00470784
593.878 0.655221 0.00474811
594.218 0.634588 0.00452202
594.558 0.656304 0.00442781
594.898 0.683442 0.00464569
595.237 0.68988 0.00495689
595.577 0.681503 0.00524496
595.917 0.666373 0.00544543
596.257 0.637835 0.00510433
596.596 0.645654 0.00500645
596.936 0.679301 0.00505002
597.276 0.678187 0.00524312
597.615 0.650997 0.00504589
597.955 0.62148 0.00433607
598.294 0.662114 0.00419902
598.633 0.687889 0.00429415
598.973 0.682326 0.00443797
599.312 0.652852 0.00432781
599.651 0.672163 0.00442617
599.991 0.667133 0.00450588
600.33 0.668929 0.00458166
600.669 0.668475 0.00471138
601.008 0.675525 0.00489988
601.347 0.660768 0.00501121
601.686 0.649397 0.00482281
602.025 0.661898 0.0049015
602.364 0.648904 0.00461135
602.702 0.659772 0.0045831
603.041 0.674977 0.00466631
603.38 0.684914 0.00492538
603.719 0.676604 0.00511841
604.057 0.656593 0.00518386
604.396 0.653955 0.00516526
604.734 0.62833 0.00483562
605.073 0.657594 0.00457663
605.411 0.678409 0.00469362
605.75 0.690159 0.00490693
606.088 0.666869 0.00507591
606.426 0.647299 0.00487828
606.764 0.655926 0.00484318
607.103 0.683292 0.00509983
607.441 0.667213 0.0052134
607.779 0.665743 0.0053339
608.117 0.658519 0.0052686
608.455 0.680046 0.00558111
608.793 0.651445 0.00551516
609.131 0.636104 0.00508437
609.469 0.663159 0.0050661
609.806 0.68647 0.00522368
610.144 0.681823 0.0056148
610.482 0.64853 0.0055329
610.819 0.661628 0.00557626
611.157 0.665227 0.00562083
611.495 0.669506 0.0058365
611.832 0.65549 0.00579234
612.17 0.65543 0.00574994
612.507 0.660523 0.00570778
612.844 0.660894 0.00576935
613.182 0.659393 0.00577612
613.519 0.658684 0.00573746
613.856 0.662787 0.0057403
614.193 0.649834 0.00561226
614.53 0.655108 0.00551759
614.867 0.669747 0.00557285
615.205 0.685277 0.00591936
615.541 0.6719 0.00607311
615.878 0.656198 0.00625656
616.215 0.648731 0.00615736
616.552 0.657846 0.00626382
616.889 0.649709 0.00608204
617.226 0.667021 0.00609933
617.562 0.685211 0.00637846
617.899 0.681881 0.00674721
618.235 0.675199 0.00706
618.572 0.654435 0.0072081
618.908 0.640051 0.00688109
619.245 0.649177 0.00664715
619.581 0.668267 0.00662593
619.918 0.712199 0.00740852
620.254 0.689224 0.0082215
620.59 0.639873 0.00804095
620.926 0.628164 0.00742846
621.262 0.653561 0.00715629
621.599 0.680151 0.0073336
621.935 0.660883 0.00713799
622.271 0.658151 0.00685614
622.606 0.663729 0.00673636
622.942 0.687288 0.00702481
623.278 0.662915 0.00710023
623.614 0.644392 0.00667132
623.95 0.66703 0.00676032
624.285 0.6786 0.0069458
624.621 0.676799 0.00731341
624.957 0.659298 0.00744275
625.292 0.673905 0.00775229
625.628 0.663092 0.00792251
625.963 0.649505 0.00789297
626.299 0.657759 0.00777943
626.634 0.659791 0.0076692
626.969 0.676832 0.00791127
627.304 0.697611 0.00870611
627.64 0.664841 0.00911632
627.975 0.641128 0.00877313
628.31 0.625289 0.00818971
628.645 0.6736 0.00830577
628.98 0.669718 0.00846379
629.315 0.674825 0.00865882
629.65 0.667031 0.00867737
629.985 0.66638 0.00864875
630.319 0.679444 0.00911502
630.654 0.66113 0.00909379
630.989 0.664323 0.00907106
631.323 0.669465 0.00926385
631.658 0.691967 0.00980207
631.993 0.669838 0.0100617
632.327 0.657861 0.0100093
632.662 0.661039 0.00997909
632.996 0.657348 0.00973048
633.33 0.664346 0.00963733
633.665 0.689269 0.0101602
633.999 0.671021 0.0103294
634.333 0.658889 0.0102335
634.667 0.658303 0.0102644
635.001 0.658073 0.0100125
635.335 0.663242 0.00966926
635.669 0.667571 0.00934078
636.003 0.683522 0.00958332
636.337 0.689107 0.0101034
636.671 0.685179 0.0106008
637.005 0.667584 0.010748
637.339 0.665976 0.0106876
637.672 0.642449 0.0101138
638.006 0.666012 0.0100332
638.339 0.685322 0.010326
638.673 0.683521 0.0106408
639.006 0.677128 0.0109236
639.34 0.663948 0.0108107
639.673 0.679885 0.0110958
640.007 0.665106 0.010947
640.34 0.67765 0.0112425
640.673 0.669967 0.0112638
641.006 0.683855 0.0115472
641.34 0.677687 0.0116202
641.673 0.676421 0.0118865
642.006 0.667623 0.0120124
642.339 0.663698 0.0117653
642.672 0.669655 0.0117453
643.004 0.678745 0.0118922
643.337 0.686169 0.0123423
643.67 0.670712 0.0121992
644.003 0.667354 0.0120493
644.336 0.674954 0.012067
644.668 0.6584 0.0118967
645.001 0.682093 0.0123182
645.333 0.692993 0.0127216
645.666 0.682321 0.0128837
645.998 0.668565 0.0130443
646.331 0.669729 0.0132541
646.663 0.672879 0.0131485
646.995 0.649869 0.0121338
647.327 0.650467 0.0111481
647.66 0.666144 0.0106642
647.992 0.680397 0.010613
648.324 0.678581 0.0105597
648.656 0.678051 0.0107024
648.988 0.694964 0.0112664
649.32 0.697511 0.0120735
649.652 0.669636 0.0123848
649.983 0.656601 0.0125278
650.315 0.658491 0.0126266
650.647 0.64796 0.0122379
650.979 0.650534 0.0117029
651.31 0.656828 0.0113071
651.642 0.676343 0.0112162
651.973 0.685247 0.0112822
652.305 0.665956 0.0110801
652.636 0.678711 0.0113407
652.967 0.672993 0.011548
653.299 0.664584 0.0117432
653.63 0.642484 0.0114158
653.961 0.627277 0.0104785
654.292 0.522527 0.00734058
654.623 0.404279 0.00234031
654.955 0.900022 0.00342778
655.286 0.899967 0.00342757
655.616 0.899911 0.00342736
655.947 0.899854 0.00342714
656.278 0.899796 0.00342692
656.609 0.503467 0.00268256
656.94 0.439898 0.00331804
657.27 0.400392 0.00371123
657.601 0.420924 0.00438886
657.932 0.473323 0.00556665
658.262 0.530481 0.00717884
658.593 0.583322 0.00903015
658.923 0.618821 0.0108752
659.254 0.640295 0.0122197
659.584 0.664193 0.013214
659.914 0.6642 0.0138375
660.244 0.656506 0.0141007
660.575 0.66787 0.0141182
660.905 0.666371 0.0141233
661.235 0.678469 0.0140515
661.565 0.680086 0.013967
661.895 0.681206 0.0138987
662.225 0.679368 0.0140986
662.555 0.676046 0.0142593
662.884 0.669086 0.0140272
663.214 0.675686 0.0139018
663.544 0.69197 0.0139219
663.873 0.678898 0.0135855
664.203 0.678287 0.0134315
664.533 0.667586 0.0129642
664.862 0.680276 0.0129958
665.192 0.68299 0.0133963
665.521 0.69141 0.0142103
665.85 0.67221 0.0144278
666.18 0.678979 0.0150976
666.509 0.676097 0.014976
666.838 0.663469 0.0144848
667.167 0.675684 0.0144297
667.496 0.692805 0.0148632
667.825 0.691578 0.0149248
668.154 0.667634 0.0146398
668.483 0.685304 0.0147314
668.812 0.691102 0.014518
669.141 0.690541 0.0143673
669.47 0.692201 0.0142075
669.798 0.707509 0.0145107
670.127 0.669226 0.0141259
670.456 0.637317 0.0130055
670.784 0.641485 0.0117037
671.113 0.644987 0.0107727
671.441 0.67798 0.0105538
671.77 0.695306 0.0108653
672.098 0.691904 0.0112651
672.426 0.718392 0.0127617
672.755 0.673607 0.0131393
673.083 0.661011 0.0131998
673.411 0.650185 0.0130652
673.739 0.6795 0.0135519
674.067 0.68526 0.014328
674.395 0.676065 0.0142299
674.723 0.656261 0.0136549
675.051 0.669618 0.0135936
675.379 0.671253 0.013599
675.706 0.681119 0.0138492
676.034 0.686148 0.0142139
676.362 0.665617 0.0140671
676.689 0.640002 0.012957
677.017 0.664132 0.0123324
677.344 0.665644 0.0118601
677.672 0.701286 0.0123822
677.999 0.672812 0.0122758
678.327 0.652276 0.0118461
678.654 0.653416 0.0113405
678.981 0.658544 0.0110424
679.308 0.681897 0.0113261
679.636 0.689804 0.0119241
679.963 0.687995 0.0125045
680.29 0.649392 0.0121816
680.617 0.649617 0.0119569
680.944 0.665749 0.0119249
681.271 0.699153 0.0125725
681.597 0.699946 0.0134304
681.924 0.688619 0.0141878
682.251 0.658973 0.0138245
682.578 0.645023 0.0129586
682.904 0.648294 0.0121224
683.231 0.663434 0.0117753
683.557 0.660278 0.0114842
683.884 0.658853 0.0111445
684.21 0.668647 0.0109642
684.536 0.661974 0.0105528
684.863 0.67658 0.0105083
685.189 0.685488 0.0107557
685.515 0.692339 0.0113944
685.841 0.664983 0.0115327
686.167 0.651624 0.0114276
686.493 0.656673 0.0113347
686.819 0.6635 0.0114581
687.145 0.684458 0.0121458
687.471 0.689545 0.0131098
687.797 0.657904 0.0132351
688.123 0.653484 0.0131103
688.448 0.647153 0.0126186
688.774 0.661592 0.0123752
689.1 0.681156 0.0127694
689.425 0.685934 0.0133517
689.751 0.668853 0.0133978
690.076 0.646322 0.0124368
690.402 0.647029 0.0116259
690.727 0.666986 0.0114394
691.052 0.693168 0.0119675
691.377 0.67393 0.0121545
691.703 0.6839 0.0125541
692.028 0.654319 0.0122865
692.353 0.664219 0.0121174
692.678 0.672133 0.0122831
693.003 0.7108 0.0131117
693.328 0.691309 0.0138853
693.652 0.671275 0.0143004
693.977 0.642072 0.0136517
694.302 0.638595 0.0128373
694.627 0.681956 0.0130805
694.951 0.695375 0.0136835
695.276 0.717051 0.0152325
695.6 0.657886 0.014836
695.925 0.611093 0.0125493
696.249 0.630014 0.0112355
696.574 0.667765 0.0109625
696.898 0.704938 0.0117762
697.222 0.692514 0.0123373
697.546 0.670072 0.012624
697.871 0.658334 0.0127765
698.195 0.665659 0.0129416
698.519 0.658694 0.0131994
698.843 0.684265 0.0138383
699.167 0.673059 0.0142402
699.491 0.673524 0.0147877
699.814 0.654667 0.0146971
700.138 0.664855 0.0148562
700.462 0.692648 0.0154143
700.786 0.664256 0.0148946
701.109 0.660774 0.0144893
701.433 0.664244 0.0140242
701.756 0.667029 0.0135519
702.08 0.673309 0.0136167
702.403 0.698562 0.0141522
702.726 0.695317 0.0147185
703.05 0.674355 0.0148487
703.373 0.672232 0.0149982
703.696 0.667589 0.0149589
704.019 0.693926 0.0157832
704.342 0.693612 0.0163552
704.665 0.684183 0.0169143
704.988 0.664542 0.0165608
705.311 0.644422 0.015306
705.634 0.632102 0.0136105
705.957 0.652684 0.012526
706.28 0.666052 0.0117221
706.602 0.691279 0.0118182
706.925 0.69322 0.0120837
707.247 0.693077 0.0125638
707.57 0.67216 0.0128607
707.892 0.671824 0.0132963
708.215 0.678781 0.0140181
708.537 0.652579 0.0140831
708.859 0.650598 0.0141422
709.182 0.656904 0.0140634
709.504 0.659548 0.0137208
709.826 0.672807 0.0136841
710.148 0.677083 0.0137829
710.47 0.682138 0.0142275
710.792 0.679895 0.0147289
711.114 0.677882 0.0152001
711.436 0.678669 0.0155473
711.758 0.662439 0.0151117
712.079 0.663315 0.0149489
712.401 0.65282 0.0140984
712.723 0.645934 0.0135147
713.044 0.649832 0.012771
713.366 0.674996 0.012871
713.687 0.678593 0.0130101
714.009 0.680314 0.01338
714.33 0.680266 0.0136796
714.652 0.667671 0.0139375
714.973 0.673064 0.0144785
715.294 0.664316 0.0151239
715.615 0.689373 0.0163917
715.936 0.669329 0.0163885
716.257 0.658056 0.0164062
716.578 0.678279 0.0167683
716.899 0.680784 0.0164249
717.22 0.668715 0.0152284
717.541 0.680902 0.0149547
717.862 0.69028 0.0150067
718.182 0.667539 0.0147284
718.503 0.672321 0.0144598
718.824 0.685221 0.0148058
719.144 0.691453 0.0151107
719.465 0.668587 0.0151981
719.785 0.650133 0.0146778
720.105 0.656752 0.0145585
720.426 0.668176 0.0145024
720.746 0.691036 0.0149986
721.066 0.667048 0.0147625
721.386 0.668556 0.0149306
721.706 0.676589 0.0154569
722.026 0.688738 0.0160089
722.346 0.676528 0.0159983
722.666 0.671571 0.015731
722.986 0.679049 0.015426
723.306 0.67603 0.0155119
723.626 0.681975 0.0158888
723.946 0.678226 0.0158134
724.265 0.655165 0.0147113
724.585 0.656918 0.0139543
724.904 0.687215 0.0141664
725.224 0.682199 0.0141523
725.543 0.664932 0.0139691
725.863 0.66846 0.0141403
726.182 0.687824 0.014926
726.501 0.6771 0.0150424
726.82 0.668357 0.0150434
727.14 0.655655 0.0143227
727.459 0.655299 0.0138869
727.778 0.657528 0.0138279
728.097 0.685153 0.0143084
728.416 0.650339 0.0137826
728.734 0.659658 0.0134397
729.053 0.674078 0.0134526
729.372 0.675061 0.0134346
729.691 0.638174 0.0127333
730.009 0.652491 0.0122563
730.328 0.657707 0.0119431
730.647 0.681608 0.0121721
730.965 0.669137 0.0124828
731.283 0.671596 0.0129755
731.602 0.64403 0.0128544
731.92 0.638622 0.0125728
732.238 0.650188 0.0123806
732.557 0.663785 0.0123948
732.875 0.650453 0.0119723
733.193 0.630297 0.0110826
733.511 0.657087 0.011057
733.829 0.682668 0.0116082
734.147 0.686098 0.0124027
734.465 0.654707 0.0126668
734.782 0.648264 0.0125929
735.1 0.647888 0.0122365
735.418 0.652598 0.0122709
735.735 0.656409 0.0123437
736.053 0.646492 0.0121143
736.371 0.659352 0.0123607
736.688 0.666157 0.012877
737.005 0.669068 0.0136913
737.323 0.642592 0.0139308
737.64 0.649016 0.0140162
737.957 0.617331 0.0129603
738.274 0.630526 0.0120218
738.592 0.665168 0.0120471
738.909 0.679413 0.0124821
739.226 0.676205 0.0135631
739.543 0.66071 0.0144513
739.86 0.669144 0.0153888
740.176 0.669902 0.0157973
740.493 0.648327 0.0160101
740.81 0.648084 0.0160576
741.127 0.631096 0.0156783
741.443 0.639554 0.0149548
741.76 0.671692 0.014818
742.076 0.669218 0.0149216
742.393 0.697028 0.0160454
742.709 0.682754 0.0167593
743.025 0.67072 0.016917
743.342 0.663601 0.0166724
743.658 0.664531 0.016363
743.974 0.668774 0.0159611
744.29 0.670702 0.0159679
744.606 0.670602 0.0161373
744.922 0.646905 0.015878
745.238 0.665728 0.0161563
745.554 0.666525 0.0165571
745.87 0.664563 0.0167069
746.186 0.644901 0.0157798
746.501 0.660246 0.015379
746.817 0.680106 0.0158572
747.132 0.68509 0.0170832
747.448 0.655297 0.0173641
747.763 0.628741 0.0167545
748.079 0.624677 0.0160053
748.394 0.644742 0.0151583
748.71 0.650457 0.0141745
749.025 0.631447 0.0131488
749.34 0.646489 0.0131316
749.655 0.668928 0.0136497
749.97 0.663845 0.0140873
750.285 0.634843 0.0138187
750.6 0.620061 0.013365
750.915 0.627195 0.0131076
751.23 0.637865 0.0134789
751.545 0.645736 0.0141191
751.859 0.650881 0.0147092
752.174 0.609251 0.0143972
752.489 0.616813 0.013757
752.803 0.615597 0.0129184
753.118 0.639569 0.0130688
753.432 0.652341 0.0136413
753.747 0.640872 0.0140221
754.061 0.602622 0.0131364
754.375 0.619078 0.0127573
754.689 0.621645 0.0123858
755.004 0.624803 0.0123972
755.318 0.62408 0.0121199
755.632 0.610984 0.0114072
755.946 0.620108 0.0112844
756.26 0.610602 0.010697
756.573 0.616119 0.0102808
756.887 0.609575 0.00991471
757.201 0.628319 0.0102796
757.515 0.634838 0.0113186
757.828 0.607433 0.0118741
758.142 0.582812 0.0115924
758.455 0.586199 0.0107971
758.769 0.596636 0.0103156
759.082 0.598324 0.0100492
759.396 0.603032 0.00993704
759.709 0.604061 0.00986839
760.022 0.623064 0.0101109
760.335 0.631498 0.010714
760.648 0.606801 0.0112881
760.962 0.602424 0.0120725
761.275 0.582707 0.0124615
761.587 0.58053 0.0126001
761.9 0.60192 0.0128626
762.213 0.585339 0.01227
762.526 0.601215 0.0119866
762.839 0.609631 0.012022
763.151 0.603821 0.011619
763.464 0.600144 0.010956
763.776 0.5997 0.010173
764.089 0.618173 0.0101103
764.401 0.620691 0.0104908
764.714 0.618812 0.011091
765.026 0.608568 0.0117397
765.338 0.605698 0.0124706
765.65 0.60481 0.0134126
765.962 0.588944 0.0138507
766.275 0.57394 0.0141623
766.587 0.575768 0.0142317
766.898 0.585376 0.0138894
767.21 0.590314 0.0131234
767.522 0.59236 0.0121974
767.834 0.608519 0.0119097
768.146 0.614279 0.0120524
768.457 0.630106 0.0129526
768.769 0.610183 0.0134249
769.08 0.597411 0.0133436
769.392 0.589278 0.0127733
769.703 0.586282 0.0120815
770.015 0.591958 0.0116766
770.326 0.605673 0.0118341
770.637 0.616919 0.0123753
770.948 0.611088 0.0132159
771.26 0.595245 0.0138629
771.571 0.575903 0.0137852
771.882 0.580906 0.0135085
772.193 0.600857 0.0138778
772.504 0.609453 0.0143264
772.814 0.601199 0.014513
773.125 0.604853 0.0148583
773.436 0.597689 0.0151944
773.747 0.606149 0.015646
774.057 0.593912 0.0158185
774.368 0.619435 0.0164089
774.678 0.618172 0.0168195
774.989 0.601046 0.0168452
775.299 0.615275 0.017617
775.609 0.604679 0.0172699
775.919 0.61986 0.017342
776.23 0.640327 0.0176472
776.54 0.612492 0.0171133
776.85 0.613652 0.0173095
777.16 0.595667 0.0165474
777.47 0.602186 0.0157733
777.78 0.606977 0.015138
778.089 0.596536 0.0142529
778.399 0.600999 0.0142155
778.709 0.618221 0.0150829
779.019 0.625265 0.016165
779.328 0.60655 0.0167826
779.638 0.579579 0.0161884
779.947 0.560378 0.0145105
780.257 0.582746 0.0134986
780.566 0.585706 0.0130263
780.875 0.59012 0.0133742
781.185 0.605692 0.0144088
781.494 0.576751 0.0142926
781.803 0.580548 0.0147227
782.112 0.573474 0.0148469
782.421 0.590223 0.0148643
782.73 0.575908 0.0142962
783.039 0.604134 0.0148282
783.348 0.595114 0.0158917
783.656 0.582299 0.0165833
783.965 0.576934 0.0167543
784.274 0.589806 0.0162966
784.582 0.60338 0.0159711
784.891 0.604824 0.0158959
785.199 0.606292 0.0161563
785.508 0.609061 0.0166392
785.816 0.607356 0.0169179
786.124 0.587919 0.0162776
786.432 0.600561 0.0156438
786.741 0.605491 0.0151075
787.049 0.603975 0.0149994
787.357 0.59889 0.0151647
787.665 0.587139 0.0149248
787.973 0.595057 0.0151617
788.281 0.602639 0.0155757
788.588 0.59747 0.0163344
788.896 0.589374 0.0172324
789.204 0.602343 0.0181287
789.511 0.604375 0.0182084
789.819 0.612523 0.0186649
790.126 0.605346 0.018563
790.434 0.60107 0.0184931
790.741 0.624639 0.0188045
791.049 0.605042 0.0184877
791.356 0.605788 0.0190995
791.663 0.617123 0.0196252
791.97 0.612732 0.019606
792.277 0.608396 0.0191736
792.584 0.609859 0.0181843
792.891 0.573923 0.0156026
793.198 0.58985 0.0146828
793.505 0.588967 0.0143848
793.812 0.583533 0.0147232
794.119 0.572292 0.0149159
794.425 0.563268 0.0152374
794.732 0.57914 0.0161549
795.038 0.593737 0.0180712
795.345 0.565275 0.0189616
795.651 0.577488 0.0201929
795.958 0.592449 0.0204943
796.264 0.590435 0.0190919
796.57 0.606614 0.0186438
796.876 0.616204 0.0186292
797.183 0.631149 0.0192023
797.489 0.60039 0.0194973
797.795 0.615358 0.0199154
798.101 0.618571 0.019879
798.406 0.584747 0.0194306
798.712 0.629452 0.0207551
799.018 0.608648 0.0207281
799.324 0.609839 0.0208028
799.629 0.615763 0.0209979
799.935 0.62349 0.021286
800.24 0.625069 0.0217183
800.546 0.634241 0.0218846
800.851 0.623909 0.0219032
801.157 0.636687 0.0230741
801.462 0.645246 0.023454
801.767 0.629254 0.0232717
802.072 0.61869 0.0221804
802.377 0.626775 0.021483
802.682 0.641137 0.0213778
802.987 0.630282 0.0217847
803.292 0.636535 0.0224522
803.597 0.63627 0.0226386
803.902 0.649598 0.0228169
804.207 0.628078 0.0222954
804.511 0.63043 0.0219948
804.816 0.587735 0.019954
805.12 0.593326 0.0187328
805.425 0.57112 0.0173107
805.729 0.61128 0.0180493
806.034 0.602897 0.0186189
806.338 0.605892 0.0197289
806.642 0.592366 0.0200042
806.946 0.594078 0.0198304
807.251 0.602198 0.020149
807.555 0.596447 0.0197335
807.859 0.599749 0.0196377
808.162 0.611447 0.0204038
808.466 0.613103 0.0211268
808.77 0.609408 0.0216211
809.074 0.654813 0.0231785
809.378 0.617085 0.0225401
809.681 0.622292 0.0224568
809.985 0.637147 0.0230908
810.288 0.655306 0.0236787
810.592 0.678378 0.0239113
810.895 0.647577 0.023917
811.198 0.661434 0.0252404
811.502 0.663988 0.0256569
811.805 0.679935 0.0266764
812.108 0.62699 0.0244504
812.411 0.653126 0.0242156
812.714 0.63552 0.0222566
813.017 0.627306 0.0209264
813.32 0.634276 0.021011
813.623 0.631305 0.021624
813.926 0.622829 0.0230341
814.228 0.677054 0.0253002
814.531 0.657634 0.0257342
814.833 0.622853 0.024852
815.136 0.628181 0.0251098
815.438 0.663233 0.0260952
815.741 0.643551 0.0246392
816.043 0.613401 0.0237626
816.345 0.633441 0.0239852
816.648 0.667832 0.0248283
816.95 0.613096 0.0241543
817.252 0.662072 0.0256644
817.554 0.625589 0.0250006
817.856 0.657912 0.0261859
818.158 0.69521 0.0271517
818.46 0.679454 0.0275229
818.761 0.677023 0.0273735
819.063 0.666738 0.0266933
819.365 0.659844 0.0257704
819.666 0.633799 0.0239938
819.968 0.638307 0.0232846
820.269 0.640552 0.0230734
820.571 0.647866 0.0238131
820.872 0.61618 0.0241017
821.173 0.655723 0.0258507
821.475 0.671371 0.0271639
821.776 0.644412 0.0264751
822.077 0.649105 0.0264165
822.378 0.67055 0.0270368
822.679 0.660776 0.0272783
822.98 0.675804 0.0273305
823.281 0.727019 0.0292665
823.581 0.691492 0.0282545
823.882 0.726415 0.0293298
824.183 0.689066 0.028276
824.483 0.69412 0.0273705
824.784 0.65091 0.0254161
825.084 0.668635 0.0262216
825.385 0.691656 0.0270188
825.685 0.716427 0.0280898
825.985 0.646905 0.0264639
826.286 0.656396 0.0262912
826.586 0.640928 0.02547
826.886 0.696799 0.0266062
827.186 0.655528 0.0261851
827.486 0.662963 0.0272178
827.786 0.669616 0.0277708
828.086 0.668695 0.0274728
828.386 0.665967 0.0270584
828.685 0.694332 0.0274757
828.985 0.70543 0.0285221
829.285 0.675123 0.0280953
829.584 0.678983 0.0286307
829.884 0.694205 0.0293912
830.183 0.766896 0.032502
830.482 0.726572 0.0312908
830.782 0.713109 0.0311312
831.081 0.756491 0.0332778
831.38 0.702138 0.0310234
831.679 0.736957 0.0318555
831.978 0.733825 0.0318384
832.277 0.731301 0.0307593
832.576 0.729095 0.0301351
832.875 0.684144 0.0291736
833.174 0.686727 0.0290452
833.472 0.700336 0.0295535
833.771 0.726059 0.0305008
834.07 0.696467 0.0291628
834.368 0.664978 0.0287748
834.667 0.754856 0.0314674
834.965 0.747434 0.0317824
835.263 0.720248 0.0312411
835.562 0.720126 0.0312526
835.86 0.685753 0.0302161
836.158 0.72732 0.0314724
836.456 0.740521 0.0325933
836.754 0.738411 0.0324558
837.052 0.81662 0.0352152
837.35 0.762477 0.0333679
837.648 0.770091 0.0339788
837.946 0.789324 0.0346936
838.243 0.758603 0.0340215
838.541 0.712715 0.0321101
838.839 0.7469 0.0329194
839.136 0.768335 0.0333181
839.434 0.745676 0.0326236
839.731 0.805985 0.0348301
840.028 0.726281 0.0323056
840.326 0.73421 0.0328898
840.623 0.779168 0.0338509
840.92 0.770854 0.033994
841.217 0.80216 0.0356509
841.514 0.769334 0.0351089
841.811 0.739786 0.0332916
842.108 0.799239 0.0356207
842.405 0.769611 0.0352152
842.701 0.803018 0.0361372
842.998 0.759973 0.034073
843.295 0.778635 0.0352428
843.591 0.785679 0.0354793
843.888 0.79158 0.0352005
844.184 0.821 0.0360563
844.481 0.776474 0.0344899
844.777 0.757318 0.0342286
845.073 0.742945 0.0341578
845.369 0.763375 0.0349716
845.665 0.828899 0.0369742
845.962 0.769267 0.0349205
846.258 0.827387 0.036917
846.553 0.817597 0.0367512
846.849 0.874974 0.0380845
847.145 0.793937 0.035099
847.441 0.798594 0.0354131
847.737 0.761317 0.0342901
848.032 0.783849 0.0354585
848.328 0.782347 0.0355873
848.623 0.8147 0.0368006
848.919 0.748592 0.03449
849.214 0.785809 0.0349338
849.509 0.77993 0.0353221
849.805 0.769977 0.0358001
850.1 0.817127 0.0377045
850.395 0.858316 0.0385151
850.69 0.859368 0.0388068
850.985 0.780482 0.0356705
851.28 0.747875 0.0347725
851.575 0.801501 0.0364371
851.869 0.797434 0.0362204
852.164 0.808737 0.0359329
852.459 0.767104 0.0340357
852.753 0.783395 0.0339167
853.048 0.705705 0.0305208
853.342 0.728044 0.030785
853.637 0.70894 0.0309242
853.931 0.700174 0.0304027
854.225 0.704786 0.0303685
854.52 0.727146 0.0319959
854.814 0.741637 0.0324205
855.108 0.671339 0.029845
855.402 0.692225 0.0308602
855.696 0.765453 0.0333804
855.99 0.794175 0.0345493
856.283 0.726676 0.0323232
856.577 0.739798 0.0333594
856.871 0.753349 0.0333975
857.164 0.795574 0.0346939
857.458 0.815405 0.0362904
857.751 0.757281 0.0343665
858.045 0.741177 0.0335866
858.338 0.745077 0.0342251
858.632 0.7582 0.0337348
858.925 0.783264 0.0351877
859.218 0.751262 0.0343146
859.511 0.849731 0.0380217
859.804 0.8281 0.0371592
860.097 0.822007 0.0360415
860.39 0.826789 0.0372069
860.683 0.788706 0.036186
860.976 0.803788 0.036823
861.268 0.800014 0.0361686
861.561 0.856335 0.0384925
861.854 0.883149 0.0402552
862.146 0.825405 0.0375347
862.439 0.774319 0.0361579
862.731 0.800249 0.0358582
863.023 0.852932 0.0382189
863.316 0.806034 0.036483
863.608 0.832938 0.0372807
863.9 0.824525 0.0371155
864.192 0.81387 0.0360003
864.484 0.834812 0.0373328
864.776 0.795687 0.0367708
865.068 0.783016 0.0362511
865.36 0.785087 0.0362041
865.651 0.849327 0.0386453
865.943 0.833109 0.0375671
866.235 0.88042 0.0388148
866.526 0.850683 0.039182
866.818 0.799357 0.0367076
867.109 0.779197 0.0360196
867.4 0.792787 0.0370316
867.692 0.877889 0.0391813
867.983 0.809387 0.0372574
868.274 0.848281 0.0386205
868.565 0.820454 0.0374973
868.856 0.797715 0.0372159
869.147 0.843873 0.0381738
869.438 0.805222 0.0371888
869.729 0.821302 0.0377831
870.02 0.912921 0.0414054
870.31 0.844856 0.0385896
870.601 0.755072 0.0359558
870.892 0.804389 0.0367304
871.182 0.813679 0.0367864
871.473 0.834669 0.0380679
871.763 0.789481 0.0361354
872.053 0.775039 0.0362251
872.343 0.837314 0.0375943
872.634 0.834208 0.0379017
872.924 0.787767 0.0360997
873.214 0.802253 0.0371756
873.504 0.878146 0.0394164
873.794 0.832906 0.0393467
874.084 0.84908 0.0396122
874.373 0.839793 0.0384036
874.663 0.805712 0.0367255
874.953 0.852594 0.0390356
875.242 0.794252 0.037169
875.532 0.828835 0.0376576
875.821 0.876017 0.0389552
876.111 0.816229 0.0374598
876.4 0.82428 0.038115
876.689 0.825203 0.0378829
876.978 0.828771 0.0379787
877.268 0.791076 0.0371708
877.557 0.836816 0.0386715
877.846 0.84986 0.0388412
878.134 0.902284 0.0403845
878.423 0.902451 0.0403919
878.712 0.902616 0.0403994
