178.41 -0.183763 -0.183763
178.791 -0.184927 -0.184927
179.172 -0.186082 -0.186082
179.553 0.436321 0.436321
179.934 0.753252 0.753252
180.316 0.751154 0.751154
180.697 0.275922 0.275922
181.078 0.751137 0.751137
181.459 0.462362 0.462362
181.84 -0.000371841 -0.00214683
182.221 5.21199 5.21199
182.602 -0.20786 -0.067581
182.983 -0.0512584 -0.0512584
183.364 0.603618 0.137864
183.744 0.885651 0.105435
184.125 0.930604 0.093752
184.506 0.570257 0.0601204
184.887 0.600082 0.0549955
185.268 0.528921 0.0444503
185.648 0.60941 0.0461873
186.029 0.588003 0.0432741
186.41 0.562821 0.0412304
186.791 0.642981 0.0423518
187.171 0.581372 0.034446
187.552 0.437094 0.0243003
187.932 0.514116 0.0268352
188.313 0.46688 0.0238845
188.694 0.472938 0.0240253
189.074 0.464745 0.0229616
189.455 0.464274 0.0223131
189.835 0.49924 0.0237914
190.216 0.492797 0.0230146
190.596 0.480676 0.0217527
190.977 0.472967 0.02141
191.357 0.480736 0.0216489
191.737 0.468533 0.0211053
192.118 0.476762 0.0211854
192.498 0.475217 0.0204949
192.878 0.452014 0.0201421
193.258 0.467521 0.0201312
193.639 0.453358 0.0195781
194.019 0.463829 0.0199774
194.399 0.447944 0.019463
194.779 0.441699 0.0185522
195.159 0.438905 0.0190295
195.54 0.4328 0.0183304
195.92 0.423853 0.0181936
196.3 0.419405 0.0178357
196.68 0.433591 0.0182254
197.06 0.421779 0.0178681
197.44 0.429084 0.0178492
197.82 0.422574 0.0175742
198.2 0.392168 0.0169222
198.58 0.413324 0.0169141
198.959 0.415934 0.0169368
199.339 0.399253 0.0166656
199.719 0.381071 0.0159699
200.099 0.399287 0.0163864
200.479 0.367662 0.0156796
200.858 0.357273 0.0152286
201.238 0.363128 0.015113
201.618 0.374606 0.0155223
201.998 0.364345 0.0149417
202.377 0.354957 0.0147477
202.757 0.343497 0.0143171
203.136 0.335049 0.0140482
203.516 0.325956 0.0136499
203.896 0.331723 0.0136006
204.275 0.321645 0.0131281
204.655 0.321496 0.01315
205.034 0.322017 0.0130059
205.414 0.30312 0.0124606
205.793 0.284168 0.0119566
206.172 0.297396 0.0122429
206.552 0.30003 0.0120873
206.931 0.28435 0.0115868
207.31 0.279564 0.0113652
207.69 0.259916 0.010871
208.069 0.265875 0.0108493
208.448 0.26619 0.010719
208.827 0.274255 0.0108177
209.207 0.272581 0.0107564
209.586 0.253606 0.0101038
209.965 0.260044 0.0101989
210.344 0.246024 0.00977547
210.723 0.23991 0.00953467
211.102 0.236965 0.00931204
211.481 0.238877 0.00930019
211.86 0.24228 0.00927297
212.239 0.228948 0.00892315
212.618 0.235469 0.0089185
212.997 0.22711 0.0086159
213.376 0.2164 0.00838025
213.755 0.217864 0.00829044
214.134 0.216342 0.00814954
214.513 0.215697 0.00800565
214.891 0.214899 0.00793749
215.27 0.20466 0.00760045
215.649 0.206097 0.00756437
216.028 0.19919 0.00730812
216.406 0.200331 0.00725266
216.785 0.195803 0.00705356
217.164 0.199503 0.00704861
217.542 0.187583 0.00669149
217.921 0.189382 0.00663742
218.3 0.186934 0.00657103
218.678 0.189377 0.00650981
219.057 0.189882 0.00640241
219.435 0.185578 0.00622543
219.814 0.18297 0.00613598
220.192 0.177456 0.00594539
220.57 0.179519 0.00590975
220.949 0.180438 0.00582545
221.327 0.17495 0.00564078
221.705 0.17505 0.00558463
222.084 0.171045 0.00540061
222.462 0.174307 0.00538691
222.84 0.176049 0.00536906
223.218 0.170415 0.00515092
223.597 0.173338 0.00514243
223.975 0.164091 0.00491331
224.353 0.168153 0.00491912
224.731 0.168375 0.00484304
225.109 0.165848 0.00470947
225.487 0.169482 0.00469311
225.865 0.165575 0.00456777
226.243 0.168526 0.00454979
226.621 0.169244 0.00449942
226.999 0.171794 0.00444033
227.377 0.173763 0.00442234
227.755 0.168431 0.00429715
228.133 0.173648 0.00430779
228.511 0.172336 0.0042404
228.889 0.170319 0.00413491
229.266 0.169355 0.00408407
229.644 0.169166 0.00400142
230.022 0.171134 0.00397253
230.4 0.170064 0.00392278
230.777 0.173339 0.00392269
231.155 0.171867 0.00385522
231.533 0.176746 0.0038542
231.91 0.174715 0.00378012
232.288 0.176805 0.00376664
232.665 0.179343 0.00374474
233.043 0.179858 0.00371471
233.42 0.176764 0.00363285
233.798 0.177301 0.00361175
234.175 0.180275 0.00359448
234.553 0.181354 0.00356683
234.93 0.184655 0.0035631
235.307 0.182868 0.00351709
235.685 0.186249 0.00352048
236.062 0.182888 0.00344781
236.439 0.188156 0.00347982
236.816 0.185375 0.00341177
237.194 0.18798 0.00339928
237.571 0.187849 0.0033685
237.948 0.189585 0.00336616
238.325 0.190097 0.00333339
238.702 0.189454 0.00330811
239.079 0.191004 0.00328866
239.456 0.191191 0.00326828
239.833 0.192749 0.00326041
240.21 0.194618 0.00324592
240.587 0.196777 0.00324875
240.964 0.19576 0.00321391
241.341 0.196569 0.00319333
241.718 0.1961 0.00315934
242.095 0.199475 0.00318545
242.472 0.200438 0.00316781
242.849 0.199421 0.00313618
243.225 0.19882 0.00310415
243.602 0.202247 0.00311503
243.979 0.202139 0.00310344
244.356 0.20333 0.00309979
244.732 0.203533 0.00306975
245.109 0.203979 0.0030516
245.486 0.206379 0.00306523
245.862 0.206373 0.00305004
246.239 0.205621 0.00301345
246.615 0.206473 0.00301421
246.992 0.207607 0.00300034
247.368 0.208337 0.00300559
247.745 0.208043 0.00297814
248.121 0.207674 0.00295522
248.497 0.21126 0.00297581
248.874 0.213185 0.00297123
249.25 0.210417 0.0029259
249.626 0.21345 0.00294204
250.003 0.212375 0.0029174
250.379 0.212653 0.00289088
250.755 0.213924 0.00290202
251.131 0.211253 0.00286361
251.507 0.212991 0.00287153
251.884 0.215169 0.00286636
252.26 0.215167 0.00286708
252.636 0.214469 0.00283637
253.012 0.213581 0.00282017
253.388 0.21671 0.0028322
253.764 0.216763 0.00282095
254.14 0.216672 0.00281365
254.516 0.215598 0.00280285
254.892 0.214924 0.0027843
255.268 0.21854 0.00280465
255.643 0.21565 0.00277434
256.019 0.219642 0.00279783
256.395 0.219928 0.00279381
256.771 0.218102 0.0027619
257.147 0.218861 0.00276356
257.522 0.221007 0.00277268
257.898 0.221626 0.002772
258.274 0.218906 0.00274781
258.649 0.222911 0.00277113
259.025 0.220577 0.00274144
259.4 0.220984 0.00274248
259.776 0.221351 0.00273628
260.151 0.224197 0.00276308
260.527 0.223092 0.00274398
260.902 0.222358 0.00273201
261.278 0.221956 0.00272377
261.653 0.222841 0.00272912
262.028 0.222988 0.00273265
262.404 0.22382 0.00272519
262.779 0.223473 0.00271626
263.154 0.223205 0.00270985
263.53 0.224345 0.00270935
263.905 0.224388 0.00271487
264.28 0.225174 0.0027182
264.655 0.22384 0.00270226
265.03 0.224241 0.00271303
265.405 0.225105 0.00270919
265.781 0.224721 0.0027101
266.156 0.225412 0.00271135
266.531 0.224657 0.00269252
266.906 0.226623 0.00271921
267.281 0.226921 0.00270754
267.655 0.228015 0.0027242
268.03 0.226199 0.00271484
268.405 0.227482 0.00271891
268.78 0.228171 0.00272295
269.155 0.228327 0.00271783
269.53 0.22859 0.00272877
269.904 0.229949 0.00273378
270.279 0.22903 0.00273005
270.654 0.228578 0.00271959
271.029 0.227596 0.00271889
271.403 0.228835 0.00271858
271.778 0.227437 0.00271797
272.152 0.22822 0.00272523
272.527 0.230018 0.00273354
272.901 0.230595 0.00272625
273.276 0.227359 0.00270089
273.65 0.228951 0.00271884
274.025 0.230187 0.00271909
274.399 0.23001 0.00273107
274.774 0.229032 0.00271896
275.148 0.228444 0.00270688
275.522 0.230733 0.00272769
275.897 0.230297 0.00272364
276.271 0.229142 0.00271951
276.645 0.23002 0.00271682
277.019 0.226893 0.00269098
277.393 0.229012 0.00269622
277.768 0.227231 0.00269842
278.142 0.226238 0.00268982
278.516 0.225674 0.0026912
278.89 0.226695 0.00269196
279.264 0.225866 0.00269565
279.638 0.225507 0.00268048
280.012 0.227483 0.00269693
280.386 0.226767 0.00270676
280.76 0.224643 0.00268382
281.133 0.227425 0.00270534
281.507 0.227726 0.00270496
281.881 0.226677 0.00269255
282.255 0.22495 0.00268602
282.629 0.223489 0.00268506
283.002 0.225146 0.00269645
283.376 0.224253 0.00268373
283.75 0.225651 0.00270122
284.123 0.224062 0.00268231
284.497 0.223315 0.00268271
284.87 0.225264 0.00269715
285.244 0.222096 0.00267318
285.618 0.222329 0.00268146
285.991 0.220636 0.0026825
286.364 0.220309 0.00267952
286.738 0.220467 0.00267998
287.111 0.22128 0.00268606
287.485 0.218173 0.00266864
287.858 0.219805 0.00268861
288.231 0.217801 0.00267162
288.605 0.21826 0.00268177
288.978 0.216328 0.00266419
289.351 0.215745 0.00267443
289.724 0.215406 0.00267223
290.097 0.213528 0.00266374
290.47 0.212147 0.00266368
290.843 0.213357 0.00267033
291.217 0.211252 0.00265766
291.59 0.210418 0.00267078
291.963 0.210883 0.00266783
292.336 0.207983 0.00265789
292.708 0.208443 0.0026659
293.081 0.209992 0.0026881
293.454 0.20653 0.0026541
293.827 0.206323 0.00266066
294.2 0.205383 0.0026719
294.573 0.20204 0.00264162
294.945 0.20153 0.00265386
295.318 0.200112 0.00264349
295.691 0.199111 0.00264329
296.064 0.199318 0.00264951
296.436 0.194113 0.00261285
296.809 0.19432 0.00260721
297.181 0.195206 0.00262717
297.554 0.194801 0.00262846
297.926 0.190887 0.00260399
298.299 0.189822 0.00259949
298.671 0.188173 0.0025769
299.044 0.185391 0.00257179
299.416 0.184297 0.00256807
299.788 0.183191 0.00255638
300.161 0.18211 0.00256004
300.533 0.18042 0.00254458
300.905 0.178096 0.00251852
301.278 0.175615 0.00250617
301.65 0.175871 0.00250518
302.022 0.171937 0.00248241
302.394 0.16975 0.00247055
302.766 0.168067 0.0024548
303.138 0.166368 0.00245196
303.51 0.165377 0.00243828
303.882 0.160945 0.00240237
304.254 0.158793 0.00239094
304.626 0.156702 0.00236801
304.998 0.155508 0.00235827
305.37 0.152563 0.00234889
305.742 0.150762 0.00232623
306.114 0.149779 0.00231764
306.485 0.14737 0.00229944
306.857 0.143609 0.00226829
307.229 0.140477 0.00225125
307.601 0.139421 0.00224217
307.972 0.135558 0.00220861
308.344 0.132437 0.0021803
308.716 0.132567 0.00219036
309.087 0.129777 0.00216447
309.459 0.126195 0.00213763
309.83 0.124895 0.00212686
310.202 0.119018 0.00207284
310.573 0.118831 0.00207243
310.945 0.115043 0.00203771
311.316 0.112394 0.00202375
311.687 0.111782 0.00201014
312.059 0.107326 0.00197658
312.43 0.104187 0.00194392
312.801 0.102544 0.00193533
313.172 0.0998522 0.00191094
313.544 0.0983531 0.0018985
313.915 0.0933966 0.00183828
314.286 0.0901805 0.0018142
314.657 0.0873012 0.00178105
315.028 0.0857939 0.00176934
315.399 0.0828605 0.00173825
315.77 0.082153 0.00172837
316.141 0.0800746 0.00171346
316.512 0.0773058 0.00168333
316.883 0.0762698 0.00167539
317.254 0.0733209 0.00164102
317.625 0.0714151 0.00162953
317.996 0.0684958 0.00158714
318.366 0.069999 0.00160845
318.737 0.0668384 0.00157013
319.108 0.065852 0.00156388
319.478 0.0646626 0.00155021
319.849 0.0637313 0.00153828
320.22 0.0627359 0.00152772
320.59 0.0630581 0.00153076
320.961 0.0619014 0.00151926
321.331 0.0620321 0.00152107
321.702 0.0632193 0.00154333
322.072 0.0620467 0.00153358
322.443 0.063614 0.00154975
322.813 0.06405 0.00155216
323.184 0.0662455 0.00158297
323.554 0.0677176 0.00160554
323.924 0.0716725 0.00165091
324.295 0.0721987 0.001665
324.665 0.0753955 0.0017027
325.035 0.0788113 0.00173856
325.405 0.081608 0.00177642
325.775 0.087059 0.00184371
326.145 0.0908313 0.00188143
326.515 0.0966707 0.00194455
326.886 0.102514 0.00201258
327.256 0.105208 0.00204079
327.626 0.111699 0.00211581
327.995 0.117652 0.00217682
328.365 0.120798 0.00220881
328.735 0.12574 0.00226486
329.105 0.134414 0.00236705
329.475 0.144667 0.00247495
329.845 0.15856 0.00262855
330.215 0.171154 0.0027207
330.584 0.182802 0.00278466
330.954 0.190787 0.00277759
331.324 0.194361 0.00272456
331.693 0.199033 0.0027098
332.063 0.206936 0.00273331
332.432 0.213949 0.00276491
332.802 0.222689 0.00284398
333.171 0.23225 0.00294251
333.541 0.244759 0.00307706
333.91 0.25868 0.00317943
334.28 0.268018 0.00325484
334.649 0.279877 0.00333572
335.018 0.292252 0.00342029
335.388 0.305824 0.00351009
335.757 0.316444 0.00357103
336.126 0.325161 0.00363289
336.495 0.331437 0.00365538
336.865 0.342774 0.00373276
337.234 0.354809 0.0038192
337.603 0.361898 0.0038493
337.972 0.373642 0.00392027
338.341 0.384181 0.00396866
338.71 0.389631 0.003994
339.079 0.403672 0.00408007
339.448 0.413699 0.00412391
339.817 0.420645 0.00416867
340.186 0.42953 0.00421513
340.554 0.438027 0.00425104
340.923 0.449043 0.00431316
341.292 0.453425 0.00433824
341.661 0.464496 0.00439638
342.029 0.470052 0.00441495
342.398 0.471895 0.00442954
342.767 0.480893 0.00448876
343.135 0.493014 0.00454158
343.504 0.49905 0.00458354
343.872 0.508426 0.00460919
344.241 0.51462 0.00464803
344.609 0.521907 0.00469943
344.978 0.524917 0.00470819
345.346 0.533698 0.00472956
345.715 0.536749 0.0047614
346.083 0.541631 0.00479366
346.451 0.547703 0.00481281
346.82 0.554703 0.00485969
347.188 0.559358 0.00487081
347.556 0.563564 0.00491431
347.924 0.56962 0.00493467
348.292 0.573193 0.00496137
348.66 0.575073 0.00496512
349.028 0.581571 0.00499937
349.396 0.58842 0.00504854
349.764 0.591903 0.00505709
350.132 0.59058 0.00504883
350.5 0.598102 0.00508918
350.868 0.599504 0.00510439
351.236 0.603261 0.00511629
351.604 0.608385 0.00515794
351.972 0.613786 0.00518665
352.34 0.617121 0.00520829
352.707 0.620225 0.00522366
353.075 0.623499 0.00523882
353.443 0.618789 0.00523089
353.81 0.623856 0.00526532
354.178 0.629949 0.00529394
354.545 0.631012 0.00528543
354.913 0.638653 0.00533994
355.28 0.635494 0.00532745
355.648 0.63705 0.00532269
356.015 0.640453 0.00534623
356.383 0.63898 0.00533398
356.75 0.63974 0.00535076
357.117 0.64491 0.00537532
357.485 0.650931 0.00540414
357.852 0.653938 0.00545402
358.219 0.652822 0.00542231
358.586 0.653996 0.00542628
358.954 0.653232 0.0054459
359.321 0.652445 0.00542947
359.688 0.662492 0.00549804
360.055 0.656931 0.00546713
360.422 0.664515 0.00550657
360.789 0.664982 0.00551799
361.156 0.661541 0.00549884
361.523 0.664321 0.00553269
361.89 0.662826 0.00551976
362.256 0.665096 0.00550709
362.623 0.668189 0.00557485
362.99 0.665324 0.00553626
363.357 0.669796 0.00557752
363.724 0.670106 0.00558121
364.09 0.667894 0.00556077
364.457 0.678093 0.0056449
364.823 0.676258 0.00560105
365.19 0.673143 0.00559644
365.557 0.675659 0.00559819
365.923 0.672994 0.00560565
366.29 0.677044 0.00564017
366.656 0.679517 0.00562722
367.022 0.67694 0.00560952
367.389 0.682186 0.00565643
367.755 0.683038 0.0056869
368.121 0.677504 0.00566153
368.488 0.682137 0.00567318
368.854 0.682474 0.00569611
369.22 0.688503 0.00574819
369.586 0.687578 0.00576388
369.952 0.680342 0.00574595
370.318 0.680185 0.005748
370.684 0.684206 0.00578178
371.051 0.685073 0.00578703
371.416 0.687715 0.00583402
371.782 0.683707 0.0057996
372.148 0.685116 0.00581752
372.514 0.685805 0.00583296
372.88 0.688005 0.00585946
373.246 0.685868 0.00584497
373.612 0.690378 0.00586141
373.977 0.685827 0.00582887
374.343 0.688934 0.0058236
374.709 0.69135 0.00581487
375.074 0.68598 0.00580958
375.44 0.684883 0.00582981
375.806 0.690682 0.00588675
376.171 0.689232 0.00585083
376.537 0.687923 0.00583993
376.902 0.688281 0.00585173
377.268 0.691955 0.00584324
377.633 0.686926 0.0058113
377.998 0.692877 0.00581407
378.364 0.687659 0.00576708
378.729 0.692908 0.0057988
379.094 0.701136 0.00585865
379.459 0.69725 0.00592066
379.825 0.686247 0.00584773
380.19 0.688427 0.00586609
380.555 0.691552 0.0059207
380.92 0.697399 0.00601998
381.285 0.689858 0.00597602
381.65 0.685269 0.00590976
382.015 0.691912 0.00594708
382.38 0.697093 0.0059925
382.745 0.697919 0.00603281
383.11 0.693863 0.00603152
383.474 0.689236 0.00599363
383.839 0.693494 0.00602295
384.204 0.690343 0.00602865
384.569 0.69014 0.00603514
384.933 0.69275 0.00606414
385.298 0.694952 0.00608323
385.663 0.686906 0.00603076
386.027 0.686783 0.00601775
386.392 0.687547 0.0059954
386.756 0.689413 0.00597334
387.121 0.689238 0.00597087
387.485 0.694387 0.00597471
387.849 0.692519 0.00593874
388.214 0.693048 0.00600693
388.578 0.695631 0.00604838
388.942 0.69403 0.00607219
389.307 0.693458 0.00606416
389.671 0.693276 0.00608569
390.035 0.689101 0.00603969
390.399 0.691822 0.0060374
390.763 0.68984 0.0059932
391.127 0.688491 0.00596575
391.492 0.684762 0.00586775
391.856 0.680697 0.00578287
392.219 0.688745 0.00577356
392.583 0.696171 0.00583766
392.947 0.70564 0.00600404
393.311 0.693901 0.00600884
393.675 0.697066 0.00604067
394.039 0.688264 0.00603958
394.403 0.693331 0.00606479
394.766 0.688853 0.0060616
395.13 0.690535 0.00608505
395.494 0.686323 0.00606405
395.857 0.687028 0.00604067
396.221 0.687099 0.00601362
396.584 0.685509 0.00596167
396.948 0.682375 0.00588381
397.311 0.679268 0.00578395
397.675 0.683875 0.00577219
398.038 0.691716 0.005808
398.401 0.694646 0.00590302
398.765 0.696951 0.00600424
399.128 0.694573 0.00607963
399.491 0.692872 0.00611837
399.854 0.686468 0.0060987
400.218 0.686559 0.00611684
400.581 0.687731 0.00613951
400.944 0.688309 0.00617216
401.307 0.687472 0.00624264
401.67 0.68823 0.00622793
402.033 0.68304 0.0062225
402.396 0.685262 0.00623608
402.759 0.687621 0.00625442
403.122 0.68299 0.00620291
403.485 0.690916 0.00623719
403.847 0.6811 0.0061412
404.21 0.680803 0.00610813
404.573 0.685763 0.00612366
404.936 0.687687 0.00610203
405.298 0.693385 0.00619452
405.661 0.69586 0.00629256
406.023 0.693899 0.00637279
406.386 0.689432 0.00637473
406.749 0.685411 0.00638518
407.111 0.680318 0.00635326
407.473 0.671153 0.00620935
407.836 0.684587 0.00626203
408.198 0.681591 0.00621027
408.561 0.688736 0.00626071
408.923 0.680482 0.00623226
409.285 0.685284 0.00626576
409.647 0.690028 0.00634251
410.009 0.692011 0.00641169
410.372 0.683655 0.00636358
410.734 0.682121 0.0063884
411.096 0.684637 0.00638894
411.458 0.683629 0.00638269
411.82 0.683249 0.00633906
412.182 0.676083 0.00625787
412.544 0.678773 0.00628433
412.906 0.683513 0.00629508
413.267 0.684955 0.00632425
413.629 0.688472 0.00639037
413.991 0.683588 0.00639759
414.353 0.686246 0.00642767
414.714 0.685406 0.0064914
415.076 0.681198 0.00645537
415.438 0.683726 0.00646029
415.799 0.680033 0.00641711
416.161 0.680218 0.00647426
416.522 0.680919 0.00650425
416.884 0.680486 0.00650623
417.245 0.686377 0.00655844
417.607 0.67962 0.00650998
417.968 0.672758 0.00646974
418.329 0.678003 0.00648679
418.691 0.683621 0.00651144
419.052 0.684556 0.00651135
419.413 0.669265 0.00638029
419.774 0.677675 0.00640028
420.135 0.669112 0.00621814
420.497 0.667298 0.00611171
420.858 0.672116 0.00604912
421.219 0.684008 0.006123
421.58 0.691251 0.00623382
421.941 0.695692 0.00636361
422.302 0.68704 0.00640874
422.662 0.68736 0.00643782
423.023 0.678785 0.00642576
423.384 0.679208 0.00644931
423.745 0.674046 0.00638599
424.106 0.67985 0.00640982
424.466 0.684108 0.00641735
424.827 0.68484 0.00650942
425.187 0.685254 0.00659379
425.548 0.684967 0.00665469
425.909 0.672737 0.00662989
426.269 0.678317 0.00661039
426.63 0.672226 0.00653602
426.99 0.676273 0.00650186
427.35 0.677527 0.00653693
427.711 0.668494 0.00644718
428.071 0.668714 0.00639427
428.431 0.658971 0.00622625
428.792 0.655096 0.00599545
429.152 0.661071 0.00585717
429.512 0.672264 0.00589548
429.872 0.678349 0.0059632
430.232 0.691507 0.00612708
430.592 0.691837 0.00630244
430.952 0.696627 0.00651096
431.312 0.691663 0.00664912
431.672 0.678883 0.00666326
432.032 0.668605 0.00659243
432.392 0.668935 0.00650488
432.752 0.642922 0.00606342
433.111 0.657515 0.00599493
433.471 0.687585 0.0062264
433.831 0.698381 0.00652086
434.19 0.673991 0.00640681
434.55 0.67254 0.00639875
434.91 0.677826 0.00649879
435.269 0.66612 0.00635369
435.629 0.670328 0.00635969
435.988 0.67556 0.00635712
436.348 0.684038 0.00649472
436.707 0.676427 0.00655676
437.066 0.672261 0.00653298
437.426 0.663752 0.00641445
437.785 0.667314 0.00641361
438.144 0.672312 0.00642957
438.503 0.674228 0.00652368
438.862 0.678633 0.00655709
439.222 0.672123 0.00657763
439.581 0.670088 0.00659585
439.94 0.660925 0.00645883
440.299 0.649945 0.00618905
440.658 0.659234 0.00607447
441.017 0.67265 0.00613795
441.376 0.684446 0.00626379
441.734 0.679676 0.00630604
442.093 0.663524 0.00622794
442.452 0.661329 0.00617299
442.811 0.669087 0.0061818
443.169 0.667791 0.0061735
443.528 0.680487 0.00636116
443.887 0.672683 0.00632863
444.245 0.672175 0.00635395
444.604 0.672606 0.0064089
444.962 0.668242 0.00641846
445.321 0.671609 0.00644062
445.679 0.662689 0.00636408
446.038 0.669822 0.00637488
446.396 0.678567 0.00650475
446.754 0.674987 0.00657634
447.112 0.679851 0.00663337
447.471 0.672131 0.00660316
447.829 0.660547 0.00658025
448.187 0.66346 0.00658302
448.545 0.665541 0.00657317
448.903 0.669243 0.00660849
449.261 0.668365 0.00662336
449.619 0.671818 0.00670333
449.977 0.671521 0.0067345
450.335 0.671219 0.00680675
450.693 0.675438 0.00684502
451.051 0.662842 0.00676746
451.409 0.664798 0.00680402
451.766 0.677615 0.00687805
452.124 0.674247 0.00695719
452.482 0.669763 0.00700271
452.839 0.678 0.00712432
453.197 0.669085 0.00708982
453.555 0.67377 0.00714401
453.912 0.660434 0.00705438
454.27 0.655846 0.00691895
454.627 0.659325 0.0068553
454.984 0.66108 0.00688064
455.342 0.675046 0.00705953
455.699 0.6715 0.00711953
456.056 0.666957 0.00705329
456.414 0.66111 0.00695952
456.771 0.659469 0.00682378
457.128 0.6589 0.00679474
457.485 0.666272 0.00680896
457.842 0.672159 0.00688129
458.199 0.669503 0.00685974
458.556 0.662309 0.00675696
458.913 0.656933 0.00672976
459.27 0.667201 0.00674374
459.627 0.671195 0.00686229
459.984 0.660237 0.00675642
460.341 0.665599 0.00677508
460.697 0.666003 0.00685788
461.054 0.685034 0.00716006
461.411 0.67742 0.00726684
461.767 0.666708 0.00729416
462.124 0.662143 0.00725097
462.481 0.653487 0.00711727
462.837 0.655122 0.00701555
463.194 0.65963 0.0068923
463.55 0.659649 0.00693672
463.907 0.648588 0.00669775
464.263 0.650695 0.00661626
464.619 0.654587 0.00651039
464.976 0.657046 0.00643228
465.332 0.662064 0.00645519
465.688 0.685241 0.00676874
466.044 0.686386 0.00701761
466.4 0.67306 0.00705727
466.756 0.662339 0.00704677
467.112 0.666024 0.00706629
467.468 0.658018 0.00701331
467.824 0.667549 0.00713638
468.18 0.671806 0.0072526
468.536 0.667511 0.00723542
468.892 0.669644 0.00736259
469.248 0.663561 0.00736158
469.604 0.663344 0.00740464
469.959 0.655959 0.0073607
470.315 0.662888 0.00739549
470.671 0.660816 0.00737655
471.026 0.658836 0.00730333
471.382 0.646681 0.00716641
471.737 0.653808 0.00714783
472.093 0.652208 0.0070277
472.448 0.650828 0.0068855
472.804 0.651771 0.00683173
473.159 0.656303 0.00679916
473.514 0.667106 0.00688973
473.87 0.653595 0.00672244
474.225 0.637613 0.00645
474.58 0.642561 0.00634731
474.935 0.664734 0.0065108
475.29 0.673204 0.0066405
475.645 0.661658 0.00658998
476 0.654511 0.00656273
476.355 0.661206 0.0066556
476.71 0.651603 0.00660322
477.065 0.636392 0.0063356
477.42 0.641262 0.00627592
477.775 0.655861 0.00635461
478.13 0.661518 0.00643936
478.485 0.652125 0.00634716
478.839 0.63975 0.00621143
479.194 0.640289 0.00605481
479.549 0.646538 0.00600966
479.903 0.661257 0.00609389
480.258 0.659756 0.00613487
480.612 0.645233 0.00598785
480.967 0.638915 0.0058207
481.321 0.65489 0.00591191
481.675 0.662599 0.00606117
482.03 0.662822 0.00616912
482.384 0.654053 0.00615392
482.738 0.642936 0.00604321
483.093 0.641211 0.00599103
483.447 0.64015 0.00585606
483.801 0.631729 0.00563578
484.155 0.640774 0.00560355
484.509 0.547402 0.00450992
484.863 0.507806 0.00296065
485.217 0.593481 0.00290896
485.571 0.702426 0.00324647
485.925 0.85599 0.00456524
486.279 0.77214 0.0050277
486.632 0.676164 0.00508866
486.986 0.673965 0.00549172
487.34 0.678061 0.00588025
487.694 0.665618 0.00598867
488.047 0.646891 0.00593721
488.401 0.65164 0.00596653
488.754 0.651747 0.0060049
489.108 0.663538 0.00615786
489.461 0.654533 0.00614554
489.815 0.652535 0.00620016
490.168 0.643338 0.0060884
490.522 0.643585 0.00606366
490.875 0.651754 0.0061112
491.228 0.655669 0.00617168
491.581 0.648707 0.00609671
491.935 0.653089 0.00613988
492.288 0.64998 0.00615049
492.641 0.646484 0.00609043
492.994 0.642683 0.00606795
493.347 0.638712 0.00596518
493.7 0.644888 0.00599853
494.053 0.649309 0.00603965
494.406 0.66421 0.00620735
494.759 0.656593 0.0062975
495.111 0.627634 0.00596479
495.464 0.619299 0.00566502
495.817 0.634953 0.00563255
496.169 0.667569 0.00593747
496.522 0.67818 0.00625462
496.875 0.664387 0.00639744
497.227 0.655948 0.0064195
497.58 0.642066 0.00634013
497.932 0.64623 0.00628598
498.285 0.638627 0.00619185
498.637 0.631351 0.00600315
498.989 0.641871 0.00598556
499.342 0.652888 0.00608147
499.694 0.662307 0.0062606
500.046 0.643147 0.00622235
500.398 0.631278 0.00601372
500.751 0.641362 0.00600627
501.103 0.640706 0.00598406
501.455 0.647032 0.00602276
501.807 0.644719 0.00602101
502.159 0.644946 0.00602532
502.511 0.641321 0.00599345
502.862 0.644426 0.00603382
503.214 0.646677 0.00612697
503.566 0.652092 0.00627727
503.918 0.64384 0.00630493
504.27 0.644519 0.00630157
504.621 0.647369 0.0063309
504.973 0.644041 0.00635023
505.324 0.643271 0.00630544
505.676 0.63156 0.00613893
506.027 0.646108 0.00622599
506.379 0.663565 0.00651981
506.73 0.645955 0.0065308
507.082 0.634468 0.00642653
507.433 0.630877 0.00628963
507.784 0.640623 0.00628504
508.136 0.646338 0.00642315
508.487 0.650377 0.00650932
508.838 0.642078 0.0065283
509.189 0.63829 0.00650186
509.54 0.636456 0.00640573
509.891 0.645101 0.00652369
510.242 0.642998 0.00652031
510.593 0.642467 0.00655909
510.944 0.638215 0.00657389
511.295 0.647291 0.00675835
511.646 0.647642 0.00683504
511.996 0.634294 0.00669456
512.347 0.637857 0.00666284
512.698 0.649002 0.006743
513.049 0.647148 0.00677485
513.399 0.644609 0.0067929
513.75 0.637092 0.00673299
514.1 0.649944 0.00692959
514.451 0.656681 0.00711025
514.801 0.641364 0.00699599
515.152 0.63097 0.00687773
515.502 0.629704 0.00676434
515.852 0.63707 0.00676727
516.202 0.638971 0.00676827
516.553 0.65857 0.00697174
516.903 0.652622 0.00704603
517.253 0.650559 0.00714102
517.603 0.638247 0.00707183
517.953 0.633166 0.0070094
518.303 0.633361 0.00684593
518.653 0.638977 0.00681987
519.003 0.646406 0.00691209
519.353 0.653042 0.00719598
519.703 0.64947 0.00732845
520.052 0.638191 0.00730179
520.402 0.638051 0.00726078
520.752 0.638141 0.00717818
521.102 0.660837 0.0074231
521.451 0.644242 0.00738148
521.801 0.639882 0.00733543
522.15 0.632798 0.00717382
522.5 0.639187 0.00719825
522.849 0.634507 0.00714932
523.199 0.637805 0.00710017
523.548 0.632002 0.00699984
523.897 0.644085 0.00714815
524.246 0.648188 0.00729023
524.596 0.645207 0.00737639
524.945 0.632748 0.00726224
525.294 0.638579 0.00729479
525.643 0.635433 0.00726058
525.992 0.638717 0.00726688
526.341 0.638134 0.00721827
526.69 0.63867 0.00727814
527.039 0.641256 0.00736393
527.388 0.635503 0.00738211
527.737 0.621192 0.00707645
528.086 0.618417 0.00680085
528.434 0.630834 0.00674309
528.783 0.657801 0.00707386
529.132 0.650824 0.00717018
529.48 0.641154 0.00720828
529.829 0.635762 0.00721745
530.177 0.639157 0.00731097
530.526 0.6361 0.0073114
530.874 0.629987 0.00720681
531.223 0.633054 0.0072139
531.571 0.644245 0.00734006
531.919 0.632392 0.00720075
532.268 0.617162 0.00689629
532.616 0.615883 0.00666892
532.964 0.631357 0.00665202
533.312 0.640957 0.00670587
533.66 0.634771 0.00670355
534.008 0.631976 0.00667355
534.356 0.636885 0.00670384
534.704 0.645125 0.00680839
535.052 0.642388 0.00688531
535.4 0.645186 0.00704614
535.748 0.640702 0.0071888
536.095 0.643384 0.00738634
536.443 0.631006 0.00732406
536.791 0.616464 0.00708606
537.139 0.620033 0.00694292
537.486 0.624009 0.00680405
537.834 0.635324 0.00682909
538.181 0.634182 0.00678378
538.529 0.636833 0.00683624
538.876 0.639195 0.00683115
539.223 0.636863 0.00693397
539.571 0.641858 0.00711002
539.918 0.627627 0.00700584
540.265 0.622008 0.00683691
540.613 0.626769 0.00674499
540.96 0.639848 0.00689939
541.307 0.633722 0.0068788
541.654 0.626371 0.00683708
542.001 0.629986 0.00687813
542.348 0.636321 0.00691133
542.695 0.628145 0.00687547
543.042 0.626732 0.00676233
543.388 0.627815 0.00668258
543.735 0.630538 0.00668776
544.082 0.626247 0.00665481
544.429 0.629651 0.0067036
544.775 0.642454 0.00692052
545.122 0.643951 0.00713401
545.469 0.633102 0.00718931
545.815 0.623924 0.0070957
546.162 0.62642 0.00705331
546.508 0.622246 0.00688544
546.854 0.615375 0.00659353
547.201 0.609165 0.00631998
547.547 0.635679 0.00643736
547.893 0.652382 0.0066678
548.24 0.659355 0.00706235
548.586 0.638171 0.00723691
548.932 0.622803 0.0072556
549.278 0.621873 0.00725533
549.624 0.629141 0.00725862
549.97 0.637318 0.00737401
550.316 0.635253 0.00750904
550.662 0.630648 0.00755876
551.008 0.598068 0.00698008
551.353 0.613483 0.00669175
551.699 0.628699 0.00662439
552.045 0.654228 0.00693952
552.391 0.632247 0.00696333
552.736 0.627047 0.0069663
553.082 0.623405 0.00695624
553.427 0.63736 0.00715798
553.773 0.641667 0.00741992
554.118 0.618186 0.00728334
554.464 0.609321 0.00704539
554.809 0.611858 0.00677965
555.154 0.629016 0.00678147
555.5 0.63508 0.00682952
555.845 0.646373 0.00715788
556.19 0.634656 0.00728514
556.535 0.630396 0.0074237
556.88 0.616253 0.00722159
557.225 0.634741 0.00730195
557.57 0.638587 0.00746696
557.915 0.643906 0.00770127
558.26 0.628023 0.00769943
558.605 0.624069 0.00764793
558.95 0.613917 0.00741821
559.295 0.605447 0.00697399
559.639 0.60985 0.00673587
559.984 0.61637 0.00651297
560.329 0.629439 0.00655734
560.673 0.63008 0.00658346
561.018 0.635219 0.00680424
561.362 0.630256 0.00695828
561.707 0.628005 0.00711996
562.051 0.615085 0.00696044
562.395 0.604872 0.00681124
562.74 0.622531 0.00677284
563.084 0.617898 0.00666421
563.428 0.620559 0.00653909
563.772 0.626611 0.00660135
564.117 0.624594 0.00654252
564.461 0.622647 0.00651165
564.805 0.624332 0.00657725
565.149 0.618587 0.00651673
565.493 0.62524 0.00656172
565.836 0.619924 0.00640824
566.18 0.616109 0.00629513
566.524 0.596737 0.00577727
566.868 0.615436 0.00570977
567.212 0.621369 0.00563957
567.555 0.610609 0.00551988
567.899 0.603146 0.00523186
568.242 0.60805 0.00503858
568.586 0.596344 0.00466946
568.929 0.600084 0.00438445
569.273 0.607155 0.00416963
569.616 0.625154 0.00423695
569.96 0.611023 0.00410419
570.303 0.605653 0.00395914
570.646 0.61225 0.0039312
570.989 0.607334 0.00379413
571.333 0.62386 0.00389327
571.676 0.63305 0.00406842
572.019 0.62651 0.00437649
572.362 0.580346 0.00397442
572.705 0.582865 0.00369688
573.048 0.610582 0.00360155
573.391 0.608457 0.00347796
573.733 0.612886 0.00344211
574.076 0.613786 0.00340656
574.419 0.62882 0.00355312
574.762 0.626161 0.00373451
575.104 0.62827 0.00400434
575.447 0.583231 0.00380605
575.789 0.580155 0.00356809
576.132 0.603813 0.00343889
576.474 0.604999 0.00340374
576.817 0.597037 0.00312788
577.159 0.610379 0.00299027
577.501 0.64628 0.00310123
577.844 0.652303 0.00333458
578.186 0.632405 0.0036828
578.528 0.595198 0.00371875
578.87 0.596332 0.00373854
579.212 0.587787 0.00358786
579.554 0.61354 0.00354849
579.896 0.612094 0.00356589
580.238 0.582233 0.00327734
580.58 0.599269 0.00292135
580.922 0.648547 0.00292077
581.264 0.701131 0.0030368
581.606 0.657126 0.0030694
581.947 0.635207 0.00320326
582.289 0.626015 0.00353295
582.631 0.61046 0.00386978
582.972 0.595512 0.00407842
583.314 0.588815 0.00401072
583.655 0.585022 0.00386465
583.997 0.582207 0.00351919
584.338 0.59818 0.00331783
584.679 0.612701 0.00322172
585.021 0.637047 0.00337541
585.362 0.629935 0.00360657
585.703 0.621268 0.00385237
586.044 0.58086 0.00373887
586.385 0.583942 0.00354733
586.726 0.599154 0.00343187
587.067 0.632038 0.00366312
587.408 0.618333 0.00383094
587.749 0.614664 0.00400065
588.09 0.606509 0.00413967
588.431 0.620206 0.00443551
588.772 0.597336 0.0045272
589.113 0.590906 0.00442502
589.453 0.604025 0.00444961
589.794 0.621311 0.00466737
590.134 0.618625 0.00490577
590.475 0.604021 0.00496019
590.815 0.597484 0.00488763
591.156 0.608337 0.00493884
591.496 0.582523 0.00468558
591.837 0.574162 0.00400189
592.177 0.591316 0.00368924
592.517 0.621361 0.00362071
592.857 0.630501 0.00384546
593.198 0.62654 0.00407857
593.538 0.621712 0.00448189
593.878 0.592663 0.00451576
594.218 0.576026 0.00430832
594.558 0.603717 0.00424672
594.898 0.620517 0.00442666
595.237 0.627621 0.00472793
595.577 0.615821 0.00498581
595.917 0.598705 0.00516155
596.257 0.5845 0.00488626
596.596 0.589005 0.00478177
596.936 0.621359 0.00482984
597.276 0.615052 0.00499311
597.615 0.591942 0.00481158
597.955 0.568221 0.00414611
598.294 0.60468 0.00401277
598.633 0.623101 0.00408694
598.973 0.615592 0.00421536
599.312 0.596088 0.00413539
599.651 0.609194 0.00421374
599.991 0.606574 0.00429651
600.33 0.60996 0.00437506
600.669 0.605658 0.00448455
601.008 0.611701 0.00466266
601.347 0.598135 0.00476779
601.686 0.590698 0.00459968
602.025 0.600253 0.00466768
602.364 0.591762 0.00440364
602.702 0.60108 0.0043745
603.041 0.613661 0.00444932
603.38 0.615802 0.00467027
603.719 0.611865 0.00486739
604.057 0.595649 0.00493742
604.396 0.593271 0.00491977
604.734 0.578718 0.00464079
605.073 0.598608 0.00436655
605.411 0.615125 0.00446934
605.75 0.626653 0.00467573
606.088 0.60443 0.00483244
606.426 0.58713 0.00464602
606.764 0.600997 0.00463596
607.103 0.621356 0.00486321
607.441 0.604066 0.00496056
607.779 0.598514 0.00505742
608.117 0.601325 0.0050346
608.455 0.6201 0.00532945
608.793 0.591368 0.0052547
609.131 0.579883 0.00485449
609.469 0.600042 0.00481899
609.806 0.621175 0.00496905
610.144 0.611463 0.00531721
610.482 0.588776 0.00527185
610.819 0.599339 0.00530728
611.157 0.600431 0.00534007
611.495 0.605443 0.00555024
611.832 0.595167 0.00551938
612.17 0.59158 0.00546269
612.507 0.598112 0.00543143
612.844 0.602379 0.00550803
613.182 0.599888 0.00550933
613.519 0.596978 0.00546211
613.856 0.601841 0.00547001
614.193 0.589314 0.00534453
614.53 0.594678 0.00525695
614.867 0.61079 0.00532192
615.205 0.607001 0.00557104
615.541 0.605709 0.00576622
615.878 0.584891 0.00590684
616.215 0.592359 0.00588376
616.552 0.592355 0.00594385
616.889 0.589458 0.00579318
617.226 0.602151 0.00579516
617.562 0.610541 0.0060209
617.899 0.612982 0.00639726
618.235 0.604558 0.00668048
618.572 0.588244 0.00683386
618.908 0.580407 0.00655264
619.245 0.585541 0.00631295
619.581 0.610236 0.00633171
619.918 0.64073 0.00702698
620.254 0.621232 0.00780545
620.59 0.582482 0.00767187
620.926 0.571713 0.00708682
621.262 0.596408 0.00683623
621.599 0.619686 0.00700003
621.935 0.596273 0.0067801
622.271 0.598287 0.00653689
622.606 0.60591 0.00643626
622.942 0.618373 0.00666332
623.278 0.603812 0.00677633
623.614 0.58146 0.00633719
623.95 0.603618 0.00643096
624.285 0.614467 0.00660944
624.621 0.606815 0.00692498
624.957 0.594633 0.00706834
625.292 0.607778 0.00736212
625.628 0.597727 0.0075219
625.963 0.590121 0.0075235
626.299 0.589896 0.0073672
626.634 0.593545 0.007274
626.969 0.607838 0.00749721
627.304 0.628428 0.00826314
627.64 0.601286 0.00866964
627.975 0.583101 0.0083667
628.31 0.577784 0.00787246
628.645 0.607679 0.0078889
628.98 0.608722 0.00806916
629.315 0.610514 0.0082359
629.65 0.601032 0.0082369
629.985 0.603348 0.00822955
630.319 0.610264 0.00863853
630.654 0.589344 0.0085859
630.989 0.600782 0.00862635
631.323 0.604254 0.0088011
631.658 0.623609 0.00930532
631.993 0.604746 0.00956029
632.327 0.595119 0.00952003
632.662 0.599147 0.00950045
632.996 0.604838 0.00933375
633.33 0.597489 0.00913955
633.665 0.615211 0.00959891
633.999 0.607075 0.00982488
634.333 0.595041 0.00972506
634.667 0.606124 0.00984917
635.001 0.599444 0.0095561
635.335 0.601087 0.00920505
635.669 0.600047 0.00885578
636.003 0.615067 0.00909077
636.337 0.624031 0.00961449
636.671 0.620481 0.0100879
637.005 0.601182 0.0101994
637.339 0.598216 0.0101293
637.672 0.591055 0.00970085
638.006 0.608023 0.00958648
638.339 0.618672 0.00981105
638.673 0.623762 0.010165
639.006 0.612664 0.0103906
639.34 0.603632 0.010308
639.673 0.605857 0.0104744
640.007 0.612899 0.0105086
640.34 0.614038 0.0107018
640.673 0.604322 0.0106977
641.006 0.607374 0.0108823
641.34 0.616254 0.011081
641.673 0.615387 0.0113376
642.006 0.615283 0.0115319
642.339 0.611762 0.0112956
642.672 0.61269 0.0112346
643.004 0.60443 0.0112223
643.337 0.623619 0.0117663
643.67 0.601851 0.011556
644.003 0.604483 0.0114677
644.336 0.609454 0.0114665
644.668 0.602602 0.0113814
645.001 0.619151 0.0117361
645.333 0.613771 0.0119723
645.666 0.612183 0.0122036
645.998 0.606636 0.0124255
646.331 0.603954 0.0125864
646.663 0.61213 0.012541
646.995 0.595227 0.0116125
647.327 0.583078 0.0105548
647.66 0.614712 0.0102443
647.992 0.619091 0.0101236
648.324 0.612605 0.0100333
648.656 0.616431 0.0102045
648.988 0.624182 0.0106772
649.32 0.62477 0.0114267
649.652 0.606163 0.0117832
649.983 0.602094 0.0119965
650.315 0.597908 0.0120318
650.647 0.594078 0.011718
650.979 0.588089 0.011127
651.31 0.601915 0.0108241
651.642 0.604465 0.0106034
651.973 0.609959 0.0106444
652.305 0.60448 0.0105563
652.636 0.618344 0.0108246
652.967 0.605701 0.0109555
653.299 0.599535 0.0111537
653.63 0.569668 0.0107494
653.961 0.555569 0.00986138
654.292 0.48099 0.00704278
654.623 0.377005 0.00225999
654.955 0.90019 0.0034281
655.286 0.900135 0.00342789
655.616 0.900079 0.00342768
655.947 0.900022 0.00342746
656.278 0.899964 0.00342724
656.609 0.414326 0.00243352
656.94 0.369853 0.00304243
657.27 0.335834 0.0033989
657.601 0.345291 0.00397505
657.932 0.379375 0.00498368
658.262 0.424738 0.00642362
658.593 0.480406 0.00819493
658.923 0.514835 0.00991951
659.254 0.561926 0.0114475
659.584 0.584558 0.0123966
659.914 0.60224 0.0131763
660.244 0.597527 0.0134524
660.575 0.595374 0.0133299
660.905 0.600141 0.0134031
661.235 0.612392 0.0133497
661.565 0.617776 0.0133118
661.895 0.614597 0.0132017
662.225 0.616255 0.0134277
662.555 0.61645 0.0136163
662.884 0.601281 0.0132975
663.214 0.601087 0.0131119
663.544 0.628796 0.0132712
663.873 0.611656 0.0128951
664.203 0.616595 0.0128061
664.533 0.598201 0.012272
664.862 0.612549 0.0123319
665.192 0.614087 0.0127026
665.521 0.625936 0.0135207
665.85 0.609239 0.0137354
666.18 0.622264 0.0144533
666.509 0.598445 0.0140898
666.838 0.597254 0.013743
667.167 0.613808 0.0137532
667.496 0.616882 0.0140252
667.825 0.620329 0.0141351
668.154 0.618178 0.0140871
668.483 0.612096 0.0139224
668.812 0.624675 0.0138026
669.141 0.624141 0.0136591
669.47 0.618905 0.0134342
669.798 0.644181 0.0138461
670.127 0.612547 0.0135145
670.456 0.585499 0.0124655
670.784 0.574259 0.0110735
671.113 0.59062 0.0103087
671.441 0.603437 0.00995674
671.77 0.623274 0.0102871
672.098 0.6228 0.0106878
672.426 0.628404 0.0119357
672.755 0.588838 0.0122847
673.083 0.579828 0.0123627
673.411 0.58334 0.0123753
673.739 0.608171 0.0128209
674.067 0.596889 0.0133722
674.395 0.602747 0.0134362
674.723 0.596383 0.0130171
675.051 0.612851 0.0130047
675.379 0.609851 0.0129621
675.706 0.619438 0.0132072
676.034 0.612259 0.0134268
676.362 0.59952 0.0133504
676.689 0.579068 0.0123248
677.017 0.595856 0.0116812
677.344 0.606731 0.0113231
677.672 0.634616 0.0117789
677.999 0.604023 0.0116314
678.327 0.591613 0.0112818
678.654 0.591266 0.0107877
678.981 0.595742 0.0105027
679.308 0.619376 0.0107944
679.636 0.62163 0.0113195
679.963 0.61778 0.0118492
680.29 0.577742 0.0114899
680.617 0.584346 0.0113403
680.944 0.602239 0.0113418
681.271 0.621895 0.0118575
681.597 0.624 0.0126808
681.924 0.611804 0.0133731
682.251 0.583643 0.0130103
682.578 0.588186 0.0123745
682.904 0.58205 0.0114863
683.231 0.603119 0.0112273
683.557 0.599769 0.0109453
683.884 0.594759 0.0105886
684.21 0.600915 0.010394
684.536 0.592757 0.00998585
684.863 0.599834 0.00989436
685.189 0.603339 0.0100907
685.515 0.608338 0.0106808
685.841 0.586899 0.0108345
686.167 0.573753 0.0107231
686.493 0.588645 0.0107315
686.819 0.599415 0.0108907
687.145 0.605671 0.0114254
687.471 0.605671 0.0122866
687.797 0.593208 0.0125675
688.123 0.585575 0.0124104
688.448 0.58994 0.0120479
688.774 0.591454 0.0117009
689.1 0.609733 0.0120814
689.425 0.605526 0.0125448
689.751 0.599122 0.0126802
690.076 0.579551 0.0117769
690.402 0.590589 0.0111073
690.727 0.601009 0.0108589
691.052 0.60879 0.0112155
691.377 0.597193 0.0114416
691.703 0.604708 0.0118049
692.028 0.582674 0.0115944
692.353 0.593831 0.0114574
692.678 0.597867 0.0115846
693.003 0.615714 0.0122032
693.328 0.610019 0.0130434
693.652 0.591902 0.0134283
693.977 0.569362 0.0128555
694.302 0.575249 0.012184
694.627 0.605797 0.0123285
694.951 0.615358 0.0128722
695.276 0.631048 0.0142899
695.6 0.571565 0.0138284
695.925 0.549248 0.0118974
696.249 0.575248 0.0107361
696.574 0.594447 0.0103432
696.898 0.631829 0.0111489
697.222 0.611055 0.011589
697.546 0.588645 0.0118321
697.871 0.585746 0.0120516
698.195 0.590744 0.0121916
698.519 0.600888 0.012607
698.843 0.61298 0.0130976
699.167 0.596101 0.0134014
699.491 0.602534 0.0139867
699.814 0.588144 0.0139303
700.138 0.611163 0.0142437
700.462 0.610801 0.0144749
700.786 0.599434 0.0141492
701.109 0.596442 0.013766
701.433 0.589445 0.013211
701.756 0.599168 0.012844
702.08 0.607058 0.0129294
702.403 0.609779 0.0132223
702.726 0.604818 0.0137273
703.05 0.608045 0.0140998
703.373 0.600777 0.0141787
703.696 0.599077 0.0141705
704.019 0.608577 0.0147807
704.342 0.617169 0.0154276
704.665 0.621246 0.0161176
704.988 0.605064 0.0158023
705.311 0.581278 0.0145368
705.634 0.585696 0.0131014
705.957 0.59565 0.0119663
706.28 0.585016 0.0109859
706.602 0.610113 0.0111027
706.925 0.608815 0.0113241
707.247 0.606105 0.0117491
707.57 0.591832 0.0120678
707.892 0.584263 0.0123996
708.215 0.603257 0.0132152
708.537 0.587967 0.0133678
708.859 0.586414 0.0134265
709.182 0.584389 0.0132645
709.504 0.585288 0.0129253
709.826 0.594942 0.0128679
710.148 0.595314 0.0129239
710.47 0.609623 0.01345
710.792 0.59935 0.013829
711.114 0.599096 0.0142895
711.436 0.604295 0.0146707
711.758 0.585757 0.0142102
712.079 0.584477 0.0140324
712.401 0.603752 0.0135582
712.723 0.594171 0.0129619
713.044 0.586092 0.0121285
713.366 0.593067 0.0120646
713.687 0.603569 0.0122698
714.009 0.591845 0.0124798
714.33 0.5923 0.0127645
714.652 0.593499 0.0131405
714.973 0.604438 0.0137206
715.294 0.597341 0.0143413
715.615 0.616442 0.0155004
715.936 0.581113 0.0152704
716.257 0.600825 0.0156766
716.578 0.601149 0.0157862
716.899 0.612903 0.0155845
717.22 0.599609 0.0144201
717.541 0.604055 0.0140855
717.862 0.610816 0.0141165
718.182 0.595199 0.0139075
718.503 0.599214 0.013651
718.824 0.608215 0.013949
719.144 0.602901 0.01411
719.465 0.598019 0.0143737
719.785 0.575352 0.0138078
720.105 0.595951 0.0138682
720.426 0.589585 0.0136228
720.746 0.601963 0.0139986
721.066 0.588938 0.0138713
721.386 0.587311 0.013994
721.706 0.600698 0.0145642
722.026 0.604538 0.0149984
722.346 0.600789 0.0150762
722.666 0.607506 0.0149619
722.986 0.604144 0.0145503
723.306 0.607365 0.014703
723.626 0.602131 0.0149297
723.946 0.594372 0.0148036
724.265 0.579258 0.0138329
724.585 0.584323 0.0131607
724.904 0.609094 0.0133369
725.224 0.595311 0.0132203
725.543 0.59335 0.0131958
725.863 0.59056 0.0132909
726.182 0.61579 0.0141228
726.501 0.582283 0.0139495
726.82 0.583081 0.014051
727.14 0.570624 0.0133617
727.459 0.577425 0.0130357
727.778 0.584571 0.0130382
728.097 0.598262 0.0133704
728.416 0.568169 0.0128825
728.734 0.578257 0.0125832
729.053 0.593108 0.0126188
729.372 0.589696 0.0125565
729.691 0.57056 0.0120399
730.009 0.569745 0.0114529
730.328 0.570574 0.0111239
730.647 0.595768 0.0113799
730.965 0.59448 0.0117658
731.283 0.58263 0.0120856
731.602 0.56459 0.0120355
731.92 0.561844 0.0117928
732.238 0.560942 0.0114996
732.557 0.581978 0.0116059
732.875 0.560977 0.0111184
733.193 0.55028 0.0103552
733.511 0.574392 0.0103379
733.829 0.584353 0.0107398
734.147 0.583073 0.0114337
734.465 0.568745 0.011806
734.782 0.557152 0.0116744
735.1 0.557575 0.0113517
735.418 0.567625 0.0114441
735.735 0.565853 0.0114607
736.053 0.563789 0.011313
736.371 0.573455 0.0115274
736.688 0.578232 0.0119972
737.005 0.576189 0.0127055
737.323 0.57686 0.0131991
737.64 0.556945 0.012984
737.957 0.558445 0.0123267
738.274 0.562625 0.0113561
738.592 0.581735 0.0112662
738.909 0.578402 0.0115169
739.226 0.586058 0.0126267
739.543 0.569959 0.0134222
739.86 0.578034 0.0143028
740.176 0.574509 0.0146294
740.493 0.585615 0.0152161
740.81 0.565365 0.0149979
741.127 0.568317 0.0148781
741.443 0.573392 0.0141601
741.76 0.5736 0.0136934
742.076 0.588623 0.0139943
742.393 0.592753 0.0147967
742.709 0.606931 0.0158013
743.025 0.593896 0.0159187
743.342 0.582799 0.0156244
743.658 0.598489 0.0155286
743.974 0.568082 0.0147106
744.29 0.589785 0.0149737
744.606 0.590405 0.0151417
744.922 0.580638 0.0150428
745.238 0.593058 0.015249
745.554 0.590214 0.0155805
745.87 0.570239 0.0154759
746.186 0.564452 0.0147628
746.501 0.57898 0.0144015
746.817 0.595399 0.0148369
747.132 0.600678 0.0159962
747.448 0.581329 0.0163547
747.763 0.560083 0.0158133
748.079 0.559067 0.0151415
748.394 0.571225 0.0142679
748.71 0.563942 0.0131982
749.025 0.557624 0.0123563
749.34 0.565508 0.0122816
749.655 0.571271 0.0126141
749.97 0.568099 0.0130319
750.285 0.54557 0.0128103
750.6 0.550808 0.0125966
750.915 0.544719 0.0122154
751.23 0.559022 0.0126184
751.545 0.565272 0.0132102
751.859 0.551373 0.0135382
752.174 0.52935 0.01342
752.489 0.532393 0.0127809
752.803 0.538701 0.0120847
753.118 0.555646 0.0121812
753.432 0.560979 0.0126501
753.747 0.558855 0.0130941
754.061 0.532625 0.0123499
754.375 0.538024 0.0118929
754.689 0.530737 0.0114444
755.004 0.544305 0.0115711
755.318 0.535894 0.011231
755.632 0.518883 0.0105123
755.946 0.5291 0.0104235
756.26 0.523779 0.0099073
756.573 0.530062 0.00953578
756.887 0.52115 0.00916743
757.201 0.533565 0.00947284
757.515 0.538597 0.0104254
757.828 0.518502 0.0109705
758.142 0.501655 0.010755
758.455 0.505061 0.0100221
758.769 0.511251 0.009549
759.082 0.515641 0.00932906
759.396 0.513046 0.00916569
759.709 0.509137 0.0090599
760.022 0.522252 0.00925684
760.335 0.523208 0.00975224
760.648 0.517525 0.0104247
760.962 0.507628 0.011082
761.275 0.505994 0.0116123
761.587 0.508898 0.0117971
761.9 0.511632 0.0118588
762.213 0.500088 0.0113413
762.526 0.52252 0.0111747
762.839 0.508094 0.0109753
763.151 0.516707 0.0107482
763.464 0.506512 0.0100651
763.776 0.51386 0.00941678
764.089 0.528046 0.00934427
764.401 0.523466 0.00963421
764.714 0.516355 0.0101313
765.026 0.5168 0.0108184
765.338 0.51113 0.0114558
765.65 0.51047 0.0123222
765.962 0.493975 0.0126849
766.275 0.505598 0.0132924
766.587 0.495348 0.0132004
766.898 0.504463 0.0128938
767.21 0.518433 0.0122985
767.522 0.508576 0.0113019
767.834 0.536118 0.0111788
768.146 0.520901 0.0110986
768.457 0.535672 0.0119426
768.769 0.524116 0.0124421
769.08 0.503925 0.0122552
769.392 0.503654 0.0118089
769.703 0.50468 0.0112092
770.015 0.512403 0.0108637
770.326 0.511513 0.0108753
770.637 0.507302 0.0112222
770.948 0.515464 0.0121379
771.26 0.500344 0.0127098
771.571 0.493559 0.0127617
771.882 0.483133 0.0123194
772.193 0.508923 0.012772
772.504 0.516733 0.0131917
772.814 0.522761 0.0135332
773.125 0.518976 0.0137632
773.436 0.525194 0.0142431
773.747 0.513877 0.0144059
774.057 0.52439 0.0148639
774.368 0.533569 0.0152292
774.678 0.560469 0.0160153
774.989 0.522335 0.0157035
775.299 0.542618 0.0165441
775.609 0.534328 0.0162342
775.919 0.53966 0.0161812
776.23 0.555463 0.0164363
776.54 0.537623 0.0160332
776.85 0.541849 0.0162654
777.16 0.525772 0.0155463
777.47 0.540316 0.014941
777.78 0.523272 0.0140555
778.089 0.516423 0.0132614
778.399 0.515638 0.0131674
778.709 0.522704 0.0138689
779.019 0.537047 0.0149813
779.328 0.513757 0.0154456
779.638 0.504331 0.0151009
779.947 0.479368 0.0134208
780.257 0.503532 0.0125476
780.566 0.501158 0.0120495
780.875 0.503183 0.0123498
781.185 0.501672 0.0131133
781.494 0.487531 0.0131407
781.803 0.508492 0.0137788
782.112 0.503436 0.0139107
782.421 0.49922 0.0136704
782.73 0.497542 0.013288
783.039 0.494035 0.0134091
783.348 0.517697 0.0148221
783.656 0.506971 0.0154736
783.965 0.498872 0.0155796
784.274 0.499831 0.0150022
784.582 0.498383 0.0145151
784.891 0.521738 0.0147638
785.199 0.517233 0.0149226
785.508 0.520188 0.0153773
785.816 0.520321 0.0156589
786.124 0.51573 0.0152455
786.432 0.520116 0.0145584
786.741 0.50438 0.0137885
787.049 0.515039 0.0138512
787.357 0.508318 0.013971
787.665 0.496149 0.0137197
787.973 0.504564 0.0139614
788.281 0.510544 0.0143363
788.588 0.496344 0.014888
788.896 0.50625 0.015971
789.204 0.521165 0.0168629
789.511 0.530794 0.0170641
789.819 0.532198 0.017398
790.126 0.514827 0.0171189
790.434 0.537214 0.0174832
790.741 0.531951 0.0173534
791.049 0.532903 0.0173506
791.356 0.548696 0.0181772
791.663 0.552123 0.0185629
791.97 0.552168 0.0186119
792.277 0.542073 0.0180984
792.584 0.526765 0.0169002
792.891 0.484685 0.0143384
793.198 0.50473 0.0135822
793.505 0.494326 0.0131784
793.812 0.49457 0.0135545
794.119 0.483977 0.0137168
794.425 0.495676 0.0142939
794.732 0.493123 0.014907
795.038 0.490157 0.0164194
795.345 0.518888 0.0181669
795.651 0.507177 0.0189237
795.958 0.539101 0.0195498
796.264 0.501883 0.0176021
796.57 0.521466 0.0172859
796.876 0.540656 0.0174499
797.183 0.540899 0.0177765
797.489 0.536017 0.0184224
797.795 0.52527 0.0184
798.101 0.548948 0.0187269
798.406 0.550792 0.018858
798.712 0.544194 0.0192984
799.018 0.55694 0.0198281
799.324 0.55947 0.0199252
799.629 0.553195 0.0199026
799.935 0.54356 0.0198748
800.24 0.57617 0.0208515
800.546 0.55308 0.0204364
800.851 0.555151 0.020661
801.157 0.576294 0.0219525
801.462 0.591144 0.0224492
801.767 0.576573 0.0222763
802.072 0.582192 0.0215162
802.377 0.581571 0.0206939
802.682 0.565401 0.0200755
802.987 0.601286 0.0212777
803.292 0.57938 0.0214205
803.597 0.572427 0.0214728
803.902 0.567058 0.0213181
804.207 0.552148 0.0209043
804.511 0.569854 0.0209114
804.816 0.536012 0.0190557
805.12 0.511217 0.0173883
805.425 0.522314 0.0165545
805.729 0.517162 0.0166017
806.034 0.510305 0.0171296
806.338 0.537315 0.0185789
806.642 0.537742 0.0190595
806.946 0.525236 0.018646
807.251 0.550935 0.0192723
807.555 0.540175 0.0187795
807.859 0.533275 0.0185175
808.162 0.519475 0.0188068
808.466 0.546389 0.0199443
808.77 0.552735 0.0205912
809.074 0.565892 0.0215474
809.378 0.563907 0.021547
809.681 0.57225 0.0215349
809.985 0.588787 0.0221972
810.288 0.604415 0.0227407
810.592 0.589182 0.022284
810.895 0.575012 0.0225372
811.198 0.641438 0.024856
811.502 0.62346 0.0248615
811.805 0.646339 0.026009
812.108 0.591521 0.0237488
812.411 0.592325 0.0230609
812.714 0.582797 0.0213135
813.017 0.548792 0.019573
813.32 0.521981 0.0190606
813.623 0.541453 0.0200261
813.926 0.568514 0.0220069
814.228 0.611952 0.0240531
814.531 0.599348 0.0245674
814.833 0.583149 0.0240468
815.136 0.613577 0.0248162
815.438 0.648879 0.0258112
815.741 0.598855 0.0237682
816.043 0.60079 0.023517
816.345 0.588885 0.0231263
816.648 0.612107 0.0237699
816.95 0.597909 0.0238533
817.252 0.639439 0.0252219
817.554 0.608505 0.0246568
817.856 0.612627 0.0252686
818.158 0.630228 0.0258516
818.46 0.649965 0.026919
818.761 0.643665 0.0266906
819.063 0.619086 0.0257217
819.365 0.603874 0.0246532
819.666 0.577918 0.0229116
819.968 0.572386 0.0220494
820.269 0.560082 0.0215755
820.571 0.582158 0.0225733
820.872 0.579244 0.0233682
821.173 0.612614 0.0249866
821.475 0.602735 0.0257379
821.776 0.639974 0.0263838
822.077 0.610907 0.0256275
822.378 0.619782 0.0259931
822.679 0.65331 0.0271237
822.98 0.657523 0.0269583
823.281 0.653456 0.0277464
823.581 0.646225 0.0273141
823.882 0.658168 0.0279181
824.183 0.668226 0.0278452
824.483 0.642963 0.0263425
824.784 0.616523 0.0247356
825.084 0.611152 0.0250691
825.385 0.642228 0.0260355
825.685 0.636767 0.0264821
825.985 0.628068 0.0260757
826.286 0.61064 0.0253583
826.586 0.578599 0.0241998
826.886 0.601191 0.0247136
827.186 0.626973 0.0256085
827.486 0.667902 0.027319
827.786 0.650878 0.0273795
828.086 0.644586 0.026973
828.386 0.651521 0.0267633
828.685 0.619681 0.0259567
828.985 0.647146 0.0273184
829.285 0.647496 0.0275144
829.584 0.655236 0.0281256
829.884 0.651735 0.028478
830.183 0.740586 0.0319396
830.482 0.677116 0.030207
830.782 0.697929 0.0307981
831.081 0.753416 0.0332101
831.38 0.72725 0.0315733
831.679 0.757102 0.0322879
831.978 0.752473 0.0322404
832.277 0.703653 0.0301722
832.576 0.679547 0.0290931
832.875 0.675547 0.0289897
833.174 0.634345 0.0279155
833.472 0.682166 0.0291676
833.771 0.680522 0.0295288
834.07 0.650296 0.0281796
834.368 0.682136 0.0291437
834.667 0.680702 0.0298818
834.965 0.6967 0.0306848
835.263 0.718947 0.0312129
835.562 0.722676 0.0313079
835.86 0.663333 0.0297181
836.158 0.698979 0.0308532
836.456 0.693969 0.0315522
836.754 0.711549 0.03186
837.052 0.782861 0.0344796
837.35 0.724627 0.0325292
837.648 0.751215 0.0335598
837.946 0.767518 0.034211
838.243 0.802149 0.0349843
838.541 0.74661 0.0328648
838.839 0.74098 0.0327886
839.136 0.747703 0.0328677
839.434 0.737427 0.0324427
839.731 0.720868 0.0329397
840.028 0.70941 0.0319282
840.326 0.756192 0.0333786
840.623 0.727695 0.0327137
840.92 0.723062 0.0329233
841.217 0.782212 0.0352048
841.514 0.845968 0.036816
841.811 0.709868 0.0326115
842.108 0.821576 0.0361151
842.405 0.731471 0.0343315
842.701 0.824988 0.0366282
842.998 0.7507 0.0338645
843.295 0.792481 0.0355548
843.591 0.797776 0.0357513
843.888 0.73501 0.0339194
844.184 0.79207 0.0354154
844.481 0.764999 0.0342341
844.777 0.761542 0.0343239
845.073 0.794895 0.0353318
845.369 0.834108 0.0365559
845.665 0.809536 0.0365398
845.962 0.757838 0.0346601
846.258 0.808049 0.0364831
846.553 0.785086 0.0360131
846.849 0.824481 0.0369692
847.145 0.783199 0.0348609
847.441 0.790852 0.035241
847.737 0.788747 0.0349023
848.032 0.786415 0.0355165
848.328 0.826265 0.0365726
848.623 0.808865 0.0366686
848.919 0.789002 0.0354087
849.214 0.746859 0.034057
849.509 0.762046 0.0349147
849.805 0.801902 0.0365347
850.1 0.837187 0.0381645
850.395 0.803201 0.037258
850.69 0.809932 0.0376741
850.985 0.771516 0.035465
851.28 0.783928 0.0356007
851.575 0.811191 0.0366567
851.869 0.815926 0.036638
852.164 0.770963 0.0350837
852.459 0.750658 0.0336689
852.753 0.731178 0.0327669
853.048 0.665128 0.0296304
853.342 0.695436 0.0300877
853.637 0.651773 0.0296512
853.931 0.643104 0.0291373
854.225 0.680892 0.0298493
854.52 0.708618 0.0315857
854.814 0.718564 0.0319122
855.108 0.681356 0.0300668
855.402 0.694413 0.0309089
855.696 0.732264 0.0326487
855.99 0.735603 0.0332508
856.283 0.743641 0.0326984
856.577 0.756284 0.0337291
856.871 0.731777 0.0329159
857.164 0.746917 0.0336163
857.458 0.808815 0.0361435
857.751 0.725683 0.0336419
858.045 0.7462 0.0337002
858.338 0.770326 0.0348001
858.632 0.74951 0.0335409
858.925 0.783548 0.0351941
859.218 0.796888 0.0353412
859.511 0.853899 0.0381148
859.804 0.846825 0.037577
860.097 0.78239 0.0351623
860.39 0.820912 0.0370744
860.683 0.813028 0.0367397
860.976 0.791642 0.0365437
861.268 0.800292 0.0361749
861.561 0.849778 0.0383448
861.854 0.88814 0.0403688
862.146 0.839247 0.0378481
862.439 0.79426 0.0366205
862.731 0.797325 0.0357926
863.023 0.850312 0.0381601
863.316 0.833958 0.0371095
863.608 0.807659 0.0367106
863.9 0.766968 0.0357966
864.192 0.747737 0.0345067
864.484 0.796263 0.0364606
864.776 0.840344 0.0377886
865.068 0.811883 0.0369133
865.36 0.832753 0.037287
865.651 0.832165 0.0382529
865.943 0.813221 0.037116
866.235 0.820511 0.0374709
866.526 0.897081 0.0402364
866.818 0.824524 0.0372809
867.109 0.795082 0.0363848
867.4 0.832364 0.0379447
867.692 0.859335 0.0387651
867.983 0.828183 0.0376876
868.274 0.792701 0.0373339
868.565 0.815398 0.0373816
868.856 0.851243 0.0384443
869.147 0.870138 0.0387633
869.438 0.820628 0.0375429
869.729 0.848731 0.0384088
870.02 0.878085 0.0406077
870.31 0.83465 0.0383558
870.601 0.834586 0.0378016
870.892 0.768983 0.035913
871.182 0.776691 0.0359406
871.473 0.85566 0.0385436
871.763 0.807145 0.0365374
872.053 0.8205 0.0372724
872.343 0.817009 0.0371356
872.634 0.803711 0.0372025
872.924 0.783351 0.0359983
873.214 0.805973 0.0372617
873.504 0.859392 0.0389932
873.794 0.864356 0.0400827
874.084 0.926494 0.0413786
874.373 0.869982 0.0390878
874.663 0.817865 0.0370014
874.953 0.848841 0.0389495
875.242 0.792077 0.0371181
875.532 0.821359 0.0374874
875.821 0.835533 0.0380445
876.111 0.854566 0.0383295
876.4 0.801562 0.0375861
876.689 0.872368 0.0389504
876.978 0.851292 0.0384912
877.268 0.826077 0.0379843
877.557 0.809241 0.038029
877.846 0.849168 0.0388254
878.134 0.863115 0.0394982
878.423 0.863274 0.0395055
878.712 0.863433 0.0395128
