178.41 0.916424 0.14808
178.791 0.922227 0.149018
179.172 0.927988 0.149949
179.553 0.154072 0.154072
179.934 0.892188 0.892188
180.316 0.823177 0.823177
180.697 0.428755 0.428755
181.078 0.842709 0.842709
181.459 0.84409 0.84409
181.84 0.619487 0.619487
182.221 3.1296 3.1296
182.602 0.206541 0.206541
182.983 3.16982 0.806176
183.364 1.32311 0.204112
183.744 0.763899 0.0979197
184.125 0.550542 0.0721097
184.506 0.546742 0.0588677
184.887 0.444794 0.047348
185.268 0.471393 0.0419634
185.648 0.538559 0.0434195
186.029 0.612494 0.0441661
186.41 0.534429 0.040177
186.791 0.649341 0.0425607
187.171 0.531411 0.0329327
187.552 0.451698 0.0247029
187.932 0.524061 0.0270935
188.313 0.477986 0.0241669
188.694 0.496164 0.0246081
189.074 0.464098 0.0229457
189.455 0.469453 0.0224372
189.835 0.541394 0.0247755
190.216 0.494323 0.0230502
190.596 0.448545 0.0210131
190.977 0.504301 0.0221078
191.357 0.486274 0.0217732
191.737 0.470957 0.0211598
192.118 0.495458 0.0215968
192.498 0.480229 0.0206027
192.878 0.499602 0.0211759
193.258 0.470468 0.0201946
193.639 0.474689 0.0200334
194.019 0.482362 0.0203726
194.399 0.46736 0.0198803
194.779 0.460463 0.0189422
195.159 0.467675 0.0196433
195.54 0.450625 0.0187041
195.92 0.452404 0.0187964
196.3 0.434233 0.0181483
196.68 0.457033 0.0187116
197.06 0.458453 0.0186288
197.44 0.435179 0.0179756
197.82 0.440591 0.0179449
198.2 0.432315 0.0177673
198.58 0.412348 0.0168941
198.959 0.400307 0.0166155
199.339 0.41167 0.0169228
199.719 0.393392 0.016226
200.099 0.408816 0.0165808
200.479 0.395326 0.0162588
200.858 0.392955 0.015971
201.238 0.372041 0.0152974
201.618 0.389548 0.0158289
201.998 0.386735 0.015394
202.377 0.366243 0.0149803
202.757 0.359561 0.0146481
203.136 0.361414 0.0145905
203.516 0.354291 0.0142309
203.896 0.343411 0.0138381
204.275 0.3265 0.0132268
204.655 0.354091 0.0138005
205.034 0.344174 0.0134459
205.414 0.324593 0.0128944
205.793 0.334889 0.0129799
206.172 0.322092 0.0127411
206.552 0.310646 0.0122993
206.931 0.32445 0.0123769
207.31 0.312659 0.012019
207.69 0.305625 0.0117882
208.069 0.307734 0.0116722
208.448 0.312604 0.011616
208.827 0.294177 0.0112037
209.207 0.304891 0.011376
209.586 0.286868 0.010746
209.965 0.300325 0.0109604
210.344 0.292067 0.010651
210.723 0.28847 0.0104552
211.102 0.280746 0.0101358
211.481 0.28383 0.0101376
211.86 0.2766 0.00990801
212.239 0.283124 0.0099229
212.618 0.274615 0.00963136
212.997 0.2721 0.00943075
213.376 0.279045 0.00951622
213.755 0.272776 0.00927659
214.134 0.268727 0.00908277
214.513 0.264709 0.00886868
214.891 0.26929 0.00888537
215.27 0.259818 0.00856363
215.649 0.264719 0.00857294
216.028 0.258074 0.00831847
216.406 0.264637 0.00833582
216.785 0.253374 0.00802378
217.164 0.252184 0.00792478
217.542 0.246224 0.0076664
217.921 0.2488 0.00760773
218.3 0.257049 0.00770543
218.678 0.253054 0.00752508
219.057 0.245276 0.00727661
219.435 0.246555 0.00717567
219.814 0.24172 0.00705261
220.192 0.246916 0.0070131
220.57 0.239411 0.00682473
220.949 0.242161 0.00674864
221.327 0.239329 0.00659751
221.705 0.238549 0.00651931
222.084 0.238013 0.00637071
222.462 0.240442 0.00632684
222.84 0.241348 0.00628643
223.218 0.229087 0.00597216
223.597 0.238009 0.00602584
223.975 0.233875 0.00586575
224.353 0.234956 0.00581471
224.731 0.229934 0.00565954
225.109 0.228688 0.00553018
225.487 0.231836 0.00548896
225.865 0.227327 0.0053522
226.243 0.229154 0.00530544
226.621 0.233441 0.00528431
226.999 0.226305 0.00509633
227.377 0.231938 0.00510928
227.755 0.228604 0.00500624
228.133 0.231344 0.0049722
228.511 0.228358 0.00488122
228.889 0.229442 0.00479922
229.266 0.22718 0.00473019
229.644 0.225498 0.00461987
230.022 0.22826 0.0045879
230.4 0.226176 0.00452388
230.777 0.226499 0.00448402
231.155 0.229757 0.00445746
231.533 0.22589 0.00435721
231.91 0.226615 0.00430512
232.288 0.226005 0.00425859
232.665 0.228539 0.00422726
233.043 0.224728 0.0041523
233.42 0.227114 0.00411786
233.798 0.228181 0.00409734
234.175 0.226437 0.00402848
234.553 0.227439 0.0039944
234.93 0.230084 0.00397732
235.307 0.228384 0.00393051
235.685 0.228903 0.00390284
236.062 0.227751 0.00384752
236.439 0.231851 0.0038628
236.816 0.232298 0.00381923
237.194 0.229077 0.00375251
237.571 0.229881 0.00372636
237.948 0.232715 0.00372945
238.325 0.228576 0.00365522
238.702 0.233432 0.00367204
239.079 0.23241 0.00362764
239.456 0.232882 0.00360706
239.833 0.233705 0.00359013
240.21 0.233473 0.00355519
240.587 0.236005 0.00355787
240.964 0.237418 0.00353939
241.341 0.234918 0.00349096
241.718 0.236588 0.00347019
242.095 0.236856 0.00347112
242.472 0.238726 0.00345716
242.849 0.237335 0.00342134
243.225 0.238792 0.00340192
243.602 0.237769 0.00337753
243.979 0.240201 0.00338302
244.356 0.241332 0.00337707
244.732 0.237197 0.00331391
245.109 0.240148 0.00331111
245.486 0.241413 0.0033152
245.862 0.242462 0.00330599
246.239 0.241171 0.00326357
246.615 0.241845 0.0032622
246.992 0.242253 0.00324104
247.368 0.24405 0.00325301
247.745 0.24392 0.00322473
248.121 0.246257 0.00321805
248.497 0.243726 0.0031963
248.874 0.246166 0.0031928
249.25 0.246951 0.00316975
249.626 0.248937 0.00317721
250.003 0.246713 0.00314442
250.379 0.247407 0.00311818
250.755 0.248959 0.00313065
251.131 0.249268 0.00311061
251.507 0.248819 0.00310367
251.884 0.250548 0.00309305
252.26 0.253131 0.00310974
252.636 0.252117 0.00307526
253.012 0.249989 0.00305108
253.388 0.252982 0.00306005
253.764 0.25404 0.0030539
254.14 0.252296 0.00303616
254.516 0.257335 0.00306215
254.892 0.253764 0.00302544
255.268 0.257716 0.00304567
255.643 0.256995 0.00302864
256.019 0.257996 0.00303229
256.395 0.259066 0.00303223
256.771 0.256382 0.00299449
257.147 0.259174 0.00300733
257.522 0.261216 0.00301437
257.898 0.260367 0.00300452
258.274 0.259607 0.00299237
258.649 0.262454 0.00300689
259.025 0.26156 0.00298528
259.4 0.262598 0.00298958
259.776 0.263605 0.00298605
260.151 0.266692 0.00301359
260.527 0.264988 0.00299056
260.902 0.265847 0.00298725
261.278 0.264203 0.00297171
261.653 0.265231 0.00297741
262.028 0.267832 0.00299485
262.404 0.267864 0.00298129
262.779 0.266876 0.00296834
263.154 0.269583 0.0029781
263.53 0.272884 0.0029881
263.905 0.271653 0.00298714
264.28 0.271176 0.00298297
264.655 0.271758 0.00297749
265.03 0.270817 0.0029815
265.405 0.273985 0.0029889
265.781 0.274788 0.00299683
266.156 0.274883 0.00299414
266.531 0.275155 0.0029798
266.906 0.278178 0.00301267
267.281 0.280211 0.0030087
267.655 0.27891 0.00301293
268.03 0.279355 0.00301701
268.405 0.280991 0.00302181
268.78 0.281137 0.00302252
269.155 0.281685 0.00301873
269.53 0.282874 0.00303554
269.904 0.284738 0.00304208
270.279 0.284839 0.00304456
270.654 0.284542 0.00303431
271.029 0.285965 0.00304766
271.403 0.287043 0.00304477
271.778 0.289096 0.00306432
272.152 0.288168 0.0030623
272.527 0.289373 0.00306601
272.901 0.290013 0.00305739
273.276 0.290618 0.0030536
273.65 0.292373 0.00307243
274.025 0.29285 0.00306695
274.399 0.292881 0.00308181
274.774 0.296757 0.00309496
275.148 0.295205 0.00307709
275.522 0.296646 0.00309285
275.897 0.297262 0.00309439
276.271 0.299923 0.00311131
276.645 0.301364 0.00310974
277.019 0.302021 0.00310469
277.393 0.301884 0.00309561
277.768 0.303455 0.00311834
278.142 0.304349 0.00311979
278.516 0.304583 0.00312649
278.89 0.305598 0.00312552
279.264 0.309369 0.00315484
279.638 0.30756 0.00313038
280.012 0.30838 0.00314006
280.386 0.31076 0.00316864
280.76 0.311716 0.00316144
281.133 0.310607 0.0031616
281.507 0.313774 0.00317513
281.881 0.314855 0.00317332
282.255 0.316017 0.00318363
282.629 0.316582 0.00319572
283.002 0.317437 0.00320176
283.376 0.319862 0.00320517
283.75 0.319323 0.00321334
284.123 0.319762 0.00320433
284.497 0.321588 0.00321933
284.87 0.323733 0.00323335
285.244 0.324599 0.00323171
285.618 0.326798 0.00325097
285.991 0.326744 0.00326442
286.364 0.329118 0.00327504
286.738 0.328821 0.00327295
287.111 0.333523 0.00329767
287.485 0.332583 0.00329488
287.858 0.334584 0.00331711
288.231 0.33269 0.00330191
288.605 0.337884 0.00333671
288.978 0.336906 0.00332478
289.351 0.337769 0.00334634
289.724 0.338744 0.00335105
290.097 0.34237 0.00337296
290.47 0.345568 0.00339962
290.843 0.342911 0.00338534
291.217 0.343687 0.00338984
291.59 0.346233 0.00342595
291.963 0.34874 0.00343074
292.336 0.346427 0.00343028
292.708 0.349195 0.00345051
293.081 0.352487 0.00348269
293.454 0.354088 0.00347522
293.827 0.355723 0.00349359
294.2 0.356279 0.00351911
294.573 0.357166 0.00351225
294.945 0.356143 0.00352793
295.318 0.358445 0.00353795
295.691 0.362523 0.00356669
296.064 0.36068 0.00356413
296.436 0.360306 0.00355978
296.809 0.362569 0.00356134
297.181 0.362979 0.00358248
297.554 0.367682 0.00361112
297.926 0.366925 0.00361026
298.299 0.368971 0.00362418
298.671 0.369941 0.00361314
299.044 0.372486 0.00364541
299.416 0.372456 0.00365078
299.788 0.3724 0.00364484
300.161 0.373436 0.00366596
300.533 0.375132 0.00366916
300.905 0.373045 0.00364501
301.278 0.375325 0.00366381
301.65 0.377066 0.00366818
302.022 0.378 0.00368073
302.394 0.378121 0.00368726
302.766 0.379814 0.0036903
303.138 0.381176 0.00371143
303.51 0.380485 0.00369841
303.882 0.380956 0.00369606
304.254 0.383223 0.00371432
304.626 0.382474 0.00369954
304.998 0.383302 0.00370244
305.37 0.382183 0.0037177
305.742 0.382542 0.0037055
306.114 0.380971 0.00369629
306.485 0.383552 0.00370962
306.857 0.386679 0.00372205
307.229 0.38486 0.00372626
307.601 0.385126 0.00372653
307.972 0.383318 0.00371394
308.344 0.383801 0.00371163
308.716 0.384523 0.00373044
309.087 0.383178 0.00371923
309.459 0.384333 0.00373048
309.83 0.386565 0.00374179
310.202 0.383194 0.00371938
310.573 0.385557 0.00373301
310.945 0.383662 0.00372124
311.316 0.387202 0.00375626
311.687 0.385346 0.00373222
312.059 0.385069 0.00374396
312.43 0.381518 0.00371989
312.801 0.383572 0.00374305
313.172 0.385088 0.00375274
313.544 0.383286 0.00374781
313.915 0.380845 0.00371211
314.286 0.383211 0.00373979
314.657 0.381238 0.00372189
315.028 0.379026 0.00371892
315.399 0.379434 0.00371969
315.77 0.377472 0.00370481
316.141 0.376372 0.0037148
316.512 0.378066 0.0037226
316.883 0.375328 0.00371659
317.254 0.376824 0.00372023
317.625 0.374347 0.00373083
317.996 0.3757 0.0037171
318.366 0.375084 0.00372327
318.737 0.372849 0.00370843
319.108 0.370633 0.00371016
319.478 0.367731 0.00369683
319.849 0.366422 0.0036885
320.22 0.366248 0.00369125
320.59 0.363774 0.00367666
320.961 0.363057 0.00367935
321.331 0.363706 0.00368311
321.702 0.360802 0.00368696
322.072 0.357159 0.00367939
322.443 0.357257 0.00367261
322.813 0.352802 0.00364287
323.184 0.354949 0.00366419
323.554 0.350091 0.00365058
323.924 0.351178 0.00365435
324.295 0.348039 0.00365564
324.665 0.344463 0.00363946
325.035 0.344275 0.0036337
325.405 0.341049 0.00363152
325.775 0.340098 0.00364409
326.145 0.338914 0.00363426
326.515 0.335849 0.00362446
326.886 0.334816 0.00363718
327.256 0.333506 0.00363352
327.626 0.330809 0.00364117
327.995 0.328618 0.00363804
328.365 0.32615 0.00362942
328.735 0.324315 0.00363739
329.105 0.323319 0.00367114
329.475 0.317485 0.00366644
329.845 0.316426 0.00371326
330.215 0.311215 0.00366874
330.584 0.311417 0.00363456
330.954 0.306452 0.00352026
331.324 0.302832 0.0034009
331.693 0.306868 0.00336474
332.063 0.306166 0.00332468
332.432 0.303313 0.00329209
332.802 0.298477 0.00329255
333.171 0.295982 0.00332179
333.541 0.293233 0.00336801
333.91 0.291547 0.00337537
334.28 0.291395 0.00339383
334.649 0.287689 0.00338195
335.018 0.288795 0.0034
335.388 0.287486 0.00340323
335.757 0.284854 0.00338809
336.126 0.2865 0.00341008
336.495 0.283203 0.00337894
336.865 0.283729 0.00339609
337.234 0.285059 0.00342328
337.603 0.283973 0.00340979
337.972 0.284375 0.00342006
338.341 0.284887 0.00341754
338.71 0.28106 0.00339219
339.079 0.283123 0.00341697
339.448 0.287961 0.0034406
339.817 0.287901 0.00344874
340.186 0.288255 0.00345305
340.554 0.288561 0.00345035
340.923 0.292724 0.00348241
341.292 0.292776 0.00348601
341.661 0.298319 0.00352326
342.029 0.299209 0.00352241
342.398 0.304442 0.00355785
342.767 0.308628 0.00359601
343.135 0.31538 0.00363241
343.504 0.319788 0.0036691
343.872 0.324123 0.00368015
344.241 0.327851 0.00370992
344.609 0.336298 0.00377233
344.978 0.344812 0.00381593
345.346 0.346541 0.0038111
345.715 0.355006 0.00387228
346.083 0.359853 0.00390731
346.451 0.369462 0.00395285
346.82 0.374634 0.00399376
347.188 0.381141 0.00402068
347.556 0.391962 0.00409839
347.924 0.400921 0.00413995
348.292 0.406375 0.00417749
348.66 0.41557 0.00422076
349.028 0.421605 0.00425664
349.396 0.433926 0.00433541
349.764 0.441854 0.00436933
350.132 0.449429 0.00440435
350.5 0.459959 0.00446293
350.868 0.468965 0.00451459
351.236 0.480779 0.00456747
351.604 0.491881 0.00463785
351.972 0.499574 0.00467928
352.34 0.503723 0.0047055
352.707 0.517904 0.00477337
353.075 0.524607 0.00480543
353.443 0.532953 0.00485455
353.81 0.540584 0.00490133
354.178 0.553942 0.00496431
354.545 0.558408 0.00497207
354.913 0.568188 0.00503675
355.28 0.573138 0.00505934
355.648 0.584811 0.00509979
356.015 0.591407 0.00513745
356.383 0.601786 0.00517642
356.75 0.607146 0.00521267
357.117 0.618427 0.00526379
357.485 0.622617 0.0052853
357.852 0.637183 0.00538369
358.219 0.640998 0.00537298
358.586 0.646066 0.00539328
358.954 0.653345 0.00544637
359.321 0.659341 0.00545809
359.688 0.669374 0.00552652
360.055 0.673015 0.00553365
360.422 0.683388 0.00558421
360.789 0.686464 0.00560641
361.156 0.691464 0.00562183
361.523 0.701281 0.00568452
361.89 0.70324 0.00568555
362.256 0.705706 0.00567273
362.623 0.724005 0.00580302
362.99 0.719 0.00575525
363.357 0.726731 0.00580974
363.724 0.731004 0.0058293
364.09 0.731591 0.00581989
364.457 0.744913 0.0059165
364.823 0.746675 0.00588544
365.19 0.750813 0.0059105
365.557 0.752865 0.00590939
365.923 0.75997 0.00595688
366.29 0.767969 0.00600697
366.656 0.765937 0.00597434
367.022 0.770564 0.00598488
367.389 0.77755 0.00603887
367.755 0.778167 0.00607002
368.121 0.782121 0.00608295
368.488 0.785815 0.00608906
368.854 0.79072 0.00613122
369.22 0.793926 0.0061726
369.586 0.798239 0.00621041
369.952 0.798964 0.00622675
370.318 0.794245 0.00621127
370.684 0.811301 0.00629591
371.051 0.812365 0.00630178
371.416 0.818871 0.00636607
371.782 0.816162 0.00633652
372.148 0.81774 0.0063557
372.514 0.81708 0.00636679
372.88 0.826584 0.00642252
373.246 0.829246 0.00642694
373.612 0.833581 0.00644069
373.977 0.830998 0.00641619
374.343 0.835159 0.00641191
374.709 0.833824 0.00638599
375.074 0.833299 0.00640309
375.44 0.835174 0.00643776
375.806 0.842706 0.00650241
376.171 0.837733 0.00645042
376.537 0.841784 0.00646009
376.902 0.845008 0.00648383
377.268 0.853725 0.00649043
377.633 0.846915 0.00645265
377.998 0.850884 0.00644298
378.364 0.858807 0.00644492
378.729 0.858801 0.00645575
379.094 0.863142 0.00650037
379.459 0.867516 0.00660412
379.825 0.858822 0.00654182
380.19 0.861401 0.00656179
380.555 0.860325 0.00660377
380.92 0.871713 0.0067304
381.285 0.869995 0.00671105
381.65 0.862195 0.00662891
382.015 0.867493 0.00665904
382.38 0.876834 0.0067208
382.745 0.868263 0.00672888
383.11 0.876209 0.00677788
383.474 0.876746 0.00675994
383.839 0.871894 0.00675336
384.204 0.884008 0.00682205
384.569 0.881876 0.00682217
384.933 0.881378 0.00684009
385.298 0.883007 0.00685708
385.663 0.879341 0.00682342
386.027 0.880343 0.00681319
386.392 0.874062 0.00675987
386.756 0.885052 0.00676803
387.121 0.887614 0.00677587
387.485 0.8888 0.00675956
387.849 0.89219 0.00674074
388.214 0.895951 0.00682988
388.578 0.895402 0.00686212
388.942 0.886116 0.00686122
389.307 0.896602 0.00689541
389.671 0.896396 0.00692
390.035 0.892478 0.00687341
390.399 0.895541 0.00686903
390.763 0.89481 0.00682574
391.127 0.896648 0.00680811
391.492 0.896037 0.00671219
391.856 0.897888 0.00664167
392.219 0.899876 0.00659942
392.583 0.906136 0.00666005
392.947 0.906165 0.00680387
393.311 0.902557 0.00685297
393.675 0.906827 0.00688986
394.039 0.906877 0.00693272
394.403 0.909419 0.00694588
394.766 0.905173 0.00694848
395.13 0.906825 0.00697321
395.494 0.898918 0.00693999
395.857 0.903173 0.00692601
396.221 0.902054 0.00689038
396.584 0.912179 0.00687704
396.948 0.902925 0.0067682
397.311 0.905556 0.00667823
397.675 0.910824 0.00666145
398.038 0.907562 0.00665275
398.401 0.907174 0.00674587
398.765 0.913091 0.00687249
399.128 0.915766 0.00698088
399.491 0.915229 0.00703193
399.854 0.913708 0.00703609
400.218 0.919961 0.00708065
400.581 0.916421 0.00708715
400.944 0.91211 0.00710508
401.307 0.915639 0.00720449
401.67 0.912616 0.00717169
402.033 0.907741 0.00717336
402.396 0.912341 0.00719552
402.759 0.910728 0.00719791
403.122 0.917103 0.00718782
403.485 0.917146 0.00718614
403.847 0.917162 0.00712641
404.21 0.914138 0.00707789
404.573 0.924177 0.00710888
404.936 0.917759 0.00704925
405.298 0.918103 0.00712797
405.661 0.920452 0.00723714
406.023 0.923567 0.00735218
406.386 0.92577 0.00738699
406.749 0.918713 0.00739244
407.111 0.921252 0.00739315
407.473 0.916153 0.00725469
407.836 0.925176 0.0072797
408.198 0.921967 0.00722282
408.561 0.918182 0.00722872
408.923 0.925861 0.0072696
409.285 0.921898 0.00726742
409.647 0.92647 0.00734926
410.009 0.927721 0.00742378
410.372 0.924697 0.00740087
410.734 0.926022 0.00744341
411.096 0.918966 0.00740198
411.458 0.926195 0.00742925
411.82 0.927212 0.00738456
412.182 0.919762 0.00729901
412.544 0.925441 0.00733789
412.906 0.925679 0.00732585
413.267 0.929442 0.00736697
413.629 0.932102 0.00743557
413.991 0.925044 0.00744218
414.353 0.937671 0.00751344
414.714 0.928823 0.00755667
415.076 0.931641 0.00754933
415.438 0.933013 0.00754666
415.799 0.931018 0.00750851
416.161 0.930956 0.00757409
416.522 0.929016 0.00759733
416.884 0.924472 0.00758344
417.245 0.937611 0.00766532
417.607 0.93015 0.00761593
417.968 0.929079 0.00760297
418.329 0.932658 0.00760808
418.691 0.935003 0.00761511
419.052 0.933484 0.00760362
419.413 0.927143 0.00750957
419.774 0.931257 0.0075028
420.135 0.927042 0.00731914
420.497 0.925624 0.00719814
420.858 0.934493 0.00713276
421.219 0.935434 0.00716045
421.58 0.936529 0.00725599
421.941 0.942233 0.00740584
422.302 0.936632 0.00748284
422.662 0.940143 0.00752911
423.023 0.933568 0.00753584
423.384 0.932543 0.00755695
423.745 0.931628 0.00750766
424.106 0.931631 0.00750345
424.466 0.938393 0.00751599
424.827 0.942411 0.00763604
425.187 0.942125 0.00773149
425.548 0.938371 0.00778898
425.909 0.938834 0.00783209
426.269 0.939397 0.0077792
426.63 0.929886 0.00768724
426.99 0.943641 0.00768033
427.35 0.939274 0.00769674
427.711 0.930231 0.00760531
428.071 0.931124 0.00754526
428.431 0.934089 0.00741288
428.792 0.933287 0.00715611
429.152 0.939329 0.00698188
429.512 0.942228 0.00697955
429.872 0.941693 0.00702599
430.232 0.94594 0.00716616
430.592 0.945731 0.0073687
430.952 0.945251 0.00758435
431.312 0.952995 0.00780481
431.672 0.941325 0.0078462
432.032 0.941178 0.00782162
432.392 0.935209 0.00769134
432.752 0.933399 0.00730588
433.111 0.943775 0.00718233
433.471 0.956211 0.00734262
433.831 0.952462 0.00761522
434.19 0.948474 0.00760025
434.55 0.946527 0.00759107
434.91 0.946497 0.0076795
435.269 0.94046 0.00754953
435.629 0.941836 0.00753841
435.988 0.939168 0.0074955
436.348 0.949762 0.00765294
436.707 0.945346 0.0077513
437.066 0.941359 0.00773072
437.426 0.935611 0.0076156
437.785 0.94261 0.00762261
438.144 0.940952 0.00760642
438.503 0.950543 0.00774596
438.862 0.942461 0.00772725
439.222 0.941682 0.00778569
439.581 0.939583 0.00781039
439.94 0.934759 0.00768117
440.299 0.94018 0.00744373
440.658 0.942994 0.00726512
441.017 0.949077 0.00729087
441.376 0.949395 0.0073772
441.734 0.943873 0.00743126
442.093 0.940498 0.00741473
442.452 0.939398 0.00735718
442.811 0.950158 0.00736668
443.169 0.943002 0.00733613
443.528 0.949625 0.00751454
443.887 0.94508 0.00750134
444.245 0.949501 0.0075518
444.604 0.947798 0.00760783
444.962 0.948611 0.0076473
445.321 0.946374 0.0076454
445.679 0.945128 0.00760022
446.038 0.946498 0.00757795
446.396 0.94799 0.0076884
446.754 0.947059 0.00778978
447.112 0.952066 0.00784984
447.471 0.946538 0.00783599
447.829 0.939573 0.00784794
448.187 0.940686 0.00783863
448.545 0.946662 0.00783943
448.903 0.938941 0.00782761
449.261 0.939578 0.00785304
449.619 0.946051 0.00795468
449.977 0.946432 0.00799503
450.335 0.949108 0.00809405
450.693 0.950656 0.00812071
451.051 0.942776 0.00807096
451.409 0.951248 0.00813893
451.766 0.951211 0.00814915
452.124 0.953372 0.00827286
452.482 0.943409 0.00831104
452.839 0.955359 0.00845691
453.197 0.946243 0.00843133
453.555 0.946724 0.00846834
453.912 0.946443 0.00844484
454.27 0.939968 0.00828315
454.627 0.948461 0.00822217
454.984 0.948798 0.00824306
455.342 0.950406 0.00837653
455.699 0.947035 0.00845496
456.056 0.950577 0.00842047
456.414 0.947521 0.00833177
456.771 0.945023 0.00816863
457.128 0.945076 0.0081376
457.485 0.949494 0.00812832
457.842 0.945737 0.00816243
458.199 0.948974 0.00816692
458.556 0.952995 0.00810525
458.913 0.948987 0.00808853
459.27 0.951563 0.00805362
459.627 0.95356 0.00817936
459.984 0.945419 0.00808499
460.341 0.955549 0.00811773
460.697 0.954241 0.00820882
461.054 0.958389 0.00846899
461.411 0.949429 0.00860296
461.767 0.952254 0.00871734
462.124 0.946976 0.00867142
462.481 0.951237 0.00858695
462.837 0.945476 0.00842803
463.194 0.958121 0.00830662
463.55 0.941299 0.00828631
463.907 0.946447 0.00809082
464.263 0.945635 0.00797601
464.619 0.948114 0.00783527
464.976 0.949105 0.0077308
465.332 0.956935 0.0077607
465.688 0.966703 0.00803957
466.044 0.95936 0.00829652
466.4 0.959107 0.00842449
466.756 0.953003 0.00845273
467.112 0.956117 0.00846647
467.468 0.949345 0.00842396
467.824 0.962761 0.00857029
468.18 0.951701 0.00863222
468.536 0.94789 0.00862212
468.892 0.957625 0.00880453
469.248 0.948645 0.00880202
469.604 0.954526 0.00888237
469.959 0.955628 0.00888434
470.315 0.949459 0.00885085
470.671 0.954942 0.0088675
471.026 0.947291 0.00875737
471.382 0.946574 0.0086703
471.737 0.956667 0.00864628
472.093 0.947427 0.00847019
472.448 0.947704 0.00830881
472.804 0.949347 0.00824509
473.159 0.952361 0.00819037
473.514 0.95843 0.00825819
473.87 0.951947 0.00811294
474.225 0.945782 0.00785555
474.58 0.951363 0.00772335
474.935 0.958825 0.00781952
475.29 0.959143 0.00792628
475.645 0.958257 0.00793064
476 0.946415 0.00789164
476.355 0.954453 0.00799643
476.71 0.940932 0.00793493
477.065 0.945792 0.00772366
477.42 0.952552 0.00764899
477.775 0.957297 0.00767726
478.13 0.953982 0.00773289
478.485 0.950623 0.00766333
478.839 0.947596 0.00755959
479.194 0.947852 0.00736686
479.549 0.956581 0.00730994
479.903 0.959023 0.00733879
480.258 0.946126 0.00734663
480.612 0.94727 0.0072552
480.967 0.948702 0.00709282
481.321 0.965014 0.00717646
481.675 0.958508 0.00729002
482.03 0.958848 0.00741993
482.384 0.957427 0.00744557
482.738 0.952447 0.00735537
483.093 0.948283 0.00728567
483.447 0.951693 0.00714024
483.801 0.943364 0.00688697
484.155 0.950275 0.00682394
484.509 0.864794 0.00566856
484.863 0.89764 0.00393631
485.217 0.938545 0.00365815
485.571 0.980197 0.00383502
485.925 1.02664 0.00499962
486.279 0.988184 0.00568775
486.632 0.978014 0.00611998
486.986 0.983106 0.0066327
487.34 0.971856 0.00703983
487.694 0.963547 0.00720534
488.047 0.95526 0.00721486
488.401 0.956054 0.00722702
488.754 0.952836 0.00726065
489.108 0.96173 0.0074135
489.461 0.952567 0.00741382
489.815 0.955112 0.00750116
490.168 0.956513 0.00742385
490.522 0.954147 0.00738312
490.875 0.953614 0.00739215
491.228 0.960115 0.00746832
491.581 0.953711 0.0073923
491.935 0.96202 0.00745188
492.288 0.959414 0.00747245
492.641 0.957263 0.00741113
492.994 0.955165 0.00739747
493.347 0.950836 0.00727819
493.7 0.960333 0.00732004
494.053 0.954539 0.00732289
494.406 0.966098 0.00748625
494.759 0.958647 0.00760938
495.111 0.94821 0.00733152
495.464 0.945238 0.00699877
495.817 0.957645 0.00691729
496.169 0.963369 0.00713263
496.522 0.964761 0.00745999
496.875 0.953907 0.00766565
497.227 0.963421 0.0077799
497.58 0.956111 0.00773682
497.932 0.956572 0.00764784
498.285 0.952718 0.00756273
498.637 0.94327 0.00733773
498.989 0.962198 0.00732847
499.342 0.96006 0.0073746
499.694 0.962902 0.00754879
500.046 0.951721 0.00756928
500.398 0.95123 0.00738202
500.751 0.956981 0.00733677
501.103 0.94999 0.00728662
501.455 0.957539 0.00732674
501.807 0.958581 0.00734173
502.159 0.963766 0.00736554
502.511 0.950772 0.00729755
502.862 0.955808 0.00734837
503.214 0.958276 0.00745843
503.566 0.956945 0.00760431
503.918 0.952802 0.00766994
504.27 0.96072 0.00769359
504.621 0.959986 0.00770942
504.973 0.955751 0.0077358
505.324 0.955138 0.00768337
505.676 0.955894 0.00755249
506.027 0.962431 0.00759872
506.379 0.961402 0.00784776
506.73 0.954054 0.00793691
507.082 0.958917 0.00790064
507.433 0.952653 0.00772894
507.784 0.954114 0.0076702
508.136 0.96014 0.00782863
508.487 0.960789 0.00791165
508.838 0.954196 0.00795839
509.189 0.963187 0.007987
509.54 0.957404 0.00785655
509.891 0.960629 0.00796081
510.242 0.958897 0.0079625
510.593 0.957756 0.0080084
510.944 0.954509 0.00803951
511.295 0.971374 0.00827911
511.646 0.962893 0.00833418
511.996 0.954559 0.00821255
512.347 0.957345 0.00816266
512.698 0.963964 0.0082179
513.049 0.961283 0.00825702
513.399 0.960734 0.00829295
513.75 0.951289 0.00822741
514.1 0.966028 0.00844821
514.451 0.969663 0.00864009
514.801 0.956384 0.00854305
515.152 0.960503 0.00848575
515.502 0.954356 0.00832745
515.852 0.9553 0.00828685
516.202 0.958529 0.00828971
516.553 0.966247 0.0084447
516.903 0.963392 0.00856082
517.253 0.965975 0.00870161
517.603 0.966472 0.00870225
517.953 0.953424 0.00860131
518.303 0.956954 0.00841497
518.653 0.960962 0.00836348
519.003 0.957005 0.00841034
519.353 0.966938 0.00875626
519.703 0.962909 0.00892329
520.052 0.956694 0.00894006
520.402 0.964276 0.00892598
520.752 0.955681 0.00878441
521.102 0.965019 0.00897028
521.451 0.960386 0.00901243
521.801 0.956755 0.00896966
522.15 0.950819 0.00879361
522.5 0.953947 0.00879376
522.849 0.951303 0.00875399
523.199 0.955415 0.00869002
523.548 0.946324 0.00856542
523.897 0.959029 0.00872243
524.246 0.960812 0.00887585
524.596 0.964893 0.00902057
524.945 0.956525 0.00892901
525.294 0.960125 0.00894476
525.643 0.958097 0.0089154
525.992 0.954367 0.00888283
526.341 0.95657 0.00883762
526.69 0.961407 0.00892968
527.039 0.956139 0.00899197
527.388 0.961712 0.00908122
527.737 0.948829 0.00874574
528.086 0.948434 0.00842221
528.434 0.955874 0.00830045
528.783 0.971733 0.00859771
529.132 0.966695 0.00873862
529.48 0.961232 0.00882601
529.829 0.963425 0.00888476
530.177 0.971604 0.00901397
530.526 0.962239 0.00899248
530.874 0.955063 0.00887347
531.223 0.953159 0.00885182
531.571 0.960565 0.00896267
531.919 0.945972 0.00880691
532.268 0.945302 0.00853495
532.616 0.949471 0.00828032
532.964 0.961046 0.00820707
533.312 0.960619 0.00820949
533.66 0.955925 0.00822637
534.008 0.955886 0.00820747
534.356 0.962679 0.00824203
534.704 0.967498 0.00833772
535.052 0.967086 0.00844806
535.4 0.965853 0.00862114
535.748 0.963665 0.00881639
536.095 0.957065 0.00900876
536.443 0.959366 0.00903083
536.791 0.95234 0.00880739
537.139 0.950184 0.00859486
537.486 0.948898 0.00839039
537.834 0.958859 0.00838963
538.181 0.955057 0.00832491
538.529 0.962605 0.00840481
538.876 0.956925 0.00835826
539.223 0.965514 0.00853765
539.571 0.967196 0.00872788
539.918 0.962422 0.00867545
540.265 0.958616 0.00848759
540.613 0.957665 0.00833748
540.96 0.966906 0.00848134
541.307 0.955447 0.0084463
541.654 0.952849 0.0084327
542.001 0.962001 0.00849948
542.348 0.957526 0.00847811
542.695 0.960744 0.00850308
543.042 0.956611 0.00835456
543.388 0.953531 0.00823562
543.735 0.957637 0.00824186
544.082 0.95777 0.00822988
544.429 0.966538 0.00830553
544.775 0.969417 0.00850106
545.122 0.964211 0.00872957
545.469 0.961531 0.00885997
545.815 0.950311 0.00875715
546.162 0.953646 0.00870269
546.508 0.949545 0.00850566
546.854 0.948963 0.0081879
547.201 0.945322 0.00787297
547.547 0.960611 0.00791339
547.893 0.969978 0.00813042
548.24 0.986283 0.00863755
548.586 0.966485 0.00890599
548.932 0.968503 0.00904792
549.278 0.952114 0.00897741
549.624 0.965886 0.0089938
549.97 0.965351 0.00907545
550.316 0.959542 0.00922875
550.662 0.964288 0.00934674
551.008 0.932942 0.00871791
551.353 0.949812 0.0083264
551.699 0.95765 0.00817575
552.045 0.976417 0.00847779
552.391 0.956484 0.00856471
552.736 0.956407 0.00860346
553.082 0.951197 0.0085926
553.427 0.96171 0.00879266
553.773 0.960688 0.00907895
554.118 0.950004 0.00902889
554.464 0.939715 0.00874944
554.809 0.940629 0.00840603
555.154 0.955363 0.00835751
555.5 0.95946 0.0083944
555.845 0.970294 0.00876989
556.19 0.964777 0.00898219
556.535 0.965346 0.0091866
556.88 0.955379 0.00899168
557.225 0.959957 0.0089798
557.57 0.971462 0.00920973
557.915 0.969213 0.00944846
558.26 0.95929 0.00951582
558.605 0.949624 0.00943417
558.95 0.944644 0.00920192
559.295 0.937777 0.00867947
559.639 0.948891 0.00840214
559.984 0.949062 0.00808175
560.329 0.948795 0.00805076
560.673 0.968272 0.00816121
561.018 0.957135 0.00835226
561.362 0.963337 0.00860265
561.707 0.957029 0.00878939
562.051 0.948957 0.00864555
562.395 0.942897 0.00850407
562.74 0.954146 0.0083849
563.084 0.948843 0.00825824
563.428 0.956108 0.0081167
563.772 0.963739 0.00818679
564.117 0.952643 0.00808
564.461 0.958012 0.0080771
564.805 0.958145 0.00814802
565.149 0.959354 0.00811556
565.493 0.960937 0.0081347
565.836 0.954727 0.0079526
566.18 0.950936 0.00782081
566.524 0.943737 0.00726535
566.868 0.952917 0.00710485
567.212 0.956121 0.00699565
567.555 0.949259 0.00688241
567.899 0.94964 0.00656484
568.242 0.944172 0.00627861
568.586 0.938775 0.00585867
568.929 0.941904 0.00549303
569.273 0.950266 0.0052164
569.616 0.96496 0.00526399
569.96 0.955505 0.00513233
570.303 0.954473 0.00497016
570.646 0.955511 0.0049111
570.989 0.948968 0.00474268
571.333 0.968682 0.00485134
571.676 0.97651 0.00505296
572.019 0.965883 0.00543406
572.362 0.93962 0.00505716
572.705 0.935625 0.00468384
573.048 0.948685 0.0044893
573.391 0.947866 0.00434093
573.733 0.952412 0.00429088
574.076 0.952748 0.0042442
574.419 0.970605 0.00441436
574.762 0.968441 0.00464437
575.104 0.980114 0.00500145
575.447 0.942471 0.00483825
575.789 0.934304 0.00452801
576.132 0.953463 0.00432134
576.474 0.943764 0.00425119
576.817 0.933187 0.00391052
577.159 0.934214 0.00369942
577.501 0.958173 0.00377612
577.844 0.977338 0.00408167
578.186 0.983038 0.00459162
578.528 0.958954 0.00472026
578.87 0.960955 0.0047458
579.212 0.944483 0.00454802
579.554 0.960135 0.00443904
579.896 0.956523 0.00445766
580.238 0.926066 0.00413328
580.58 0.928956 0.00363722
580.922 0.90476 0.0034498
581.264 0.904716 0.00344963
581.606 0.967474 0.00372433
581.947 0.97226 0.00396302
582.289 0.988355 0.00443917
582.631 0.979579 0.00490205
582.972 0.970757 0.00520718
583.314 0.959494 0.00511981
583.655 0.941055 0.00490153
583.997 0.930407 0.00444878
584.338 0.942592 0.00416485
584.679 0.949468 0.00401054
585.021 0.97024 0.00416562
585.362 0.976797 0.00449105
585.703 0.977793 0.00483295
586.044 0.942146 0.00476172
586.385 0.944316 0.00451102
586.726 0.947336 0.00431533
587.067 0.973276 0.00454567
587.408 0.969592 0.00479721
587.749 0.974437 0.00503719
588.09 0.969137 0.00523287
588.431 0.979521 0.0055742
588.772 0.959035 0.00573638
589.113 0.950802 0.00561308
589.453 0.954542 0.0055936
589.794 0.970231 0.00583251
590.134 0.970342 0.00614407
590.475 0.960171 0.00625384
590.815 0.950372 0.00616427
591.156 0.964473 0.00621867
591.496 0.927724 0.00591312
591.837 0.924748 0.00507879
592.177 0.936311 0.00464234
592.517 0.958317 0.00449652
592.857 0.974903 0.00478174
593.198 0.985952 0.00511636
593.538 0.979742 0.00562629
593.878 0.960289 0.00574815
594.218 0.94053 0.0055052
594.558 0.956465 0.00534529
594.898 0.968326 0.00552981
595.237 0.979126 0.0059053
595.577 0.973454 0.00626853
595.917 0.961006 0.00653938
596.257 0.944719 0.00621206
596.596 0.942217 0.0060479
596.936 0.969658 0.00603352
597.276 0.959964 0.00623796
597.615 0.937788 0.0060562
597.955 0.925409 0.00529114
598.294 0.949128 0.00502741
598.633 0.963265 0.00508149
598.973 0.958573 0.00526018
599.312 0.954792 0.00523378
599.651 0.965484 0.00530472
599.991 0.96068 0.00540709
600.33 0.97414 0.00552896
600.669 0.964558 0.00565939
601.008 0.966403 0.00586062
601.347 0.958434 0.00603531
601.686 0.951196 0.00583687
602.025 0.952599 0.00588015
602.364 0.945757 0.00556708
602.702 0.950957 0.00550228
603.041 0.962206 0.00557138
603.38 0.969775 0.0058608
603.719 0.97318 0.00613853
604.057 0.953429 0.00624667
604.396 0.956607 0.0062472
604.734 0.929669 0.00588196
605.073 0.955757 0.00551748
605.411 0.95794 0.00557739
605.75 0.969709 0.00581643
606.088 0.964364 0.006104
606.426 0.951052 0.00591312
606.764 0.955249 0.00584469
607.103 0.974726 0.00609107
607.441 0.957195 0.00624438
607.779 0.959481 0.00640339
608.117 0.959207 0.00635868
608.455 0.966493 0.00665351
608.793 0.940799 0.00662778
609.131 0.936457 0.00616903
609.469 0.953317 0.00607413
609.806 0.960245 0.00617813
610.144 0.96614 0.00668373
610.482 0.947901 0.00668912
610.819 0.958234 0.00671076
611.157 0.955232 0.0067355
611.495 0.956249 0.00697527
611.832 0.949055 0.00696974
612.17 0.948909 0.00691851
612.507 0.950234 0.00684602
612.844 0.950494 0.00691888
613.182 0.953297 0.00694509
613.519 0.947907 0.00688278
613.856 0.952377 0.00688101
614.193 0.941802 0.00675641
614.53 0.945434 0.00662839
614.867 0.965726 0.0066919
615.205 0.96195 0.00701322
615.541 0.965788 0.00728115
615.878 0.953336 0.00754121
616.215 0.953708 0.00746569
616.552 0.950714 0.00753012
616.889 0.94713 0.00734336
617.226 0.957758 0.00730871
617.562 0.968135 0.00758179
617.899 0.960983 0.00800991
618.235 0.962776 0.00843046
618.572 0.953589 0.00870098
618.908 0.938852 0.00833391
619.245 0.945488 0.00802198
619.581 0.954886 0.00792042
619.918 0.979326 0.00868749
620.254 0.975931 0.00978319
620.59 0.93349 0.00971214
620.926 0.933469 0.00905549
621.262 0.944312 0.00860206
621.599 0.956308 0.00869588
621.935 0.939971 0.00851276
622.271 0.941911 0.00820203
622.606 0.944344 0.00803517
622.942 0.965881 0.00832774
623.278 0.948974 0.00849514
623.614 0.929851 0.00801389
623.95 0.953718 0.00808359
624.285 0.953229 0.00823216
624.621 0.959572 0.00870822
624.957 0.948965 0.00892931
625.292 0.960067 0.00925298
625.628 0.94728 0.00946924
625.963 0.940061 0.00949571
626.299 0.945559 0.00932736
626.634 0.938631 0.00914733
626.969 0.957191 0.00940817
627.304 0.966437 0.0102472
627.64 0.950219 0.0108986
627.975 0.929817 0.0105653
628.31 0.927427 0.00997397
628.645 0.953709 0.00988295
628.98 0.948339 0.0100717
629.315 0.949297 0.0102699
629.65 0.949167 0.0103511
629.985 0.947121 0.0103109
630.319 0.951332 0.0107857
630.654 0.938168 0.0108328
630.989 0.94839 0.0108383
631.323 0.939957 0.0109769
631.658 0.962905 0.0115629
631.993 0.959128 0.0120399
632.327 0.947821 0.0120143
632.662 0.939971 0.0118997
632.996 0.942569 0.0116518
633.33 0.928641 0.0113942
633.665 0.952817 0.0119458
633.999 0.949837 0.0122894
634.333 0.938287 0.012212
634.667 0.937955 0.0122521
635.001 0.934145 0.0119293
635.335 0.91378 0.0113495
635.669 0.936214 0.0110617
636.003 0.954721 0.011326
636.337 0.959638 0.0119228
636.671 0.963815 0.0125728
637.005 0.940531 0.0127573
637.339 0.947315 0.0127467
637.672 0.934764 0.0121996
638.006 0.944737 0.0119496
638.339 0.94635 0.0121342
638.673 0.960617 0.0126146
639.006 0.94734 0.0129206
639.34 0.936427 0.0128388
639.673 0.947147 0.0130964
640.007 0.951149 0.013091
640.34 0.938885 0.0132332
640.673 0.930364 0.0132734
641.006 0.950488 0.0136134
641.34 0.932189 0.0136286
641.673 0.94132 0.0140221
642.006 0.937728 0.0142365
642.339 0.934554 0.0139611
642.672 0.949117 0.013983
643.004 0.931477 0.0139315
643.337 0.938535 0.0144346
643.67 0.923268 0.0143128
644.003 0.93654 0.0142741
644.336 0.930979 0.014172
644.668 0.914058 0.0140174
645.001 0.944552 0.0144957
645.333 0.956084 0.0149425
645.666 0.94155 0.0151345
645.998 0.935447 0.0154298
646.331 0.935606 0.0156656
646.663 0.941561 0.0155537
646.995 0.907367 0.0143375
647.327 0.9117 0.0131981
647.66 0.936801 0.0126464
647.992 0.929202 0.0124026
648.324 0.936336 0.0124042
648.656 0.942871 0.0126204
648.988 0.950949 0.013179
649.32 0.963865 0.0141928
649.652 0.951067 0.0147596
649.983 0.933418 0.0149369
650.315 0.936614 0.0150589
650.647 0.917833 0.0145652
650.979 0.93044 0.0139959
651.31 0.920914 0.0133885
651.642 0.93884 0.0132147
651.973 0.939777 0.0132125
652.305 0.927474 0.0130759
652.636 0.952697 0.0134361
652.967 0.943472 0.0136731
653.299 0.942325 0.0139833
653.63 0.919998 0.0136605
653.961 0.910471 0.0126241
654.292 0.807217 0.00912371
654.623 0.706579 0.00309395
654.955 0.897951 0.00342383
655.286 0.897895 0.00342362
655.616 0.89784 0.00342341
655.947 0.897783 0.00342319
656.278 0.897725 0.00342297
656.609 0.983121 0.00374858
656.94 0.997647 0.00499683
657.27 0.985461 0.00582231
657.601 0.992144 0.0067381
657.932 1.00798 0.00812346
658.262 1.00404 0.0098763
658.593 0.993371 0.0117841
658.923 0.970866 0.0136218
659.254 0.966351 0.015012
659.584 0.943288 0.0157474
659.914 0.942988 0.0164877
660.244 0.940694 0.0168789
660.575 0.910056 0.0164804
660.905 0.934254 0.0167229
661.235 0.928444 0.0164375
661.565 0.921489 0.016258
661.895 0.916586 0.0161221
662.225 0.922466 0.0164285
662.555 0.927747 0.0167042
662.884 0.908176 0.0163424
663.214 0.925498 0.0162699
663.544 0.942322 0.0162463
663.873 0.913042 0.015755
664.203 0.935356 0.0157727
664.533 0.922944 0.0152433
664.862 0.927364 0.0151735
665.192 0.922689 0.0155706
665.521 0.938252 0.0165537
665.85 0.900002 0.0166944
666.18 0.921407 0.0175876
666.509 0.923455 0.0175025
666.838 0.902043 0.0168894
667.167 0.908898 0.0167357
667.496 0.941021 0.0173224
667.825 0.936362 0.0173664
668.154 0.913672 0.0171261
668.483 0.932614 0.0171852
668.812 0.934152 0.0168789
669.141 0.936248 0.0167292
669.47 0.930665 0.016474
669.798 0.951274 0.0168258
670.127 0.912313 0.0164931
670.456 0.882423 0.0153034
670.784 0.908088 0.013925
671.113 0.912744 0.0128151
671.441 0.930308 0.0123627
671.77 0.940226 0.0126348
672.098 0.930465 0.0130636
672.426 0.953627 0.0147034
672.755 0.924779 0.0153953
673.083 0.921951 0.015589
673.411 0.914839 0.0154978
673.739 0.919317 0.015763
674.067 0.934368 0.0167308
674.395 0.945067 0.0168244
674.723 0.914377 0.0161181
675.051 0.933365 0.016049
675.379 0.912331 0.015854
675.706 0.925431 0.016143
676.034 0.925775 0.0165104
676.362 0.92365 0.0165709
676.689 0.897544 0.0153441
677.017 0.924747 0.0145522
677.344 0.92024 0.013945
677.672 0.938249 0.0143222
677.999 0.909568 0.0142732
678.327 0.911786 0.0140058
678.654 0.930042 0.0135297
678.981 0.926935 0.0131008
679.308 0.942889 0.0133184
679.636 0.952256 0.01401
679.963 0.935359 0.0145801
680.29 0.914585 0.0144565
680.617 0.920998 0.014237
680.944 0.937603 0.0141517
681.271 0.940199 0.0145796
681.597 0.938198 0.015549
681.924 0.94723 0.01664
682.251 0.906694 0.016216
682.578 0.918743 0.0154656
682.904 0.901593 0.0142957
683.231 0.911893 0.0138053
683.557 0.903656 0.013435
683.884 0.910658 0.0131022
684.21 0.918519 0.0128505
684.536 0.924541 0.0124712
684.863 0.927504 0.0123035
685.189 0.919216 0.0124551
685.515 0.943263 0.0132999
685.841 0.92779 0.0136223
686.167 0.902879 0.0134515
686.493 0.934103 0.0135186
686.819 0.925967 0.013536
687.145 0.927412 0.0141381
687.471 0.927566 0.015205
687.797 0.925666 0.015699
688.123 0.911496 0.0154836
688.448 0.910642 0.0149687
688.774 0.914749 0.0145515
689.1 0.919937 0.0148398
689.425 0.919292 0.0154569
689.751 0.924477 0.0157513
690.076 0.899513 0.0146719
690.402 0.92299 0.0138856
690.727 0.916384 0.0134087
691.052 0.928193 0.0138486
691.377 0.915286 0.0141647
691.703 0.919297 0.0145551
692.028 0.905826 0.0144563
692.353 0.920079 0.0142616
692.678 0.919889 0.0143697
693.003 0.946136 0.0151273
693.328 0.936522 0.0161614
693.652 0.917346 0.0167172
693.977 0.888121 0.0160557
694.302 0.897549 0.0152191
694.627 0.923813 0.0152244
694.951 0.924098 0.0157742
695.276 0.943748 0.0174753
695.6 0.8934 0.0172888
695.925 0.869259 0.0149672
696.249 0.902881 0.0134504
696.574 0.911029 0.0128046
696.898 0.939735 0.0135967
697.222 0.907605 0.0141238
697.546 0.911779 0.0147259
697.871 0.914885 0.0150617
698.195 0.901223 0.0150583
698.519 0.910999 0.0155229
698.843 0.928672 0.0161213
699.167 0.91872 0.0166373
699.491 0.915772 0.0172432
699.814 0.895869 0.0171926
700.138 0.90985 0.0173792
700.462 0.912415 0.0176914
700.786 0.896252 0.0173012
701.109 0.89651 0.0168772
701.433 0.913105 0.0164428
701.756 0.919887 0.0159145
702.08 0.906424 0.015799
702.403 0.903806 0.0160975
702.726 0.908839 0.0168273
703.05 0.907372 0.0172241
703.373 0.908855 0.0174392
703.696 0.90097 0.017378
704.019 0.915455 0.0181283
704.342 0.908879 0.0187219
704.665 0.916931 0.0195811
704.988 0.890105 0.0191663
705.311 0.884911 0.017936
705.634 0.877323 0.0160347
705.957 0.898286 0.014695
706.28 0.900125 0.0136271
706.602 0.920649 0.0136386
706.925 0.914925 0.0138821
707.247 0.911191 0.0144058
707.57 0.915213 0.0150069
707.892 0.917766 0.0155407
708.215 0.91941 0.0163146
708.537 0.890655 0.0164527
708.859 0.899518 0.0166289
709.182 0.892647 0.0163938
709.504 0.897922 0.0160095
709.826 0.912379 0.0159352
710.148 0.923817 0.0160995
710.47 0.914056 0.0164694
710.792 0.91245 0.017063
711.114 0.909003 0.0176016
711.436 0.89913 0.0178953
711.758 0.910762 0.0177191
712.079 0.898793 0.0174012
712.401 0.896348 0.01652
712.723 0.888892 0.015854
713.044 0.890113 0.0149468
713.366 0.904542 0.0148996
713.687 0.919843 0.0151472
714.009 0.905992 0.0154406
714.33 0.909744 0.0158195
714.652 0.906386 0.016239
714.973 0.917761 0.0169068
715.294 0.907284 0.0176745
715.615 0.926313 0.0190009
715.936 0.89626 0.0189643
716.257 0.898402 0.0191696
716.578 0.923955 0.0195709
716.899 0.918123 0.0190742
717.22 0.893352 0.0176013
717.541 0.885572 0.0170548
717.862 0.908011 0.0172115
718.182 0.877872 0.0168901
718.503 0.892226 0.0166575
718.824 0.903049 0.016997
719.144 0.897991 0.0172203
719.465 0.898076 0.0176144
719.785 0.890988 0.0171828
720.105 0.897671 0.0170206
720.426 0.894323 0.0167781
720.746 0.905226 0.0171664
721.066 0.889255 0.017045
721.386 0.897099 0.0172953
721.706 0.89055 0.0177332
722.026 0.900005 0.0183002
722.346 0.89244 0.0183747
722.666 0.896038 0.0181708
722.986 0.89606 0.0177203
723.306 0.900389 0.0179018
723.626 0.889923 0.0181502
723.946 0.890546 0.0181203
724.265 0.889556 0.017142
724.585 0.877031 0.0161235
724.904 0.897048 0.0161853
725.224 0.914957 0.0163897
725.543 0.894707 0.0162039
725.863 0.895203 0.0163637
726.182 0.90913 0.01716
726.501 0.890904 0.0172547
726.82 0.895024 0.0174084
727.14 0.878634 0.0165803
727.459 0.878649 0.0160803
727.778 0.883397 0.0160279
728.097 0.893711 0.0163417
728.416 0.882841 0.0160584
728.734 0.889613 0.0156074
729.053 0.883854 0.0154043
729.372 0.889121 0.0154182
729.691 0.875535 0.0149145
730.009 0.891103 0.0143231
730.328 0.895906 0.0139391
730.647 0.913945 0.0140948
730.965 0.906265 0.0145272
731.283 0.906344 0.0150736
731.602 0.867701 0.0149205
731.92 0.879193 0.0147521
732.238 0.870919 0.0143289
732.557 0.898042 0.014417
732.875 0.875709 0.0138915
733.193 0.872975 0.0130427
733.511 0.900024 0.0129406
733.829 0.90166 0.0133408
734.147 0.908058 0.0142686
734.465 0.892881 0.0147924
734.782 0.902712 0.0148602
735.1 0.884121 0.0142944
735.418 0.899019 0.0144025
735.735 0.89455 0.0144099
736.053 0.890166 0.0142152
736.371 0.898917 0.0144325
736.688 0.895591 0.0149308
737.005 0.907406 0.0159444
737.323 0.89332 0.0164252
737.64 0.893367 0.0164444
737.957 0.875741 0.0154364
738.274 0.873938 0.0141534
738.592 0.894496 0.0139703
738.909 0.901485 0.0143781
739.226 0.890623 0.0155656
739.543 0.898068 0.0168483
739.86 0.918907 0.0180335
740.176 0.890824 0.0182169
740.493 0.879666 0.018649
740.81 0.874856 0.0186566
741.127 0.874388 0.0184546
741.443 0.863274 0.0173746
741.76 0.876255 0.0169247
742.076 0.887436 0.0171831
742.393 0.893163 0.0181632
742.709 0.895587 0.0191945
743.025 0.887108 0.0194554
743.342 0.883437 0.0192368
743.658 0.877703 0.0188052
743.974 0.871514 0.0182206
744.29 0.883837 0.0183303
744.606 0.869395 0.0183742
744.922 0.860089 0.0183083
745.238 0.901708 0.018803
745.554 0.877711 0.0189999
745.87 0.88173 0.019244
746.186 0.874157 0.0183717
746.501 0.877806 0.0177327
746.817 0.886474 0.0181039
747.132 0.907048 0.0196567
747.448 0.885004 0.0201792
747.763 0.86137 0.0196106
748.079 0.845765 0.0186235
748.394 0.874772 0.0176565
748.71 0.871238 0.0164046
749.025 0.866491 0.0154028
749.34 0.886125 0.0153739
749.655 0.894631 0.0157854
749.97 0.88065 0.0162254
750.285 0.869668 0.0161738
750.6 0.871552 0.0158452
750.915 0.873646 0.01547
751.23 0.883123 0.0158599
751.545 0.900541 0.0166737
751.859 0.890125 0.0172014
752.174 0.861035 0.0171156
752.489 0.880361 0.0164353
752.803 0.868233 0.0153419
753.118 0.884245 0.0153666
753.432 0.881649 0.0158587
753.747 0.884415 0.0164723
754.061 0.861412 0.0157058
754.375 0.852954 0.0149744
754.689 0.865234 0.0146123
755.004 0.888719 0.0147855
755.318 0.86916 0.0143031
755.632 0.8613 0.0135438
755.946 0.88271 0.0134634
756.26 0.862628 0.0127143
756.573 0.868722 0.0122077
756.887 0.87174 0.0118566
757.201 0.872806 0.0121156
757.515 0.893113 0.013425
757.828 0.879702 0.0142895
758.142 0.864552 0.014119
758.455 0.860295 0.0130801
758.769 0.870114 0.0124574
759.082 0.868942 0.0121104
759.396 0.867259 0.0119169
759.709 0.865563 0.0118129
760.022 0.886338 0.0120593
760.335 0.88866 0.0127097
760.648 0.884335 0.0136272
760.962 0.884485 0.0146282
761.275 0.864295 0.0151767
761.587 0.876316 0.0154808
761.9 0.877978 0.0155347
762.213 0.868394 0.0149451
762.526 0.882478 0.0145223
762.839 0.872405 0.0143814
763.151 0.859372 0.0138613
763.464 0.862242 0.0131322
763.776 0.862473 0.0121998
764.089 0.8775 0.0120457
764.401 0.871559 0.0124314
764.714 0.881742 0.0132392
765.026 0.875395 0.01408
765.338 0.885999 0.0150826
765.65 0.878194 0.0161621
765.962 0.875755 0.0168899
766.275 0.853547 0.0172709
766.587 0.845579 0.0172468
766.898 0.842322 0.0166611
767.21 0.85241 0.0157699
767.522 0.845097 0.0145689
767.834 0.86967 0.0142378
768.146 0.858093 0.0142449
768.457 0.889355 0.0153882
768.769 0.866784 0.0160006
769.08 0.856378 0.0159761
769.392 0.853235 0.0153701
769.703 0.854762 0.0145878
770.015 0.860347 0.0140769
770.326 0.866394 0.0141538
770.637 0.873232 0.0147234
770.948 0.872727 0.0157937
771.26 0.852972 0.0165948
771.571 0.854667 0.0167933
771.882 0.839696 0.0162411
772.193 0.868717 0.0166868
772.504 0.871075 0.0171276
772.814 0.858602 0.0173438
773.125 0.869896 0.0178188
773.436 0.875807 0.0183928
773.747 0.856232 0.0185955
774.057 0.83815 0.0187917
774.368 0.8669 0.0194119
774.678 0.886859 0.0201459
774.989 0.838277 0.0198937
775.299 0.869766 0.0209459
775.609 0.862997 0.0206316
775.919 0.858234 0.0204058
776.23 0.871831 0.0205917
776.54 0.849798 0.0201577
776.85 0.858504 0.0204737
777.16 0.827216 0.0195001
777.47 0.855082 0.0187958
777.78 0.853715 0.0179531
778.089 0.850285 0.0170164
778.399 0.855047 0.0169559
778.709 0.862656 0.0178169
779.019 0.885468 0.0192367
779.328 0.868359 0.0200806
779.638 0.830818 0.019382
779.947 0.838921 0.0177543
780.257 0.831678 0.016126
780.566 0.855597 0.015744
780.875 0.85677 0.0161149
781.185 0.864929 0.0172184
781.494 0.849712 0.0173481
781.803 0.871157 0.0180351
782.112 0.852773 0.0181048
782.421 0.856438 0.0179054
782.73 0.834905 0.0172133
783.039 0.855322 0.0176436
783.348 0.871216 0.019228
783.656 0.843837 0.0199631
783.965 0.833111 0.0201333
784.274 0.823728 0.019259
784.582 0.869646 0.0191739
784.891 0.847121 0.0188124
785.199 0.838279 0.0189975
785.508 0.850688 0.0196646
785.816 0.85513 0.0200744
786.124 0.834114 0.0193885
786.432 0.845753 0.0185646
786.741 0.86604 0.0180679
787.049 0.847898 0.0177721
787.357 0.854264 0.0181116
787.665 0.845059 0.0179053
787.973 0.874087 0.0183758
788.281 0.853616 0.0185375
788.588 0.852749 0.0195145
788.896 0.835312 0.0205151
789.204 0.859144 0.021651
789.511 0.861659 0.0217414
789.819 0.850565 0.0219947
790.126 0.859561 0.0221199
790.434 0.855509 0.0220627
790.741 0.855309 0.0220044
791.049 0.840231 0.0217866
791.356 0.858232 0.0227334
791.663 0.832993 0.0228007
791.97 0.856677 0.0231826
792.277 0.809046 0.0221104
792.584 0.833459 0.0212581
792.891 0.81151 0.0185532
793.198 0.846506 0.0175895
793.505 0.849555 0.0172764
793.812 0.842282 0.0176888
794.119 0.851513 0.0181944
794.425 0.843027 0.0186412
794.732 0.834662 0.019394
795.038 0.859617 0.0217441
795.345 0.828243 0.0229522
795.651 0.844111 0.0244133
795.958 0.837789 0.0243711
796.264 0.810123 0.0223635
796.57 0.846014 0.0220174
796.876 0.852028 0.0219058
797.183 0.830677 0.0220295
797.489 0.838339 0.0230392
797.795 0.842559 0.0233038
798.101 0.852864 0.0233422
798.406 0.869005 0.0236871
798.712 0.861973 0.024288
799.018 0.862757 0.0246786
799.324 0.830008 0.0242692
799.629 0.821418 0.0242523
799.935 0.839975 0.0247065
800.24 0.850382 0.025332
800.546 0.846508 0.0252829
800.851 0.848578 0.0255442
801.157 0.84045 0.0265105
801.462 0.8686 0.0272123
801.767 0.847552 0.0270084
802.072 0.822487 0.0255739
802.377 0.808048 0.0243926
802.682 0.828728 0.0243049
802.987 0.865663 0.0255304
803.292 0.834743 0.0257113
803.597 0.825664 0.0257888
803.902 0.823766 0.0256943
804.207 0.808811 0.0253007
804.511 0.810569 0.02494
804.816 0.797514 0.0232438
805.12 0.818741 0.0220054
805.425 0.824136 0.0207946
805.729 0.842162 0.0211855
806.034 0.851048 0.0221213
806.338 0.838867 0.0232141
806.642 0.847254 0.0239239
806.946 0.796367 0.0229597
807.251 0.844965 0.0238673
807.555 0.815907 0.0230801
807.859 0.821424 0.0229821
808.162 0.848008 0.0240288
808.466 0.83984 0.0247266
808.77 0.830998 0.0252478
809.074 0.859944 0.0265621
809.378 0.839067 0.0262834
809.681 0.81952 0.0257709
809.985 0.855669 0.0267591
810.288 0.866426 0.0272271
810.592 0.805518 0.0260558
810.895 0.819076 0.0268982
811.198 0.825463 0.028197
811.502 0.860274 0.029204
811.805 0.853527 0.0298884
812.108 0.781349 0.0272947
812.411 0.832522 0.0273398
812.714 0.828161 0.025407
813.017 0.835538 0.0241511
813.32 0.854167 0.0243826
813.623 0.819475 0.0246368
813.926 0.835772 0.0266828
814.228 0.857989 0.0284809
814.531 0.848253 0.0292268
814.833 0.809224 0.0283271
815.136 0.811153 0.0285333
815.438 0.826 0.0291217
815.741 0.802335 0.0275115
816.043 0.823468 0.0275324
816.345 0.822674 0.0273341
816.648 0.816601 0.0274548
816.95 0.830588 0.028114
817.252 0.839125 0.0288929
817.554 0.841306 0.0289923
817.856 0.812861 0.0291066
818.158 0.797074 0.0290729
818.46 0.841792 0.0306349
818.761 0.797805 0.0297151
819.063 0.804192 0.0293159
819.365 0.815102 0.0286422
819.666 0.807935 0.0270901
819.968 0.822089 0.0264249
820.269 0.831578 0.0262897
820.571 0.7936 0.0263557
820.872 0.802879 0.0275118
821.173 0.821605 0.0289364
821.475 0.833262 0.0302623
821.776 0.808971 0.0296635
822.077 0.823276 0.0297503
822.378 0.851446 0.0304662
822.679 0.852811 0.0309896
822.98 0.835485 0.0303883
823.281 0.85725 0.0317799
823.581 0.808038 0.0305429
823.882 0.829525 0.0313424
824.183 0.84297 0.0312748
824.483 0.787131 0.0291466
824.784 0.78719 0.0279504
825.084 0.846164 0.0294979
825.385 0.838977 0.0297575
825.685 0.833126 0.0302913
825.985 0.805787 0.0295354
826.286 0.790651 0.0288549
826.586 0.799978 0.0284553
826.886 0.800372 0.0285152
827.186 0.800698 0.0289396
827.486 0.813379 0.0301477
827.786 0.848445 0.0312599
828.086 0.827965 0.0305699
828.386 0.826984 0.0301526
828.685 0.817551 0.0298142
828.985 0.836492 0.0310588
829.285 0.799466 0.0305733
829.584 0.807412 0.0312213
829.884 0.80967 0.0317415
830.183 0.875234 0.0347219
830.482 0.836009 0.0335646
830.782 0.793076 0.0328304
831.081 0.855083 0.0353799
831.38 0.772717 0.0325454
831.679 0.797681 0.0331419
831.978 0.864792 0.0345629
832.277 0.83999 0.0329659
832.576 0.83336 0.0322179
832.875 0.866842 0.0328387
833.174 0.808726 0.0315197
833.472 0.821008 0.0319985
833.771 0.865977 0.0333103
834.07 0.818054 0.0316061
834.368 0.798195 0.0315256
834.667 0.819369 0.0327845
834.965 0.855253 0.0339975
835.263 0.852952 0.0339975
835.562 0.837977 0.033713
835.86 0.771669 0.0320531
836.158 0.799349 0.0329941
836.456 0.827383 0.0344519
836.754 0.749581 0.0327004
837.052 0.871122 0.0363713
837.35 0.815309 0.0345046
837.648 0.833689 0.0353541
837.946 0.853568 0.0360779
838.243 0.825081 0.0354809
838.541 0.821258 0.0344686
838.839 0.859839 0.0353207
839.136 0.8288 0.0346043
839.434 0.833712 0.0344957
839.731 0.903926 0.0368857
840.028 0.810861 0.034135
840.326 0.851429 0.0354181
840.623 0.85445 0.0354486
840.92 0.847188 0.0356374
841.217 0.878357 0.0373057
841.514 0.891839 0.037801
841.811 0.817797 0.035003
842.108 0.816623 0.036006
842.405 0.8782 0.0376176
842.701 0.889078 0.0380243
842.998 0.802701 0.0350177
843.295 0.790215 0.0355039
843.591 0.82913 0.0364471
843.888 0.842907 0.0363238
844.184 0.791183 0.0353955
844.481 0.79976 0.0350032
844.777 0.826486 0.0357575
845.073 0.810034 0.0356667
845.369 0.85045 0.0369123
845.665 0.889527 0.0383026
845.962 0.806408 0.0357536
846.258 0.808988 0.0365043
846.553 0.82774 0.0369785
846.849 0.863038 0.0378238
847.145 0.817973 0.0356264
847.441 0.823359 0.035958
847.737 0.789627 0.0349218
848.032 0.87239 0.0374075
848.328 0.848297 0.0370569
848.623 0.861195 0.0378362
848.919 0.800713 0.0356705
849.214 0.780793 0.0348221
849.509 0.804262 0.0358688
849.805 0.884995 0.038381
850.1 0.89246 0.0394042
850.395 0.888025 0.039176
850.69 0.883025 0.0393374
850.985 0.814538 0.0364404
851.28 0.821081 0.0364346
851.575 0.858169 0.0377032
851.869 0.842989 0.0372407
852.164 0.809455 0.0359488
852.459 0.863707 0.0361153
852.753 0.854392 0.0354203
853.048 0.822999 0.0329598
853.342 0.848103 0.0332265
853.637 0.84104 0.0336823
853.931 0.863092 0.033755
854.225 0.827724 0.0329108
854.52 0.854686 0.0346886
854.814 0.860375 0.0349195
855.108 0.801311 0.0326062
855.402 0.754108 0.0322101
855.696 0.879564 0.0357821
855.99 0.85153 0.0357751
856.283 0.814566 0.0342222
856.577 0.805338 0.0348058
856.871 0.842599 0.0353205
857.164 0.771382 0.0341624
857.458 0.866992 0.0374208
857.751 0.82921 0.0359616
858.045 0.795832 0.0348029
858.338 0.824281 0.0359982
858.632 0.784422 0.0343132
858.925 0.82928 0.0362066
859.218 0.838673 0.0362559
859.511 0.928671 0.0397486
859.804 0.906403 0.0388763
860.097 0.812415 0.0358306
860.39 0.893094 0.0386701
860.683 0.862004 0.0378301
860.976 0.838066 0.0376
861.268 0.840648 0.0370758
861.561 0.883639 0.0391013
861.854 0.884507 0.0402861
862.146 0.832471 0.037695
862.439 0.886702 0.038693
862.731 0.87069 0.0374031
863.023 0.862934 0.0384423
863.316 0.873292 0.0379746
863.608 0.841281 0.037467
863.9 0.842819 0.037525
864.192 0.797436 0.035635
864.484 0.803842 0.0366338
864.776 0.873123 0.0385185
865.068 0.870909 0.0382316
865.36 0.849314 0.0376559
865.651 0.892531 0.039616
865.943 0.842545 0.0377792
866.235 0.827321 0.0376261
866.526 0.879161 0.0398324
866.818 0.839358 0.0376148
867.109 0.815862 0.0368572
867.4 0.891245 0.0392638
867.692 0.827089 0.0380308
867.983 0.815046 0.0373874
868.274 0.882516 0.0393921
868.565 0.844086 0.0380335
868.856 0.839419 0.0381763
869.147 0.859363 0.0385225
869.438 0.841101 0.0380083
869.729 0.864009 0.038753
870.02 0.866348 0.0403354
870.31 0.856665 0.0388583
870.601 0.809314 0.0372249
870.892 0.83228 0.0373618
871.182 0.809721 0.0366968
871.473 0.868455 0.0388307
871.763 0.797288 0.0363136
872.053 0.844035 0.0378031
872.343 0.823237 0.0372769
872.634 0.81301 0.0374171
872.924 0.845303 0.0373948
873.214 0.828454 0.0377778
873.504 0.877456 0.0394009
873.794 0.906029 0.0410376
874.084 0.884543 0.040431
874.373 0.859515 0.0388519
874.663 0.830219 0.0372798
874.953 0.860011 0.039205
875.242 0.867603 0.0388474
875.532 0.86699 0.0385146
875.821 0.852735 0.0384341
876.111 0.83165 0.037812
876.4 0.903572 0.0399061
876.689 0.878298 0.0390826
876.978 0.87054 0.038924
877.268 0.847385 0.038471
877.557 0.86096 0.0392254
877.846 0.858239 0.0390322
878.134 0.851818 0.0392389
878.423 0.851975 0.0392461
878.712 0.852132 0.0392533
