178.41 0.288566 0.0830944
178.791 0.290393 0.0836205
179.172 0.292207 0.0841429
179.553 0.507861 0.507861
179.934 1.16964 1.16964
180.316 0.408164 0.408164
180.697 0.479539 0.479539
181.078 0.55224 0.55224
181.459 0.774835 0.774835
181.84 0.551812 0.551812
182.221 -0.433895 -0.180476
182.602 0.143041 0.143041
182.983 2.53217 0.720541
183.364 1.30611 0.202796
183.744 0.54211 0.0824889
184.125 0.505018 0.069064
184.506 0.586736 0.0609829
184.887 0.640504 0.0568176
185.268 0.56101 0.0457788
185.648 0.533693 0.0432229
186.029 0.591729 0.043411
186.41 0.600787 0.0425983
186.791 0.636704 0.0421446
187.171 0.566331 0.0339975
187.552 0.547725 0.0272023
187.932 0.60767 0.0291748
188.313 0.541182 0.0257149
188.694 0.568282 0.0263359
189.074 0.54916 0.02496
189.455 0.570203 0.0247279
189.835 0.597063 0.0260181
190.216 0.596184 0.0253139
190.596 0.530959 0.0228622
190.977 0.553516 0.0231615
191.357 0.544076 0.0230309
191.737 0.581742 0.0235172
192.118 0.576324 0.0232927
192.498 0.559143 0.0222311
192.878 0.580229 0.0228207
193.258 0.582698 0.0224745
193.639 0.562356 0.0218049
194.019 0.571091 0.0221673
194.399 0.577558 0.0221001
194.779 0.532409 0.0203683
195.159 0.569553 0.0216775
195.54 0.512648 0.0199498
195.92 0.529827 0.0203413
196.3 0.520814 0.0198754
196.68 0.531006 0.0201691
197.06 0.540107 0.0202198
197.44 0.547215 0.0201571
197.82 0.540722 0.0198797
198.2 0.560027 0.020222
198.58 0.557841 0.0196498
198.959 0.568294 0.0197972
199.339 0.597585 0.0203891
199.719 0.581147 0.0197216
200.099 0.609748 0.0202496
200.479 0.59555 0.0199558
200.858 0.562003 0.0190999
201.238 0.558246 0.0187385
201.618 0.57157 0.0191736
201.998 0.529483 0.0180123
202.377 0.52428 0.0179233
202.757 0.497958 0.0172381
203.136 0.480208 0.0168183
203.516 0.502482 0.0169477
203.896 0.49679 0.0166439
204.275 0.527989 0.0168201
204.655 0.550903 0.0172138
205.034 0.561536 0.0171748
205.414 0.616121 0.0177649
205.793 0.629144 0.0177908
206.172 0.655041 0.0181698
206.552 0.653651 0.017841
206.931 0.628073 0.0172204
207.31 0.642848 0.0172341
207.69 0.643318 0.0171027
208.069 0.629001 0.0166874
208.448 0.598749 0.0160761
208.827 0.598463 0.0159799
209.207 0.583325 0.0157353
209.586 0.556245 0.0149637
209.965 0.564277 0.0150237
210.344 0.52998 0.0143476
210.723 0.528612 0.014153
211.102 0.528214 0.013903
211.481 0.54768 0.0140821
211.86 0.550528 0.0139781
212.239 0.580946 0.014214
212.618 0.597343 0.0142049
212.997 0.620437 0.0142407
213.376 0.632533 0.0143275
213.755 0.648294 0.0143012
214.134 0.671907 0.0143621
214.513 0.672558 0.0141364
214.891 0.694764 0.014272
215.27 0.685509 0.0139101
215.649 0.680033 0.0137405
216.028 0.671855 0.0134218
216.406 0.652417 0.0130884
216.785 0.647773 0.0128295
217.164 0.626 0.0124858
217.542 0.601608 0.0119835
217.921 0.580331 0.011619
218.3 0.580944 0.0115839
218.678 0.56059 0.0112002
219.057 0.53377 0.0107344
219.435 0.517409 0.010395
219.814 0.530256 0.0104457
220.192 0.534766 0.0103209
220.57 0.55677 0.0104076
220.949 0.557147 0.0102365
221.327 0.580742 0.0102772
221.705 0.614185 0.0104607
222.084 0.619793 0.0102804
222.462 0.651526 0.0104147
222.84 0.674927 0.0105126
223.218 0.673843 0.0102426
223.597 0.697758 0.0103175
223.975 0.699642 0.0101454
224.353 0.704286 0.0100672
224.731 0.703605 0.0099002
225.109 0.698827 0.00966723
225.487 0.69468 0.0095015
225.865 0.685694 0.00929548
226.243 0.667183 0.00905274
226.621 0.654985 0.00885148
226.999 0.634295 0.00853211
227.377 0.61727 0.00833511
227.755 0.60343 0.00813362
228.133 0.587688 0.00792488
228.511 0.565078 0.00767845
228.889 0.550899 0.00743653
229.266 0.536503 0.00726908
229.644 0.530938 0.00708893
230.022 0.532383 0.00700667
230.4 0.531572 0.00693535
230.777 0.554088 0.00701333
231.155 0.567186 0.0070035
231.533 0.589485 0.00703876
231.91 0.604706 0.00703255
232.288 0.63043 0.00711254
232.665 0.652095 0.00714059
233.043 0.676354 0.00720355
233.42 0.689441 0.00717461
233.798 0.71267 0.00724113
234.175 0.718504 0.00717601
234.553 0.727798 0.00714538
234.93 0.735962 0.00711337
235.307 0.749296 0.00711938
235.685 0.752915 0.00707829
236.062 0.749963 0.00698185
236.439 0.749697 0.00694609
236.816 0.740397 0.00681846
237.194 0.731762 0.00670681
237.571 0.722736 0.00660728
237.948 0.717655 0.00654923
238.325 0.701885 0.00640519
238.702 0.690209 0.00631419
239.079 0.67239 0.00617032
239.456 0.661925 0.00608121
239.833 0.65368 0.00600424
240.21 0.63661 0.00587059
240.587 0.62811 0.00580427
240.964 0.622598 0.0057316
241.341 0.621074 0.00567621
241.718 0.618109 0.00560905
242.095 0.626025 0.00564316
242.472 0.63186 0.00562445
242.849 0.641604 0.00562535
243.225 0.651899 0.00562087
243.602 0.666666 0.00565556
243.979 0.682446 0.00570232
244.356 0.700505 0.00575357
244.732 0.713013 0.0057456
245.109 0.724131 0.00574968
245.486 0.74376 0.00581897
245.862 0.755656 0.00583636
246.239 0.757263 0.005783
246.615 0.769789 0.00582007
246.992 0.77466 0.00579569
247.368 0.779539 0.00581387
247.745 0.785158 0.00578559
248.121 0.782774 0.00573743
248.497 0.780721 0.00572064
248.874 0.786984 0.00570875
249.25 0.775808 0.00561819
249.626 0.775343 0.00560722
250.003 0.767522 0.00554613
250.379 0.75764 0.00545665
250.755 0.752401 0.00544246
251.131 0.742393 0.0053682
251.507 0.732016 0.00532345
251.884 0.722581 0.00525272
252.26 0.711559 0.00521383
252.636 0.692394 0.00509632
253.012 0.685473 0.0050523
253.388 0.683267 0.00502897
253.764 0.675625 0.00498031
254.14 0.664106 0.00492593
254.516 0.668766 0.00493644
254.892 0.662577 0.00488869
255.268 0.670257 0.00491172
255.643 0.669945 0.00488995
256.019 0.681375 0.00492784
256.395 0.688627 0.00494366
256.771 0.69691 0.00493704
257.147 0.712634 0.00498676
257.522 0.722604 0.00501356
257.898 0.739429 0.00506326
258.274 0.743818 0.00506513
258.649 0.756889 0.00510631
259.025 0.766447 0.00511023
259.4 0.776668 0.0051414
259.776 0.786181 0.00515682
260.151 0.799716 0.00521851
260.527 0.80062 0.00519819
260.902 0.807994 0.00520787
261.278 0.809955 0.00520317
261.653 0.810893 0.00520604
262.028 0.811502 0.00521301
262.404 0.813887 0.00519672
262.779 0.813803 0.00518344
263.154 0.813237 0.00517251
263.53 0.811199 0.00515193
263.905 0.806864 0.00514812
264.28 0.804531 0.00513801
264.655 0.797881 0.00510185
265.03 0.790217 0.00509296
265.405 0.787186 0.00506625
265.781 0.778189 0.0050432
266.156 0.772768 0.00502021
266.531 0.758598 0.00494771
266.906 0.758907 0.00497605
267.281 0.742822 0.00489868
267.655 0.733832 0.00488715
268.03 0.727659 0.00486926
268.405 0.720539 0.00483893
268.78 0.711929 0.00480982
269.155 0.702458 0.00476709
269.53 0.702105 0.00478233
269.904 0.696849 0.00475902
270.279 0.701004 0.00477622
270.654 0.699883 0.00475883
271.029 0.700082 0.00476852
271.403 0.705369 0.00477297
271.778 0.712645 0.00481116
272.152 0.723356 0.00485178
272.527 0.727663 0.00486194
272.901 0.738188 0.00487781
273.276 0.746896 0.00489531
273.65 0.757714 0.00494613
274.025 0.762595 0.00494915
274.399 0.777599 0.00502155
274.774 0.788866 0.0050461
275.148 0.791297 0.00503789
275.522 0.801371 0.00508343
275.897 0.805089 0.00509245
276.271 0.812613 0.0051213
276.645 0.819411 0.00512778
277.019 0.824399 0.00512943
277.393 0.824847 0.00511697
277.768 0.831309 0.00516128
278.142 0.83169 0.00515728
278.516 0.833074 0.00517067
278.89 0.833454 0.00516165
279.264 0.834673 0.00518199
279.638 0.832686 0.00515078
280.012 0.834195 0.00516451
280.386 0.83088 0.00518118
280.76 0.824513 0.00514168
281.133 0.826086 0.00515602
281.507 0.821734 0.00513829
281.881 0.816072 0.00510885
282.255 0.812087 0.0051035
282.629 0.810918 0.00511463
283.002 0.799257 0.00508046
283.376 0.794763 0.0050523
283.75 0.784315 0.00503602
284.123 0.776726 0.00499411
284.497 0.769398 0.00497955
284.87 0.768714 0.00498243
285.244 0.761615 0.00495024
285.618 0.751907 0.00493123
285.991 0.744527 0.00492768
286.364 0.742597 0.00491946
286.738 0.734398 0.00489132
287.111 0.742191 0.00491928
287.485 0.732622 0.00489023
287.858 0.734011 0.00491314
288.231 0.7297 0.0048901
288.605 0.736563 0.00492651
288.978 0.739129 0.00492457
289.351 0.742905 0.0049628
289.724 0.743185 0.00496356
290.097 0.751332 0.00499665
290.47 0.759256 0.00503916
290.843 0.763907 0.0050528
291.217 0.764743 0.00505657
291.59 0.779262 0.0051397
291.963 0.784757 0.00514642
292.336 0.790946 0.00518318
292.708 0.798975 0.00521935
293.081 0.807233 0.0052704
293.454 0.811945 0.00526247
293.827 0.815819 0.00529069
294.2 0.824599 0.00535376
294.573 0.82517 0.00533853
294.945 0.838257 0.00541249
295.318 0.84156 0.00542105
295.691 0.846346 0.00544969
296.064 0.851406 0.00547597
296.436 0.845236 0.00545225
296.809 0.84475 0.00543604
297.181 0.846077 0.0054695
297.554 0.849786 0.00548985
297.926 0.854693 0.00551005
298.299 0.854152 0.00551419
298.671 0.855164 0.00549343
299.044 0.854939 0.0055228
299.416 0.85911 0.00554463
299.788 0.847916 0.00549984
300.161 0.850413 0.00553216
300.533 0.846151 0.00551059
300.905 0.847238 0.00549314
301.278 0.840437 0.00548254
301.65 0.840435 0.00547639
302.022 0.84049 0.00548851
302.394 0.829767 0.00546219
302.766 0.831159 0.00545906
303.138 0.824633 0.00545895
303.51 0.819929 0.00542919
303.882 0.808861 0.00538565
304.254 0.804618 0.00538206
304.626 0.798254 0.00534463
304.998 0.799719 0.00534794
305.37 0.794328 0.00535967
305.742 0.782542 0.00529982
306.114 0.780283 0.00528989
306.485 0.775521 0.00527489
306.857 0.769039 0.00524906
307.229 0.76176 0.00524241
307.601 0.760572 0.00523688
307.972 0.755312 0.00521338
308.344 0.75447 0.00520394
308.716 0.754846 0.00522671
309.087 0.754154 0.00521774
309.459 0.751347 0.00521592
309.83 0.758629 0.00524183
310.202 0.756367 0.0052255
310.573 0.761869 0.00524753
310.945 0.763641 0.00524998
311.316 0.769918 0.00529674
311.687 0.773488 0.00528772
312.059 0.777851 0.00532121
312.43 0.782688 0.00532803
312.801 0.791665 0.0053774
313.172 0.797496 0.00540049
313.544 0.800789 0.00541721
313.915 0.803183 0.00539081
314.286 0.815844 0.00545673
314.657 0.814331 0.00543959
315.028 0.820408 0.00547139
315.399 0.825529 0.00548661
315.77 0.82915 0.00549086
316.141 0.835154 0.00553363
316.512 0.843686 0.005561
316.883 0.847115 0.00558354
317.254 0.849267 0.005585
317.625 0.854162 0.00563558
317.996 0.852856 0.00560043
318.366 0.85832 0.00563229
318.737 0.861471 0.00563694
319.108 0.862245 0.00565895
319.478 0.8628 0.00566265
319.849 0.863603 0.0056626
320.22 0.863778 0.00566874
320.59 0.862473 0.00566122
320.961 0.863189 0.0056733
321.331 0.867341 0.00568767
321.702 0.866526 0.0057138
322.072 0.865487 0.00572764
322.443 0.863023 0.00570815
322.813 0.860748 0.00569005
323.184 0.857897 0.00569655
323.554 0.855637 0.00570711
323.924 0.856639 0.0057075
324.295 0.857195 0.00573705
324.665 0.854394 0.00573184
325.035 0.850683 0.0057119
325.405 0.848746 0.00572887
325.775 0.852093 0.00576806
326.145 0.84052 0.00572328
326.515 0.836064 0.00571862
326.886 0.839852 0.00576053
327.256 0.830775 0.00573478
327.626 0.827324 0.00575825
327.995 0.820014 0.00574689
328.365 0.81788 0.00574743
328.735 0.812105 0.00575588
329.105 0.809016 0.00580716
329.475 0.807117 0.0058459
329.845 0.80222 0.00591243
330.215 0.793846 0.00585943
330.584 0.792849 0.00579931
330.954 0.786878 0.00564089
331.324 0.780962 0.00546144
331.693 0.778902 0.00536064
332.063 0.771471 0.00527754
332.432 0.768583 0.00524049
332.802 0.769772 0.00528759
333.171 0.76071 0.00532536
333.541 0.763807 0.00543574
333.91 0.763288 0.0054615
334.28 0.764995 0.00549892
334.649 0.766168 0.00551909
335.018 0.764511 0.00553191
335.388 0.767816 0.00556175
335.757 0.769186 0.0055675
336.126 0.773284 0.00560237
336.495 0.773269 0.00558338
336.865 0.776002 0.0056164
337.234 0.781815 0.00566928
337.603 0.788652 0.0056824
337.972 0.788936 0.00569651
338.341 0.798003 0.00571977
338.71 0.79858 0.00571795
339.079 0.808796 0.00577527
339.448 0.81274 0.0057802
339.817 0.817057 0.00580986
340.186 0.820606 0.00582615
340.554 0.826808 0.00584046
340.923 0.831806 0.00587033
341.292 0.829262 0.00586687
341.661 0.839252 0.0059095
342.029 0.842651 0.00591121
342.398 0.84098 0.00591328
342.767 0.84777 0.00595993
343.135 0.854462 0.00597893
343.504 0.856041 0.00600311
343.872 0.855889 0.00598025
344.241 0.862759 0.00601825
344.609 0.867579 0.00605903
344.978 0.868256 0.00605526
345.346 0.868918 0.00603479
345.715 0.869961 0.00606176
346.083 0.871665 0.00608122
346.451 0.87444 0.00608122
346.82 0.875316 0.00610465
347.188 0.873262 0.00608596
347.556 0.873153 0.00611697
347.924 0.876547 0.00612143
348.292 0.875216 0.00613069
348.66 0.875876 0.00612759
349.028 0.87582 0.0061351
349.396 0.870979 0.00614223
349.764 0.872037 0.00613822
350.132 0.870533 0.00612977
350.5 0.867885 0.00613043
350.868 0.869918 0.00614875
351.236 0.869686 0.00614304
351.604 0.865208 0.00615102
351.972 0.875105 0.00619311
352.34 0.858305 0.00614229
352.707 0.862588 0.00616031
353.075 0.860206 0.00615342
353.443 0.85941 0.0061646
353.81 0.853743 0.0061595
354.178 0.85351 0.00616213
354.545 0.850771 0.00613716
354.913 0.853043 0.00617149
355.28 0.846049 0.00614698
355.648 0.838432 0.0061063
356.015 0.838084 0.00611573
356.383 0.831914 0.00608621
356.75 0.830304 0.00609583
357.117 0.82241 0.00607014
357.485 0.824737 0.00608299
357.852 0.826464 0.0061314
358.219 0.820424 0.00607864
358.586 0.811729 0.00604533
358.954 0.810378 0.00606569
359.321 0.804134 0.00602767
359.688 0.808645 0.0060743
360.055 0.798289 0.0060267
360.422 0.799804 0.00604116
360.789 0.791453 0.0060199
361.156 0.787256 0.00599862
361.523 0.784813 0.00601355
361.89 0.780421 0.00598943
362.256 0.775734 0.00594753
362.623 0.784934 0.00604227
362.99 0.771463 0.00596153
363.357 0.775202 0.00600036
363.724 0.777377 0.00601136
364.09 0.768448 0.00596469
364.457 0.780118 0.00605469
364.823 0.774262 0.00599317
365.19 0.779044 0.0060206
365.557 0.774927 0.00599535
365.923 0.785735 0.00605701
366.29 0.783762 0.00606842
366.656 0.787132 0.00605644
367.022 0.786432 0.00604618
367.389 0.789847 0.00608643
367.755 0.789602 0.00611445
368.121 0.794444 0.00613069
368.488 0.797855 0.00613553
368.854 0.797076 0.00615582
369.22 0.800867 0.00619952
369.586 0.809247 0.00625309
369.952 0.808315 0.00626308
370.318 0.810969 0.00627632
370.684 0.81937 0.00632714
371.051 0.824503 0.00634868
371.416 0.830623 0.00641159
371.782 0.828013 0.00638236
372.148 0.828981 0.00639924
372.514 0.837814 0.00644706
372.88 0.849743 0.00651187
373.246 0.843017 0.00648008
373.612 0.848665 0.0064987
373.977 0.854098 0.00650475
374.343 0.855814 0.00649071
374.709 0.853942 0.00646257
375.074 0.853374 0.00647976
375.44 0.859782 0.00653191
375.806 0.86615 0.00659224
376.171 0.859647 0.00653424
376.537 0.865893 0.00655194
376.902 0.864026 0.00655639
377.268 0.871609 0.00655807
377.633 0.867324 0.00652993
377.998 0.87227 0.00652345
378.364 0.874124 0.00650214
378.729 0.87186 0.00650465
379.094 0.879483 0.00656161
379.459 0.881258 0.00665622
379.825 0.877354 0.00661202
380.19 0.873521 0.00660779
380.555 0.874666 0.00665858
380.92 0.884251 0.00677863
381.285 0.882817 0.00676033
381.65 0.8746 0.00667642
382.015 0.876079 0.00669191
382.38 0.87797 0.00672515
382.745 0.878229 0.00676739
383.11 0.880337 0.00679383
383.474 0.873716 0.00674825
383.839 0.875418 0.00676699
384.204 0.877584 0.00679722
384.569 0.877134 0.0068038
384.933 0.872571 0.00680583
385.298 0.867231 0.00679555
385.663 0.861688 0.00675458
386.027 0.856598 0.00672067
386.392 0.860043 0.00670544
386.756 0.864783 0.00669008
387.121 0.862098 0.00667777
387.485 0.857391 0.00663905
387.849 0.855472 0.00660058
388.214 0.855753 0.0066749
388.578 0.852939 0.00669744
388.942 0.849082 0.00671631
389.307 0.848429 0.00670761
389.671 0.845808 0.0067219
390.035 0.845619 0.00669053
390.399 0.838779 0.00664778
390.763 0.832185 0.00658255
391.127 0.835873 0.00657334
391.492 0.831804 0.00646713
391.856 0.82467 0.00636512
392.219 0.823835 0.00631444
392.583 0.823678 0.00634979
392.947 0.826304 0.00649714
393.311 0.815869 0.00651556
393.675 0.816594 0.0065381
394.039 0.813133 0.00656463
394.403 0.810803 0.00655848
394.766 0.807215 0.00656173
395.13 0.79996 0.00654946
395.494 0.800779 0.0065502
395.857 0.79446 0.00649582
396.221 0.790793 0.00645146
396.584 0.78815 0.00639243
396.948 0.785364 0.00631223
397.311 0.781689 0.0062047
397.675 0.778805 0.00615979
398.038 0.776089 0.00615203
398.401 0.772895 0.00622663
398.765 0.779759 0.00635093
399.128 0.778765 0.00643756
399.491 0.776888 0.00647871
399.854 0.766982 0.00644644
400.218 0.776907 0.00650688
400.581 0.773648 0.00651172
400.944 0.770191 0.00652897
401.307 0.774162 0.00662456
401.67 0.774733 0.00660774
402.033 0.773314 0.00662094
402.396 0.770523 0.00661266
402.759 0.778754 0.00665598
403.122 0.772175 0.00659548
403.485 0.78106 0.0066316
403.847 0.777571 0.00656172
404.21 0.784774 0.00655798
404.573 0.788399 0.00656594
404.936 0.786633 0.00652627
405.298 0.786805 0.00659863
405.661 0.792072 0.0067135
406.023 0.79891 0.00683802
406.386 0.800783 0.00687026
406.749 0.805667 0.0069227
407.111 0.806885 0.00691905
407.473 0.801564 0.00678585
407.836 0.815441 0.00683436
408.198 0.818972 0.00680743
408.561 0.816308 0.00681591
408.923 0.817822 0.0068323
409.285 0.824048 0.00687092
409.647 0.830537 0.00695837
410.009 0.832401 0.00703206
410.372 0.830067 0.00701196
410.734 0.837433 0.00707842
411.096 0.841349 0.0070825
411.458 0.838591 0.00706918
411.82 0.847081 0.00705826
412.182 0.845815 0.00699945
412.544 0.844294 0.0070088
412.906 0.851687 0.00702697
413.267 0.85559 0.00706823
413.629 0.857501 0.00713181
413.991 0.855585 0.00715732
414.353 0.863521 0.00721025
414.714 0.865703 0.00729539
415.076 0.86072 0.0072563
415.438 0.872856 0.00729932
415.799 0.858949 0.00721204
416.161 0.863055 0.00729265
416.522 0.869055 0.00734807
416.884 0.867649 0.00734669
417.245 0.871949 0.00739204
417.607 0.864799 0.00734352
417.968 0.869899 0.00735685
418.329 0.876688 0.00737626
418.691 0.877625 0.00737775
419.052 0.879588 0.00738085
419.413 0.877465 0.00730561
419.774 0.871863 0.0072596
420.135 0.875929 0.00711451
420.497 0.875969 0.00700241
420.858 0.874814 0.00690125
421.219 0.881032 0.00694912
421.58 0.878569 0.00702787
421.941 0.883344 0.00717068
422.302 0.87953 0.00725115
422.662 0.881615 0.00729098
423.023 0.878095 0.00730852
423.384 0.874379 0.00731749
423.745 0.870096 0.0072555
424.106 0.874439 0.00726949
424.466 0.87475 0.00725664
424.827 0.879088 0.00737503
425.187 0.874979 0.00745089
425.548 0.8716 0.00750674
425.909 0.874277 0.00755802
426.269 0.874177 0.0075043
426.63 0.863556 0.007408
426.99 0.870288 0.00737578
427.35 0.866369 0.00739201
427.711 0.860353 0.00731408
428.071 0.863875 0.00726768
428.431 0.863621 0.00712778
428.792 0.858278 0.00686251
429.152 0.862223 0.00668919
429.512 0.860699 0.00667075
429.872 0.854091 0.00669121
430.232 0.858602 0.00682733
430.592 0.855938 0.00701016
430.952 0.855485 0.00721524
431.312 0.857505 0.00740347
431.672 0.849132 0.00745207
432.032 0.841977 0.00739794
432.392 0.846434 0.00731718
432.752 0.841839 0.0069383
433.111 0.836473 0.00676172
433.471 0.840997 0.00688607
433.831 0.839158 0.00714793
434.19 0.83511 0.0071316
434.55 0.829778 0.00710751
434.91 0.825174 0.00717045
435.269 0.821054 0.007054
435.629 0.824828 0.00705462
435.988 0.824578 0.00702335
436.348 0.82037 0.00711256
436.707 0.816441 0.00720347
437.066 0.813157 0.00718505
437.426 0.809524 0.00708388
437.785 0.805782 0.00704768
438.144 0.80285 0.00702609
438.503 0.807558 0.00713964
438.862 0.800182 0.00712013
439.222 0.797817 0.00716633
439.581 0.791359 0.0071679
439.94 0.786233 0.00704455
440.299 0.787337 0.00681186
440.658 0.78506 0.00662887
441.017 0.788129 0.00664397
441.376 0.785072 0.00670846
441.734 0.780384 0.0067571
442.093 0.772051 0.00671799
442.452 0.772995 0.00667383
442.811 0.781163 0.00667951
443.169 0.771218 0.00663437
443.528 0.777671 0.00680024
443.887 0.770413 0.00677277
444.245 0.77502 0.00682274
444.604 0.764847 0.00683424
444.962 0.763013 0.00685852
445.321 0.765106 0.00687432
445.679 0.767921 0.00685077
446.038 0.768643 0.00682895
446.396 0.764388 0.00690385
446.754 0.766307 0.00700709
447.112 0.77017 0.00706026
447.471 0.766627 0.00705208
447.829 0.76016 0.007059
448.187 0.771948 0.00710088
448.545 0.764869 0.00704661
448.903 0.768786 0.00708293
449.261 0.770941 0.00711348
449.619 0.78206 0.00723245
449.977 0.773372 0.00722719
450.335 0.774768 0.00731297
450.693 0.78176 0.00736409
451.051 0.778999 0.0073365
451.409 0.787857 0.00740703
451.766 0.786379 0.00740952
452.124 0.792566 0.00754297
452.482 0.789085 0.00760094
452.839 0.798005 0.00772915
453.197 0.79118 0.00770961
453.555 0.798123 0.00777538
453.912 0.801345 0.00777059
454.27 0.802292 0.00765254
454.627 0.808477 0.0075912
454.984 0.805128 0.00759336
455.342 0.810571 0.00773579
455.699 0.811737 0.00782773
456.056 0.816998 0.00780645
456.414 0.821132 0.0077562
456.771 0.820322 0.00761062
457.128 0.823824 0.00759767
457.485 0.828496 0.00759277
457.842 0.833691 0.00766367
458.199 0.82988 0.00763728
458.556 0.83628 0.00759272
458.913 0.834158 0.00758339
459.27 0.841906 0.00757537
459.627 0.84471 0.00769837
459.984 0.832699 0.00758772
460.341 0.848857 0.00765113
460.697 0.844816 0.00772384
461.054 0.849731 0.00797446
461.411 0.851012 0.00814487
461.767 0.851509 0.00824332
462.124 0.854087 0.00823515
462.481 0.859311 0.0081615
462.837 0.851006 0.0079959
463.194 0.857687 0.0078592
463.55 0.861287 0.00792632
463.907 0.867062 0.00774407
464.263 0.862763 0.0076185
464.619 0.866631 0.00749101
464.976 0.866149 0.00738522
465.332 0.868271 0.00739243
465.688 0.872815 0.00763919
466.044 0.867613 0.00788984
466.4 0.870129 0.0080242
466.756 0.869143 0.00807227
467.112 0.874802 0.00809844
467.468 0.873521 0.00808055
467.824 0.877536 0.00818217
468.18 0.878999 0.00829595
468.536 0.871135 0.00826566
468.892 0.877617 0.00842871
469.248 0.879748 0.00847637
469.604 0.877845 0.00851812
469.959 0.878611 0.00851882
470.315 0.878106 0.00851178
470.671 0.8835 0.00852935
471.026 0.875592 0.00841944
471.382 0.869921 0.00831184
471.737 0.881371 0.00829905
472.093 0.873235 0.00813179
472.448 0.876935 0.00799256
472.804 0.880864 0.00794214
473.159 0.874962 0.00785051
473.514 0.877801 0.0079032
473.87 0.8789 0.00779546
474.225 0.877295 0.00756579
474.58 0.873234 0.00739942
474.935 0.884708 0.00751122
475.29 0.880327 0.00759363
475.645 0.881175 0.00760498
476 0.871568 0.00757316
476.355 0.87812 0.00767001
476.71 0.87232 0.00764015
477.065 0.866065 0.00739096
477.42 0.87601 0.00733524
477.775 0.866604 0.00730455
478.13 0.876312 0.00741141
478.485 0.870762 0.00733438
478.839 0.870092 0.00724385
479.194 0.867149 0.00704627
479.549 0.873574 0.00698559
479.903 0.871584 0.00699624
480.258 0.861313 0.00700962
480.612 0.871675 0.00695969
480.967 0.863578 0.00676713
481.321 0.868607 0.00680856
481.675 0.861728 0.00691219
482.03 0.861498 0.00703319
482.384 0.858152 0.007049
482.738 0.85137 0.00695413
483.093 0.85927 0.00693531
483.447 0.856768 0.00677479
483.801 0.843468 0.00651213
484.155 0.848354 0.00644762
484.509 0.827388 0.00554461
484.863 0.839733 0.00380723
485.217 0.852395 0.00348622
485.571 0.861931 0.00359623
485.925 0.855498 0.00456393
486.279 0.849953 0.00527496
486.632 0.850562 0.0057073
486.986 0.847569 0.00615853
487.34 0.840046 0.00654504
487.694 0.83927 0.00672464
488.047 0.835422 0.00674714
488.401 0.836852 0.00676149
488.754 0.826945 0.00676402
489.108 0.828524 0.00688096
489.461 0.823263 0.00689229
489.815 0.825708 0.00697452
490.168 0.820632 0.00687635
490.522 0.817058 0.00683217
490.875 0.813752 0.00682858
491.228 0.811397 0.00686559
491.581 0.815618 0.0068362
491.935 0.813746 0.00685359
492.288 0.81398 0.00688282
492.641 0.8091 0.00681349
492.994 0.805914 0.00679498
493.347 0.797488 0.0066655
493.7 0.80049 0.00668314
494.053 0.798573 0.00669797
494.406 0.799021 0.00680821
494.759 0.797104 0.00693869
495.111 0.791438 0.00669808
495.464 0.788536 0.00639237
495.817 0.783537 0.00625697
496.169 0.788105 0.00645127
496.522 0.786383 0.00673513
496.875 0.778148 0.00692352
497.227 0.78761 0.00703431
497.58 0.775959 0.00696992
497.932 0.775732 0.00688709
498.285 0.77093 0.00680306
498.637 0.768215 0.00662194
498.989 0.768756 0.00655051
499.342 0.772855 0.00661665
499.694 0.773701 0.00676664
500.046 0.76484 0.00678555
500.398 0.768486 0.00663515
500.751 0.766521 0.00656622
501.103 0.763124 0.00653077
501.455 0.761201 0.00653254
501.807 0.768022 0.0065716
502.159 0.762496 0.00655145
502.511 0.760538 0.00652679
502.862 0.765024 0.00657421
503.214 0.763336 0.00665671
503.566 0.761446 0.00678322
503.918 0.760864 0.006854
504.27 0.764127 0.00686141
504.621 0.76702 0.00689116
504.973 0.763373 0.00691355
505.324 0.764341 0.00687325
505.676 0.760303 0.00673563
506.027 0.767112 0.00678399
506.379 0.755261 0.00695571
506.73 0.763937 0.00710221
507.082 0.766009 0.00706137
507.433 0.769052 0.00694433
507.784 0.766409 0.00687443
508.136 0.769921 0.00701038
508.487 0.774371 0.00710277
508.838 0.77154 0.00715625
509.189 0.77638 0.00717077
509.54 0.777605 0.0070805
509.891 0.779822 0.00717261
510.242 0.779054 0.00717707
510.593 0.780651 0.00723014
510.944 0.784606 0.00728895
511.295 0.789176 0.00746238
511.646 0.786381 0.00753166
511.996 0.787006 0.00745703
512.347 0.792561 0.00742701
512.698 0.796389 0.00746952
513.049 0.791139 0.00749073
513.399 0.789862 0.0075194
513.75 0.796527 0.00752848
514.1 0.804898 0.00771152
514.451 0.803302 0.00786407
514.801 0.798266 0.00780496
515.152 0.805967 0.00777319
515.502 0.805518 0.00765058
515.852 0.811011 0.00763542
516.202 0.815944 0.00764834
516.553 0.822831 0.00779283
516.903 0.814944 0.00787368
517.253 0.82067 0.00802049
517.603 0.817353 0.0080028
517.953 0.817736 0.00796578
518.303 0.82237 0.00780082
518.653 0.825733 0.00775271
519.003 0.827764 0.00782186
519.353 0.831235 0.0081186
519.703 0.833447 0.00830179
520.052 0.833214 0.00834319
520.402 0.842352 0.00834261
520.752 0.837526 0.00822347
521.102 0.843475 0.00838637
521.451 0.845234 0.00845489
521.801 0.841633 0.00841273
522.15 0.839318 0.00826193
522.5 0.839803 0.0082509
522.849 0.840679 0.00822927
523.199 0.851024 0.00820154
523.548 0.843867 0.00808846
523.897 0.84743 0.00819924
524.246 0.854106 0.00836848
524.596 0.858263 0.00850755
524.945 0.854479 0.00843929
525.294 0.860983 0.00847037
525.643 0.859013 0.00844182
525.992 0.858233 0.00842357
526.341 0.861092 0.00838497
526.69 0.86724 0.00848109
527.039 0.862711 0.00854136
527.388 0.865664 0.00861582
527.737 0.865658 0.00835364
528.086 0.86268 0.00803244
528.434 0.865781 0.00789961
528.783 0.872231 0.00814564
529.132 0.8676 0.00827862
529.48 0.874432 0.00841809
529.829 0.871498 0.00845026
530.177 0.874201 0.00855021
530.526 0.874005 0.00857027
530.874 0.868748 0.008463
531.223 0.86536 0.00843428
531.571 0.872975 0.00854427
531.919 0.868376 0.00843798
532.268 0.866742 0.00817261
532.616 0.877803 0.00796168
532.964 0.869074 0.00780449
533.312 0.86909 0.0078086
533.66 0.877683 0.00788252
534.008 0.867708 0.00781976
534.356 0.876482 0.00786438
534.704 0.882437 0.00796277
535.052 0.883768 0.00807595
535.4 0.877106 0.00821553
535.748 0.878836 0.00841941
536.095 0.876528 0.00862139
536.443 0.876264 0.00863084
536.791 0.879331 0.00846306
537.139 0.874218 0.00824413
537.486 0.876024 0.00806177
537.834 0.882249 0.0080475
538.181 0.873449 0.00796129
538.529 0.883669 0.00805284
538.876 0.874578 0.00799054
539.223 0.878853 0.00814549
539.571 0.885213 0.00834979
539.918 0.883133 0.00831041
540.265 0.881993 0.00814131
540.613 0.875168 0.00797028
540.96 0.878579 0.00808468
541.307 0.87348 0.00807588
541.654 0.874779 0.00807986
542.001 0.882646 0.00814138
542.348 0.875596 0.00810728
542.695 0.877715 0.00812735
543.042 0.878069 0.00800424
543.388 0.874356 0.00788629
543.735 0.877595 0.00788991
544.082 0.878007 0.00787974
544.429 0.87307 0.00789374
544.775 0.877633 0.00808862
545.122 0.873836 0.0083104
545.469 0.876536 0.00845932
545.815 0.868289 0.0083707
546.162 0.865775 0.00829206
546.508 0.867793 0.00813127
546.854 0.86893 0.00783502
547.201 0.866396 0.00753714
547.547 0.872173 0.00754033
547.893 0.870051 0.00770024
548.24 0.878971 0.00815412
548.586 0.871099 0.0084551
548.932 0.867768 0.00856446
549.278 0.859316 0.0085287
549.624 0.868248 0.00852711
549.97 0.866015 0.00859584
550.316 0.857887 0.00872622
550.662 0.86136 0.00883383
551.008 0.852957 0.00833583
551.353 0.857751 0.0079126
551.699 0.862928 0.00776089
552.045 0.86399 0.0079748
552.391 0.854439 0.00809495
552.736 0.850035 0.00811092
553.082 0.851133 0.00812808
553.427 0.846507 0.00824923
553.773 0.850945 0.00854466
554.118 0.844856 0.00851457
554.464 0.84347 0.00828928
554.809 0.839996 0.00794366
555.154 0.845834 0.00786385
555.5 0.845191 0.00787869
555.845 0.838819 0.00815411
556.19 0.8427 0.0083947
556.535 0.839219 0.00856547
556.88 0.846838 0.00846551
557.225 0.83649 0.00838245
557.57 0.835719 0.00854208
557.915 0.829512 0.00874102
558.26 0.832555 0.00886497
558.605 0.831714 0.00882906
558.95 0.825349 0.00860128
559.295 0.820717 0.0081197
559.639 0.825322 0.00783598
559.984 0.820464 0.00751429
560.329 0.813791 0.00745603
560.673 0.822944 0.00752386
561.018 0.821269 0.00773678
561.362 0.820786 0.00794069
561.707 0.816766 0.00811979
562.051 0.81771 0.00802544
562.395 0.809976 0.0078819
562.74 0.809831 0.0077248
563.084 0.808222 0.00762177
563.428 0.805486 0.00744997
563.772 0.801847 0.00746758
564.117 0.79925 0.00740095
564.461 0.80152 0.007388
564.805 0.794504 0.00741967
565.149 0.797118 0.00739759
565.493 0.792189 0.00738599
565.836 0.794973 0.00725681
566.18 0.787795 0.0071184
566.524 0.786673 0.00663328
566.868 0.789396 0.00646658
567.212 0.782392 0.00632825
567.555 0.776398 0.0062243
567.899 0.782829 0.00596044
568.242 0.77694 0.0056955
568.586 0.772625 0.00531499
568.929 0.770372 0.00496774
569.273 0.765909 0.00468313
569.616 0.770053 0.00470241
569.96 0.765893 0.00459496
570.303 0.766583 0.00445419
570.646 0.763871 0.00439108
570.989 0.763293 0.00425347
571.333 0.766039 0.00431416
571.676 0.761364 0.00446173
572.019 0.759433 0.00481844
572.362 0.756198 0.00453678
572.705 0.753222 0.00420255
573.048 0.749216 0.00398952
573.391 0.751951 0.00386638
573.733 0.753066 0.0038155
574.076 0.751104 0.0037684
574.419 0.752962 0.00388806
574.762 0.750099 0.00408742
575.104 0.751527 0.00437956
575.447 0.743476 0.00429722
575.789 0.743209 0.00403849
576.132 0.74346 0.00381589
576.474 0.742014 0.00376951
576.817 0.746252 0.00349698
577.159 0.756105 0.00332814
577.501 0.756897 0.00335616
577.844 0.748865 0.00357287
578.186 0.740538 0.00398524
578.528 0.739392 0.00414481
578.87 0.745705 0.00418063
579.212 0.738394 0.00402133
579.554 0.741625 0.00390135
579.896 0.739321 0.003919
580.238 0.736129 0.00368511
580.58 0.756073 0.00328136
580.922 0.782389 0.00320803
581.264 0.806898 0.00325781
581.606 0.758296 0.00329722
581.947 0.74893 0.0034782
582.289 0.742895 0.00384865
582.631 0.739076 0.00425797
582.972 0.743041 0.00455568
583.314 0.744383 0.00450953
583.655 0.73787 0.00434024
583.997 0.742449 0.00397409
584.338 0.747412 0.00370867
584.679 0.754306 0.00357468
585.021 0.749812 0.00366198
585.362 0.745873 0.00392445
585.703 0.749041 0.00423001
586.044 0.746786 0.00423939
586.385 0.748088 0.00401507
586.726 0.751313 0.00384302
587.067 0.755713 0.00400552
587.408 0.755755 0.0042353
587.749 0.760453 0.00444987
588.09 0.756091 0.00462204
588.431 0.762562 0.00491828
588.772 0.765417 0.00512471
589.113 0.764645 0.00503369
589.453 0.762179 0.0049983
589.794 0.766532 0.00518422
590.134 0.774029 0.00548747
590.475 0.770423 0.00560192
590.815 0.772417 0.00555726
591.156 0.777797 0.00558452
591.496 0.770775 0.00538978
591.837 0.774118 0.00464678
592.177 0.774218 0.00422142
592.517 0.777589 0.00405039
592.857 0.779833 0.00427667
593.198 0.783867 0.00456199
593.538 0.785964 0.00503927
593.878 0.788392 0.00520833
594.218 0.786376 0.00503387
594.558 0.789216 0.00485551
594.898 0.791212 0.00499857
595.237 0.792907 0.00531415
595.577 0.799704 0.00568163
595.917 0.802244 0.00597485
596.257 0.79752 0.00570762
596.596 0.800972 0.0055762
596.936 0.804031 0.00549412
597.276 0.804418 0.00571026
597.615 0.805964 0.00561443
597.955 0.808454 0.0049455
598.294 0.809892 0.00464403
598.633 0.815262 0.00467484
598.973 0.812091 0.00484162
599.312 0.814736 0.0048347
599.651 0.819454 0.00488711
599.991 0.81634 0.00498436
600.33 0.825768 0.00509052
600.669 0.819435 0.0052163
601.008 0.826719 0.00542055
601.347 0.821823 0.00558865
601.686 0.825786 0.00543849
602.025 0.825887 0.00547512
602.364 0.82874 0.00521131
602.702 0.826766 0.00513043
603.041 0.832195 0.00518133
603.38 0.836429 0.00544297
603.719 0.84143 0.00570791
604.057 0.830776 0.00583105
604.396 0.838334 0.00584826
604.734 0.834412 0.00557248
605.073 0.847112 0.00519442
605.411 0.83545 0.00520862
605.75 0.844386 0.00542758
606.088 0.846283 0.0057181
606.426 0.846068 0.00557721
606.764 0.844302 0.0054948
607.103 0.850806 0.00569073
607.441 0.841518 0.00585491
607.779 0.85347 0.00603929
608.117 0.851442 0.00599085
608.455 0.849555 0.00623803
608.793 0.847181 0.00628937
609.131 0.850757 0.00587998
609.469 0.855085 0.00575268
609.806 0.854617 0.00582843
610.144 0.854331 0.0062851
610.482 0.853479 0.00634723
610.819 0.862173 0.00636551
611.157 0.858689 0.00638606
611.495 0.856359 0.00660091
611.832 0.856024 0.00661933
612.17 0.858506 0.0065807
612.507 0.858911 0.00650874
612.844 0.859882 0.00658083
613.182 0.861183 0.00660103
613.519 0.860483 0.00655771
613.856 0.860821 0.0065419
614.193 0.859447 0.00645425
614.53 0.861543 0.00632749
614.867 0.870604 0.00635379
615.205 0.865659 0.00665296
615.541 0.870164 0.0069113
615.878 0.866962 0.00719148
616.215 0.868825 0.00712572
616.552 0.867006 0.00719098
616.889 0.871687 0.00704483
617.226 0.870695 0.0069686
617.562 0.873312 0.00720093
617.899 0.869785 0.00762037
618.235 0.875638 0.00803991
618.572 0.871923 0.00832006
618.908 0.867233 0.00800973
619.245 0.872924 0.007708
619.581 0.874497 0.00757969
619.918 0.879754 0.00823401
620.254 0.875773 0.00926759
620.59 0.881552 0.00943809
620.926 0.870383 0.00874414
621.262 0.872661 0.00826928
621.599 0.874971 0.00831785
621.935 0.873093 0.00820434
622.271 0.876085 0.00791024
622.606 0.866886 0.00769858
622.942 0.873689 0.00792034
623.278 0.875106 0.00815781
623.614 0.867712 0.00774149
623.95 0.872758 0.00773288
624.285 0.874043 0.00788282
624.621 0.878344 0.00833149
624.957 0.874981 0.00857417
625.292 0.876347 0.00884034
625.628 0.870545 0.00907761
625.963 0.872758 0.00914948
626.299 0.87646 0.00898009
626.634 0.870367 0.00880842
626.969 0.87684 0.00900463
627.304 0.872626 0.00973714
627.64 0.877764 0.0104749
627.975 0.86237 0.0101749
628.31 0.866923 0.00964314
628.645 0.879239 0.00948926
628.98 0.868079 0.00963604
629.315 0.881834 0.00989821
629.65 0.879954 0.00996655
629.985 0.869748 0.00988073
630.319 0.870324 0.0103162
630.654 0.870227 0.0104332
630.989 0.871926 0.0103922
631.323 0.867354 0.0105445
631.658 0.870019 0.0109911
631.993 0.882388 0.0115482
632.327 0.874001 0.011537
632.662 0.878961 0.011507
632.996 0.871225 0.0112022
633.33 0.859352 0.0109609
633.665 0.865532 0.0113855
633.999 0.870905 0.0117677
634.333 0.869919 0.0117587
634.667 0.875737 0.0118387
635.001 0.871611 0.0115231
635.335 0.859819 0.0110093
635.669 0.872425 0.0106782
636.003 0.865523 0.010784
636.337 0.876005 0.0113914
636.671 0.880695 0.0120184
637.005 0.87128 0.0122787
637.339 0.868095 0.0122021
637.672 0.863962 0.0117285
638.006 0.875024 0.0115003
638.339 0.863572 0.0115914
638.673 0.865623 0.0119746
639.006 0.862125 0.0123258
639.34 0.863721 0.0123303
639.673 0.863425 0.0125042
640.007 0.85483 0.0124105
640.34 0.860995 0.0126724
640.673 0.851175 0.012696
641.006 0.871387 0.0130346
641.34 0.851334 0.0130241
641.673 0.868877 0.0134718
642.006 0.858459 0.0136215
642.339 0.857798 0.0133755
642.672 0.866007 0.0133567
643.004 0.847847 0.0132914
643.337 0.864238 0.0138515
643.67 0.86732 0.0138724
644.003 0.848989 0.0135905
644.336 0.846803 0.0135161
644.668 0.833273 0.0133837
645.001 0.84971 0.0137487
645.333 0.858242 0.0141573
645.666 0.843533 0.0143251
645.998 0.846221 0.0146755
646.331 0.852281 0.0149518
646.663 0.857582 0.0148439
646.995 0.849087 0.0138694
647.327 0.836261 0.0126403
647.66 0.835266 0.0119414
647.992 0.844266 0.0118222
648.324 0.845031 0.0117839
648.656 0.841153 0.0119203
648.988 0.836429 0.01236
649.32 0.847215 0.0133063
649.652 0.837355 0.0138492
649.983 0.844906 0.0142111
650.315 0.837344 0.0142385
650.647 0.834326 0.0138868
650.979 0.831965 0.0132346
651.31 0.832197 0.0127273
651.642 0.834687 0.0124601
651.973 0.840431 0.0124946
652.305 0.823086 0.0123181
652.636 0.836246 0.0125882
652.967 0.824272 0.0127802
653.299 0.825001 0.0130839
653.63 0.814098 0.0128503
653.961 0.818934 0.0119727
654.292 0.795535 0.00905745
654.623 0.791386 0.00327436
654.955 0.89405 0.00341639
655.286 0.893995 0.00341618
655.616 0.893939 0.00341596
655.947 0.893883 0.00341575
656.278 0.893825 0.00341553
656.609 0.740634 0.00325361
656.94 0.813794 0.00451298
657.27 0.8139 0.00529129
657.601 0.819296 0.00612309
657.932 0.831243 0.00737699
658.262 0.828714 0.00897267
658.593 0.823982 0.0107325
658.923 0.803496 0.0123922
659.254 0.809459 0.0137394
659.584 0.807912 0.0145737
659.914 0.812183 0.0153015
660.244 0.811997 0.0156819
660.575 0.806411 0.0155136
660.905 0.807573 0.0155478
661.235 0.811718 0.0153695
661.565 0.789978 0.0150532
661.895 0.782156 0.014893
662.225 0.791607 0.0152187
662.555 0.791204 0.015426
662.884 0.786426 0.0152075
663.214 0.804632 0.0151704
663.544 0.797833 0.014949
663.873 0.77989 0.0145609
664.203 0.79382 0.0145304
664.533 0.780391 0.0140168
664.862 0.771542 0.0138401
665.192 0.780115 0.0143171
665.521 0.780225 0.0150954
665.85 0.77201 0.0154618
666.18 0.775766 0.0161379
666.509 0.793831 0.0162277
666.838 0.767838 0.0155825
667.167 0.768245 0.0153864
667.496 0.783945 0.0158107
667.825 0.783754 0.0158883
668.154 0.766154 0.0156828
668.483 0.787541 0.0157921
668.812 0.778835 0.0154119
669.141 0.778545 0.0152553
669.47 0.771793 0.0150021
669.798 0.780777 0.0152435
670.127 0.743502 0.0148892
670.456 0.748662 0.0140959
670.784 0.75316 0.0126816
671.113 0.744751 0.0115759
671.441 0.756915 0.0111513
671.77 0.754459 0.011318
672.098 0.738914 0.0116415
672.426 0.750865 0.013047
672.755 0.748613 0.0138515
673.083 0.751385 0.0140733
673.411 0.739802 0.0139365
673.739 0.743245 0.0141733
674.067 0.750335 0.0149929
674.395 0.763888 0.015126
674.723 0.752827 0.0146251
675.051 0.742913 0.0143183
675.379 0.738952 0.0142682
675.706 0.748161 0.0145148
676.034 0.738371 0.0147449
676.362 0.728513 0.0147167
676.689 0.749783 0.0140243
677.017 0.751966 0.0131225
677.344 0.736188 0.0124728
677.672 0.745601 0.0127674
677.999 0.724088 0.012735
678.327 0.727549 0.012511
678.654 0.736651 0.0120411
678.981 0.724068 0.0115788
679.308 0.723461 0.0116662
679.636 0.732523 0.0122877
679.963 0.729504 0.0128761
680.29 0.722904 0.0128526
680.617 0.72399 0.0126228
680.944 0.738075 0.0125559
681.271 0.734659 0.0128878
681.597 0.730908 0.0137242
681.924 0.727213 0.01458
682.251 0.731112 0.0145615
682.578 0.745769 0.0139339
682.904 0.721695 0.0127902
683.231 0.726803 0.0123248
683.557 0.713398 0.0119372
683.884 0.72331 0.0116769
684.21 0.713588 0.0113266
684.536 0.717057 0.0109831
684.863 0.723289 0.010865
685.189 0.718113 0.0110087
685.515 0.719335 0.0116144
685.841 0.72709 0.0120592
686.167 0.715223 0.0119723
686.493 0.739533 0.0120286
686.819 0.726754 0.0119919
687.145 0.717449 0.0124351
687.471 0.732889 0.0135155
687.797 0.730044 0.0139418
688.123 0.739063 0.0139423
688.448 0.726454 0.0133694
688.774 0.736742 0.0130592
689.1 0.728061 0.0132018
689.425 0.732918 0.0138014
689.751 0.745092 0.0141408
690.076 0.724302 0.0131657
690.402 0.733616 0.0123794
690.727 0.720919 0.011893
691.052 0.726807 0.0122545
691.377 0.714841 0.012518
691.703 0.736679 0.0130295
692.028 0.744142 0.0131027
692.353 0.742679 0.0128131
692.678 0.738319 0.0128737
693.003 0.751907 0.0134855
693.328 0.730917 0.0142776
693.652 0.740384 0.0150185
693.977 0.728834 0.0145448
694.302 0.731585 0.0137402
694.627 0.745042 0.0136722
694.951 0.740382 0.0141194
695.276 0.752332 0.0156028
695.6 0.745519 0.0157932
695.925 0.749572 0.0138987
696.249 0.749392 0.0122539
696.574 0.746629 0.0115918
696.898 0.74292 0.0120893
697.222 0.748916 0.0128298
697.546 0.748821 0.0133452
697.871 0.748224 0.0136209
698.195 0.753915 0.0137728
698.519 0.745406 0.0140414
698.843 0.762352 0.0146065
699.167 0.743545 0.0149673
699.491 0.749459 0.015599
699.814 0.768109 0.0159196
700.138 0.767481 0.0159617
700.462 0.764856 0.0161978
700.786 0.751154 0.0158389
701.109 0.769523 0.0156363
701.433 0.772561 0.0151245
701.756 0.766611 0.0145283
702.08 0.768256 0.0145451
702.403 0.769491 0.0148533
702.726 0.769758 0.0154863
703.05 0.767485 0.0158409
703.373 0.76511 0.0160008
703.696 0.765286 0.0160161
704.019 0.780929 0.0167434
704.342 0.771282 0.0172466
704.665 0.779756 0.0180571
704.988 0.787169 0.0180241
705.311 0.767138 0.0166999
705.634 0.776287 0.0150831
705.957 0.777874 0.0136747
706.28 0.776562 0.0126573
706.602 0.778645 0.0125428
706.925 0.772413 0.0127552
707.247 0.783754 0.0133605
707.57 0.777522 0.013832
707.892 0.78324 0.0143566
708.215 0.787416 0.0150982
708.537 0.773629 0.0153338
708.859 0.785385 0.0155382
709.182 0.790051 0.015423
709.504 0.798292 0.0150952
709.826 0.792685 0.0148532
710.148 0.791686 0.0149037
710.47 0.800507 0.0154125
710.792 0.791331 0.0158902
711.114 0.798451 0.0164966
711.436 0.80658 0.0169493
711.758 0.781826 0.0164171
712.079 0.801726 0.0164347
712.401 0.801216 0.0156188
712.723 0.802476 0.0150636
713.044 0.803219 0.0141985
713.366 0.805568 0.0140609
713.687 0.798654 0.0141142
714.009 0.795942 0.0144725
714.33 0.802216 0.0148552
714.652 0.796949 0.0152271
714.973 0.812982 0.0159125
715.294 0.784595 0.0164361
715.615 0.810022 0.0177682
715.936 0.811331 0.0180434
716.257 0.811332 0.018217
716.578 0.841394 0.0186761
716.899 0.834121 0.0181807
717.22 0.824022 0.0169045
717.541 0.817471 0.0163859
717.862 0.819735 0.0163535
718.182 0.808164 0.0162057
718.503 0.814687 0.0159173
718.824 0.830563 0.0163005
719.144 0.816595 0.0164213
719.465 0.809056 0.0167186
719.785 0.808453 0.0163676
720.105 0.815603 0.0162239
720.426 0.820155 0.0160673
720.746 0.827026 0.0164081
721.066 0.816483 0.0163326
721.386 0.813313 0.0164679
721.706 0.833193 0.0171527
722.026 0.832985 0.0176056
722.346 0.841344 0.0178409
722.666 0.839376 0.0175869
722.986 0.842167 0.0171791
723.306 0.832339 0.017212
723.626 0.829084 0.0175188
723.946 0.818619 0.0173731
724.265 0.829818 0.0165565
724.585 0.825321 0.0156409
724.904 0.840637 0.0156681
725.224 0.834322 0.0156508
725.543 0.831794 0.0156238
725.863 0.832101 0.0157764
726.182 0.842158 0.0165158
726.501 0.831924 0.0166738
726.82 0.845064 0.0169156
727.14 0.82403 0.0160568
727.459 0.829512 0.0156242
727.778 0.819048 0.0154331
728.097 0.846287 0.0159022
728.416 0.8365 0.0156313
728.734 0.838116 0.015149
729.053 0.837582 0.0149957
729.372 0.836909 0.0149587
729.691 0.82787 0.0145028
730.009 0.844877 0.0139467
730.328 0.840261 0.0134992
730.647 0.851264 0.0136029
730.965 0.851667 0.0140828
731.283 0.851064 0.0146067
731.602 0.828723 0.0145815
731.92 0.853014 0.0145308
732.238 0.835497 0.0140345
732.557 0.850317 0.0140287
732.875 0.835112 0.0135656
733.193 0.840025 0.0127942
733.511 0.846014 0.0125463
733.829 0.852392 0.0129712
734.147 0.845664 0.0137697
734.465 0.851161 0.0144427
734.782 0.858489 0.0144916
735.1 0.851151 0.0140253
735.418 0.847935 0.0139873
735.735 0.852545 0.0140675
736.053 0.838195 0.013794
736.371 0.850378 0.0140375
736.688 0.835794 0.0144237
737.005 0.865075 0.0155681
737.323 0.852676 0.0160472
737.64 0.859035 0.0161253
737.957 0.853778 0.0152416
738.274 0.846719 0.0139312
738.592 0.853116 0.0136433
738.909 0.848553 0.0139496
739.226 0.840591 0.0151221
739.543 0.848155 0.0163734
739.86 0.850911 0.0173535
740.176 0.857446 0.0178723
740.493 0.85184 0.0183517
740.81 0.835806 0.0182355
741.127 0.842013 0.0181097
741.443 0.852077 0.0172616
741.76 0.857439 0.016742
742.076 0.842311 0.0167405
742.393 0.849959 0.0177184
742.709 0.864446 0.0188579
743.025 0.860457 0.019161
743.342 0.844255 0.0188053
743.658 0.868779 0.0187094
743.974 0.853801 0.0180344
744.29 0.869118 0.018177
744.606 0.850141 0.0181696
744.922 0.836114 0.0180513
745.238 0.859143 0.0183538
745.554 0.858549 0.0187914
745.87 0.859121 0.0189956
746.186 0.848068 0.0180955
746.501 0.863265 0.0175852
746.817 0.855499 0.0177848
747.132 0.874546 0.0193013
747.448 0.86722 0.0199755
747.763 0.844118 0.0194132
748.079 0.844982 0.0186149
748.394 0.880196 0.0177111
748.71 0.862074 0.0163181
749.025 0.848726 0.0152441
749.34 0.849226 0.0150504
749.655 0.868029 0.015549
749.97 0.856848 0.0160046
750.285 0.853891 0.0160264
750.6 0.858441 0.0157256
750.915 0.861505 0.0153621
751.23 0.860335 0.015654
751.545 0.871877 0.0164062
751.859 0.849538 0.0168047
752.174 0.858511 0.0170905
752.489 0.861142 0.0162549
752.803 0.855107 0.0152255
753.118 0.849564 0.0150622
753.432 0.841442 0.0154929
753.747 0.860978 0.0162526
754.061 0.840361 0.0155127
754.375 0.842388 0.0148813
754.689 0.848752 0.0144725
755.004 0.860379 0.0145478
755.318 0.848094 0.0141287
755.632 0.841913 0.0133905
755.946 0.85358 0.0132393
756.26 0.847097 0.0125993
756.573 0.856048 0.0121183
756.887 0.853414 0.0117313
757.201 0.841941 0.0118995
757.515 0.861313 0.0131839
757.828 0.852766 0.0140691
758.142 0.853401 0.0140277
758.455 0.849506 0.0129978
758.769 0.857867 0.0123695
759.082 0.839218 0.0119015
759.396 0.844995 0.0117629
759.709 0.844521 0.0116684
760.022 0.850025 0.0118097
760.335 0.860901 0.0125096
760.648 0.852072 0.0133763
760.962 0.870924 0.0145156
761.275 0.83469 0.0149145
761.587 0.854764 0.0152892
761.9 0.865645 0.0154252
762.213 0.847394 0.0147633
762.526 0.860893 0.0143436
762.839 0.841496 0.0141244
763.151 0.846385 0.0137562
763.464 0.853119 0.0130626
763.776 0.846198 0.0120842
764.089 0.851128 0.0118633
764.401 0.845822 0.0122465
764.714 0.831404 0.0128557
765.026 0.857138 0.0139324
765.338 0.840851 0.0146933
765.65 0.853533 0.0159335
765.962 0.841559 0.0165568
766.275 0.825446 0.0169842
766.587 0.827691 0.0170634
766.898 0.822502 0.016464
767.21 0.852179 0.0157678
767.522 0.831931 0.014455
767.834 0.838347 0.013979
768.146 0.829501 0.0140055
768.457 0.846919 0.0150166
768.769 0.836527 0.0157188
769.08 0.829677 0.015725
769.392 0.839051 0.0152418
769.703 0.834925 0.0144175
770.015 0.838049 0.0138933
770.326 0.840114 0.0139374
770.637 0.840598 0.0144456
770.948 0.836505 0.0154625
771.26 0.814781 0.0162191
771.571 0.834924 0.0165982
771.882 0.828714 0.0161346
772.193 0.844004 0.0164477
772.504 0.855755 0.0169763
772.814 0.815895 0.0169069
773.125 0.82587 0.0173621
773.436 0.817673 0.0177719
773.747 0.815879 0.018152
774.057 0.809694 0.01847
774.368 0.850117 0.019223
774.678 0.842674 0.0196376
774.989 0.820653 0.0196835
775.299 0.832621 0.0204937
775.609 0.814842 0.0200477
775.919 0.817513 0.0199158
776.23 0.838895 0.020199
776.54 0.814344 0.0197327
776.85 0.826244 0.0200853
777.16 0.818524 0.0193974
777.47 0.821922 0.0184277
777.78 0.843166 0.0178418
778.089 0.812849 0.0166376
778.399 0.810297 0.0165062
778.709 0.824162 0.0174148
779.019 0.837203 0.0187051
779.328 0.825039 0.0195733
779.638 0.803241 0.0190576
779.947 0.803203 0.0173722
780.257 0.814881 0.0159623
780.566 0.814059 0.0153571
780.875 0.799541 0.0155674
781.185 0.808023 0.0166423
781.494 0.797385 0.0168055
781.803 0.817395 0.0174697
782.112 0.804387 0.0175837
782.421 0.807904 0.0173906
782.73 0.79503 0.0167972
783.039 0.80394 0.0171054
783.348 0.805282 0.0184861
783.656 0.795249 0.0193798
783.965 0.798362 0.0197089
784.274 0.804424 0.019032
784.582 0.806086 0.0184599
784.891 0.814735 0.0184493
785.199 0.806191 0.0186303
785.508 0.804104 0.0191186
785.816 0.806403 0.019494
786.124 0.809521 0.0191005
786.432 0.812261 0.0181933
786.741 0.807142 0.0174427
787.049 0.79536 0.0172126
787.357 0.790579 0.0174234
787.665 0.802572 0.0174494
787.973 0.812301 0.0177145
788.281 0.79493 0.0178889
788.588 0.77601 0.0186157
788.896 0.792258 0.0199794
789.204 0.819036 0.0211396
789.511 0.792774 0.0208542
789.819 0.813494 0.02151
790.126 0.784672 0.0211344
790.434 0.814441 0.0215266
790.741 0.821586 0.0215662
791.049 0.791536 0.0211458
791.356 0.807462 0.0220507
791.663 0.787141 0.0221643
791.97 0.809719 0.0225383
792.277 0.775171 0.0216426
792.584 0.797224 0.0207909
792.891 0.765818 0.0180233
793.198 0.787483 0.0169652
793.505 0.765928 0.016404
793.812 0.765028 0.0168581
794.119 0.773072 0.0173361
794.425 0.768881 0.0178026
794.732 0.760434 0.0185115
795.038 0.78053 0.0207197
795.345 0.792923 0.0224575
795.651 0.77625 0.0234114
795.958 0.777018 0.0234706
796.264 0.754179 0.0215775
796.57 0.790508 0.0212829
796.876 0.798445 0.0212058
797.183 0.758643 0.0210526
797.489 0.783817 0.0222774
797.795 0.767129 0.0222362
798.101 0.794089 0.0225235
798.406 0.791126 0.0226008
798.712 0.785481 0.0231853
799.018 0.761973 0.0231924
799.324 0.748996 0.0230545
799.629 0.772097 0.0235129
799.935 0.79013 0.0239623
800.24 0.8105 0.0247308
800.546 0.777255 0.0242266
800.851 0.761365 0.0241959
801.157 0.770717 0.0253869
801.462 0.782137 0.0258224
801.767 0.789346 0.0260645
802.072 0.770093 0.024746
802.377 0.792327 0.0241542
802.682 0.763798 0.0233333
802.987 0.775866 0.02417
803.292 0.756024 0.024469
803.597 0.779848 0.0250631
803.902 0.778188 0.0249734
804.207 0.788329 0.0249783
804.511 0.773858 0.0243687
804.816 0.745154 0.0224678
805.12 0.750761 0.021072
805.425 0.747521 0.0198045
805.729 0.751071 0.020007
806.034 0.737797 0.0205969
806.338 0.750864 0.0219627
806.642 0.753313 0.0225586
806.946 0.719158 0.0218183
807.251 0.748371 0.0224616
807.555 0.758708 0.0222564
807.859 0.734214 0.0217279
808.162 0.761367 0.0227682
808.466 0.748104 0.0233372
808.77 0.757809 0.0241104
809.074 0.787169 0.0254133
809.378 0.774371 0.0252498
809.681 0.739825 0.0244858
809.985 0.767024 0.0253352
810.288 0.78037 0.0258396
810.592 0.751594 0.0251686
810.895 0.727377 0.0253479
811.198 0.773548 0.0272959
811.502 0.744945 0.027176
811.805 0.811285 0.0291394
812.108 0.725075 0.0262934
812.411 0.7857 0.0265598
812.714 0.78473 0.0247318
813.017 0.726594 0.0225216
813.32 0.735803 0.0226302
813.623 0.744236 0.0234785
813.926 0.765433 0.0255353
814.228 0.765158 0.026896
814.531 0.76892 0.0278266
814.833 0.725751 0.0268264
815.136 0.722397 0.026927
815.438 0.78222 0.0283394
815.741 0.750951 0.0266159
816.043 0.750221 0.0262794
816.345 0.774784 0.0265266
816.648 0.730627 0.0259694
816.95 0.743287 0.0265955
817.252 0.777623 0.027814
817.554 0.746211 0.0273046
817.856 0.747784 0.0279172
818.158 0.745527 0.0281171
818.46 0.780038 0.0294898
818.761 0.761215 0.0290257
819.063 0.781258 0.0288949
819.365 0.754281 0.0275529
819.666 0.759512 0.0262658
819.968 0.759124 0.0253927
820.269 0.743512 0.0248587
820.571 0.707901 0.024892
820.872 0.732627 0.0262806
821.173 0.736672 0.0274
821.475 0.749998 0.0287105
821.776 0.743796 0.0284435
822.077 0.767083 0.028717
822.378 0.781841 0.0291943
822.679 0.77324 0.0295085
822.98 0.747051 0.0287351
823.281 0.769962 0.0301185
823.581 0.742728 0.0292826
823.882 0.780972 0.0304113
824.183 0.80099 0.0304861
824.483 0.729466 0.0280587
824.784 0.714286 0.0266247
825.084 0.73925 0.0275715
825.385 0.74026 0.027952
825.685 0.786143 0.0294248
825.985 0.747337 0.028444
826.286 0.724277 0.0276172
826.586 0.711313 0.0268321
826.886 0.720277 0.0270508
827.186 0.766725 0.028319
827.486 0.776124 0.0294492
827.786 0.78138 0.029999
828.086 0.752015 0.0291341
828.386 0.796256 0.0295871
828.685 0.763166 0.0288055
828.985 0.804248 0.0304543
829.285 0.759469 0.0297987
829.584 0.742171 0.0299333
829.884 0.75228 0.0305959
830.183 0.829626 0.0338052
830.482 0.787577 0.0325779
830.782 0.767322 0.0322929
831.081 0.792063 0.0340512
831.38 0.813936 0.0334021
831.679 0.794225 0.03307
831.978 0.794798 0.0331347
832.277 0.776285 0.0316912
832.576 0.770634 0.0309817
832.875 0.77568 0.031064
833.174 0.752413 0.0304026
833.472 0.767731 0.0309428
833.771 0.742306 0.0308401
834.07 0.76728 0.0306095
834.368 0.749572 0.0305503
834.667 0.777799 0.031942
834.965 0.820088 0.0332913
835.263 0.790821 0.0327359
835.562 0.802672 0.0329952
835.86 0.80301 0.0326976
836.158 0.754244 0.0320497
836.456 0.739187 0.0325639
836.754 0.765401 0.0330437
837.052 0.812201 0.0351197
837.35 0.795902 0.0340915
837.648 0.803974 0.0347183
837.946 0.825083 0.0354708
838.243 0.827294 0.0355284
838.541 0.759775 0.0331533
838.839 0.797798 0.0340225
839.136 0.78953 0.0337745
839.434 0.794518 0.0336751
839.731 0.834463 0.0354401
840.028 0.78159 0.0335132
840.326 0.761673 0.0334993
840.623 0.809492 0.0345034
840.92 0.796249 0.0345494
841.217 0.874823 0.0372306
841.514 0.863736 0.0372006
841.811 0.787683 0.0343525
842.108 0.809018 0.035838
842.405 0.878248 0.0376186
842.701 0.821801 0.0365574
842.998 0.803618 0.0350377
843.295 0.771712 0.0350858
843.591 0.848708 0.0368749
843.888 0.839855 0.0362579
844.184 0.819069 0.0360139
844.481 0.764187 0.0342159
844.777 0.796257 0.0350975
845.073 0.835476 0.0362225
845.369 0.854135 0.0369922
845.665 0.832511 0.0370547
845.962 0.819058 0.0360329
846.258 0.827255 0.0369141
846.553 0.849811 0.0374682
846.849 0.824066 0.03696
847.145 0.79161 0.0350476
847.441 0.847904 0.03649
847.737 0.794044 0.0350194
848.032 0.818303 0.0362294
848.328 0.808863 0.0361854
848.623 0.887642 0.0384127
848.919 0.826456 0.0362393
849.214 0.771149 0.0346064
849.509 0.786153 0.0354627
849.805 0.838788 0.0373656
850.1 0.885605 0.0392526
850.395 0.87337 0.0388514
850.69 0.812473 0.0377332
850.985 0.804415 0.0362132
851.28 0.854612 0.0371711
851.575 0.819705 0.0368486
851.869 0.836046 0.037087
852.164 0.876509 0.0374082
852.459 0.809811 0.0349703
852.753 0.841955 0.0351615
853.048 0.762477 0.0317248
853.342 0.750082 0.0312475
853.637 0.812821 0.0331124
853.931 0.80519 0.0326031
854.225 0.770698 0.0317569
854.52 0.825219 0.0340854
854.814 0.834723 0.034395
855.108 0.776925 0.0321062
855.402 0.738163 0.0318677
855.696 0.824758 0.0346494
855.99 0.855408 0.0358565
856.283 0.781196 0.0335138
856.577 0.837364 0.0354911
856.871 0.822922 0.0349056
857.164 0.8465 0.0357871
857.458 0.837274 0.0367739
857.751 0.77177 0.0346937
858.045 0.785954 0.0345863
858.338 0.821656 0.0359409
858.632 0.770854 0.0340151
858.925 0.823495 0.03608
859.218 0.806715 0.0355585
859.511 0.920522 0.0395738
859.804 0.819929 0.0369754
860.097 0.799473 0.0355441
860.39 0.867493 0.0381118
860.683 0.856874 0.0377174
860.976 0.832854 0.0374829
861.268 0.850901 0.0373012
861.561 0.877808 0.0389721
861.854 0.897058 0.0405709
862.146 0.821872 0.0374543
862.439 0.835525 0.0375598
862.731 0.755886 0.0348501
863.023 0.871257 0.0386273
863.316 0.807306 0.0365117
863.608 0.843217 0.03751
863.9 0.856619 0.037831
864.192 0.832724 0.0364149
864.484 0.866883 0.0380432
864.776 0.91365 0.0394024
865.068 0.877152 0.0383684
865.36 0.842269 0.0374994
865.651 0.916023 0.040134
865.943 0.82818 0.0374558
866.235 0.847274 0.0380771
866.526 0.895602 0.0402032
866.818 0.863312 0.0381478
867.109 0.848513 0.0375876
867.4 0.841739 0.0381577
867.692 0.849472 0.038542
867.983 0.842349 0.0380085
868.274 0.900521 0.0397919
868.565 0.820317 0.0374941
868.856 0.865081 0.0387555
869.147 0.838347 0.0380486
869.438 0.812882 0.0373653
869.729 0.865556 0.0387877
870.02 0.908508 0.0413052
870.31 0.920225 0.0402741
870.601 0.814228 0.0373377
870.892 0.819014 0.0370629
871.182 0.808823 0.0366765
871.473 0.901027 0.0395522
871.763 0.790292 0.0361539
872.053 0.850824 0.0379549
872.343 0.816587 0.037126
872.634 0.845798 0.0381641
872.924 0.853806 0.0375824
873.214 0.858326 0.0384528
873.504 0.861957 0.0390514
873.794 0.925062 0.0414664
874.084 0.941223 0.0417063
874.373 0.851612 0.0386729
874.663 0.866361 0.0380826
874.953 0.860565 0.0392176
875.242 0.823735 0.0378526
875.532 0.846664 0.0380605
875.821 0.806587 0.0373796
876.111 0.857059 0.0383853
876.4 0.909142 0.0400289
876.689 0.853672 0.0385308
876.978 0.853815 0.0385482
877.268 0.87816 0.0391634
877.557 0.896506 0.040027
877.846 0.875919 0.0394322
878.134 0.90214 0.0403813
878.423 0.902306 0.0403887
878.712 0.902472 0.0403961
