178.41 0.618527 0.121654
178.791 0.622443 0.122425
179.172 0.626332 0.12319
179.553 0.53916 0.53916
179.934 0.7477 0.7477
180.316 0.646393 0.646393
180.697 0.488792 0.488792
181.078 0.578003 0.578003
181.459 0.792778 0.792778
181.84 0.100893 0.100893
182.221 2.60637 2.60637
182.602 0.373532 0.373532
182.983 -1.25891 -1.25891
183.364 0.975801 0.175287
183.744 0.750971 0.0970875
184.125 0.672853 0.0797184
184.506 0.547439 0.0589053
184.887 0.517272 0.0510601
185.268 0.568743 0.0460932
185.648 0.626738 0.0468394
186.029 0.513925 0.0404565
186.41 0.560586 0.0411484
186.791 0.619464 0.0415701
187.171 0.597271 0.0349138
187.552 0.565869 0.0276491
187.932 0.590273 0.0287541
188.313 0.544408 0.0257915
188.694 0.557298 0.0260801
189.074 0.546347 0.024896
189.455 0.536519 0.0239864
189.835 0.576258 0.0255608
190.216 0.562746 0.0245938
190.596 0.524619 0.0227253
190.977 0.549474 0.0230768
191.357 0.571227 0.0235986
191.737 0.553002 0.022929
192.118 0.560659 0.022974
192.498 0.549446 0.0220375
192.878 0.56226 0.0224645
193.258 0.546949 0.0217742
193.639 0.534421 0.0212565
194.019 0.567021 0.0220882
194.399 0.552729 0.0216199
194.779 0.511744 0.0199691
195.159 0.548844 0.0212797
195.54 0.516002 0.020015
195.92 0.53431 0.0204272
196.3 0.53031 0.0200557
196.68 0.547967 0.0204886
197.06 0.55408 0.0204797
197.44 0.550423 0.0202161
197.82 0.539121 0.0198503
198.2 0.581334 0.0206031
198.58 0.57529 0.0199548
198.959 0.585481 0.0200944
199.339 0.583894 0.0201542
199.719 0.566838 0.0194773
200.099 0.577542 0.0197076
200.479 0.559742 0.0193466
200.858 0.552708 0.0189412
201.238 0.51355 0.0179727
201.618 0.532953 0.0185146
201.998 0.493551 0.0173904
202.377 0.503913 0.0175717
202.757 0.531691 0.0178124
203.136 0.543258 0.0178883
203.516 0.530582 0.0174151
203.896 0.540391 0.017359
204.275 0.535276 0.0169357
204.655 0.574112 0.0175726
205.034 0.584487 0.0175222
205.414 0.602199 0.0175631
205.793 0.619721 0.0176571
206.172 0.627639 0.0177857
206.552 0.625553 0.0174533
206.931 0.609305 0.0169612
207.31 0.608173 0.0167629
207.69 0.600919 0.0165295
208.069 0.586726 0.0161169
208.448 0.561749 0.0155715
208.827 0.559024 0.0154444
209.207 0.549911 0.015278
209.586 0.526936 0.0145641
209.965 0.550073 0.0148334
210.344 0.536649 0.0144376
210.723 0.540741 0.0143145
211.102 0.547802 0.0141584
211.481 0.572309 0.0143953
211.86 0.585064 0.0144099
212.239 0.594655 0.0143808
212.618 0.622498 0.0145009
212.997 0.623464 0.0142754
213.376 0.663224 0.0146709
213.755 0.666797 0.0145038
214.134 0.667846 0.0143186
214.513 0.646975 0.013865
214.891 0.667446 0.0139886
215.27 0.656103 0.0136085
215.649 0.655801 0.0134935
216.028 0.630901 0.0130063
216.406 0.61666 0.0127247
216.785 0.598514 0.0123321
217.164 0.586314 0.0120835
217.542 0.555183 0.0115118
217.921 0.554893 0.0113615
218.3 0.548223 0.011253
218.678 0.546269 0.0110562
219.057 0.537601 0.0107729
219.435 0.542438 0.0106434
219.814 0.554885 0.0106855
220.192 0.567447 0.0106316
220.57 0.581999 0.0106408
220.949 0.600768 0.0106296
221.327 0.617294 0.0105957
221.705 0.646098 0.0107291
222.084 0.649387 0.010523
222.462 0.667201 0.0105393
222.84 0.680123 0.010553
223.218 0.691746 0.0103778
223.597 0.694936 0.0102966
223.975 0.689651 0.0100727
224.353 0.690087 0.00996521
224.731 0.684507 0.00976491
225.109 0.672794 0.00948547
225.487 0.658499 0.00925075
225.865 0.639962 0.00898015
226.243 0.627564 0.00877984
226.621 0.609959 0.00854181
226.999 0.590382 0.00823147
227.377 0.585021 0.00811445
227.755 0.565957 0.00787702
228.133 0.557644 0.00771965
228.511 0.554843 0.0076086
228.889 0.547696 0.00741488
229.266 0.550466 0.00736307
229.644 0.554613 0.00724525
230.022 0.564735 0.00721643
230.4 0.57808 0.00723238
230.777 0.601553 0.00730755
231.155 0.617586 0.00730805
231.533 0.632993 0.00729389
231.91 0.650299 0.00729285
232.288 0.679965 0.00738668
232.665 0.690201 0.00734627
233.043 0.702564 0.0073418
233.42 0.706239 0.00726149
233.798 0.726247 0.00730978
234.175 0.732338 0.00724476
234.553 0.73478 0.00717957
234.93 0.732116 0.00709476
235.307 0.735741 0.00705468
235.685 0.733771 0.00698772
236.062 0.727844 0.00687812
236.439 0.722735 0.00682004
236.816 0.718537 0.00671705
237.194 0.702547 0.00657157
237.571 0.692523 0.0064677
237.948 0.681636 0.00638276
238.325 0.673323 0.00627351
238.702 0.65909 0.0061702
239.079 0.651182 0.00607223
239.456 0.640827 0.00598351
239.833 0.639458 0.00593857
240.21 0.637654 0.00587541
240.587 0.630663 0.00581605
240.964 0.633053 0.00577952
241.341 0.636012 0.00574407
241.718 0.648149 0.00574373
242.095 0.656647 0.00577953
242.472 0.666821 0.00577796
242.849 0.677301 0.00577972
243.225 0.693982 0.00579946
243.602 0.706478 0.00582197
243.979 0.715725 0.0058397
244.356 0.734118 0.00588999
244.732 0.74085 0.00585668
245.109 0.749899 0.00585108
245.486 0.767099 0.00590956
245.862 0.774415 0.00590836
246.239 0.76887 0.00582715
246.615 0.777509 0.00584918
246.992 0.780699 0.00581824
247.368 0.785555 0.00583626
247.745 0.781081 0.00577056
248.121 0.775437 0.00571047
248.497 0.771744 0.00568766
248.874 0.767691 0.00563834
249.25 0.760736 0.00556335
249.626 0.751517 0.00552039
250.003 0.744688 0.005463
250.379 0.735127 0.00537497
250.755 0.727446 0.00535144
251.131 0.715825 0.00527127
251.507 0.708659 0.00523783
251.884 0.698698 0.00516518
252.26 0.695841 0.00515592
252.636 0.68558 0.00507118
253.012 0.678414 0.00502622
253.388 0.680167 0.00501755
253.764 0.679655 0.00499515
254.14 0.679109 0.00498126
254.516 0.686076 0.00499992
254.892 0.68793 0.00498134
255.268 0.698291 0.00501338
255.643 0.701646 0.00500431
256.019 0.717895 0.00505818
256.395 0.728366 0.0050843
256.771 0.731605 0.00505844
257.147 0.745621 0.00510087
257.522 0.753862 0.00512085
257.898 0.768377 0.00516142
258.274 0.773221 0.00516427
258.649 0.78801 0.00521023
259.025 0.790482 0.00518974
259.4 0.796757 0.00520747
259.776 0.802783 0.00521098
260.151 0.814115 0.00526528
260.527 0.814726 0.00524378
260.902 0.815796 0.00523296
261.278 0.811638 0.00520858
261.653 0.813807 0.00521539
262.028 0.816977 0.00523056
262.404 0.812636 0.00519272
262.779 0.80414 0.00515258
263.154 0.802931 0.00513963
263.53 0.798154 0.00511034
263.905 0.789989 0.005094
264.28 0.788769 0.00508743
264.655 0.779585 0.00504302
265.03 0.770567 0.00502923
265.405 0.765802 0.00499696
265.781 0.758591 0.00497928
266.156 0.752018 0.00495235
266.531 0.742295 0.00489426
266.906 0.737242 0.00490451
267.281 0.729774 0.00485547
267.655 0.722674 0.00484985
268.03 0.720463 0.00484512
268.405 0.71305 0.00481372
268.78 0.714596 0.00481882
269.155 0.712063 0.00479957
269.53 0.714169 0.00482325
269.904 0.718749 0.00483322
270.279 0.726725 0.00486306
270.654 0.727554 0.00485199
271.029 0.729094 0.00486633
271.403 0.739041 0.00488556
271.778 0.747384 0.00492702
272.152 0.756049 0.00496021
272.527 0.764027 0.00498195
272.901 0.77254 0.00499002
273.276 0.780972 0.00500574
273.65 0.792583 0.00505866
274.025 0.79926 0.00506673
274.399 0.808196 0.00511939
274.774 0.815813 0.00513157
275.148 0.817651 0.00512109
275.522 0.820642 0.00514419
275.897 0.82558 0.00515685
276.271 0.828979 0.00517261
276.645 0.83429 0.00517413
277.019 0.832399 0.00515426
277.393 0.828285 0.00512762
277.768 0.834324 0.00517063
278.142 0.832225 0.00515894
278.516 0.832729 0.0051696
278.89 0.827015 0.00514167
279.264 0.835259 0.00518381
279.638 0.825024 0.00512703
280.012 0.82387 0.00513245
280.386 0.818156 0.00514136
280.76 0.812146 0.00510297
281.133 0.817716 0.00512983
281.507 0.80815 0.00509565
281.881 0.799796 0.00505765
282.255 0.797993 0.00505902
282.629 0.793434 0.00505919
283.002 0.785242 0.00503572
283.376 0.777286 0.00499644
283.75 0.770893 0.00499274
284.123 0.764642 0.00495511
284.497 0.75583 0.00493545
284.87 0.754658 0.00493667
285.244 0.747319 0.00490356
285.618 0.747457 0.00491661
285.991 0.746802 0.0049352
286.364 0.744335 0.00492521
286.738 0.747553 0.00493493
287.111 0.74933 0.00494289
287.485 0.746805 0.00493734
287.858 0.751351 0.00497084
288.231 0.752923 0.0049673
288.605 0.758199 0.00499834
288.978 0.762145 0.00500066
289.351 0.767968 0.00504582
289.724 0.773453 0.00506363
290.097 0.783627 0.00510291
290.47 0.789453 0.00513839
290.843 0.794221 0.00515208
291.217 0.798277 0.00516624
291.59 0.806141 0.00522759
291.963 0.813686 0.00524042
292.336 0.820544 0.00527927
292.708 0.826067 0.0053071
293.081 0.834372 0.00535826
293.454 0.836527 0.00534154
293.827 0.835799 0.00535508
294.2 0.846145 0.00542326
294.573 0.845647 0.00540437
294.945 0.847744 0.00544303
295.318 0.855614 0.00546613
295.691 0.857585 0.00548575
296.064 0.8575 0.00549554
296.436 0.855481 0.0054852
296.809 0.856177 0.00547268
297.181 0.857254 0.00550551
297.554 0.856063 0.00551009
297.926 0.856151 0.00551475
298.299 0.856862 0.00552293
298.671 0.854655 0.0054918
299.044 0.851177 0.00551063
299.416 0.851096 0.00551871
299.788 0.844662 0.00548927
300.161 0.847087 0.00552133
300.533 0.841662 0.00549595
300.905 0.838265 0.00546398
301.278 0.835552 0.00546659
301.65 0.83084 0.00544504
302.022 0.827309 0.0054453
302.394 0.819233 0.0054274
302.766 0.815543 0.00540753
303.138 0.811446 0.00541513
303.51 0.80952 0.00539461
303.882 0.796496 0.00534433
304.254 0.797719 0.00535893
304.626 0.789762 0.00531612
304.998 0.78527 0.0052994
305.37 0.77816 0.00530484
305.742 0.776657 0.00527985
306.114 0.774192 0.0052692
306.485 0.773215 0.00526705
306.857 0.772614 0.00526124
307.229 0.768932 0.00526703
307.601 0.769033 0.00526593
307.972 0.768247 0.00525783
308.344 0.768448 0.00525193
308.716 0.772817 0.00528856
309.087 0.775396 0.00529071
309.459 0.771312 0.00528477
309.83 0.77824 0.00530915
310.202 0.782458 0.00531486
310.573 0.787304 0.00533441
310.945 0.791928 0.00534633
311.316 0.796213 0.00538643
311.687 0.803987 0.00539096
312.059 0.805866 0.00541619
312.43 0.811684 0.00542583
312.801 0.819134 0.0054699
313.172 0.821119 0.00547989
313.544 0.827797 0.00550781
313.915 0.828256 0.00547431
314.286 0.836629 0.0055258
314.657 0.837885 0.0055177
315.028 0.838394 0.00553103
315.399 0.844011 0.00554769
315.77 0.851077 0.00556299
316.141 0.856149 0.00560275
316.512 0.857415 0.00560606
316.883 0.862669 0.00563457
317.254 0.861347 0.00562458
317.625 0.862568 0.00566324
317.996 0.862903 0.00563332
318.366 0.866893 0.00566035
318.737 0.861808 0.00563804
319.108 0.872282 0.00569179
319.478 0.865976 0.00567306
319.849 0.864271 0.00566478
320.22 0.866127 0.00567644
320.59 0.864919 0.00566924
320.961 0.861334 0.0056672
321.331 0.862264 0.005671
321.702 0.863162 0.0057027
322.072 0.862847 0.0057189
322.443 0.862665 0.00570696
322.813 0.853891 0.00566734
323.184 0.855866 0.0056898
323.554 0.852379 0.00569623
323.924 0.847905 0.00567833
324.295 0.851476 0.00571788
324.665 0.839472 0.00568157
325.035 0.842127 0.0056831
325.405 0.83953 0.00569768
325.775 0.835804 0.00571267
326.145 0.832588 0.00569621
326.515 0.827372 0.00568881
326.886 0.826187 0.00571348
327.256 0.821342 0.00570213
327.626 0.816461 0.00572032
327.995 0.810649 0.00571398
328.365 0.805587 0.00570407
328.735 0.803918 0.0057268
329.105 0.800748 0.00577741
329.475 0.790346 0.00578485
329.845 0.797581 0.00589531
330.215 0.79838 0.00587614
330.584 0.79906 0.00582198
330.954 0.790275 0.00565306
331.324 0.779735 0.00545715
331.693 0.770584 0.00533193
332.063 0.764299 0.00525295
332.432 0.769797 0.00524463
332.802 0.770613 0.00529048
333.171 0.77791 0.00538523
333.541 0.778101 0.00548637
333.91 0.780365 0.00552225
334.28 0.780756 0.00555528
334.649 0.78433 0.00558412
335.018 0.787462 0.00561434
335.388 0.795278 0.00566034
335.757 0.794107 0.00565698
336.126 0.796928 0.00568737
336.495 0.796847 0.00566787
336.865 0.800449 0.00570418
337.234 0.815009 0.00578837
337.603 0.810661 0.00576114
337.972 0.817748 0.0057996
338.341 0.822888 0.00580827
338.71 0.825091 0.00581208
339.079 0.833134 0.00586152
339.448 0.837653 0.00586812
339.817 0.841911 0.00589756
340.186 0.843374 0.00590642
340.554 0.844146 0.00590138
340.923 0.853035 0.00594477
341.292 0.844207 0.00591951
341.661 0.85734 0.00597285
342.029 0.860654 0.00597402
342.398 0.855834 0.00596527
342.767 0.861575 0.00600826
343.135 0.867082 0.00602292
343.504 0.868762 0.00604755
343.872 0.871973 0.00603618
344.241 0.873687 0.00605625
344.609 0.874208 0.00608213
344.978 0.872296 0.00606933
345.346 0.872587 0.00604752
345.715 0.872996 0.00607232
346.083 0.874285 0.00609035
346.451 0.871688 0.00607165
346.82 0.871217 0.00609033
347.188 0.871566 0.00608004
347.556 0.875694 0.00612587
347.924 0.877475 0.00612467
348.292 0.870415 0.00611385
348.66 0.869503 0.00610526
349.028 0.864749 0.0060962
349.396 0.87341 0.0061508
349.764 0.870585 0.00613311
350.132 0.866673 0.00611616
350.5 0.868772 0.00613357
350.868 0.867013 0.00613848
351.236 0.865282 0.00612747
351.604 0.862521 0.00614146
351.972 0.864197 0.00615439
352.34 0.854283 0.00612789
352.707 0.853475 0.00612768
353.075 0.853156 0.00612815
353.443 0.846034 0.00611643
353.81 0.847388 0.00613654
354.178 0.843345 0.00612533
354.545 0.838574 0.00609301
354.913 0.83965 0.00612285
355.28 0.832055 0.00609593
355.648 0.830589 0.00607768
356.015 0.825856 0.00607095
356.383 0.823905 0.00605685
356.75 0.816138 0.0060436
357.117 0.814302 0.00604014
357.485 0.810941 0.00603189
357.852 0.818633 0.00610229
358.219 0.80747 0.00603046
358.586 0.803188 0.00601344
358.954 0.805909 0.00604894
359.321 0.796986 0.00600082
359.688 0.79899 0.00603793
360.055 0.793863 0.00600997
360.422 0.792784 0.00601458
360.789 0.788786 0.00600974
361.156 0.786299 0.00599497
361.523 0.786901 0.00602154
361.89 0.781345 0.00599297
362.256 0.783778 0.00597828
362.623 0.789218 0.00605874
362.99 0.785862 0.0060169
363.357 0.787503 0.00604778
363.724 0.789838 0.00605935
364.09 0.783485 0.00602277
364.457 0.795172 0.00611283
364.823 0.795659 0.00607542
365.19 0.791688 0.00606926
365.557 0.797983 0.00608388
365.923 0.801376 0.006117
366.29 0.807246 0.00615866
366.656 0.801703 0.00611224
367.022 0.808835 0.0061317
367.389 0.812804 0.00617425
367.755 0.815445 0.00621371
368.121 0.818422 0.00622252
368.488 0.821564 0.00622603
368.854 0.823618 0.00625747
369.22 0.829325 0.00630871
369.586 0.831936 0.00634014
369.952 0.833064 0.00635824
370.318 0.834357 0.00636618
370.684 0.841888 0.0064135
371.051 0.843608 0.00642182
371.416 0.849541 0.00648419
371.782 0.850416 0.00646813
372.148 0.851967 0.00648735
372.514 0.851266 0.00649862
372.88 0.857533 0.00654165
373.246 0.861251 0.00654979
373.612 0.869961 0.00657974
373.977 0.863602 0.00654085
374.343 0.863845 0.00652109
374.709 0.871496 0.00652865
375.074 0.86168 0.00651122
375.44 0.866443 0.00655716
375.806 0.873816 0.00662135
376.171 0.873762 0.00658767
376.537 0.873207 0.00657956
376.902 0.874341 0.00659542
377.268 0.879775 0.00658872
377.633 0.874199 0.00655576
377.998 0.876102 0.00653776
378.364 0.881871 0.00653089
378.729 0.879563 0.00653332
379.094 0.881142 0.00656779
379.459 0.881548 0.00665731
379.825 0.872015 0.00659187
380.19 0.873413 0.00660739
380.555 0.87007 0.00664107
380.92 0.882198 0.00677076
381.285 0.875714 0.00673307
381.65 0.868213 0.006652
382.015 0.874982 0.00668772
382.38 0.871933 0.00670199
382.745 0.87196 0.00674319
383.11 0.872723 0.00676438
383.474 0.868907 0.00672965
383.839 0.867327 0.00673565
384.204 0.870483 0.00676967
384.569 0.866602 0.00676283
384.933 0.868247 0.00678895
385.298 0.863327 0.00678024
385.663 0.856586 0.00673455
386.027 0.852013 0.00670266
386.392 0.852909 0.00667757
386.756 0.844828 0.00661244
387.121 0.85635 0.00665547
387.485 0.85462 0.00662831
387.849 0.846513 0.00656592
388.214 0.848274 0.00664567
388.578 0.84525 0.00666718
388.942 0.84223 0.00668916
389.307 0.839406 0.00667185
389.671 0.836846 0.0066862
390.035 0.835678 0.00665109
390.399 0.828124 0.00660542
390.763 0.822795 0.00654531
391.127 0.827518 0.0065404
391.492 0.824172 0.0064374
391.856 0.819481 0.00634506
392.219 0.812918 0.00627246
392.583 0.813418 0.00631012
392.947 0.813915 0.00644825
393.311 0.805984 0.00647597
393.675 0.801598 0.00647779
394.039 0.804253 0.00652869
394.403 0.799998 0.00651463
394.766 0.795403 0.00651355
395.13 0.796759 0.00653634
395.494 0.790974 0.00650998
395.857 0.78621 0.006462
396.221 0.790653 0.00645089
396.584 0.788025 0.00639192
396.948 0.783312 0.00630398
397.311 0.781619 0.00620442
397.675 0.786372 0.00618965
398.038 0.777387 0.00615717
398.401 0.777723 0.00624604
398.765 0.782632 0.00636262
399.128 0.787402 0.00647316
399.491 0.77983 0.00649097
399.854 0.777186 0.00648918
400.218 0.787682 0.00655185
400.581 0.782193 0.00654758
400.944 0.782629 0.00658148
401.307 0.787229 0.00668023
401.67 0.786211 0.00665651
402.033 0.790619 0.00669461
402.396 0.789726 0.00669456
402.759 0.793827 0.00672009
403.122 0.793225 0.00668477
403.485 0.80422 0.0067292
403.847 0.800967 0.0066597
404.21 0.807097 0.00665059
404.573 0.815866 0.00667933
404.936 0.812093 0.00663104
405.298 0.809245 0.00669207
405.661 0.818314 0.0068238
406.023 0.821517 0.0069341
406.386 0.824838 0.00697269
406.749 0.826021 0.0070096
407.111 0.821915 0.00698319
407.473 0.828526 0.00689903
407.836 0.837182 0.00692486
408.198 0.834394 0.00687123
408.561 0.839217 0.00691089
408.923 0.843375 0.00693821
409.285 0.841696 0.00694411
409.647 0.846485 0.00702486
410.009 0.847052 0.00709367
410.372 0.853723 0.00711118
410.734 0.85658 0.00715888
411.096 0.855019 0.0071398
411.458 0.859723 0.00715769
411.82 0.85945 0.0071096
412.182 0.855044 0.00703754
412.544 0.864788 0.00709335
412.906 0.861036 0.00706543
413.267 0.86735 0.00711664
413.629 0.866277 0.00716822
413.991 0.862777 0.00718734
414.353 0.869023 0.00723318
414.714 0.869808 0.00731267
415.076 0.872611 0.00730625
415.438 0.878375 0.00732235
415.799 0.865334 0.0072388
416.161 0.872928 0.00733424
416.522 0.872647 0.00736324
416.884 0.869706 0.00735539
417.245 0.878658 0.00742043
417.607 0.869949 0.00736535
417.968 0.87009 0.00735765
418.329 0.870831 0.00735158
418.691 0.877025 0.00737523
419.052 0.875555 0.00736391
419.413 0.870745 0.00727758
419.774 0.878773 0.00728831
420.135 0.869362 0.00708779
420.497 0.876404 0.00700415
420.858 0.87679 0.00690904
421.219 0.876372 0.00693072
421.58 0.871534 0.00699968
421.941 0.881002 0.00716117
422.302 0.872053 0.00722027
422.662 0.87762 0.00727445
423.023 0.868854 0.00726996
423.384 0.871601 0.00730585
423.745 0.861568 0.00721985
424.106 0.864868 0.0072296
424.466 0.873478 0.00725136
424.827 0.869293 0.00733383
425.187 0.864836 0.00740758
425.548 0.857878 0.00744742
425.909 0.863304 0.00751044
426.269 0.863045 0.00745637
426.63 0.859184 0.00738922
426.99 0.867557 0.0073642
427.35 0.859854 0.00736416
427.711 0.852937 0.00728249
428.071 0.848689 0.00720352
428.431 0.852565 0.00708201
428.792 0.848304 0.00682252
429.152 0.850607 0.00664398
429.512 0.847962 0.00662121
429.872 0.840759 0.00663878
430.232 0.845381 0.00677456
430.592 0.845845 0.00696871
430.952 0.838372 0.00714271
431.312 0.839813 0.0073267
431.672 0.834395 0.00738712
432.032 0.831038 0.00734973
432.392 0.836938 0.00727602
432.752 0.828627 0.00688364
433.111 0.824485 0.00671309
433.471 0.827179 0.00682927
433.831 0.824226 0.00708405
434.19 0.821802 0.00707455
434.55 0.819688 0.00706416
434.91 0.808681 0.00709842
435.269 0.811417 0.00701248
435.629 0.811172 0.00699598
435.988 0.812708 0.00697262
436.348 0.808726 0.0070619
436.707 0.806298 0.00715858
437.066 0.799334 0.00712371
437.426 0.795779 0.00702349
437.785 0.792255 0.00698828
438.144 0.794933 0.00699136
438.503 0.797292 0.00709411
438.862 0.787347 0.0070628
439.222 0.785604 0.00711127
439.581 0.783124 0.0071305
439.94 0.780212 0.00701752
440.299 0.782391 0.00679043
440.658 0.780671 0.00661032
441.017 0.783934 0.00662626
441.376 0.781044 0.00669123
441.734 0.783981 0.00677265
442.093 0.772833 0.00672139
442.452 0.772653 0.00667236
442.811 0.778293 0.00666723
443.169 0.776624 0.00665758
443.528 0.781077 0.00681512
443.887 0.771046 0.00677555
444.245 0.779791 0.00684371
444.604 0.774824 0.00687867
444.962 0.768934 0.00688507
445.321 0.778764 0.00693541
445.679 0.7732 0.00687427
446.038 0.778761 0.00687375
446.396 0.779034 0.00696967
446.754 0.782626 0.00708131
447.112 0.783737 0.00712217
447.471 0.77712 0.00710017
447.829 0.778995 0.00714591
448.187 0.77895 0.00713301
448.545 0.782469 0.00712723
448.903 0.784106 0.00715316
449.261 0.788491 0.00719399
449.619 0.791788 0.00727729
449.977 0.796841 0.00733603
450.335 0.803539 0.00744752
450.693 0.800573 0.00745217
451.051 0.801496 0.00744169
451.409 0.802435 0.00747524
451.766 0.807699 0.00750929
452.124 0.812754 0.00763843
452.482 0.811178 0.00770661
452.839 0.815666 0.0078142
453.197 0.813791 0.007819
453.555 0.820843 0.00788527
453.912 0.81577 0.00784022
454.27 0.824195 0.00775629
454.627 0.82686 0.00767702
454.984 0.830735 0.00771317
455.342 0.834149 0.0078475
455.699 0.833482 0.00793189
456.056 0.830188 0.00786921
456.414 0.839059 0.00784042
456.771 0.836344 0.00768458
457.128 0.839091 0.00766775
457.485 0.844698 0.00766664
457.842 0.843947 0.00771066
458.199 0.846591 0.0077138
458.556 0.85323 0.00766928
458.913 0.852138 0.00766468
459.27 0.856862 0.00764237
459.627 0.851354 0.00772859
459.984 0.849987 0.00766608
460.341 0.858783 0.00769573
460.697 0.850776 0.00775103
461.054 0.859861 0.00802185
461.411 0.857138 0.00817414
461.767 0.859578 0.00828229
462.124 0.861283 0.00826977
462.481 0.861993 0.00817423
462.837 0.858989 0.00803331
463.194 0.867149 0.00790243
463.55 0.872479 0.00797766
463.907 0.864716 0.00773359
464.263 0.871541 0.00765716
464.619 0.870142 0.00750617
464.976 0.871919 0.00740978
465.332 0.866497 0.00738487
465.688 0.875555 0.00765117
466.044 0.874405 0.00792066
466.4 0.874942 0.00804636
466.756 0.872109 0.00808603
467.112 0.876703 0.00810724
467.468 0.874132 0.00808337
467.824 0.872421 0.00815829
468.18 0.876065 0.00828209
468.536 0.873987 0.00827918
468.892 0.883817 0.00845843
469.248 0.870276 0.00843061
469.604 0.882249 0.00853946
469.959 0.871127 0.00848246
470.315 0.871408 0.00847925
470.671 0.875456 0.00849044
471.026 0.873662 0.00841015
471.382 0.873902 0.00833083
471.737 0.876699 0.00827702
472.093 0.866355 0.00809969
472.448 0.870227 0.00796194
472.804 0.873991 0.00791109
473.159 0.87305 0.00784193
473.514 0.879976 0.00791298
473.87 0.873739 0.00777254
474.225 0.865786 0.00751599
474.58 0.869837 0.00738501
474.935 0.878284 0.0074839
475.29 0.873978 0.0075662
475.645 0.86701 0.00754361
476 0.861996 0.00753146
476.355 0.868958 0.00762989
476.71 0.862611 0.00759751
477.065 0.857386 0.00735383
477.42 0.864109 0.00728524
477.775 0.860131 0.00727721
478.13 0.863415 0.00735667
478.485 0.857934 0.00728016
478.839 0.857181 0.0071899
479.194 0.854299 0.00699386
479.549 0.859337 0.00692843
479.903 0.860827 0.00695293
480.258 0.853423 0.00697744
480.612 0.85427 0.00688986
480.967 0.852972 0.00672545
481.321 0.854478 0.00675296
481.675 0.85578 0.00688829
482.03 0.848233 0.00697883
482.384 0.849875 0.00701492
482.738 0.841982 0.00691569
483.093 0.846313 0.00688282
483.447 0.839699 0.00670697
483.801 0.829566 0.00645824
484.155 0.836848 0.00640374
484.509 0.815524 0.00550471
484.863 0.818398 0.00375855
485.217 0.835148 0.00345077
485.571 0.849974 0.0035712
485.925 0.854459 0.00456115
486.279 0.841479 0.0052486
486.632 0.833989 0.00565142
486.986 0.831881 0.00610128
487.34 0.829119 0.00650234
487.694 0.824664 0.00666587
488.047 0.821302 0.00668988
488.401 0.822328 0.00670256
488.754 0.806658 0.00668053
489.108 0.81946 0.00684322
489.461 0.81279 0.00684831
489.815 0.809757 0.00690683
490.168 0.811685 0.00683876
490.522 0.805792 0.0067849
490.875 0.801973 0.00677898
491.228 0.800912 0.00682109
491.581 0.799002 0.0067662
491.935 0.798267 0.0067881
492.288 0.797841 0.00681425
492.641 0.799252 0.0067719
492.994 0.792612 0.00673867
493.347 0.788311 0.00662704
493.7 0.788527 0.00663301
494.053 0.786928 0.00664895
494.406 0.781364 0.00673257
494.759 0.788043 0.00689914
495.111 0.782852 0.00666165
495.464 0.777785 0.00634864
495.817 0.778118 0.00623529
496.169 0.774717 0.00639624
496.522 0.780306 0.00670905
496.875 0.775983 0.00691388
497.227 0.776539 0.0069847
497.58 0.773297 0.00695795
497.932 0.775121 0.00688437
498.285 0.765607 0.00677953
498.637 0.76078 0.00658981
498.989 0.766805 0.00654219
499.342 0.769526 0.00660238
499.694 0.771299 0.00675612
500.046 0.763164 0.00677811
500.398 0.767398 0.00663045
500.751 0.768384 0.00657419
501.103 0.766275 0.00654423
501.455 0.764798 0.00654796
501.807 0.768125 0.00657204
502.159 0.772224 0.00659311
502.511 0.765043 0.00654609
502.862 0.770433 0.0065974
503.214 0.766048 0.00666853
503.566 0.770312 0.0068226
503.918 0.768023 0.00688618
504.27 0.773363 0.00690275
504.621 0.773308 0.00691935
504.973 0.778527 0.00698184
505.324 0.773779 0.00691556
505.676 0.773713 0.00679478
506.027 0.777956 0.00683177
506.379 0.777218 0.0070561
506.73 0.781343 0.00718267
507.082 0.784398 0.00714562
507.433 0.784633 0.00701432
507.784 0.78018 0.00693592
508.136 0.794499 0.0071214
508.487 0.786516 0.00715825
508.838 0.792922 0.00725473
509.189 0.793222 0.00724813
509.54 0.791676 0.00714427
509.891 0.799202 0.00726119
510.242 0.795611 0.00725294
510.593 0.798887 0.0073141
510.944 0.803242 0.00737501
511.295 0.807571 0.00754885
511.646 0.810893 0.00764814
511.996 0.805807 0.00754558
512.347 0.811914 0.00751714
512.698 0.814844 0.00755558
513.049 0.813459 0.00759566
513.399 0.814113 0.00763395
513.75 0.812353 0.0076029
514.1 0.819262 0.00778003
514.451 0.830719 0.00799715
514.801 0.814545 0.00788414
515.152 0.828859 0.00788281
515.502 0.822133 0.00772908
515.852 0.83598 0.00775207
516.202 0.830475 0.00771614
516.553 0.839214 0.00787003
516.903 0.836711 0.00797814
517.253 0.841978 0.00812394
517.603 0.834789 0.00808771
517.953 0.83732 0.0080606
518.303 0.838218 0.00787563
518.653 0.841613 0.0078269
519.003 0.841693 0.0078874
519.353 0.84641 0.00819237
519.703 0.839687 0.00833281
520.052 0.843603 0.00839504
520.402 0.842105 0.00834139
520.752 0.849596 0.00828251
521.102 0.859134 0.00846386
521.451 0.857154 0.00851429
521.801 0.85995 0.00850378
522.15 0.846026 0.00829487
522.5 0.856714 0.00833356
522.849 0.853166 0.00829017
523.199 0.860779 0.00824841
523.548 0.853763 0.00813575
523.897 0.862714 0.00827285
524.246 0.862181 0.00840795
524.596 0.861457 0.00852337
524.945 0.860251 0.00846775
525.294 0.86201 0.00847542
525.643 0.866298 0.00847754
525.992 0.864753 0.00845551
526.341 0.868128 0.00841916
526.69 0.874475 0.0085164
527.039 0.869863 0.00857669
527.388 0.866021 0.00861759
527.737 0.868966 0.00836959
528.086 0.870579 0.00806913
528.434 0.87199 0.00792788
528.783 0.882271 0.00819239
529.132 0.876974 0.00832322
529.48 0.873613 0.00841415
529.829 0.878221 0.00848279
530.177 0.87798 0.00856867
530.526 0.871095 0.008556
530.874 0.874929 0.00849305
531.223 0.871899 0.00846609
531.571 0.87863 0.0085719
531.919 0.863305 0.00841331
532.268 0.867138 0.00817448
532.616 0.870155 0.00792692
532.964 0.873492 0.0078243
533.312 0.875916 0.0078392
533.66 0.872479 0.00785911
534.008 0.869951 0.00782986
534.356 0.87638 0.00786393
534.704 0.878348 0.0079443
535.052 0.877137 0.0080456
535.4 0.878964 0.00822422
535.748 0.877448 0.00841276
536.095 0.866468 0.00857177
536.443 0.8787 0.00864283
536.791 0.869222 0.00841427
537.139 0.874756 0.00824667
537.486 0.876161 0.0080624
537.834 0.86998 0.00799135
538.181 0.868471 0.00793857
538.529 0.874149 0.00800934
538.876 0.874675 0.00799098
539.223 0.871885 0.00811313
539.571 0.878044 0.00831591
539.918 0.872863 0.00826195
540.265 0.871067 0.00809073
540.613 0.862764 0.00791359
540.96 0.873581 0.00806165
541.307 0.868498 0.00805282
541.654 0.866477 0.00804143
542.001 0.866198 0.00806517
542.348 0.861235 0.00804053
542.695 0.865759 0.00807181
543.042 0.868548 0.00796072
543.388 0.860692 0.00782443
543.735 0.86571 0.0078363
544.082 0.867944 0.00783446
544.429 0.863389 0.00784985
544.775 0.873303 0.00806864
545.122 0.866072 0.0082734
545.469 0.859869 0.0083785
545.815 0.857017 0.00831619
546.162 0.854409 0.00823745
546.508 0.861831 0.00810329
546.854 0.853167 0.00776363
547.201 0.851276 0.00747109
547.547 0.85375 0.00746027
547.893 0.861212 0.00766103
548.24 0.859398 0.00806282
548.586 0.856507 0.00838398
548.932 0.855835 0.00850536
549.278 0.852723 0.00849592
549.624 0.859362 0.00848337
549.97 0.856119 0.00854659
550.316 0.843318 0.0086518
550.662 0.85171 0.00878421
551.008 0.838083 0.00826283
551.353 0.83923 0.00782671
551.699 0.847799 0.00769256
552.045 0.850027 0.00791009
552.391 0.835138 0.008003
552.736 0.833158 0.00803
553.082 0.834165 0.00804665
553.427 0.836326 0.00819947
553.773 0.834997 0.00846422
554.118 0.823021 0.00840382
554.464 0.823881 0.00819246
554.809 0.822605 0.00786099
555.154 0.826651 0.00777417
555.5 0.827051 0.00779368
555.845 0.827652 0.00809966
556.19 0.824328 0.00830269
556.535 0.82439 0.00848946
556.88 0.822988 0.00834545
557.225 0.819547 0.00829712
557.57 0.819784 0.00846026
557.915 0.825553 0.00872014
558.26 0.82542 0.0088269
558.605 0.815895 0.0087447
558.95 0.810284 0.00852242
559.295 0.802839 0.00803078
559.639 0.802752 0.0077281
559.984 0.800495 0.00742228
560.329 0.800743 0.00739601
560.673 0.804868 0.00744078
561.018 0.801072 0.00764106
561.362 0.801218 0.00784546
561.707 0.803251 0.00805233
562.051 0.797504 0.00792567
562.395 0.786429 0.00776648
562.74 0.793483 0.00764643
563.084 0.785252 0.00751268
563.428 0.795011 0.00740137
563.772 0.794683 0.00743414
564.117 0.786175 0.00734016
564.461 0.780121 0.00728871
564.805 0.772426 0.00731585
565.149 0.784572 0.00733915
565.493 0.779282 0.00732557
565.836 0.77829 0.00718026
566.18 0.772594 0.00704939
566.524 0.768131 0.00655464
566.868 0.770681 0.00638947
567.212 0.771445 0.00628382
567.555 0.767783 0.00618967
567.899 0.767108 0.00590028
568.242 0.763747 0.00564693
568.586 0.762657 0.00528059
568.929 0.75654 0.00492294
569.273 0.758044 0.00465903
569.616 0.765634 0.0046889
569.96 0.756252 0.00456595
570.303 0.755944 0.00442317
570.646 0.755577 0.00436717
570.989 0.753876 0.00422715
571.333 0.761027 0.00430002
571.676 0.754469 0.00444148
572.019 0.753636 0.00480002
572.362 0.743137 0.00449743
572.705 0.7421 0.00417141
573.048 0.747875 0.00398595
573.391 0.747957 0.0038561
573.733 0.749106 0.00380545
574.076 0.748404 0.00376162
574.419 0.75111 0.00388327
574.762 0.750732 0.00408915
575.104 0.750731 0.00437724
575.447 0.740233 0.00428784
575.789 0.739941 0.0040296
576.132 0.746269 0.00382309
576.474 0.743889 0.00377427
576.817 0.745148 0.00349439
577.159 0.756254 0.00332846
577.501 0.764113 0.00337212
577.844 0.755501 0.00358867
578.186 0.751812 0.00401546
578.528 0.748444 0.0041701
578.87 0.748004 0.00418707
579.212 0.746278 0.00404274
579.554 0.748556 0.00391954
579.896 0.75041 0.00394828
580.238 0.744699 0.0037065
580.58 0.760874 0.00329177
580.922 0.790598 0.00322481
581.264 0.81859 0.00328133
581.606 0.775144 0.00333365
581.947 0.762987 0.0035107
582.289 0.76081 0.00389478
582.631 0.755262 0.00430434
582.972 0.759969 0.00460728
583.314 0.758698 0.00455268
583.655 0.753062 0.00438469
583.997 0.754722 0.0040068
584.338 0.758269 0.00373551
584.679 0.768082 0.00360717
585.021 0.77369 0.00371984
585.362 0.769565 0.00398629
585.703 0.771426 0.00429275
586.044 0.763505 0.00428658
586.385 0.767263 0.0040662
586.726 0.769695 0.00388974
587.067 0.77574 0.00405825
587.408 0.777326 0.00429532
587.749 0.783124 0.00451572
588.09 0.778137 0.00468894
588.431 0.786023 0.00499337
588.772 0.783728 0.00518565
589.113 0.781032 0.00508734
589.453 0.783793 0.00506868
589.794 0.793363 0.00527417
590.134 0.79436 0.00555907
590.475 0.794526 0.00568887
590.815 0.790023 0.00562024
591.156 0.798902 0.00565978
591.496 0.788005 0.00544969
591.837 0.786646 0.00468423
592.177 0.788609 0.00426047
592.517 0.796136 0.00409841
592.857 0.810889 0.004361
593.198 0.812568 0.00464475
593.538 0.812383 0.00512326
593.878 0.810609 0.0052812
594.218 0.805038 0.00509325
594.558 0.809285 0.00491686
594.898 0.818037 0.0050826
595.237 0.821897 0.00541042
595.577 0.823809 0.00576662
595.917 0.820466 0.00604232
596.257 0.81296 0.00576261
596.596 0.81494 0.00562461
596.936 0.825504 0.005567
597.276 0.830466 0.00580198
597.615 0.823151 0.00567398
597.955 0.815289 0.00496636
598.294 0.821205 0.00467635
598.633 0.832365 0.00472362
598.973 0.834985 0.00490939
599.312 0.831047 0.00488285
599.651 0.837928 0.0049419
599.991 0.838052 0.00505021
600.33 0.838166 0.00512859
600.669 0.839645 0.00528024
601.008 0.84248 0.00547197
601.347 0.839126 0.00564718
601.686 0.83528 0.00546967
602.025 0.839946 0.00552153
602.364 0.839679 0.00524559
602.702 0.838225 0.00516586
603.041 0.848066 0.00523051
603.38 0.855039 0.00550319
603.719 0.85516 0.00575429
604.057 0.850094 0.00589845
604.396 0.852083 0.00589602
604.734 0.839521 0.00558951
605.073 0.854152 0.00521596
605.411 0.852151 0.00526042
605.75 0.860559 0.00547931
606.088 0.859527 0.00576267
606.426 0.852414 0.00559808
606.764 0.854369 0.00552747
607.103 0.866681 0.00574357
607.441 0.855835 0.00590451
607.779 0.863057 0.00607312
608.117 0.862005 0.0060279
608.455 0.864141 0.00629135
608.793 0.858872 0.00633262
609.131 0.851219 0.00588158
609.469 0.858613 0.00576453
609.806 0.863112 0.00585733
610.144 0.870288 0.00634352
610.482 0.863635 0.00638488
610.819 0.867425 0.00638487
611.157 0.863332 0.0064033
611.495 0.866332 0.00663923
611.832 0.863502 0.00664818
612.17 0.864684 0.00660434
612.507 0.86949 0.0065487
612.844 0.864195 0.00659731
613.182 0.867093 0.00662364
613.519 0.870787 0.00659686
613.856 0.867041 0.0065655
614.193 0.862107 0.00646424
614.53 0.867995 0.00635113
614.867 0.871281 0.00635626
615.205 0.874149 0.0066855
615.541 0.876624 0.00693691
615.878 0.865954 0.0071873
616.215 0.873442 0.00714462
616.552 0.876155 0.00722882
616.889 0.871733 0.00704502
617.226 0.869549 0.00696402
617.562 0.878583 0.00722262
617.899 0.870644 0.00762413
618.235 0.872602 0.00802596
618.572 0.867086 0.00829696
618.908 0.865591 0.00800214
619.245 0.866443 0.00767934
619.581 0.872443 0.00757078
619.918 0.8814 0.00824171
620.254 0.884427 0.00931326
620.59 0.872028 0.00938697
620.926 0.857477 0.00867907
621.262 0.86439 0.00823
621.599 0.869594 0.00829225
621.935 0.874212 0.00820959
622.271 0.868687 0.00787677
622.606 0.866393 0.00769639
622.942 0.876536 0.00793324
623.278 0.872281 0.00814463
623.614 0.855925 0.00768873
623.95 0.864955 0.00769824
624.285 0.872633 0.00787646
624.621 0.874377 0.00831265
624.957 0.865233 0.00852627
625.292 0.873658 0.00882677
625.628 0.866117 0.0090545
625.963 0.866143 0.00911474
626.299 0.869025 0.00894191
626.634 0.861554 0.00876371
626.969 0.871455 0.00897694
627.304 0.876022 0.00975607
627.64 0.881413 0.0104966
627.975 0.854957 0.0101311
628.31 0.851932 0.0095594
628.645 0.867322 0.00942473
628.98 0.863836 0.00961246
629.315 0.874355 0.00985615
629.65 0.865107 0.00988212
629.985 0.86692 0.00986465
630.319 0.871935 0.0103258
630.654 0.863471 0.0103926
630.989 0.862479 0.0103358
631.323 0.867295 0.0105441
631.658 0.871791 0.0110022
631.993 0.869155 0.0114613
632.327 0.864296 0.0114727
632.662 0.86725 0.0114301
632.996 0.859938 0.0111294
633.33 0.84015 0.0108377
633.665 0.87131 0.0114234
633.999 0.859897 0.0116931
634.333 0.848103 0.0116103
634.667 0.850008 0.0116635
635.001 0.85262 0.0113968
635.335 0.852103 0.0109598
635.669 0.852124 0.0105532
636.003 0.858689 0.0107413
636.337 0.863241 0.0113081
636.671 0.867093 0.0119253
637.005 0.854743 0.0121616
637.339 0.857451 0.012127
637.672 0.844902 0.0115984
638.006 0.837775 0.0112529
638.339 0.846755 0.0114779
638.673 0.859613 0.011933
639.006 0.854764 0.012273
639.34 0.860004 0.0123038
639.673 0.848842 0.0123981
640.007 0.838427 0.0122909
640.34 0.844943 0.0125538
640.673 0.83327 0.0125617
641.006 0.846793 0.0128494
641.34 0.837781 0.01292
641.673 0.846506 0.0132972
642.006 0.842297 0.0134927
642.339 0.844996 0.0132753
642.672 0.837374 0.0131341
643.004 0.834939 0.0131898
643.337 0.845933 0.013704
643.67 0.845776 0.013699
644.003 0.833003 0.013462
644.336 0.839095 0.0134545
644.668 0.81677 0.0132505
645.001 0.835584 0.0136339
645.333 0.856736 0.0141449
645.666 0.821908 0.0141403
645.998 0.835043 0.0145782
646.331 0.842327 0.0148642
646.663 0.842087 0.0147091
646.995 0.816191 0.0135981
647.327 0.824673 0.0125524
647.66 0.819566 0.0118287
647.992 0.832535 0.0117398
648.324 0.81931 0.0116031
648.656 0.830661 0.0118457
648.988 0.832658 0.0123321
649.32 0.834774 0.0132082
649.652 0.828956 0.0137796
649.983 0.813764 0.0139467
650.315 0.824347 0.0141276
650.647 0.818919 0.0137579
650.979 0.811533 0.013071
651.31 0.80601 0.0125255
651.642 0.812734 0.0122952
651.973 0.813957 0.0122963
652.305 0.808336 0.0122072
652.636 0.818161 0.0124513
652.967 0.799023 0.0125829
653.299 0.811456 0.0129761
653.63 0.796352 0.0127094
653.961 0.795824 0.0118026
654.292 0.760957 0.00885842
654.623 0.759859 0.00320848
654.955 0.893676 0.00341567
655.286 0.893621 0.00341546
655.616 0.893566 0.00341525
655.947 0.893509 0.00341504
656.278 0.893452 0.00341482
656.609 0.736503 0.00324452
656.94 0.787574 0.00443969
657.27 0.787506 0.00520478
657.601 0.794085 0.00602814
657.932 0.79751 0.00722576
658.262 0.802649 0.00883044
658.593 0.794106 0.0105361
658.923 0.799222 0.0123592
659.254 0.796686 0.0136306
659.584 0.787241 0.014386
659.914 0.802532 0.0152104
660.244 0.788316 0.0154515
660.575 0.786374 0.0153196
660.905 0.784091 0.0153201
661.235 0.779858 0.0150648
661.565 0.776893 0.014928
661.895 0.785534 0.0149251
662.225 0.777528 0.0150827
662.555 0.775802 0.0152752
662.884 0.765211 0.015001
663.214 0.769312 0.0148337
663.544 0.786996 0.0148471
663.873 0.759509 0.0143694
664.203 0.773981 0.0143477
664.533 0.770819 0.0139305
664.862 0.762445 0.0137583
665.192 0.765923 0.0141863
665.521 0.783385 0.015126
665.85 0.759546 0.0153365
666.18 0.758041 0.0159524
666.509 0.760542 0.0158838
666.838 0.750553 0.0154061
667.167 0.748434 0.0151867
667.496 0.757265 0.0155393
667.825 0.762322 0.0156696
668.154 0.758456 0.0156038
668.483 0.759392 0.0155073
668.812 0.764886 0.0152733
669.141 0.764881 0.0151209
669.47 0.770773 0.0149922
669.798 0.748291 0.014923
670.127 0.73043 0.0147577
670.456 0.746929 0.0140795
670.784 0.73565 0.0125334
671.113 0.73449 0.0114959
671.441 0.73069 0.0109564
671.77 0.743117 0.0112327
672.098 0.734804 0.0116091
672.426 0.748095 0.0130229
672.755 0.7392 0.0137641
673.083 0.740536 0.0139713
673.411 0.736935 0.0139095
673.739 0.732107 0.0140667
674.067 0.738612 0.0148753
674.395 0.74291 0.0149168
674.723 0.725273 0.0143549
675.051 0.748178 0.0143689
675.379 0.720906 0.0140929
675.706 0.734909 0.0143857
676.034 0.734573 0.0147069
676.362 0.73601 0.0147923
676.689 0.72376 0.0137788
677.017 0.736325 0.0129853
677.344 0.732114 0.0124382
677.672 0.747228 0.0127813
677.999 0.732496 0.0128088
678.327 0.725333 0.0124919
678.654 0.729868 0.0119856
678.981 0.729858 0.011625
679.308 0.721842 0.0116531
679.636 0.735683 0.0123142
679.963 0.742449 0.0129899
680.29 0.728488 0.0129021
680.617 0.724067 0.0126235
680.944 0.729465 0.0124825
681.271 0.739251 0.012928
681.597 0.745234 0.013858
681.924 0.745793 0.0147651
682.251 0.719204 0.0144424
682.578 0.736915 0.0138509
682.904 0.716189 0.0127413
683.231 0.730124 0.012353
683.557 0.716949 0.0119669
683.884 0.725985 0.0116985
684.21 0.723005 0.0114011
684.536 0.728608 0.0110712
684.863 0.732275 0.0109322
685.189 0.724188 0.0110551
685.515 0.735787 0.0117465
685.841 0.725582 0.0120467
686.167 0.730735 0.0121014
686.493 0.74146 0.0120442
686.819 0.740059 0.0121011
687.145 0.727297 0.0125202
687.471 0.737219 0.0135554
687.797 0.737758 0.0140153
688.123 0.721425 0.0137749
688.448 0.747196 0.013559
688.774 0.732895 0.013025
689.1 0.745792 0.0133615
689.425 0.743724 0.0139028
689.751 0.748508 0.0141731
690.076 0.744065 0.0133441
690.402 0.734487 0.0123867
690.727 0.731765 0.0119821
691.052 0.742977 0.0123901
691.377 0.730613 0.0126553
691.703 0.746596 0.0131169
692.028 0.737972 0.0130483
692.353 0.748491 0.0128632
692.678 0.747722 0.0129554
693.003 0.768615 0.0136345
693.328 0.751915 0.0144812
693.652 0.749078 0.0151064
693.977 0.748961 0.0147443
694.302 0.741605 0.013834
694.627 0.754766 0.0137611
694.951 0.750477 0.0142153
695.276 0.766052 0.0157444
695.6 0.757962 0.0159244
695.925 0.752281 0.0139238
696.249 0.752021 0.0122753
696.574 0.747518 0.0115987
696.898 0.771186 0.0123172
697.222 0.771416 0.0130211
697.546 0.768366 0.0135182
697.871 0.764763 0.0137706
698.195 0.765112 0.0138747
698.519 0.766941 0.0142428
698.843 0.78024 0.0147769
699.167 0.786551 0.0153941
699.491 0.774364 0.0158561
699.814 0.764298 0.01588
700.138 0.776693 0.0160572
700.462 0.778471 0.0163414
700.786 0.771894 0.0160561
701.109 0.780698 0.0157494
701.433 0.787762 0.0152726
701.756 0.771327 0.0145729
702.08 0.799387 0.0148369
702.403 0.773301 0.01489
702.726 0.784492 0.0156338
703.05 0.785412 0.0160248
703.373 0.783565 0.0161926
703.696 0.788873 0.016261
704.019 0.804536 0.0169946
704.342 0.80805 0.0176529
704.665 0.801901 0.0183117
704.988 0.798452 0.0181528
705.311 0.780178 0.0168412
705.634 0.758536 0.0149097
705.957 0.777958 0.0136754
706.28 0.776632 0.0126578
706.602 0.803925 0.0127448
706.925 0.795909 0.0129478
707.247 0.800729 0.0135044
707.57 0.793433 0.0139729
707.892 0.79914 0.0145016
708.215 0.816033 0.0153701
708.537 0.801563 0.0156082
708.859 0.799994 0.015682
709.182 0.807829 0.0155955
709.504 0.80051 0.0151161
709.826 0.813428 0.0150463
710.148 0.804896 0.0150276
710.47 0.806658 0.0154716
710.792 0.814872 0.0161248
711.114 0.811771 0.0166336
711.436 0.795556 0.016833
711.758 0.792923 0.0165332
712.079 0.8214 0.0166351
712.401 0.804258 0.0156484
712.723 0.806073 0.0150974
713.044 0.791079 0.0140908
713.366 0.80344 0.0140423
713.687 0.810752 0.0142206
714.009 0.805126 0.0145557
714.33 0.820661 0.015025
714.652 0.816421 0.0154121
714.973 0.823994 0.0160199
715.294 0.817776 0.0167801
715.615 0.838711 0.0180802
715.936 0.831198 0.018263
716.257 0.822617 0.0183433
716.578 0.836934 0.0186265
716.899 0.852073 0.0183753
717.22 0.823377 0.0168979
717.541 0.827381 0.0164849
717.862 0.833444 0.0164896
718.182 0.820032 0.0163242
718.503 0.823712 0.0160052
718.824 0.835791 0.0163518
719.144 0.827561 0.0165312
719.465 0.825708 0.0168898
719.785 0.826603 0.0165503
720.105 0.819011 0.0162577
720.426 0.817923 0.0160454
720.746 0.837199 0.0165087
721.066 0.831299 0.0164802
721.386 0.8266 0.0166018
721.706 0.831657 0.0171369
722.026 0.833737 0.0176136
722.346 0.839274 0.0178189
722.666 0.830831 0.0174971
722.986 0.829405 0.0170484
723.306 0.844872 0.0173411
723.626 0.840186 0.0176357
723.946 0.839584 0.0175942
724.265 0.834037 0.0165985
724.585 0.821266 0.0156025
724.904 0.845234 0.0157109
725.224 0.845238 0.0157529
725.543 0.843591 0.0157342
725.863 0.841915 0.0158692
726.182 0.863785 0.0167265
726.501 0.829087 0.0166453
726.82 0.856024 0.0170249
727.14 0.837331 0.0161859
727.459 0.828238 0.0156122
727.778 0.821389 0.0154552
728.097 0.848609 0.015924
728.416 0.83315 0.0156
728.734 0.831755 0.0150914
729.053 0.84547 0.0150661
729.372 0.823303 0.0148366
729.691 0.84414 0.0146446
730.009 0.842077 0.0139235
730.328 0.844219 0.013531
730.647 0.847506 0.0135728
730.965 0.842494 0.0140067
731.283 0.857173 0.014659
731.602 0.830147 0.014594
731.92 0.843036 0.0144455
732.238 0.842773 0.0140954
732.557 0.845547 0.0139893
732.875 0.833571 0.0135531
733.193 0.835566 0.0127602
733.511 0.841369 0.0125118
733.829 0.848249 0.0129396
734.147 0.857374 0.0138647
734.465 0.858728 0.0145068
734.782 0.857574 0.0144839
735.1 0.837961 0.0139162
735.418 0.855609 0.0140505
735.735 0.855846 0.0140947
736.053 0.837657 0.0137896
736.371 0.850144 0.0140355
736.688 0.834113 0.0144092
737.005 0.86955 0.0156083
737.323 0.836168 0.0158911
737.64 0.851235 0.0160519
737.957 0.841278 0.0151296
738.274 0.831147 0.0138025
738.592 0.844845 0.013577
738.909 0.851502 0.0139738
739.226 0.848217 0.0151906
739.543 0.851313 0.0164039
739.86 0.877535 0.0176229
740.176 0.867988 0.0179819
740.493 0.844305 0.0182704
740.81 0.844447 0.0183295
741.127 0.843018 0.0181205
741.443 0.839926 0.0171381
741.76 0.836007 0.0165314
742.076 0.848027 0.0167972
742.393 0.848865 0.017707
742.709 0.853746 0.0187408
743.025 0.861793 0.0191758
743.342 0.844984 0.0188135
743.658 0.846341 0.0184662
743.974 0.856258 0.0180604
744.29 0.862096 0.0181034
744.606 0.847912 0.0181457
744.922 0.840467 0.0180982
745.238 0.833402 0.0180768
745.554 0.843961 0.018631
745.87 0.859735 0.0190024
746.186 0.845099 0.0180638
746.501 0.836743 0.017313
746.817 0.853991 0.0177691
747.132 0.864403 0.0191891
747.448 0.860981 0.0199035
747.763 0.823273 0.019172
748.079 0.834873 0.0185032
748.394 0.864373 0.0175512
748.71 0.835235 0.0160621
749.025 0.835614 0.0151259
749.34 0.84742 0.0150344
749.655 0.861183 0.0154875
749.97 0.869601 0.0161233
750.285 0.834806 0.0158463
750.6 0.855065 0.0156946
750.915 0.838111 0.0151521
751.23 0.85934 0.0156449
751.545 0.869354 0.0163824
751.859 0.848923 0.0167986
752.174 0.845385 0.0169593
752.489 0.85703 0.016216
752.803 0.834707 0.0150428
753.118 0.836204 0.0149433
753.432 0.861034 0.0156722
753.747 0.8529 0.0161762
754.061 0.833621 0.0154504
754.375 0.825642 0.0147327
754.689 0.828225 0.0142964
755.004 0.850538 0.0144644
755.318 0.850546 0.0141491
755.632 0.8224 0.0132344
755.946 0.837369 0.013113
756.26 0.837315 0.0125264
756.573 0.841898 0.0120177
756.887 0.836796 0.0116165
757.201 0.83204 0.0118293
757.515 0.847421 0.0130771
757.828 0.859033 0.0141207
758.142 0.846142 0.0139679
758.455 0.837107 0.0129026
758.769 0.826009 0.0121376
759.082 0.831766 0.0118485
759.396 0.823229 0.0116104
759.709 0.821773 0.0115102
760.022 0.837706 0.0117238
760.335 0.83897 0.0123493
760.648 0.842589 0.0133016
760.962 0.852555 0.0143617
761.275 0.829382 0.014867
761.587 0.855609 0.0152968
761.9 0.839838 0.0151935
762.213 0.830323 0.0146138
762.526 0.822677 0.0140216
762.839 0.826069 0.0139943
763.151 0.833276 0.0136492
763.464 0.828262 0.0128709
763.776 0.824908 0.0119312
764.089 0.819267 0.0116392
764.401 0.823294 0.0120823
764.714 0.823194 0.0127921
765.026 0.830061 0.0137106
765.338 0.82219 0.0145293
765.65 0.824276 0.0156581
765.962 0.824959 0.0163927
766.275 0.813096 0.0168567
766.587 0.793735 0.0167098
766.898 0.80086 0.0162459
767.21 0.810663 0.0153789
767.522 0.799599 0.0141713
767.834 0.813338 0.0137689
768.146 0.808105 0.0138237
768.457 0.831921 0.014883
768.769 0.819978 0.0155625
769.08 0.819036 0.0156239
769.392 0.817801 0.0150476
769.703 0.807997 0.0141831
770.015 0.814293 0.013695
770.326 0.820675 0.0137753
770.637 0.820343 0.0142706
770.948 0.835427 0.0154525
771.26 0.80723 0.0161437
771.571 0.808253 0.016331
771.882 0.800498 0.0158575
772.193 0.810525 0.0161182
772.504 0.815696 0.0165742
772.814 0.810394 0.0168499
773.125 0.806686 0.0171592
773.436 0.820169 0.017799
773.747 0.797391 0.0179452
774.057 0.801757 0.0183792
774.368 0.810962 0.0187751
774.678 0.811345 0.0192691
774.989 0.79988 0.0194328
775.299 0.828858 0.0204474
775.609 0.815157 0.0200516
775.919 0.795612 0.0196472
776.23 0.798756 0.0197098
776.54 0.798904 0.0195447
776.85 0.811152 0.019901
777.16 0.787923 0.0190313
777.47 0.786222 0.0180231
777.78 0.810437 0.0174921
778.089 0.788568 0.0163872
778.399 0.780936 0.0162044
778.709 0.81338 0.0173005
779.019 0.810047 0.0183992
779.328 0.794777 0.019211
779.638 0.781718 0.0188006
779.947 0.780396 0.0171238
780.257 0.774527 0.015562
780.566 0.776605 0.0149997
780.875 0.777166 0.015348
781.185 0.785187 0.0164055
781.494 0.799276 0.0168254
781.803 0.802102 0.0173055
782.112 0.785953 0.0173811
782.421 0.791523 0.0172134
782.73 0.764563 0.0164722
783.039 0.769754 0.0167378
783.348 0.79421 0.0183585
783.656 0.770894 0.0190808
783.965 0.780866 0.0194918
784.274 0.764151 0.0185495
784.582 0.761153 0.017938
784.891 0.762793 0.0178515
785.199 0.761967 0.0181121
785.508 0.794381 0.0190027
785.816 0.790399 0.0192996
786.124 0.77211 0.018654
786.432 0.779543 0.0178231
786.741 0.773586 0.0170763
787.049 0.773263 0.0169719
787.357 0.781328 0.0173212
787.665 0.770685 0.0170992
787.973 0.772097 0.0172705
788.281 0.769097 0.0175958
788.588 0.758107 0.0183997
788.896 0.763559 0.0196142
789.204 0.787466 0.0207282
789.511 0.780831 0.0206966
789.819 0.774653 0.0209902
790.126 0.778336 0.0210489
790.434 0.767773 0.0209008
790.741 0.766437 0.0208298
791.049 0.77369 0.0209061
791.356 0.777612 0.0216393
791.663 0.75915 0.0217666
791.97 0.775962 0.0220635
792.277 0.761141 0.0214459
792.584 0.759155 0.0202884
792.891 0.738302 0.0176965
793.198 0.748967 0.0165451
793.505 0.745396 0.0161827
793.812 0.739051 0.0165694
794.119 0.736342 0.0169193
794.425 0.745951 0.0175351
794.732 0.7533 0.0184245
795.038 0.755608 0.0203863
795.345 0.740983 0.0217095
795.651 0.761013 0.0231805
795.958 0.769488 0.0233566
796.264 0.737233 0.0213337
796.57 0.763886 0.0209215
796.876 0.782557 0.0209937
797.183 0.744096 0.0208498
797.489 0.76039 0.021942
797.795 0.759388 0.0221237
798.101 0.757892 0.0220041
798.406 0.751992 0.0220348
798.712 0.773799 0.0230122
799.018 0.754871 0.0230841
799.324 0.767227 0.0233333
799.629 0.739302 0.0230081
799.935 0.738026 0.0231587
800.24 0.774445 0.0241745
800.546 0.762643 0.0239978
800.851 0.743656 0.0239129
801.157 0.750263 0.0250478
801.462 0.761761 0.0254838
801.767 0.786015 0.0260095
802.072 0.739447 0.0242486
802.377 0.757145 0.0236118
802.682 0.732947 0.0228572
802.987 0.762561 0.0239619
803.292 0.738007 0.0241756
803.597 0.735176 0.0243346
803.902 0.745041 0.0244357
804.207 0.734408 0.0241089
804.511 0.747108 0.0239438
804.816 0.715278 0.0220128
805.12 0.724572 0.0207012
805.425 0.716103 0.0193838
805.729 0.721242 0.0196056
806.034 0.727999 0.0204597
806.338 0.750555 0.0219582
806.642 0.718584 0.0220325
806.946 0.704496 0.0215948
807.251 0.762076 0.0226664
807.555 0.750501 0.0221357
807.859 0.721064 0.0215325
808.162 0.727705 0.0222592
808.466 0.754722 0.0234401
808.77 0.747922 0.0239525
809.074 0.758322 0.0249433
809.378 0.729854 0.0245133
809.681 0.714743 0.0240672
809.985 0.762137 0.0252543
810.288 0.771018 0.0256843
810.592 0.724548 0.0247116
810.895 0.707237 0.0249945
811.198 0.755931 0.0269833
811.502 0.761829 0.0274823
811.805 0.787109 0.0287019
812.108 0.73377 0.0264506
812.411 0.729756 0.0255968
812.714 0.756459 0.0242822
813.017 0.729799 0.0225712
813.32 0.711756 0.0222574
813.623 0.733022 0.023301
813.926 0.730404 0.0249442
814.228 0.76096 0.0268222
814.531 0.749071 0.0274651
814.833 0.729757 0.0269003
815.136 0.73411 0.0271444
815.438 0.786656 0.0284197
815.741 0.735301 0.0263371
816.043 0.733135 0.0259784
816.345 0.740491 0.0259329
816.648 0.751562 0.0263388
816.95 0.73772 0.0264957
817.252 0.749021 0.0272977
817.554 0.749119 0.0273578
817.856 0.74669 0.0278967
818.158 0.740819 0.0280282
818.46 0.772869 0.029354
818.761 0.770379 0.0291999
819.063 0.781643 0.028902
819.365 0.727891 0.0270666
819.666 0.723669 0.0256385
819.968 0.752006 0.0252734
820.269 0.727396 0.0245878
820.571 0.729223 0.0252641
820.872 0.72763 0.0261909
821.173 0.755199 0.0277424
821.475 0.787399 0.0294176
821.776 0.750344 0.0285684
822.077 0.753483 0.0284613
822.378 0.777295 0.0291093
822.679 0.788296 0.0297944
822.98 0.734948 0.0285013
823.281 0.787057 0.030451
823.581 0.771902 0.0298522
823.882 0.807878 0.0309307
824.183 0.774163 0.0299712
824.483 0.744522 0.0283468
824.784 0.717174 0.0266785
825.084 0.777421 0.0282743
825.385 0.766309 0.0284396
825.685 0.758499 0.0289028
825.985 0.776827 0.0289998
826.286 0.749076 0.028086
826.586 0.731141 0.0272035
826.886 0.718631 0.0270198
827.186 0.728944 0.0276125
827.486 0.749965 0.0289486
827.786 0.775276 0.0298816
828.086 0.736767 0.0288372
828.386 0.752181 0.0287566
828.685 0.740802 0.0283803
828.985 0.798136 0.0303384
829.285 0.762871 0.0298653
829.584 0.749777 0.0300863
829.884 0.750973 0.0305693
830.183 0.836761 0.0339502
830.482 0.817076 0.0331824
830.782 0.774742 0.0324487
831.081 0.779737 0.0337853
831.38 0.737119 0.0317868
831.679 0.779891 0.0327702
831.978 0.843436 0.0341335
832.277 0.767216 0.0315055
832.576 0.761916 0.0308059
832.875 0.725035 0.0300328
833.174 0.735804 0.0300651
833.472 0.770649 0.0310016
833.771 0.808088 0.0321776
834.07 0.801947 0.0312934
834.368 0.755661 0.0306741
834.667 0.792019 0.0322327
834.965 0.785342 0.0325784
835.263 0.783246 0.0325787
835.562 0.800855 0.0329578
835.86 0.763135 0.0318754
836.158 0.804129 0.0330926
836.456 0.816165 0.0342175
836.754 0.756614 0.0328534
837.052 0.823074 0.035354
837.35 0.809673 0.0343851
837.648 0.782835 0.0342588
837.946 0.796232 0.0348451
838.243 0.802317 0.034988
838.541 0.774661 0.0334765
838.839 0.826293 0.0346248
839.136 0.845328 0.0349476
839.434 0.802725 0.0338486
839.731 0.875102 0.0362929
840.028 0.786174 0.0336113
840.326 0.805652 0.0344529
840.623 0.827111 0.0348768
840.92 0.783191 0.0342649
841.217 0.839458 0.0364703
841.514 0.81615 0.0361614
841.811 0.78653 0.0343273
842.108 0.797874 0.0355903
842.405 0.817613 0.0362968
842.701 0.836226 0.0368768
842.998 0.773401 0.0343727
843.295 0.838804 0.0365792
843.591 0.804312 0.0358975
843.888 0.80091 0.0354073
844.184 0.844341 0.0365653
844.481 0.818175 0.0354039
844.777 0.795948 0.0350907
845.073 0.813332 0.0357392
845.369 0.851539 0.0369359
845.665 0.85885 0.0376363
845.962 0.818281 0.0360158
846.258 0.87224 0.0379045
846.553 0.849464 0.0374606
846.849 0.81901 0.0368464
847.145 0.806257 0.0353703
847.441 0.850699 0.0365501
847.737 0.795928 0.0350609
848.032 0.825264 0.0363831
848.328 0.818171 0.036393
848.623 0.848179 0.0375491
848.919 0.762576 0.0348106
849.214 0.803871 0.035333
849.509 0.808517 0.0359636
849.805 0.863939 0.0379216
850.1 0.857612 0.0386272
850.395 0.849001 0.0383055
850.69 0.85737 0.0387617
850.985 0.771239 0.0354586
851.28 0.824929 0.0365199
851.575 0.820765 0.0368724
851.869 0.827771 0.036903
852.164 0.866228 0.0371881
852.459 0.827056 0.0353407
852.753 0.830428 0.03492
853.048 0.797351 0.0324422
853.342 0.780061 0.0318658
853.637 0.811013 0.0330756
853.931 0.817639 0.0328541
854.225 0.834176 0.0330388
854.52 0.845268 0.034497
854.814 0.861324 0.0349388
855.108 0.753719 0.0316231
855.402 0.752691 0.0321798
855.696 0.82157 0.0345824
855.99 0.824431 0.0352012
856.283 0.787421 0.0336471
856.577 0.84132 0.0355748
856.871 0.804992 0.0345233
857.164 0.786133 0.0344875
857.458 0.843347 0.036907
857.751 0.870508 0.0368463
858.045 0.759319 0.0339952
858.338 0.820885 0.035924
858.632 0.768407 0.0339611
858.925 0.820934 0.0360239
859.218 0.826401 0.0359897
859.511 0.853117 0.0380973
859.804 0.847959 0.0376021
860.097 0.809002 0.0357553
860.39 0.880921 0.0384056
860.683 0.847594 0.0375126
860.976 0.902355 0.0390155
861.268 0.863557 0.0375776
861.561 0.841126 0.0381492
861.854 0.900838 0.0406563
862.146 0.828784 0.0376115
862.439 0.845707 0.0377879
862.731 0.822567 0.0363548
863.023 0.888382 0.039005
863.316 0.811186 0.0365994
863.608 0.849024 0.037639
863.9 0.840631 0.0374763
864.192 0.836451 0.0364963
864.484 0.833393 0.037301
864.776 0.820768 0.0373458
865.068 0.853958 0.0378577
865.36 0.85282 0.0377336
865.651 0.875263 0.0392309
865.943 0.841765 0.0377618
866.235 0.841097 0.0379381
866.526 0.913667 0.0406066
866.818 0.826143 0.0373175
867.109 0.809435 0.0367118
867.4 0.8507 0.0383603
867.692 0.858041 0.0387359
867.983 0.859517 0.0383939
868.274 0.872722 0.0391729
868.565 0.827754 0.0376637
868.856 0.848465 0.0383815
869.147 0.861521 0.0385709
869.438 0.846649 0.0381335
869.729 0.820816 0.0377719
870.02 0.923569 0.0416462
870.31 0.892869 0.0396709
870.601 0.869737 0.0385895
870.892 0.812959 0.0369256
871.182 0.812265 0.0367545
871.473 0.867171 0.038802
871.763 0.79183 0.0361891
872.053 0.851434 0.0379685
872.343 0.839222 0.037637
872.634 0.811236 0.0373762
872.924 0.814997 0.0367183
873.214 0.848696 0.0382365
873.504 0.857074 0.0389406
873.794 0.869839 0.0402096
874.084 0.911488 0.0410422
874.373 0.865697 0.0389914
874.663 0.782912 0.0362021
874.953 0.865784 0.0393363
875.242 0.857914 0.0386299
875.532 0.774444 0.036401
875.821 0.835239 0.0380378
876.111 0.860618 0.0384649
876.4 0.843772 0.038563
876.689 0.896245 0.0394799
876.978 0.880112 0.0391374
877.268 0.847088 0.0384643
877.557 0.858118 0.0391606
877.846 0.872529 0.0393558
878.134 0.875623 0.0397834
878.423 0.875784 0.0397907
878.712 0.875946 0.039798
