178.41 0.545548 0.114252
178.791 0.549002 0.114976
179.172 0.552432 0.115694
179.553 0.604832 0.604832
179.934 0.635274 0.635274
180.316 0.455306 0.455306
180.697 0.603793 0.603793
181.078 0.82856 0.82856
181.459 0.372538 0.372538
181.84 0.301687 0.301687
182.221 0.925592 0.925592
182.602 0.428024 0.428024
182.983 4.8511 0.997316
183.364 0.151455 0.0690577
183.744 0.562192 0.0840029
184.125 0.46346 0.0661614
184.506 0.589652 0.0611342
184.887 0.565204 0.0533734
185.268 0.468965 0.0418552
185.648 0.585187 0.0452601
186.029 0.624946 0.0446128
186.41 0.522982 0.0397443
186.791 0.717408 0.0447359
187.171 0.543452 0.0333037
187.552 0.528001 0.026708
187.932 0.577681 0.0284458
188.313 0.529599 0.0254383
188.694 0.542164 0.0257236
189.074 0.545814 0.0248839
189.455 0.54453 0.0241648
189.835 0.604013 0.0261691
190.216 0.573215 0.0248215
190.596 0.570473 0.0236976
190.977 0.541595 0.0229107
191.357 0.54121 0.0229702
191.737 0.555788 0.0229867
192.118 0.569282 0.02315
192.498 0.541023 0.0218679
192.878 0.580382 0.0228237
193.258 0.544574 0.0217269
193.639 0.554129 0.0216449
194.019 0.575625 0.0222551
194.399 0.595646 0.0224435
194.779 0.525045 0.020227
195.159 0.572036 0.0217247
195.54 0.531234 0.0203082
195.92 0.558465 0.0208838
196.3 0.538752 0.0202147
196.68 0.537211 0.0202866
197.06 0.548797 0.0203818
197.44 0.540837 0.0200393
197.82 0.545596 0.0199692
198.2 0.550045 0.020041
198.58 0.554636 0.0195933
198.959 0.539577 0.0192905
199.339 0.556263 0.0196715
199.719 0.551218 0.019207
200.099 0.580266 0.019754
200.479 0.56037 0.0193574
200.858 0.579328 0.019392
201.238 0.55285 0.0186477
201.618 0.593638 0.0195403
201.998 0.558981 0.0185073
202.377 0.53545 0.0181132
202.757 0.528212 0.0177541
203.136 0.531683 0.0176967
203.516 0.530634 0.017416
203.896 0.532896 0.0172382
204.275 0.521891 0.0167226
204.655 0.535391 0.0169697
205.034 0.545657 0.0169302
205.414 0.542033 0.0166626
205.793 0.565619 0.0168688
206.172 0.584506 0.0171637
206.552 0.596754 0.0170469
206.931 0.59769 0.0167987
207.31 0.61612 0.016872
207.69 0.60262 0.0165529
208.069 0.609234 0.0164231
208.448 0.60777 0.0161968
208.827 0.615505 0.0162059
209.207 0.613003 0.0161306
209.586 0.582362 0.0153109
209.965 0.587417 0.0153286
210.344 0.567688 0.0148492
210.723 0.569946 0.014696
211.102 0.565953 0.0143911
211.481 0.561414 0.0142576
211.86 0.574988 0.0142853
212.239 0.565661 0.0140258
212.618 0.573849 0.0139227
212.997 0.576703 0.0137296
213.376 0.607216 0.0140378
213.755 0.605732 0.0138237
214.134 0.616661 0.013759
214.513 0.632662 0.0137107
214.891 0.632619 0.0136187
215.27 0.638705 0.0134268
215.649 0.652756 0.0134621
216.028 0.643975 0.0131403
216.406 0.647678 0.0130408
216.785 0.639469 0.012747
217.164 0.636489 0.01259
217.542 0.620811 0.0121732
217.921 0.614699 0.0119581
218.3 0.605832 0.0118295
218.678 0.604989 0.0116353
219.057 0.585718 0.0112447
219.435 0.581453 0.0110195
219.814 0.582818 0.0109512
220.192 0.567957 0.0106364
220.57 0.570697 0.010537
220.949 0.567653 0.0103325
221.327 0.578434 0.0102567
221.705 0.588188 0.010237
222.084 0.583665 0.0099763
222.462 0.606953 0.0100522
222.84 0.618924 0.010067
223.218 0.622748 0.00984663
223.597 0.641857 0.00989557
223.975 0.646563 0.00975297
224.353 0.658726 0.00973615
224.731 0.657299 0.00956887
225.109 0.656931 0.00937297
225.487 0.659241 0.00925596
225.865 0.673312 0.00921117
226.243 0.660062 0.0090043
226.621 0.659148 0.00887956
226.999 0.641708 0.00858182
227.377 0.644991 0.00852021
227.755 0.632321 0.00832605
228.133 0.632417 0.00822093
228.511 0.615017 0.00801056
228.889 0.607872 0.00781161
229.266 0.602648 0.00770416
229.644 0.590094 0.00747341
230.022 0.587314 0.00735927
230.4 0.582458 0.00725971
230.777 0.585792 0.00721119
231.155 0.596113 0.00717988
231.533 0.595054 0.00707193
231.91 0.603758 0.00702703
232.288 0.611187 0.00700314
232.665 0.621557 0.00697139
233.043 0.639793 0.00700615
233.42 0.64374 0.00693274
233.798 0.662867 0.00698354
234.175 0.676838 0.00696483
234.553 0.687335 0.0069439
234.93 0.694078 0.00690799
235.307 0.708331 0.00692203
235.685 0.712374 0.00688509
236.062 0.711527 0.00680059
236.439 0.719868 0.0068065
236.816 0.718829 0.00671841
237.194 0.721331 0.00665884
237.571 0.718076 0.00658595
237.948 0.711611 0.00652159
238.325 0.705037 0.00641955
238.702 0.698515 0.00635207
239.079 0.696961 0.00628204
239.456 0.688356 0.00620143
239.833 0.68762 0.00615814
240.21 0.678165 0.00605917
240.587 0.674044 0.00601276
240.964 0.670618 0.00594852
241.341 0.664812 0.00587268
241.718 0.660331 0.00579746
242.095 0.665351 0.00581771
242.472 0.661577 0.00575519
242.849 0.659393 0.0057028
243.225 0.664953 0.00567687
243.602 0.671951 0.00567793
243.979 0.672887 0.00566225
244.356 0.684858 0.00568895
244.732 0.68981 0.00565133
245.109 0.699246 0.00565002
245.486 0.712957 0.0056972
245.862 0.719763 0.00569606
246.239 0.722125 0.00564724
246.615 0.735639 0.0056895
246.992 0.742561 0.00567435
247.368 0.749797 0.00570188
247.745 0.750669 0.0056571
248.121 0.75872 0.00564859
248.497 0.754501 0.00562376
248.874 0.760415 0.00561156
249.25 0.758393 0.00555477
249.626 0.761704 0.00555768
250.003 0.753718 0.00549603
250.379 0.750408 0.00543054
250.755 0.752174 0.00544164
251.131 0.747522 0.00538672
251.507 0.74127 0.00535699
251.884 0.739192 0.00531275
252.26 0.737171 0.00530683
252.636 0.727144 0.00522264
253.012 0.719432 0.00517593
253.388 0.721265 0.00516692
253.764 0.719062 0.00513792
254.14 0.707299 0.00508359
254.516 0.706977 0.00507551
254.892 0.700677 0.00502728
255.268 0.708437 0.00504967
255.643 0.703142 0.00500964
256.019 0.705713 0.00501508
256.395 0.704396 0.00499994
256.771 0.70709 0.00497297
257.147 0.717588 0.00500406
257.522 0.719275 0.005002
257.898 0.731114 0.00503471
258.274 0.734716 0.00503405
258.649 0.74468 0.00506496
259.025 0.743969 0.00503474
259.4 0.749931 0.00505213
259.776 0.760385 0.00507151
260.151 0.769652 0.00511948
260.527 0.775423 0.00511574
260.902 0.780439 0.0051183
261.278 0.781721 0.00511168
261.653 0.78928 0.00513619
262.028 0.793028 0.00515333
262.404 0.791503 0.00512476
262.779 0.793628 0.00511878
263.154 0.795757 0.00511662
263.53 0.797635 0.00510868
263.905 0.794738 0.00510929
264.28 0.793626 0.00510307
264.655 0.786616 0.00506571
265.03 0.785325 0.00507717
265.405 0.782686 0.00505175
265.781 0.784666 0.00506414
266.156 0.779239 0.00504118
266.531 0.769498 0.00498313
266.906 0.77044 0.00501372
267.281 0.765079 0.00497153
267.655 0.759046 0.0049704
268.03 0.75698 0.00496639
268.405 0.747233 0.00492775
268.78 0.748273 0.00493106
269.155 0.745027 0.00490941
269.53 0.73868 0.00490532
269.904 0.739693 0.00490314
270.279 0.73922 0.00490468
270.654 0.733878 0.00487303
271.029 0.733314 0.00488039
271.403 0.730403 0.00485693
271.778 0.733094 0.00487969
272.152 0.735582 0.00489261
272.527 0.739077 0.00489993
272.901 0.739996 0.00488378
273.276 0.744862 0.00488864
273.65 0.755929 0.0049403
274.025 0.755325 0.0049255
274.399 0.760767 0.0049669
274.774 0.768318 0.00497995
275.148 0.772721 0.0049784
275.522 0.781714 0.00502069
275.897 0.786329 0.00503277
276.271 0.788605 0.00504508
276.645 0.798398 0.0050616
277.019 0.796051 0.00504046
277.393 0.799781 0.00503862
277.768 0.809522 0.0050932
278.142 0.810008 0.00508961
278.516 0.811993 0.00510483
278.89 0.812982 0.00509786
279.264 0.819643 0.00513512
279.638 0.815486 0.00509731
280.012 0.817681 0.00511313
280.386 0.819459 0.00514545
280.76 0.814824 0.00511138
281.133 0.819204 0.00513449
281.507 0.811023 0.0051047
281.881 0.813415 0.00510053
282.255 0.809124 0.00509418
282.629 0.804503 0.00509436
283.002 0.801077 0.00508624
283.376 0.797479 0.00506092
283.75 0.797674 0.00507872
284.123 0.788999 0.00503341
284.497 0.785859 0.00503254
284.87 0.78623 0.00503888
285.244 0.778768 0.00500567
285.618 0.777402 0.00501413
285.991 0.773391 0.00502229
286.364 0.771976 0.00501583
286.738 0.767605 0.00500068
287.111 0.774112 0.00502396
287.485 0.761843 0.0049868
287.858 0.764614 0.00501452
288.231 0.761659 0.00499604
288.605 0.766449 0.00502547
288.978 0.761584 0.00499882
289.351 0.763585 0.00503141
289.724 0.761497 0.00502434
290.097 0.764018 0.00503866
290.47 0.769824 0.00507411
290.843 0.768604 0.00506831
291.217 0.769688 0.00507289
291.59 0.774633 0.00512441
291.963 0.78231 0.00513839
292.336 0.781765 0.00515301
292.708 0.789032 0.00518677
293.081 0.795915 0.00523332
293.454 0.799589 0.00522227
293.827 0.802277 0.00524659
294.2 0.807477 0.00529789
294.573 0.811352 0.00529365
294.945 0.819646 0.00535207
295.318 0.82418 0.00536478
295.691 0.831284 0.00540097
296.064 0.830048 0.00540685
296.436 0.827843 0.00539586
296.809 0.828258 0.00538271
297.181 0.836929 0.00543985
297.554 0.833309 0.00543637
297.926 0.838024 0.00545606
298.299 0.839387 0.00546632
298.671 0.841592 0.00544966
299.044 0.842058 0.00548104
299.416 0.842493 0.00549075
299.788 0.839483 0.00547242
300.161 0.841553 0.00550327
300.533 0.836593 0.00547938
300.905 0.836949 0.00545968
301.278 0.836169 0.0054686
301.65 0.833461 0.00545362
302.022 0.830663 0.00545633
302.394 0.829693 0.00546194
302.766 0.82805 0.00544883
303.138 0.823716 0.00545591
303.51 0.823808 0.00544201
303.882 0.81625 0.0054102
304.254 0.818081 0.0054269
304.626 0.812901 0.00539344
304.998 0.810591 0.00538417
305.37 0.804428 0.00539363
305.742 0.799185 0.00535588
306.114 0.795301 0.00534055
306.485 0.794853 0.00534024
306.857 0.796279 0.00534121
307.229 0.788799 0.00533464
307.601 0.787976 0.0053304
307.972 0.785013 0.00531489
308.344 0.779443 0.00528937
308.716 0.778775 0.0053089
309.087 0.778634 0.00530175
309.459 0.777976 0.00530755
309.83 0.780173 0.00531574
310.202 0.773701 0.00528503
310.573 0.781015 0.00531306
310.945 0.778672 0.0053014
311.316 0.781774 0.00533736
311.687 0.78166 0.00531558
312.059 0.78128 0.00533293
312.43 0.784698 0.00533487
312.801 0.795939 0.0053919
313.172 0.797403 0.00540017
313.544 0.794981 0.00539753
313.915 0.798117 0.00537378
314.286 0.804821 0.00541974
314.657 0.805479 0.00540995
315.028 0.809683 0.00543551
315.399 0.812484 0.00544309
315.77 0.819356 0.00545833
316.141 0.823839 0.00549602
316.512 0.829127 0.00551281
316.883 0.832118 0.0055339
317.254 0.83449 0.0055362
317.625 0.837842 0.00558148
317.996 0.841815 0.00556406
318.366 0.842471 0.00558005
318.737 0.838621 0.00556168
319.108 0.846938 0.00560849
319.478 0.847921 0.00561361
319.849 0.847153 0.0056084
320.22 0.850783 0.00562594
320.59 0.853442 0.0056315
320.961 0.84815 0.00562366
321.331 0.853434 0.00564189
321.702 0.84714 0.00564952
322.072 0.853482 0.00568778
322.443 0.854059 0.00567843
322.813 0.849592 0.00565305
323.184 0.846399 0.00565825
323.554 0.846962 0.00567811
323.924 0.849635 0.00568412
324.295 0.849264 0.00571045
324.665 0.846008 0.00570364
325.035 0.838929 0.0056723
325.405 0.842087 0.00570635
325.775 0.84088 0.00572999
326.145 0.83709 0.00571159
326.515 0.831689 0.00570364
326.886 0.832054 0.00573373
327.256 0.833309 0.00574352
327.626 0.832865 0.0057775
327.995 0.82698 0.00577125
328.365 0.823328 0.00576654
328.735 0.817861 0.00577624
329.105 0.818953 0.00584272
329.475 0.815839 0.0058774
329.845 0.815566 0.00596141
330.215 0.816716 0.00594323
330.584 0.816427 0.00588491
330.954 0.810085 0.00572347
331.324 0.798032 0.00552081
331.693 0.790988 0.00540206
332.063 0.786212 0.00532772
332.432 0.783777 0.00529204
332.802 0.787886 0.00534944
333.171 0.788566 0.00542198
333.541 0.786265 0.00551508
333.91 0.786279 0.00554314
334.28 0.784688 0.00556925
334.649 0.783727 0.00558198
335.018 0.784579 0.00560405
335.388 0.789988 0.00564148
335.757 0.786951 0.00563143
336.126 0.786592 0.00565037
336.495 0.785065 0.00562581
336.865 0.786086 0.00565278
337.234 0.790275 0.00569986
337.603 0.788758 0.00568278
337.972 0.796386 0.00572334
338.341 0.793357 0.0057031
338.71 0.799533 0.00572136
339.079 0.801495 0.00574915
339.448 0.804684 0.00575148
339.817 0.811137 0.00578877
340.186 0.810129 0.00578884
340.554 0.813956 0.00579489
340.923 0.821918 0.00583533
341.292 0.823857 0.00584772
341.661 0.827335 0.0058674
342.029 0.828494 0.00586135
342.398 0.83068 0.00587695
342.767 0.832794 0.00590706
343.135 0.841682 0.00593405
343.504 0.842186 0.00595433
343.872 0.842355 0.00593278
344.241 0.849524 0.00597192
344.609 0.855987 0.00601841
344.978 0.852513 0.00600011
345.346 0.850545 0.00597065
345.715 0.857675 0.0060188
346.083 0.855024 0.00602289
346.451 0.859872 0.00603035
346.82 0.860921 0.00605424
347.188 0.858869 0.0060356
347.556 0.866838 0.00609481
347.924 0.862144 0.00607093
348.292 0.86308 0.00608803
348.66 0.86353 0.00608425
349.028 0.861075 0.00608324
349.396 0.863123 0.00611447
349.764 0.861588 0.00610134
350.132 0.862196 0.00610034
350.5 0.861927 0.00610936
350.868 0.861297 0.00611821
351.236 0.856607 0.00609668
351.604 0.858274 0.00612632
351.972 0.862842 0.00614956
352.34 0.853833 0.00612627
352.707 0.856445 0.00613833
353.075 0.858166 0.00614612
353.443 0.849957 0.0061306
353.81 0.852797 0.00615609
354.178 0.851797 0.00615594
354.545 0.848424 0.00612869
354.913 0.850455 0.00616212
355.28 0.843119 0.00613632
355.648 0.836554 0.00609946
356.015 0.839069 0.00611932
356.383 0.830878 0.00608242
356.75 0.82784 0.00608677
357.117 0.831662 0.00610418
357.485 0.833172 0.00611402
357.852 0.833471 0.00615734
358.219 0.825029 0.00609567
358.586 0.820933 0.0060795
358.954 0.816537 0.00608869
359.321 0.811435 0.00605497
359.688 0.81585 0.0061013
360.055 0.808959 0.00606684
360.422 0.810336 0.0060808
360.789 0.806202 0.00607573
361.156 0.804803 0.0060651
361.523 0.804149 0.00608718
361.89 0.7991 0.00606068
362.256 0.796145 0.00602526
362.623 0.799448 0.00609788
362.99 0.791516 0.00603851
363.357 0.795296 0.00607763
363.724 0.795463 0.00608089
364.09 0.790532 0.0060498
364.457 0.794966 0.00611204
364.823 0.79408 0.00606939
365.19 0.790287 0.00606389
365.557 0.791427 0.00605883
365.923 0.794129 0.00608928
366.29 0.795572 0.00611397
366.656 0.791427 0.00607294
367.022 0.793441 0.00607307
367.389 0.794681 0.00610503
367.755 0.794942 0.00613509
368.121 0.795973 0.00613659
368.488 0.795971 0.00612829
368.854 0.806071 0.00619045
369.22 0.805982 0.00621929
369.586 0.807209 0.00624521
369.952 0.810845 0.00627288
370.318 0.806033 0.0062572
370.684 0.811757 0.00629768
371.051 0.818365 0.00632501
371.416 0.822006 0.00637824
371.782 0.82119 0.00635601
372.148 0.828132 0.00639596
372.514 0.82709 0.00640567
372.88 0.829794 0.00643498
373.246 0.833867 0.00644482
373.612 0.842727 0.00647593
373.977 0.843767 0.00646529
374.343 0.841547 0.00643638
374.709 0.846203 0.00643322
375.074 0.840622 0.00643117
375.44 0.846551 0.00648146
375.806 0.853341 0.00654332
376.171 0.858022 0.00652806
376.537 0.858305 0.00652317
376.902 0.859201 0.00653806
377.268 0.863329 0.00652684
377.633 0.856413 0.00648873
377.998 0.858955 0.00647347
378.364 0.870253 0.00648773
378.729 0.865508 0.0064809
379.094 0.865907 0.00651077
379.459 0.871539 0.00661941
379.825 0.860728 0.00654907
380.19 0.86503 0.0065756
380.555 0.864571 0.00662005
380.92 0.870231 0.00672468
381.285 0.866468 0.00669744
381.65 0.862821 0.00663132
382.015 0.862634 0.00664036
382.38 0.868292 0.00668799
382.745 0.868582 0.00673012
383.11 0.865118 0.00673485
383.474 0.866756 0.00672132
383.839 0.861385 0.00671254
384.204 0.865702 0.00675105
384.569 0.865102 0.00675698
384.933 0.864845 0.00677563
385.298 0.862236 0.00677595
385.663 0.856065 0.0067325
386.027 0.856802 0.00672147
386.392 0.851047 0.00667028
386.756 0.850975 0.00663646
387.121 0.851422 0.00663629
387.485 0.855185 0.0066305
387.849 0.850967 0.00658317
388.214 0.853387 0.00666567
388.578 0.845188 0.00666694
388.942 0.84524 0.0067011
389.307 0.843688 0.00668885
389.671 0.843681 0.00671345
390.035 0.841253 0.00667324
390.399 0.839375 0.00665014
390.763 0.834117 0.00659019
391.127 0.834612 0.00656838
391.492 0.836269 0.00648447
391.856 0.828495 0.00637986
392.219 0.82893 0.00633393
392.583 0.827356 0.00636395
392.947 0.827984 0.00650374
393.311 0.817207 0.00652091
393.675 0.818188 0.00654448
394.039 0.81845 0.00658606
394.403 0.816904 0.00658311
394.766 0.809174 0.00656969
395.13 0.814315 0.00660796
395.494 0.809442 0.00658554
395.857 0.803272 0.00653174
396.221 0.802822 0.00650035
396.584 0.803922 0.00645607
396.948 0.795126 0.00635134
397.311 0.792461 0.00624731
397.675 0.796254 0.00622842
398.038 0.791638 0.00621335
398.401 0.79132 0.00630041
398.765 0.788002 0.00638441
399.128 0.788506 0.00647769
399.491 0.788257 0.00652594
399.854 0.784828 0.00652101
400.218 0.789373 0.00655888
400.581 0.786588 0.00656596
400.944 0.785882 0.00659514
401.307 0.787389 0.00668091
401.67 0.782002 0.00663867
402.033 0.783919 0.00666618
402.396 0.784976 0.00667439
402.759 0.78726 0.00669224
403.122 0.782894 0.0066411
403.485 0.786319 0.00665389
403.847 0.778506 0.00656567
404.21 0.789857 0.00657918
404.573 0.7967 0.00660041
404.936 0.790151 0.00654085
405.298 0.79006 0.00661227
405.661 0.793233 0.00671842
406.023 0.798202 0.00683499
406.386 0.798918 0.00686226
406.749 0.803084 0.0069116
407.111 0.797041 0.00687671
407.473 0.80443 0.00679797
407.836 0.807424 0.00680068
408.198 0.804237 0.00674591
408.561 0.810635 0.00679218
408.923 0.814226 0.00681726
409.285 0.814304 0.00683018
409.647 0.818167 0.00690636
410.009 0.820483 0.00698153
410.372 0.825649 0.00699328
410.734 0.827329 0.00703559
411.096 0.826202 0.00701845
411.458 0.836129 0.00705879
411.82 0.833759 0.00700254
412.182 0.831997 0.00694205
412.544 0.839441 0.00698863
412.906 0.839163 0.00697511
413.267 0.844184 0.00702096
413.629 0.847519 0.00709018
413.991 0.847087 0.00712169
414.353 0.855654 0.00717733
414.714 0.858445 0.00726475
415.076 0.852687 0.00722236
415.438 0.857681 0.00723559
415.799 0.861877 0.00722433
416.161 0.857658 0.00726981
416.522 0.853667 0.00728272
416.884 0.861281 0.00731968
417.245 0.860515 0.00734342
417.607 0.862407 0.00733336
417.968 0.860698 0.00731784
418.329 0.864026 0.0073228
418.691 0.86908 0.00734175
419.052 0.861212 0.00730334
419.413 0.863188 0.00724593
419.774 0.866834 0.00723863
420.135 0.868806 0.00708552
420.497 0.865367 0.0069599
420.858 0.867003 0.00687037
421.219 0.870638 0.006908
421.58 0.873382 0.0070071
421.941 0.874141 0.00713323
422.302 0.867527 0.0072015
422.662 0.874708 0.00726237
423.023 0.866764 0.00726121
423.384 0.868303 0.00729202
423.745 0.867961 0.00724659
424.106 0.864752 0.00722911
424.466 0.87 0.00723691
424.827 0.872282 0.00734643
425.187 0.866366 0.00741413
425.548 0.865891 0.00748212
425.909 0.863309 0.00751046
426.269 0.862292 0.00745311
426.63 0.858664 0.00738699
426.99 0.862981 0.00734475
427.35 0.857633 0.00735464
427.711 0.852336 0.00727992
428.071 0.854595 0.00722854
428.431 0.856854 0.00709981
428.792 0.850886 0.0068329
429.152 0.852836 0.00665267
429.512 0.850425 0.00663082
429.872 0.843663 0.00665024
430.232 0.84846 0.00678689
430.592 0.846079 0.00696967
430.952 0.846018 0.00717521
431.312 0.848285 0.00736356
431.672 0.839053 0.00740771
432.032 0.835487 0.00736938
432.392 0.843225 0.0073033
432.752 0.832568 0.00689999
433.111 0.833953 0.00675153
433.471 0.833872 0.00685684
433.831 0.836227 0.00713544
434.19 0.826002 0.0070926
434.55 0.83029 0.0071097
434.91 0.825997 0.00717402
435.269 0.824903 0.00707052
435.629 0.821544 0.00704056
435.988 0.814166 0.00697887
436.348 0.821184 0.00711608
436.707 0.816211 0.00720245
437.066 0.817109 0.00720248
437.426 0.8093 0.0070829
437.785 0.805668 0.00704719
438.144 0.809063 0.00705322
438.503 0.815738 0.00717571
438.862 0.806279 0.00714721
439.222 0.800697 0.00717925
439.581 0.797262 0.00719458
439.94 0.797475 0.00709473
440.299 0.800886 0.00687022
440.658 0.794871 0.00667017
441.017 0.792559 0.00666261
441.376 0.792955 0.00674205
441.734 0.791184 0.00680369
442.093 0.785193 0.00677493
442.452 0.787796 0.00673742
442.811 0.789103 0.00671337
443.169 0.783672 0.00668772
443.528 0.789034 0.00684974
443.887 0.785489 0.00683872
444.245 0.779449 0.00684221
444.604 0.777533 0.00689068
444.962 0.775426 0.00691408
445.321 0.775677 0.00692165
445.679 0.77711 0.00689163
446.038 0.777333 0.00686745
446.396 0.77326 0.0069438
446.754 0.779125 0.00706545
447.112 0.781342 0.00711128
447.471 0.770489 0.00706982
447.829 0.777128 0.00713735
448.187 0.780738 0.00714119
448.545 0.774377 0.00709028
448.903 0.772079 0.00709808
449.261 0.774137 0.00712821
449.619 0.7807 0.00722615
449.977 0.779779 0.00725707
450.335 0.776495 0.00732111
450.693 0.787487 0.00739101
451.051 0.78232 0.00735213
451.409 0.788679 0.0074109
451.766 0.789984 0.00742648
452.124 0.793051 0.00754527
452.482 0.789097 0.007601
452.839 0.796549 0.00772209
453.197 0.792647 0.00771675
453.555 0.795856 0.00776433
453.912 0.796021 0.00774473
454.27 0.802359 0.00765286
454.627 0.802144 0.00756141
454.984 0.800125 0.00756973
455.342 0.802533 0.00769734
455.699 0.809424 0.00781657
456.056 0.800982 0.00772955
456.414 0.818206 0.00774237
456.771 0.81583 0.00758975
457.128 0.816037 0.00756168
457.485 0.820137 0.00755436
457.842 0.818327 0.00759273
458.199 0.822783 0.00760456
458.556 0.830968 0.00756856
458.913 0.824266 0.00753829
459.27 0.836316 0.00755018
459.627 0.830155 0.00763176
459.984 0.826059 0.0075574
460.341 0.839861 0.00761048
460.697 0.833551 0.00767217
461.054 0.840368 0.0079304
461.411 0.838693 0.0080857
461.767 0.838369 0.00817947
462.124 0.84737 0.0082027
462.481 0.850208 0.00811815
462.837 0.846408 0.00797426
463.194 0.852094 0.00783353
463.55 0.852814 0.00788724
463.907 0.853676 0.00768406
464.263 0.853757 0.00757864
464.619 0.860164 0.00746301
464.976 0.862676 0.0073704
465.332 0.859335 0.00735429
465.688 0.857188 0.00757049
466.044 0.857626 0.00784429
466.4 0.86726 0.00801096
466.756 0.862626 0.00804195
467.112 0.865175 0.00805376
467.468 0.860291 0.00801912
467.824 0.86626 0.00812944
468.18 0.868679 0.00824711
468.536 0.867762 0.00824964
468.892 0.867889 0.00838186
469.248 0.872112 0.0084395
469.604 0.87531 0.00850581
469.959 0.871955 0.00848649
470.315 0.866159 0.00845368
470.671 0.874268 0.00848467
471.026 0.869446 0.00838984
471.382 0.870115 0.00831276
471.737 0.874307 0.00826572
472.093 0.86759 0.00810546
472.448 0.861731 0.00792297
472.804 0.870294 0.00789435
473.159 0.869596 0.0078264
473.514 0.878781 0.00790761
473.87 0.866054 0.00773828
474.225 0.871909 0.00754253
474.58 0.866643 0.00737144
474.935 0.881559 0.00749785
475.29 0.876791 0.00757837
475.645 0.870917 0.00756059
476 0.867649 0.00755611
476.355 0.870226 0.00763545
476.71 0.862061 0.00759509
477.065 0.859318 0.00736211
477.42 0.860753 0.00727108
477.775 0.857781 0.00726726
478.13 0.862731 0.00735376
478.485 0.863083 0.00730197
478.839 0.859415 0.00719927
479.194 0.857183 0.00700566
479.549 0.867477 0.00696117
479.903 0.858137 0.00694205
480.258 0.857034 0.00699219
480.612 0.860793 0.00691612
480.967 0.86051 0.0067551
481.321 0.864871 0.0067939
481.675 0.853289 0.00687827
482.03 0.85566 0.00700931
482.384 0.860656 0.00705927
482.738 0.853401 0.00696242
483.093 0.847529 0.00688776
483.447 0.84767 0.00673873
483.801 0.845915 0.00652157
484.155 0.845357 0.00643622
484.509 0.830778 0.00555595
484.863 0.834637 0.00379566
485.217 0.843722 0.00346844
485.571 0.852459 0.00357641
485.925 0.852766 0.00455663
486.279 0.848905 0.00527171
486.632 0.841223 0.00567588
486.986 0.838833 0.00612671
487.34 0.837981 0.006537
487.694 0.836655 0.00671415
488.047 0.83245 0.00673513
488.401 0.835026 0.00675411
488.754 0.829984 0.00677643
489.108 0.827635 0.00687727
489.461 0.820793 0.00688195
489.815 0.824407 0.00696902
490.168 0.818656 0.00686807
490.522 0.818179 0.00683685
490.875 0.815863 0.00683743
491.228 0.815617 0.00688342
491.581 0.815956 0.00683761
491.935 0.811851 0.00684561
492.288 0.815967 0.00689122
492.641 0.814468 0.00683606
492.994 0.808828 0.00680725
493.347 0.801695 0.00668306
493.7 0.800624 0.00668369
494.053 0.80206 0.00671258
494.406 0.798754 0.00680707
494.759 0.803929 0.00696833
495.111 0.798346 0.00672725
495.464 0.796584 0.00642491
495.817 0.789834 0.00628206
496.169 0.79123 0.00646405
496.522 0.789309 0.00674764
496.875 0.789327 0.00697307
497.227 0.791304 0.00705079
497.58 0.786231 0.0070159
497.932 0.788515 0.0069436
498.285 0.782581 0.00685427
498.637 0.776602 0.00665798
498.989 0.784954 0.00661916
499.342 0.781667 0.00665426
499.694 0.77928 0.00679099
500.046 0.775715 0.00683362
500.398 0.774566 0.00666134
500.751 0.774934 0.00660215
501.103 0.774488 0.00657921
501.455 0.773235 0.00658397
501.807 0.777809 0.00661334
502.159 0.768777 0.00657838
502.511 0.773234 0.00658104
502.862 0.769631 0.00659397
503.214 0.769067 0.00668166
503.566 0.768797 0.00681589
503.918 0.769242 0.00689164
504.27 0.771709 0.00689537
504.621 0.773703 0.00692112
504.973 0.766288 0.00692674
505.324 0.767916 0.00688931
505.676 0.766792 0.00676432
506.027 0.771781 0.0068046
506.379 0.763575 0.00699389
506.73 0.774354 0.00715047
507.082 0.772716 0.00709221
507.433 0.770437 0.00695058
507.784 0.768872 0.00688547
508.136 0.772605 0.00702259
508.487 0.772472 0.00709405
508.838 0.772457 0.0071605
509.189 0.777462 0.00717577
509.54 0.773579 0.00706214
509.891 0.780015 0.0071735
510.242 0.775754 0.00716185
510.593 0.783744 0.00724445
510.944 0.773574 0.00723753
511.295 0.787611 0.00745498
511.646 0.792387 0.00756036
511.996 0.784453 0.00744492
512.347 0.78578 0.00739517
512.698 0.790893 0.00744371
513.049 0.7934 0.00750142
513.399 0.788819 0.00751443
513.75 0.787561 0.00748599
514.1 0.799875 0.00768743
514.451 0.799799 0.0078469
514.801 0.794231 0.00778521
515.152 0.803421 0.00776091
515.502 0.793882 0.00759513
515.852 0.804331 0.00760391
516.202 0.802376 0.00758448
516.553 0.810736 0.00773534
516.903 0.811005 0.00785463
517.253 0.814966 0.00799257
517.603 0.81043 0.00796884
517.953 0.814268 0.00794887
518.303 0.815843 0.0077698
518.653 0.81838 0.00771811
519.003 0.814191 0.00775746
519.353 0.820387 0.00806545
519.703 0.819648 0.00823278
520.052 0.820375 0.00827866
520.402 0.834912 0.00830569
520.752 0.823193 0.0081528
521.102 0.83656 0.00835193
521.451 0.83488 0.00840294
521.801 0.839775 0.00840344
522.15 0.826559 0.00819889
522.5 0.834416 0.0082244
522.849 0.836664 0.0082096
523.199 0.840333 0.00814986
523.548 0.836762 0.00805434
523.897 0.838452 0.00815569
524.246 0.844015 0.0083189
524.596 0.845753 0.00844532
524.945 0.849362 0.00841399
525.294 0.853147 0.00843174
525.643 0.852166 0.00840811
525.992 0.85546 0.00840996
526.341 0.850281 0.00833217
526.69 0.851552 0.00840403
527.039 0.849346 0.00847494
527.388 0.848437 0.00852966
527.737 0.857195 0.00831271
528.086 0.85197 0.00798242
528.434 0.857546 0.00786195
528.783 0.86357 0.0081051
529.132 0.865043 0.00826641
529.48 0.864937 0.00837226
529.829 0.855101 0.00837038
530.177 0.868584 0.0085227
530.526 0.864432 0.00852321
530.874 0.868782 0.00846316
531.223 0.862104 0.0084184
531.571 0.873563 0.00854714
531.919 0.858589 0.0083903
532.268 0.857917 0.00813089
532.616 0.866479 0.00791016
532.964 0.86799 0.00779962
533.312 0.870674 0.00781571
533.66 0.86765 0.00783733
534.008 0.865854 0.0078114
534.356 0.869738 0.00783407
534.704 0.874349 0.00792619
535.052 0.870429 0.00801478
535.4 0.873393 0.00819812
535.748 0.867218 0.00836358
536.095 0.867818 0.00857844
536.443 0.872176 0.00861068
536.791 0.871095 0.00842333
537.139 0.867169 0.00821082
537.486 0.868457 0.00802687
537.834 0.874549 0.0080123
538.181 0.867451 0.00793391
538.529 0.878362 0.00802862
538.876 0.869316 0.00796647
539.223 0.874242 0.00812409
539.571 0.88059 0.00832796
539.918 0.875172 0.00827287
540.265 0.873431 0.0081017
540.613 0.866768 0.00793193
540.96 0.872629 0.00805725
541.307 0.864215 0.00803294
541.654 0.862952 0.00802505
542.001 0.871508 0.00808985
542.348 0.871086 0.00808638
542.695 0.864983 0.00806819
543.042 0.865494 0.00794672
543.388 0.860734 0.00782462
543.735 0.867397 0.00784394
544.082 0.868431 0.00783665
544.429 0.868995 0.00787529
544.775 0.868161 0.00804485
545.122 0.869091 0.00828781
545.469 0.868111 0.00841857
545.815 0.853509 0.00829915
546.162 0.858619 0.00825772
546.508 0.863209 0.00810977
546.854 0.852298 0.00775968
547.201 0.857768 0.00749952
547.547 0.865025 0.00750936
547.893 0.866446 0.00768427
548.24 0.867665 0.0081015
548.586 0.86164 0.00840906
548.932 0.860398 0.00852801
549.278 0.856733 0.00851587
549.624 0.864329 0.00850785
549.97 0.859334 0.00856262
550.316 0.853303 0.00870287
550.662 0.855837 0.00880546
551.008 0.847403 0.00830865
551.353 0.852187 0.0078869
551.699 0.85409 0.00772105
552.045 0.854934 0.00793289
552.391 0.842844 0.00803983
552.736 0.846606 0.00809455
553.082 0.839088 0.00807036
553.427 0.851373 0.00827291
553.773 0.840369 0.0084914
554.118 0.841045 0.00849534
554.464 0.840032 0.00827237
554.809 0.836081 0.00792512
555.154 0.836588 0.00782075
555.5 0.837743 0.00784389
555.845 0.839679 0.00815829
556.19 0.837388 0.0083682
556.535 0.839434 0.00856657
556.88 0.834832 0.00840529
557.225 0.826634 0.00833292
557.57 0.834948 0.00853814
557.915 0.833941 0.00876433
558.26 0.837247 0.00888992
558.605 0.8274 0.00880614
558.95 0.824164 0.00859511
559.295 0.819068 0.00811154
559.639 0.818702 0.00780449
559.984 0.814945 0.00748897
560.329 0.817391 0.0074725
560.673 0.816317 0.00749351
561.018 0.81098 0.00768816
561.362 0.811191 0.00789414
561.707 0.812466 0.00809839
562.051 0.803266 0.00795425
562.395 0.802521 0.00784554
562.74 0.807072 0.00771164
563.084 0.805699 0.00760986
563.428 0.802637 0.00743679
563.772 0.801664 0.00746672
564.117 0.805084 0.00742791
564.461 0.796002 0.00736253
564.805 0.788194 0.00739015
565.149 0.800881 0.00741503
565.493 0.797412 0.0074103
565.836 0.794063 0.00725266
566.18 0.789945 0.00712811
566.524 0.78506 0.00662647
566.868 0.787385 0.00645834
567.212 0.784639 0.00633733
567.555 0.77576 0.00622175
567.899 0.782443 0.00595897
568.242 0.776216 0.00569284
568.586 0.774131 0.00532017
568.929 0.772775 0.00497548
569.273 0.770687 0.00469772
569.616 0.779985 0.00473264
569.96 0.773001 0.00461624
570.303 0.76765 0.00445728
570.646 0.769303 0.00440666
570.989 0.767408 0.00426492
571.333 0.768634 0.00432146
571.676 0.764653 0.00447136
572.019 0.766032 0.00483933
572.362 0.7578 0.00454159
572.705 0.756623 0.00421203
573.048 0.758613 0.00401446
573.391 0.758524 0.00388324
573.733 0.756117 0.00382322
574.076 0.759229 0.00378873
574.419 0.76001 0.00390621
574.762 0.755102 0.00410103
575.104 0.756175 0.00439308
575.447 0.75196 0.00432167
575.789 0.7494 0.00405528
576.132 0.749704 0.00383188
576.474 0.748547 0.00378607
576.817 0.750922 0.0035079
577.159 0.759798 0.00333625
577.501 0.761432 0.0033662
577.844 0.755181 0.00358791
578.186 0.748123 0.0040056
578.528 0.745572 0.00416209
578.87 0.747532 0.00418575
579.212 0.743481 0.00403516
579.554 0.747579 0.00391698
579.896 0.745719 0.00393593
580.238 0.743106 0.00370253
580.58 0.758601 0.00328685
580.922 0.784916 0.0032132
581.264 0.809423 0.0032629
581.606 0.762648 0.00330667
581.947 0.75205 0.00348544
582.289 0.744911 0.00385387
582.631 0.741367 0.00426457
582.972 0.748339 0.00457189
583.314 0.743643 0.00450728
583.655 0.741219 0.00435008
583.997 0.743482 0.00397685
584.338 0.745609 0.00370419
584.679 0.753083 0.00357178
585.021 0.749467 0.00366114
585.362 0.749816 0.00393481
585.703 0.750192 0.00423326
586.044 0.749213 0.00424627
586.385 0.748943 0.00401736
586.726 0.751739 0.00384411
587.067 0.752737 0.00399762
587.408 0.75466 0.00423223
587.749 0.75796 0.00444258
588.09 0.753737 0.00461484
588.431 0.76185 0.00491598
588.772 0.75721 0.00509716
589.113 0.756371 0.00500638
589.453 0.758798 0.0049872
589.794 0.763025 0.00517234
590.134 0.762377 0.00544601
590.475 0.770378 0.00560176
590.815 0.76822 0.00554214
591.156 0.767121 0.00554606
591.496 0.766944 0.00537637
591.837 0.767421 0.00462664
592.177 0.770571 0.00421146
592.517 0.772866 0.00403807
592.857 0.77643 0.00426733
593.198 0.780496 0.00455217
593.538 0.77648 0.00500877
593.878 0.777875 0.00517347
594.218 0.779122 0.0050106
594.558 0.780428 0.0048284
594.898 0.786552 0.00498383
595.237 0.786854 0.00529383
595.577 0.788964 0.00564334
595.917 0.793398 0.00594182
596.257 0.785812 0.00566557
596.596 0.792047 0.00554504
596.936 0.799638 0.00547909
597.276 0.79853 0.00568933
597.615 0.795529 0.00557797
597.955 0.796916 0.00491008
598.294 0.798175 0.00461031
598.633 0.802525 0.00463818
598.973 0.803777 0.00481677
599.312 0.804328 0.00480372
599.651 0.809956 0.00485871
599.991 0.804838 0.00494912
600.33 0.811084 0.00504506
600.669 0.809907 0.00518589
601.008 0.81686 0.00538813
601.347 0.812262 0.00555605
601.686 0.812158 0.00539343
602.025 0.818017 0.00544897
602.364 0.820333 0.00518481
602.702 0.815715 0.00509602
603.041 0.823341 0.00515369
603.38 0.825466 0.00540718
603.719 0.826735 0.00565785
604.057 0.823114 0.0058041
604.396 0.826355 0.00580633
604.734 0.825228 0.00554173
605.073 0.832604 0.00514975
605.411 0.830187 0.00519218
605.75 0.83429 0.00539503
606.088 0.837143 0.00568714
606.426 0.835075 0.00554086
606.764 0.83448 0.00546275
607.103 0.844617 0.00566999
607.441 0.837149 0.00583969
607.779 0.844288 0.00600672
608.117 0.843705 0.00596357
608.455 0.843588 0.00621608
608.793 0.838824 0.00625828
609.131 0.836113 0.00582916
609.469 0.841038 0.00570523
609.806 0.846451 0.00580052
610.144 0.84825 0.00626269
610.482 0.84772 0.00632578
610.819 0.855851 0.00634213
611.157 0.848276 0.00634722
611.495 0.853056 0.00658816
611.832 0.84872 0.00659103
612.17 0.852374 0.00655715
612.507 0.850117 0.00647534
612.844 0.856726 0.00656874
613.182 0.854883 0.00657684
613.519 0.852161 0.00652592
613.856 0.853233 0.00651301
614.193 0.849902 0.00641831
614.53 0.857208 0.00631155
614.867 0.860234 0.00631583
615.205 0.859088 0.00662766
615.541 0.859651 0.00686942
615.878 0.85307 0.00713363
616.215 0.857069 0.00707734
616.552 0.864606 0.00718102
616.889 0.859828 0.00699674
617.226 0.861433 0.00693144
617.562 0.865758 0.00716972
617.899 0.868286 0.0076138
618.235 0.86589 0.00799503
618.572 0.860372 0.00826477
618.908 0.863951 0.00799456
619.245 0.858128 0.0076424
619.581 0.86312 0.00753022
619.918 0.873653 0.00820541
620.254 0.876269 0.00927021
620.59 0.864223 0.00934487
620.926 0.86464 0.00871525
621.262 0.862685 0.00822188
621.599 0.872533 0.00830626
621.935 0.866126 0.00817154
622.271 0.860998 0.00784183
622.606 0.864902 0.00768977
622.942 0.872921 0.00791686
623.278 0.865794 0.00811429
623.614 0.85767 0.00769656
623.95 0.869632 0.00771902
624.285 0.865629 0.00784479
624.621 0.866093 0.00827318
624.957 0.86777 0.00853877
625.292 0.882526 0.00887145
625.628 0.857886 0.00901137
625.963 0.860464 0.00908481
626.299 0.865841 0.00892552
626.634 0.863938 0.00877583
626.969 0.866878 0.00895333
627.304 0.867928 0.0097109
627.64 0.872538 0.0104437
627.975 0.859906 0.0101603
628.31 0.852917 0.00956492
628.645 0.874461 0.00946344
628.98 0.862706 0.00960617
629.315 0.868987 0.00982584
629.65 0.873502 0.00992995
629.985 0.861283 0.00983253
630.319 0.870664 0.0103183
630.654 0.863089 0.0103903
630.989 0.858621 0.0103126
631.323 0.863767 0.0105227
631.658 0.874738 0.0110208
631.993 0.875633 0.0115039
632.327 0.867104 0.0114914
632.662 0.873146 0.0114689
632.996 0.859912 0.0111292
633.33 0.850827 0.0109064
633.665 0.860066 0.0113495
633.999 0.856009 0.0116666
634.333 0.859269 0.0116865
634.667 0.861298 0.0117407
635.001 0.862482 0.0114626
635.335 0.860923 0.0110164
635.669 0.855925 0.0105767
636.003 0.866642 0.010791
636.337 0.862625 0.011304
636.671 0.872843 0.0119648
637.005 0.854295 0.0121584
637.339 0.856456 0.01212
637.672 0.850525 0.011637
638.006 0.859304 0.0113965
638.339 0.858211 0.0115553
638.673 0.85976 0.011934
639.006 0.865367 0.0123489
639.34 0.85492 0.0122674
639.673 0.844378 0.0123655
640.007 0.858346 0.012436
640.34 0.852895 0.0126127
640.673 0.849061 0.0126802
641.006 0.85996 0.0129489
641.34 0.845392 0.0129786
641.673 0.854725 0.0133616
642.006 0.846129 0.0135233
642.339 0.858736 0.0133828
642.672 0.840573 0.0131591
643.004 0.834393 0.0131855
643.337 0.847461 0.0137164
643.67 0.851942 0.0137489
644.003 0.852801 0.013621
644.336 0.837826 0.0134443
644.668 0.826598 0.01333
645.001 0.846907 0.013726
645.333 0.851229 0.0140994
645.666 0.844501 0.0143333
645.998 0.84376 0.0146541
646.331 0.857632 0.0149986
646.663 0.84843 0.0147644
646.995 0.827127 0.0136889
647.327 0.835468 0.0126343
647.66 0.832227 0.0119197
647.992 0.841193 0.0118007
648.324 0.826587 0.0116546
648.656 0.831536 0.0118519
648.988 0.836705 0.012362
649.32 0.84572 0.0132945
649.652 0.839075 0.0138634
649.983 0.833868 0.014118
650.315 0.823246 0.0141181
650.647 0.828636 0.0138393
650.979 0.810465 0.0130624
651.31 0.823238 0.0126586
651.642 0.823839 0.0123789
651.973 0.824493 0.0123756
652.305 0.818195 0.0122814
652.636 0.821094 0.0124737
652.967 0.819211 0.0127409
653.299 0.825879 0.0130909
653.63 0.822317 0.012915
653.961 0.807807 0.0118911
654.292 0.788804 0.00901905
654.623 0.794067 0.00327991
654.955 0.893387 0.00341512
655.286 0.893332 0.00341491
655.616 0.893277 0.0034147
655.947 0.89322 0.00341448
656.278 0.893163 0.00341426
656.609 0.751056 0.00327642
656.94 0.80879 0.00449909
657.27 0.813424 0.00528974
657.601 0.820014 0.00612577
657.932 0.830198 0.00737236
658.262 0.823173 0.00894262
658.593 0.818478 0.0106966
658.923 0.811379 0.0124528
659.254 0.822085 0.0138461
659.584 0.799884 0.0145011
659.914 0.814135 0.0153199
660.244 0.810046 0.015663
660.575 0.791501 0.0153695
660.905 0.799545 0.0154703
661.235 0.79511 0.0152114
661.565 0.806125 0.0152062
661.895 0.796636 0.0150302
662.225 0.783195 0.0151376
662.555 0.796892 0.0154814
662.884 0.784044 0.0151845
663.214 0.788629 0.0150188
663.544 0.802959 0.0149969
663.873 0.789123 0.0146469
664.203 0.784667 0.0144464
664.533 0.772843 0.0139488
664.862 0.769953 0.0138258
665.192 0.767897 0.0142046
665.521 0.776089 0.0150554
665.85 0.77856 0.0155272
666.18 0.785485 0.0162386
666.509 0.781686 0.0161031
666.838 0.760463 0.0155075
667.167 0.773912 0.015443
667.496 0.777833 0.0157489
667.825 0.775798 0.0158075
668.154 0.767275 0.0156942
668.483 0.766425 0.015579
668.812 0.776194 0.0153858
669.141 0.769281 0.0151643
669.47 0.770318 0.0149877
669.798 0.766879 0.0151073
670.127 0.743469 0.0148889
670.456 0.757534 0.0141791
670.784 0.74912 0.0126476
671.113 0.748139 0.0116022
671.441 0.753759 0.011128
671.77 0.753571 0.0113114
672.098 0.738001 0.0116343
672.426 0.751523 0.0130527
672.755 0.745135 0.0138193
673.083 0.745054 0.0140139
673.411 0.739558 0.0139342
673.739 0.745299 0.0141929
674.067 0.740709 0.0148964
674.395 0.756664 0.0150543
674.723 0.748571 0.0145837
675.051 0.7558 0.0144419
675.379 0.73475 0.0142276
675.706 0.744638 0.0144806
676.034 0.740208 0.0147632
676.362 0.743425 0.0148666
676.689 0.738073 0.0139144
677.017 0.7376 0.0129966
677.344 0.734035 0.0124545
677.672 0.742414 0.0127401
677.999 0.739556 0.0128703
678.327 0.74473 0.0126578
678.654 0.737485 0.012048
678.981 0.735246 0.0116678
679.308 0.733195 0.0117444
679.636 0.741541 0.0123631
679.963 0.733022 0.0129072
680.29 0.723882 0.0128613
680.617 0.724868 0.0126304
680.944 0.739801 0.0125706
681.271 0.734759 0.0128886
681.597 0.737044 0.0137817
681.924 0.7384 0.0146917
682.251 0.731643 0.0145668
682.578 0.735509 0.0138377
682.904 0.726882 0.0128361
683.231 0.728832 0.012342
683.557 0.715443 0.0119543
683.884 0.720114 0.0116511
684.21 0.720634 0.0113824
684.536 0.712857 0.0109509
684.863 0.717462 0.0108211
685.189 0.725707 0.0110667
685.515 0.7327 0.0117218
685.841 0.721844 0.0120157
686.167 0.710451 0.0119323
686.493 0.727121 0.0119272
686.819 0.717147 0.0119124
687.145 0.723372 0.0124863
687.471 0.729714 0.0134862
687.797 0.727744 0.0139198
688.123 0.718771 0.0137496
688.448 0.72825 0.013386
688.774 0.715608 0.0128705
689.1 0.726723 0.0131896
689.425 0.730602 0.0137796
689.751 0.740412 0.0140963
690.076 0.7206 0.013132
690.402 0.723455 0.0122934
690.727 0.72282 0.0119086
691.052 0.725939 0.0122472
691.377 0.72716 0.0126254
691.703 0.736341 0.0130265
692.028 0.727131 0.0129521
692.353 0.729911 0.0127025
692.678 0.729827 0.0127994
693.003 0.738293 0.0133629
693.328 0.733885 0.0143065
693.652 0.727299 0.0148852
693.977 0.725197 0.0145085
694.302 0.74184 0.0138362
694.627 0.741845 0.0136428
694.951 0.738576 0.0141022
695.276 0.740473 0.0154793
695.6 0.747523 0.0158144
695.925 0.733329 0.0137473
696.249 0.735911 0.0121431
696.574 0.739792 0.0115386
696.898 0.744984 0.0121061
697.222 0.737553 0.0127321
697.546 0.73883 0.0132559
697.871 0.74017 0.0135474
698.195 0.74726 0.0137119
698.519 0.74443 0.0140322
698.843 0.748913 0.0144772
699.167 0.752081 0.015053
699.491 0.7523 0.0156285
699.814 0.749625 0.0157269
700.138 0.764779 0.0159335
700.462 0.766246 0.0162125
700.786 0.763324 0.0159667
701.109 0.758511 0.015524
701.433 0.759219 0.0149933
701.756 0.749609 0.0143663
702.08 0.753829 0.0144079
702.403 0.760138 0.0147628
702.726 0.766023 0.0154487
703.05 0.75424 0.0157036
703.373 0.766188 0.016012
703.696 0.756246 0.0159212
704.019 0.764261 0.0165638
704.342 0.764271 0.017168
704.665 0.783436 0.0180996
704.988 0.765064 0.0177692
705.311 0.757214 0.0165915
705.634 0.772943 0.0150506
705.957 0.767393 0.0135822
706.28 0.765659 0.0125681
706.602 0.769626 0.0124699
706.925 0.762703 0.0126748
707.247 0.780809 0.0133353
707.57 0.77763 0.013833
707.892 0.78184 0.0143437
708.215 0.779973 0.0150267
708.537 0.778376 0.0153808
708.859 0.772373 0.0154089
709.182 0.783213 0.0153561
709.504 0.778154 0.0149036
709.826 0.771224 0.0146508
710.148 0.789265 0.0148809
710.47 0.788948 0.0153009
710.792 0.794381 0.0159208
711.114 0.787851 0.0163867
711.436 0.795884 0.0168365
711.758 0.782553 0.0164247
712.079 0.795352 0.0163692
712.401 0.777002 0.015381
712.723 0.786893 0.0149167
713.044 0.780101 0.0139926
713.366 0.79138 0.0139365
713.687 0.795077 0.0140825
714.009 0.794977 0.0144637
714.33 0.79055 0.0147468
714.652 0.808685 0.0153389
714.973 0.796543 0.0157508
715.294 0.805429 0.0166529
715.615 0.817766 0.017853
715.936 0.794225 0.0178522
716.257 0.799004 0.0180781
716.578 0.817848 0.0184129
716.899 0.819341 0.0180189
717.22 0.802496 0.0166823
717.541 0.807818 0.0162889
717.862 0.801322 0.0161688
718.182 0.802029 0.016144
718.503 0.802477 0.0157976
718.824 0.812172 0.0161191
719.144 0.819385 0.0164493
719.465 0.817333 0.0168039
719.785 0.793306 0.0162136
720.105 0.815658 0.0162244
720.426 0.814741 0.0160142
720.746 0.817015 0.0163085
721.066 0.809413 0.0162618
721.386 0.803506 0.0163683
721.706 0.815177 0.0169662
722.026 0.811187 0.0173738
722.346 0.840042 0.0178271
722.666 0.840968 0.0176036
722.986 0.827691 0.0170308
723.306 0.819302 0.0170766
723.626 0.836117 0.017593
723.946 0.810405 0.0172857
724.265 0.809255 0.01635
724.585 0.811342 0.0155079
724.904 0.824313 0.0155152
725.224 0.831304 0.0156225
725.543 0.82571 0.0155666
725.863 0.822933 0.0156893
726.182 0.833367 0.0164294
726.501 0.827827 0.0166327
726.82 0.855123 0.0170159
727.14 0.812526 0.0159443
727.459 0.818956 0.0155245
727.778 0.817335 0.015417
728.097 0.823079 0.0156826
728.416 0.823379 0.0155082
728.734 0.828628 0.015063
729.053 0.83211 0.0149466
729.372 0.829043 0.0148882
729.691 0.826663 0.0144922
730.009 0.837273 0.0138838
730.328 0.842651 0.0135184
730.647 0.835788 0.0134786
730.965 0.833003 0.0139276
731.283 0.835974 0.0144766
731.602 0.830311 0.0145955
731.92 0.843128 0.0144463
732.238 0.822944 0.0139286
732.557 0.845191 0.0139863
732.875 0.832873 0.0135474
733.193 0.828425 0.0127056
733.511 0.82514 0.0123906
733.829 0.832642 0.01282
734.147 0.852217 0.0138229
734.465 0.834619 0.0143017
734.782 0.838048 0.014318
735.1 0.836787 0.0139065
735.418 0.841006 0.01393
735.735 0.849362 0.0140412
736.053 0.830947 0.0137342
736.371 0.839571 0.013948
736.688 0.83767 0.0144399
737.005 0.852297 0.0154527
737.323 0.839104 0.015919
737.64 0.845686 0.0159995
737.957 0.833322 0.0150579
738.274 0.824614 0.0137482
738.592 0.844805 0.0135767
738.909 0.836738 0.0138521
739.226 0.845333 0.0151647
739.543 0.830963 0.0162066
739.86 0.860265 0.0174486
740.176 0.853899 0.0178353
740.493 0.840394 0.018228
740.81 0.834879 0.0182254
741.127 0.841865 0.0181081
741.443 0.828452 0.0170206
741.76 0.836759 0.0165389
742.076 0.851364 0.0168302
742.393 0.839897 0.0176133
742.709 0.863833 0.0188512
743.025 0.849978 0.0190439
743.342 0.852356 0.0188954
743.658 0.849842 0.0185044
743.974 0.858825 0.0180874
744.29 0.848547 0.0179606
744.606 0.835781 0.0180155
744.922 0.847419 0.0181729
745.238 0.828434 0.0180228
745.554 0.834402 0.0185252
745.87 0.865375 0.0190646
746.186 0.832288 0.0179263
746.501 0.843416 0.0173819
746.817 0.842152 0.0176455
747.132 0.856868 0.0191052
747.448 0.859233 0.0198833
747.763 0.83276 0.0192822
748.079 0.83742 0.0185314
748.394 0.861942 0.0175265
748.71 0.833987 0.0160501
749.025 0.848622 0.0152432
749.34 0.842552 0.0149911
749.655 0.864717 0.0155193
749.97 0.867 0.0160992
750.285 0.836403 0.0158615
750.6 0.834289 0.0155028
750.915 0.838286 0.0151537
751.23 0.850303 0.0155624
751.545 0.86276 0.0163202
751.859 0.843448 0.0167443
752.174 0.849645 0.017002
752.489 0.8487 0.016137
752.803 0.82938 0.0149947
753.118 0.844856 0.0150204
753.432 0.845014 0.0155257
753.747 0.854281 0.0161893
754.061 0.837893 0.0154899
754.375 0.828473 0.0147579
754.689 0.824338 0.0142628
755.004 0.851229 0.0144703
755.318 0.849734 0.0141424
755.632 0.833228 0.0133213
755.946 0.843335 0.0131597
756.26 0.839655 0.0125439
756.573 0.848491 0.0120647
756.887 0.832197 0.0115846
757.201 0.829981 0.0118146
757.515 0.851203 0.0131062
757.828 0.860316 0.0141312
758.142 0.850491 0.0140038
758.455 0.833738 0.0128766
758.769 0.837344 0.0122206
759.082 0.825763 0.0118057
759.396 0.837489 0.0117105
759.709 0.839896 0.0116364
760.022 0.843032 0.011761
760.335 0.85463 0.012464
760.648 0.844428 0.0133162
760.962 0.845851 0.0143052
761.275 0.8405 0.0149663
761.587 0.848441 0.0152325
761.9 0.85056 0.0152902
762.213 0.847929 0.014768
762.526 0.841012 0.014177
762.839 0.824604 0.0139819
763.151 0.825456 0.013585
763.464 0.838017 0.0129464
763.776 0.82789 0.0119527
764.089 0.834961 0.0117501
764.401 0.833417 0.0121563
764.714 0.836381 0.0128942
765.026 0.831871 0.0137255
765.338 0.838366 0.0146715
765.65 0.84328 0.0158376
765.962 0.831461 0.0164572
766.275 0.816224 0.0168891
766.587 0.835244 0.0171411
766.898 0.813641 0.016375
767.21 0.831468 0.015575
767.522 0.820784 0.0143578
767.834 0.820287 0.0138276
768.146 0.819221 0.0139185
768.457 0.835883 0.0149184
768.769 0.830404 0.0156612
769.08 0.841693 0.0158385
769.392 0.819271 0.0150611
769.703 0.819933 0.0142875
770.015 0.81852 0.0137305
770.326 0.830458 0.0138571
770.637 0.818804 0.0142572
770.948 0.822185 0.0153296
771.26 0.820806 0.0162789
771.571 0.815482 0.0164038
771.882 0.815863 0.016009
772.193 0.824349 0.0162551
772.504 0.833313 0.0167522
772.814 0.810135 0.0168472
773.125 0.816428 0.0172625
773.436 0.815275 0.0177459
773.747 0.814938 0.0181416
774.057 0.795349 0.0183056
774.368 0.834473 0.0190454
774.678 0.823504 0.019413
774.989 0.799791 0.0194317
775.299 0.842421 0.020614
775.609 0.812035 0.0200131
775.919 0.806494 0.0197812
776.23 0.827174 0.0200574
776.54 0.799349 0.0195502
776.85 0.813247 0.0199267
777.16 0.777704 0.0189075
777.47 0.813383 0.0183318
777.78 0.814032 0.0175308
778.089 0.807536 0.0165831
778.399 0.797338 0.0163737
778.709 0.816272 0.0173313
779.019 0.812412 0.0184261
779.328 0.823567 0.0195558
779.638 0.787813 0.0188737
779.947 0.801287 0.0173515
780.257 0.78103 0.0156272
780.566 0.798087 0.0152057
780.875 0.784971 0.0154249
781.185 0.800019 0.0165597
781.494 0.793914 0.0167688
781.803 0.809177 0.0173817
782.112 0.79645 0.0174967
782.421 0.800698 0.0173129
782.73 0.783585 0.0166759
783.039 0.794921 0.0170092
783.348 0.807951 0.0185167
783.656 0.790054 0.0193164
783.965 0.814199 0.0199034
784.274 0.785418 0.0188058
784.582 0.785566 0.0182235
784.891 0.795518 0.0182304
785.199 0.80087 0.0185687
785.508 0.781489 0.0188479
785.816 0.815818 0.0196075
786.124 0.77316 0.0186667
786.432 0.779579 0.0178235
786.741 0.778645 0.017132
787.049 0.781469 0.0170617
787.357 0.783391 0.017344
787.665 0.775882 0.0171568
787.973 0.781256 0.0173727
788.281 0.790187 0.0178355
788.588 0.771227 0.0185583
788.896 0.786993 0.0199129
789.204 0.80539 0.0209628
789.511 0.799165 0.0209381
789.819 0.805463 0.0214036
790.126 0.790194 0.0212086
790.434 0.775802 0.0210098
790.741 0.785848 0.021092
791.049 0.788779 0.021109
791.356 0.78037 0.0216776
791.663 0.769722 0.0219177
791.97 0.777605 0.0220869
792.277 0.76815 0.0215444
792.584 0.783506 0.0206112
792.891 0.757496 0.0179251
793.198 0.76219 0.0166906
793.505 0.763845 0.0163817
793.812 0.756737 0.0167665
794.119 0.761141 0.0172018
794.425 0.751387 0.0175989
794.732 0.762651 0.0185385
795.038 0.773385 0.0206247
795.345 0.757839 0.021955
795.651 0.781136 0.023485
795.958 0.76337 0.0232635
796.264 0.734171 0.0212894
796.57 0.770848 0.0210166
796.876 0.772031 0.0208521
797.183 0.759069 0.0210585
797.489 0.747107 0.0217495
797.795 0.764705 0.022201
798.101 0.77877 0.0223052
798.406 0.773828 0.0223524
798.712 0.778097 0.023076
799.018 0.763484 0.0232154
799.324 0.766893 0.0233283
799.629 0.755692 0.0232618
799.935 0.75631 0.0234438
800.24 0.766657 0.0240527
800.546 0.744203 0.0237059
800.851 0.766917 0.024284
801.157 0.771562 0.0254008
801.462 0.761122 0.0254731
801.767 0.810372 0.0264094
802.072 0.760821 0.0245965
802.377 0.760738 0.0236678
802.682 0.748672 0.0231011
802.987 0.750755 0.0237757
803.292 0.764418 0.0246044
803.597 0.761145 0.0247607
803.902 0.752575 0.0245589
804.207 0.762591 0.0245671
804.511 0.751942 0.0240211
804.816 0.722019 0.0221163
805.12 0.744386 0.0209823
805.425 0.714534 0.0193626
805.729 0.737577 0.0198264
806.034 0.741281 0.0206455
806.338 0.759819 0.0220933
806.642 0.741843 0.0223862
806.946 0.722627 0.0218709
807.251 0.750002 0.0224861
807.555 0.741015 0.0219953
807.859 0.703581 0.0212698
808.162 0.74999 0.0225974
808.466 0.779998 0.0238294
808.77 0.762473 0.0241844
809.074 0.773673 0.0251945
809.378 0.768937 0.0251611
809.681 0.747508 0.0246127
809.985 0.755835 0.0251497
810.288 0.796677 0.0261082
810.592 0.745795 0.0250713
810.895 0.763691 0.0259729
811.198 0.769088 0.0272171
811.502 0.741753 0.0271177
811.805 0.80466 0.0290202
812.108 0.731978 0.0264183
812.411 0.749104 0.0259339
812.714 0.758073 0.0243081
813.017 0.752263 0.022916
813.32 0.733966 0.022602
813.623 0.742903 0.0234575
813.926 0.744187 0.0251784
814.228 0.78401 0.0272253
814.531 0.767953 0.0278091
814.833 0.728726 0.0268813
815.136 0.749818 0.0274333
815.438 0.754252 0.0278282
815.741 0.744451 0.0265005
816.043 0.772995 0.0266753
816.345 0.735959 0.0258534
816.648 0.755559 0.0264088
816.95 0.751785 0.0267471
817.252 0.745181 0.0272276
817.554 0.746101 0.0273026
817.856 0.740884 0.0277881
818.158 0.761613 0.0284188
818.46 0.787162 0.0296242
818.761 0.775182 0.0292908
819.063 0.755759 0.0284194
819.365 0.737101 0.0272373
819.666 0.754798 0.0261841
819.968 0.729311 0.0248891
820.269 0.721379 0.0244859
820.571 0.751788 0.025652
820.872 0.744505 0.0264928
821.173 0.75846 0.0278022
821.475 0.788432 0.0294369
821.776 0.762439 0.0287978
822.077 0.74385 0.0282788
822.378 0.7626 0.0288328
822.679 0.747621 0.0290155
822.98 0.728792 0.0283817
823.281 0.78483 0.0304079
823.581 0.75208 0.0294664
823.882 0.793241 0.0306492
824.183 0.803821 0.0305399
824.483 0.734237 0.0281503
824.784 0.70463 0.0264441
825.084 0.767056 0.0280852
825.385 0.763723 0.0283916
825.685 0.796297 0.0296142
825.985 0.776621 0.028996
826.286 0.72594 0.0276489
826.586 0.732103 0.0272214
826.886 0.746315 0.0275354
827.186 0.742061 0.0278598
827.486 0.758927 0.0291211
827.786 0.760073 0.0295872
828.086 0.780323 0.0296774
828.386 0.788978 0.0294516
828.685 0.744901 0.0284587
828.985 0.757451 0.029555
829.285 0.777872 0.0301575
829.584 0.765616 0.0304024
829.884 0.754968 0.0306505
830.183 0.849765 0.034213
830.482 0.75917 0.031985
830.782 0.760622 0.0321516
831.081 0.804359 0.0343145
831.38 0.769496 0.0324774
831.679 0.792504 0.0330342
831.978 0.822826 0.0337139
832.277 0.813507 0.0324421
832.576 0.751092 0.0305863
832.875 0.738906 0.0303187
833.174 0.73175 0.0299822
833.472 0.757704 0.0307401
833.771 0.798773 0.0319916
834.07 0.74293 0.0301199
834.368 0.749087 0.0305404
834.667 0.810712 0.0326108
834.965 0.789302 0.0326604
835.263 0.812543 0.0331824
835.562 0.795999 0.0328578
835.86 0.73873 0.0313616
836.158 0.77301 0.0324459
836.456 0.803283 0.0339464
836.754 0.74784 0.0326624
837.052 0.836133 0.0356334
837.35 0.78663 0.0338923
837.648 0.791485 0.0344476
837.946 0.811511 0.0351779
838.243 0.831444 0.0356174
838.541 0.802683 0.0340766
838.839 0.822724 0.0345499
839.136 0.780355 0.0335777
839.434 0.799628 0.0337832
839.731 0.84539 0.0356714
840.028 0.803418 0.0339779
840.326 0.795353 0.0342319
840.623 0.785977 0.0339985
840.92 0.853874 0.0357777
841.217 0.82973 0.0362583
841.514 0.819483 0.0362351
841.811 0.738648 0.033266
842.108 0.808383 0.0358239
842.405 0.855689 0.0371324
842.701 0.841462 0.0369921
842.998 0.782643 0.0345775
843.295 0.859302 0.0370234
843.591 0.840361 0.0366931
843.888 0.792175 0.0352137
844.184 0.804975 0.0357027
844.481 0.800511 0.0350196
844.777 0.772835 0.0345775
845.073 0.805464 0.0355659
845.369 0.804437 0.0358999
845.665 0.846843 0.0373723
845.962 0.827412 0.0362162
846.258 0.832691 0.0370352
846.553 0.865092 0.0378036
846.849 0.865724 0.0378826
847.145 0.79012 0.0350146
847.441 0.849961 0.0365342
847.737 0.813149 0.0354381
848.032 0.8154 0.036165
848.328 0.821538 0.0364678
848.623 0.850705 0.037605
848.919 0.806005 0.0357882
849.214 0.792565 0.0350837
849.509 0.788697 0.03552
849.805 0.843332 0.0374666
850.1 0.84592 0.0383631
850.395 0.899657 0.0394317
850.69 0.86997 0.0390455
850.985 0.844454 0.0371035
851.28 0.820952 0.0364317
851.575 0.859461 0.0377316
851.869 0.888116 0.0382244
852.164 0.796204 0.0356533
852.459 0.828914 0.0353804
852.753 0.862601 0.03559
853.048 0.799344 0.0324827
853.342 0.793078 0.0321306
853.637 0.860802 0.0340757
853.931 0.836821 0.0332373
854.225 0.775003 0.0318454
854.52 0.774789 0.0330275
854.814 0.804039 0.0337569
855.108 0.743317 0.0314042
855.402 0.776231 0.0326791
855.696 0.803141 0.0341923
855.99 0.803689 0.0347556
856.283 0.800606 0.0339276
856.577 0.844028 0.035632
856.871 0.833256 0.0351241
857.164 0.850192 0.0358651
857.458 0.875569 0.0376054
857.751 0.852089 0.0364544
858.045 0.816865 0.0352599
858.338 0.829516 0.0361124
858.632 0.80431 0.0347455
858.925 0.818389 0.035968
859.218 0.784756 0.0350712
859.511 0.880304 0.0386996
859.804 0.856163 0.0377836
860.097 0.783607 0.0351896
860.39 0.901968 0.0388617
860.683 0.842563 0.0374011
860.976 0.83697 0.0375754
861.268 0.837737 0.0370115
861.561 0.916859 0.0398296
861.854 0.942141 0.0415779
862.146 0.875433 0.0386554
862.439 0.860717 0.0381218
862.731 0.814517 0.0361765
863.023 0.861838 0.0384179
863.316 0.815084 0.0366872
863.608 0.840197 0.0374428
863.9 0.867329 0.0380667
864.192 0.797309 0.0356322
864.484 0.883746 0.0384114
864.776 0.859019 0.0382062
865.068 0.823648 0.0371798
865.36 0.843037 0.0375165
865.651 0.836015 0.0383413
865.943 0.793859 0.0366715
866.235 0.868921 0.0385605
866.526 0.93175 0.0410065
866.818 0.820563 0.0371913
867.109 0.783127 0.0361103
867.4 0.815534 0.0375591
867.692 0.901864 0.0397127
867.983 0.83681 0.0378833
868.274 0.894841 0.0396663
868.565 0.840556 0.0379539
868.856 0.809712 0.0374947
869.147 0.869033 0.0387386
869.438 0.846323 0.0381261
869.729 0.858951 0.0386394
870.02 0.899775 0.0411062
870.31 0.868528 0.0391264
870.601 0.847085 0.0380836
870.892 0.856415 0.0378997
871.182 0.833653 0.0372352
871.473 0.899343 0.0395152
871.763 0.863777 0.0377974
872.053 0.816047 0.0371711
872.343 0.869064 0.0383004
872.634 0.898354 0.039332
872.924 0.802937 0.0364456
873.214 0.834191 0.0379084
873.504 0.892866 0.0397454
873.794 0.903241 0.0409744
874.084 0.8802 0.0403316
874.373 0.794589 0.0373557
874.663 0.803971 0.0366858
874.953 0.880153 0.0396614
875.242 0.857097 0.0386115
875.532 0.795489 0.0368923
875.821 0.838842 0.0381197
876.111 0.85883 0.0384249
876.4 0.895941 0.0397373
876.689 0.853985 0.0385379
876.978 0.830912 0.0380277
877.268 0.855175 0.0386475
877.557 0.872487 0.0394871
877.846 0.874712 0.0394051
878.134 0.894259 0.0402045
878.423 0.894424 0.0402119
878.712 0.894588 0.0402193
