178.41 1.10545 0.162637
178.791 1.11245 0.163667
179.172 1.1194 0.164689
179.553 0.277405 0.277405
179.934 0.663311 0.663311
180.316 0.945163 0.945163
180.697 0.468642 0.468642
181.078 0.61885 0.61885
181.459 0.500984 0.500984
181.84 0.574618 0.574618
182.221 4.93949 4.93949
182.602 0.453512 0.453512
182.983 -2.23897 -2.23897
183.364 1.36499 0.207317
183.744 0.554787 0.0834478
184.125 0.487639 0.0678653
184.506 0.623879 0.0628835
184.887 0.498976 0.050149
185.268 0.459327 0.0414229
185.648 0.534219 0.0432442
186.029 0.62673 0.0446765
186.41 0.606405 0.042797
186.791 0.614108 0.04139
187.171 0.560269 0.033815
187.552 0.526826 0.0266782
187.932 0.551795 0.0278012
188.313 0.569468 0.0263784
188.694 0.590983 0.0268568
189.074 0.542569 0.0248098
189.455 0.545731 0.0241915
189.835 0.581813 0.0256837
190.216 0.58234 0.0250183
190.596 0.526372 0.0227632
190.977 0.561085 0.0233193
191.357 0.558875 0.023342
191.737 0.566008 0.023197
192.118 0.544731 0.0226453
192.498 0.544514 0.0219384
192.878 0.578335 0.0227834
193.258 0.54063 0.0216481
193.639 0.551238 0.0215883
194.019 0.553211 0.0218175
194.399 0.559258 0.0217472
194.779 0.535619 0.0204297
195.159 0.547037 0.0212447
195.54 0.529689 0.0202787
195.92 0.539894 0.0205336
196.3 0.503331 0.0195389
196.68 0.535464 0.0202536
197.06 0.548789 0.0203817
197.44 0.539775 0.0200196
197.82 0.580905 0.0206052
198.2 0.574382 0.0204796
198.58 0.537027 0.0192798
198.959 0.559832 0.0196493
199.339 0.582969 0.0201382
199.719 0.567836 0.0194944
200.099 0.575316 0.0196695
200.479 0.576786 0.0196389
200.858 0.551845 0.0189265
201.238 0.539352 0.0184186
201.618 0.553342 0.0188654
201.998 0.518515 0.0178248
202.377 0.527485 0.017978
202.757 0.513049 0.0174974
203.136 0.52104 0.0175187
203.516 0.534012 0.0174713
203.896 0.530844 0.0172049
204.275 0.541508 0.017034
204.655 0.580814 0.0176749
205.034 0.580683 0.0174651
205.414 0.601087 0.0175469
205.793 0.60153 0.017396
206.172 0.629942 0.0178183
206.552 0.611787 0.0172602
206.931 0.600202 0.016834
207.31 0.610538 0.0167954
207.69 0.602865 0.0165562
208.069 0.580926 0.016037
208.448 0.569048 0.0156723
208.827 0.580473 0.0157379
209.207 0.567802 0.0155245
209.586 0.539946 0.0147428
209.965 0.561985 0.0149931
210.344 0.549195 0.0146054
210.723 0.557854 0.0145392
211.102 0.557759 0.0142865
211.481 0.570314 0.0143702
211.86 0.58083 0.0143577
212.239 0.599729 0.014442
212.618 0.620174 0.0144738
212.997 0.62649 0.01431
213.376 0.64296 0.0144451
213.755 0.653073 0.0143538
214.134 0.651093 0.0141379
214.513 0.654246 0.0139426
214.891 0.64936 0.0137977
215.27 0.642061 0.013462
215.649 0.645223 0.0133842
216.028 0.622463 0.012919
216.406 0.618714 0.0127458
216.785 0.600079 0.0123482
217.164 0.592669 0.0121488
217.542 0.578373 0.0117498
217.921 0.557936 0.0113926
218.3 0.553159 0.0113035
218.678 0.556113 0.0111554
219.057 0.547631 0.0108729
219.435 0.549996 0.0107173
219.814 0.561529 0.0107493
220.192 0.566913 0.0106266
220.57 0.584736 0.0106658
220.949 0.599805 0.0106211
221.327 0.61264 0.0105557
221.705 0.631118 0.010604
222.084 0.635776 0.0104121
222.462 0.65259 0.0104232
222.84 0.664847 0.0104338
223.218 0.666466 0.0101864
223.597 0.67065 0.0101151
223.975 0.669634 0.00992545
224.353 0.674749 0.00985386
224.731 0.668147 0.00964751
225.109 0.662271 0.00941099
225.487 0.655447 0.00922929
225.865 0.636902 0.00895865
226.243 0.620965 0.00873356
226.621 0.61224 0.00855777
226.999 0.596895 0.00827675
227.377 0.591074 0.00815632
227.755 0.58231 0.00799001
228.133 0.569866 0.00780379
228.511 0.557246 0.00762505
228.889 0.556689 0.00747551
229.266 0.555034 0.00739355
229.644 0.556127 0.00725514
230.022 0.568403 0.00723982
230.4 0.574528 0.00721012
230.777 0.595769 0.00727234
231.155 0.607074 0.00724558
231.533 0.62435 0.00724393
231.91 0.639004 0.00722924
232.288 0.655822 0.00725436
232.665 0.668243 0.00722846
233.043 0.687369 0.00726197
233.42 0.69239 0.00718994
233.798 0.707567 0.00721516
234.175 0.70953 0.00713105
234.553 0.714323 0.00707892
234.93 0.713073 0.00700188
235.307 0.716965 0.00696409
235.685 0.718519 0.00691472
236.062 0.712947 0.00680737
236.439 0.70516 0.00673661
236.816 0.701205 0.00663554
237.194 0.696008 0.00654091
237.571 0.686007 0.0064372
237.948 0.682518 0.00638689
238.325 0.669537 0.00625585
238.702 0.66499 0.00619776
239.079 0.649523 0.00606449
239.456 0.644255 0.00599949
239.833 0.642881 0.00595444
240.21 0.63236 0.00585096
240.587 0.635155 0.00583673
240.964 0.639169 0.00580737
241.341 0.634996 0.00573947
241.718 0.640662 0.00571046
242.095 0.658568 0.00578798
242.472 0.664691 0.00576872
242.849 0.669464 0.00574619
243.225 0.677885 0.00573181
243.602 0.691862 0.00576144
243.979 0.705157 0.00579643
244.356 0.717744 0.00582394
244.732 0.718244 0.00576663
245.109 0.734659 0.00579132
245.486 0.744319 0.00582116
245.862 0.752025 0.00582231
246.239 0.753294 0.00576783
246.615 0.758442 0.00577701
246.992 0.757822 0.00573236
247.368 0.761431 0.00574595
247.745 0.755605 0.00567567
248.121 0.755918 0.00563815
248.497 0.750456 0.00560866
248.874 0.750528 0.00557496
249.25 0.742363 0.00549576
249.626 0.739391 0.00547567
250.003 0.73139 0.00541401
250.379 0.722449 0.00532842
250.755 0.716692 0.00531174
251.131 0.71355 0.00526289
251.507 0.704595 0.00522279
251.884 0.695367 0.00515285
252.26 0.694656 0.00515153
252.636 0.684417 0.00506688
253.012 0.677617 0.00502326
253.388 0.680279 0.00501797
253.764 0.678255 0.00499
254.14 0.678706 0.00497978
254.516 0.682792 0.00498794
254.892 0.685827 0.00497372
255.268 0.695893 0.00500477
255.643 0.698899 0.00499451
256.019 0.708869 0.00502628
256.395 0.718884 0.0050511
256.771 0.723932 0.00503185
257.147 0.733717 0.00505998
257.522 0.742913 0.00508353
257.898 0.753994 0.00511288
258.274 0.758229 0.00511396
258.649 0.767423 0.00514172
259.025 0.769872 0.00512164
259.4 0.777666 0.00514471
259.776 0.782093 0.00514339
260.151 0.79184 0.00519275
260.527 0.791391 0.00516814
260.902 0.791517 0.0051545
261.278 0.793621 0.00515044
261.653 0.793028 0.00514837
262.028 0.791614 0.00514873
262.404 0.791062 0.00512333
262.779 0.783695 0.00508665
263.154 0.786756 0.0050876
263.53 0.781297 0.00505608
263.905 0.7772 0.0050526
264.28 0.771838 0.00503253
264.655 0.7614 0.00498385
265.03 0.759228 0.00499209
265.405 0.75197 0.00495163
265.781 0.752169 0.00495816
266.156 0.7426 0.00492124
266.531 0.73395 0.00486667
266.906 0.731085 0.00488399
267.281 0.724931 0.00483933
267.655 0.7161 0.00482774
268.03 0.714577 0.00482529
268.405 0.711002 0.0048068
268.78 0.712508 0.00481177
269.155 0.709182 0.00478985
269.53 0.711572 0.00481447
269.904 0.712815 0.00481323
270.279 0.719705 0.00483951
270.654 0.719002 0.00482339
271.029 0.720757 0.00483843
271.403 0.73095 0.00485875
271.778 0.739782 0.0049019
272.152 0.747051 0.00493061
272.527 0.751809 0.00494195
272.901 0.759714 0.00494842
273.276 0.768701 0.00496626
273.65 0.778626 0.00501392
274.025 0.779362 0.00500326
274.399 0.78747 0.00505332
274.774 0.794184 0.00506308
275.148 0.797724 0.00505831
275.522 0.804802 0.0050943
275.897 0.808879 0.00510442
276.271 0.807984 0.00510669
276.645 0.811863 0.00510411
277.019 0.810148 0.0050849
277.393 0.811217 0.00507451
277.768 0.812368 0.00510214
278.142 0.811946 0.00509569
278.516 0.811969 0.00510475
278.89 0.808314 0.0050832
279.264 0.808148 0.00509899
279.638 0.806822 0.00507016
280.012 0.806209 0.00507714
280.386 0.801516 0.00508881
280.76 0.798111 0.00505869
281.133 0.799539 0.00507249
281.507 0.792841 0.00504715
281.881 0.785821 0.00501326
282.255 0.781382 0.00500609
282.629 0.778935 0.00501275
283.002 0.767486 0.00497846
283.376 0.767476 0.00496481
283.75 0.760985 0.00496055
284.123 0.753818 0.00491991
284.497 0.748865 0.00491266
284.87 0.74886 0.00491767
285.244 0.739299 0.00487718
285.618 0.740729 0.00489444
285.991 0.737327 0.0049038
286.364 0.739866 0.0049104
286.738 0.739664 0.00490882
287.111 0.745652 0.00493074
287.485 0.742673 0.00492366
287.858 0.742055 0.00493999
288.231 0.74296 0.00493433
288.605 0.752273 0.00497878
288.978 0.752759 0.00496977
289.351 0.761714 0.00502524
289.724 0.763831 0.00503204
290.097 0.770395 0.00505965
290.47 0.780469 0.00510907
290.843 0.780955 0.00510887
291.217 0.786531 0.00512809
291.59 0.789257 0.00517256
291.963 0.798029 0.00518976
292.336 0.802552 0.00522107
292.708 0.807647 0.0052476
293.081 0.817142 0.00530265
293.454 0.81862 0.00528406
293.827 0.819528 0.0053027
294.2 0.827009 0.00536158
294.573 0.822488 0.00532985
294.945 0.833074 0.00539573
295.318 0.83375 0.00539583
295.691 0.837396 0.0054208
296.064 0.837393 0.00543072
296.436 0.835662 0.00542128
296.809 0.831639 0.00539369
297.181 0.841032 0.00545317
297.554 0.835737 0.00544428
297.926 0.836873 0.00545231
298.299 0.832555 0.00544403
298.671 0.833097 0.00542209
299.044 0.834958 0.00545788
299.416 0.831578 0.00545507
299.788 0.826676 0.00543051
300.161 0.82698 0.00545541
300.533 0.818705 0.00542048
300.905 0.817013 0.00539427
301.278 0.81807 0.0054091
301.65 0.810167 0.00537687
302.022 0.810168 0.0053886
302.394 0.802653 0.0053722
302.766 0.79878 0.00535167
303.138 0.795463 0.00536153
303.51 0.793532 0.00534108
303.882 0.788857 0.00531864
304.254 0.784853 0.00531554
304.626 0.783114 0.0052937
304.998 0.778072 0.00527506
305.37 0.772771 0.00528644
305.742 0.770216 0.00525792
306.114 0.766329 0.00524237
306.485 0.762811 0.00523149
306.857 0.762374 0.00522626
307.229 0.762581 0.00524524
307.601 0.760018 0.00523498
307.972 0.760798 0.00523228
308.344 0.758963 0.00521941
308.716 0.760675 0.00524685
309.087 0.764554 0.00525359
309.459 0.763959 0.00525952
309.83 0.76924 0.00527836
310.202 0.771511 0.00527755
310.573 0.773079 0.00528599
310.945 0.783812 0.00531887
311.316 0.788333 0.00535971
311.687 0.789817 0.00534324
312.059 0.793276 0.00537371
312.43 0.796123 0.00537357
312.801 0.810717 0.00544173
313.172 0.809146 0.00543979
313.544 0.815234 0.00546585
313.915 0.815755 0.00543284
314.286 0.823061 0.00548081
314.657 0.825189 0.00547574
315.028 0.826477 0.00549158
315.399 0.83025 0.00550228
315.77 0.831903 0.00549997
316.141 0.833684 0.00552876
316.512 0.842908 0.00555844
316.883 0.843236 0.00557074
317.254 0.842224 0.00556179
317.625 0.847159 0.00561243
317.996 0.845902 0.00557756
318.366 0.849881 0.00560453
318.737 0.84483 0.00558223
319.108 0.854038 0.00563195
319.478 0.847026 0.00561065
319.849 0.848528 0.00561296
320.22 0.848153 0.00561723
320.59 0.84775 0.00561269
320.961 0.841698 0.00560223
321.331 0.84525 0.00561477
321.702 0.841018 0.00562907
322.072 0.843191 0.00565339
322.443 0.83849 0.00562643
322.813 0.83481 0.00560366
323.184 0.828839 0.00559924
323.554 0.835663 0.0056401
323.924 0.829619 0.00561677
324.295 0.827476 0.00563672
324.665 0.826377 0.00563708
325.035 0.822682 0.00561711
325.405 0.817034 0.00562082
325.775 0.820845 0.00566131
326.145 0.814248 0.00563312
326.515 0.80773 0.00562088
326.886 0.807692 0.00564917
327.256 0.801709 0.00563356
327.626 0.797482 0.00565344
327.995 0.798864 0.00567229
328.365 0.790516 0.00565047
328.735 0.787224 0.00566702
329.105 0.787097 0.00572795
329.475 0.781123 0.00575099
329.845 0.784491 0.00584673
330.215 0.785638 0.00582906
330.584 0.781918 0.00575919
330.954 0.775048 0.00559833
331.324 0.769521 0.00542129
331.693 0.761738 0.00530124
332.063 0.759229 0.00523549
332.432 0.760102 0.0052115
332.802 0.760943 0.00525718
333.171 0.767103 0.00534769
333.541 0.771758 0.00546396
333.91 0.768226 0.00547913
334.28 0.771392 0.00552187
334.649 0.77546 0.00555246
335.018 0.772244 0.00555982
335.388 0.781005 0.00560931
335.757 0.782626 0.00561593
336.126 0.785872 0.00564779
336.495 0.785829 0.00562855
336.865 0.79376 0.0056803
337.234 0.796377 0.00572183
337.603 0.800922 0.00572643
337.972 0.804504 0.00575244
338.341 0.808924 0.00575878
338.71 0.811923 0.00576552
339.079 0.818066 0.00580827
339.448 0.821836 0.00581246
339.817 0.826412 0.00584302
340.186 0.826492 0.00584701
340.554 0.825982 0.00583754
340.923 0.835846 0.00588457
341.292 0.832779 0.0058793
341.661 0.839973 0.00591204
342.029 0.839792 0.00590117
342.398 0.841149 0.00591387
342.767 0.844108 0.00594705
343.135 0.852936 0.00597359
343.504 0.852714 0.00599143
343.872 0.853131 0.00597061
344.241 0.852805 0.00598344
344.609 0.858702 0.00602795
344.978 0.857444 0.00601744
345.346 0.858777 0.00599947
345.715 0.856927 0.00601618
346.083 0.854992 0.00602278
346.451 0.852613 0.00600485
346.82 0.857099 0.00604079
347.188 0.858066 0.00603277
347.556 0.854686 0.00605194
347.924 0.852839 0.00603808
348.292 0.853922 0.00605565
348.66 0.848504 0.00603109
349.028 0.850482 0.00604571
349.396 0.852061 0.00607516
349.764 0.849704 0.00605911
350.132 0.848361 0.0060512
350.5 0.847245 0.0060571
350.868 0.844367 0.00605778
351.236 0.843046 0.00604822
351.604 0.843453 0.0060732
351.972 0.845355 0.00608693
352.34 0.836104 0.00606234
352.707 0.837857 0.00607135
353.075 0.832825 0.00605469
353.443 0.829099 0.00605491
353.81 0.826862 0.00606176
354.178 0.823845 0.0060541
354.545 0.825029 0.0060436
354.913 0.82362 0.00606412
355.28 0.815156 0.00603371
355.648 0.810846 0.00600501
356.015 0.815152 0.00603148
356.383 0.803142 0.00598004
356.75 0.799732 0.00598255
357.117 0.800663 0.00598934
357.485 0.794842 0.00597172
357.852 0.798657 0.00602738
358.219 0.791872 0.00597193
358.586 0.785011 0.00594501
358.954 0.790201 0.0059897
359.321 0.781338 0.00594162
359.688 0.784413 0.0059826
360.055 0.776625 0.00594436
360.422 0.778088 0.00595858
360.789 0.771258 0.0059426
361.156 0.774127 0.00594839
361.523 0.776224 0.00598055
361.89 0.772557 0.00595917
362.256 0.770868 0.00592884
362.623 0.776019 0.00600786
362.99 0.769862 0.00595534
363.357 0.773967 0.00599558
363.724 0.777245 0.00601085
364.09 0.770403 0.00597228
364.457 0.781963 0.00606185
364.823 0.776026 0.006
365.19 0.778739 0.00601942
365.557 0.78336 0.00602788
365.923 0.784851 0.00605361
366.29 0.79199 0.00610019
366.656 0.792729 0.00607793
367.022 0.793371 0.0060728
367.389 0.795864 0.00610957
367.755 0.798398 0.00614841
368.121 0.80186 0.00615924
368.488 0.802939 0.00615505
368.854 0.809199 0.00620245
369.22 0.813972 0.00625004
369.586 0.81693 0.0062827
369.952 0.81625 0.00629375
370.318 0.814943 0.00629168
370.684 0.82142 0.00633505
371.051 0.82711 0.00635871
371.416 0.834745 0.00642747
371.782 0.832439 0.0063994
372.148 0.833278 0.0064158
372.514 0.836814 0.00644321
372.88 0.845763 0.0064966
373.246 0.842519 0.00647817
373.612 0.849484 0.00650184
373.977 0.848299 0.00648263
374.343 0.850565 0.00647078
374.709 0.853864 0.00646227
375.074 0.844697 0.00644673
375.44 0.85087 0.00649797
375.806 0.859942 0.00656857
376.171 0.852213 0.00650593
376.537 0.850423 0.00649315
376.902 0.855449 0.00652377
377.268 0.857818 0.00650598
377.633 0.855951 0.00648698
377.998 0.858279 0.00647092
378.364 0.864164 0.00646499
378.729 0.856808 0.00644825
379.094 0.860696 0.00649115
379.459 0.863796 0.00658994
379.825 0.855443 0.00652893
380.19 0.851806 0.00652515
380.555 0.853084 0.00657592
380.92 0.863707 0.00669943
381.285 0.856662 0.00665943
381.65 0.851028 0.00658584
382.015 0.854524 0.00660907
382.38 0.848714 0.00661216
382.745 0.85219 0.00666631
383.11 0.850528 0.00667781
383.474 0.849208 0.00665293
383.839 0.849641 0.00666662
384.204 0.849912 0.0066892
384.569 0.845385 0.00667953
384.933 0.845559 0.00669966
385.298 0.839183 0.00668475
385.663 0.836243 0.0066541
386.027 0.836308 0.0066406
386.392 0.832455 0.00659701
386.756 0.823463 0.00652829
387.121 0.831664 0.00655884
387.485 0.826381 0.00651788
387.849 0.832235 0.00651031
388.214 0.826081 0.00655816
388.578 0.820375 0.00656834
388.942 0.815551 0.00658236
389.307 0.821315 0.00659956
389.671 0.817999 0.00661048
390.035 0.813143 0.0065608
390.399 0.806894 0.0065202
390.763 0.803762 0.00646917
391.127 0.804359 0.00644823
391.492 0.79466 0.00632109
391.856 0.80011 0.00626962
392.219 0.794586 0.00620133
392.583 0.793532 0.00623251
392.947 0.793486 0.00636681
393.311 0.789183 0.00640812
393.675 0.788957 0.00642651
394.039 0.786566 0.0064565
394.403 0.785525 0.00645543
394.766 0.77757 0.00644012
395.13 0.774535 0.00644454
395.494 0.771514 0.0064294
395.857 0.767002 0.00638258
396.221 0.771425 0.00637197
396.584 0.769897 0.00631797
396.948 0.766763 0.00623703
397.311 0.764758 0.00613714
397.675 0.764881 0.00610448
398.038 0.765649 0.00611051
398.401 0.761339 0.0061799
398.765 0.763421 0.00628404
399.128 0.771342 0.0064068
399.491 0.762097 0.00641674
399.854 0.760898 0.00642082
400.218 0.769715 0.0064767
400.581 0.761697 0.00646123
400.944 0.766268 0.00651232
401.307 0.770566 0.00660915
401.67 0.772724 0.00659917
402.033 0.76949 0.00660455
402.396 0.774013 0.00662762
402.759 0.782292 0.00667109
403.122 0.773846 0.00660261
403.485 0.787247 0.00665782
403.847 0.783707 0.00658756
404.21 0.78723 0.00656823
404.573 0.795104 0.0065938
404.936 0.793498 0.00655468
405.298 0.797076 0.00664156
405.661 0.794968 0.00672576
406.023 0.803548 0.00685784
406.386 0.804215 0.00688497
406.749 0.805869 0.00692357
407.111 0.811334 0.0069381
407.473 0.80677 0.00680785
407.836 0.820068 0.00685372
408.198 0.814194 0.00678754
408.561 0.819583 0.00682957
408.923 0.819939 0.00684113
409.285 0.822412 0.0068641
409.647 0.827167 0.00694424
410.009 0.829915 0.00702155
410.372 0.82935 0.00700893
410.734 0.834435 0.00706574
411.096 0.832507 0.00704518
411.458 0.83994 0.00707486
411.82 0.843288 0.00704244
412.182 0.841303 0.00698076
412.544 0.843199 0.00700425
412.906 0.845495 0.00700138
413.267 0.848611 0.00703934
413.629 0.849783 0.00709965
413.991 0.841148 0.00709668
414.353 0.855548 0.00717688
414.714 0.856769 0.00725765
415.076 0.852885 0.0072232
415.438 0.854141 0.00722064
415.799 0.849942 0.00717413
416.161 0.852063 0.00724606
416.522 0.851038 0.0072715
416.884 0.852954 0.00728421
417.245 0.858977 0.00733686
417.607 0.854106 0.00729798
417.968 0.850641 0.00727496
418.329 0.859323 0.00730284
418.691 0.853213 0.00727442
419.052 0.858918 0.00729361
419.413 0.854586 0.00720974
419.774 0.859138 0.00720642
420.135 0.855323 0.00703033
420.497 0.853301 0.00691121
420.858 0.854367 0.00682012
421.219 0.853217 0.00683854
421.58 0.857647 0.00694369
421.941 0.85522 0.00705561
422.302 0.852176 0.00713751
422.662 0.853789 0.007175
423.023 0.849925 0.00719033
423.384 0.847165 0.00720271
423.745 0.84871 0.00716578
424.106 0.850746 0.00717033
424.466 0.849876 0.00715273
424.827 0.847651 0.00724196
425.187 0.845686 0.0073251
425.548 0.842389 0.00737988
425.909 0.840424 0.00741024
426.269 0.838291 0.00734866
426.63 0.834173 0.00728088
426.99 0.8406 0.00724888
427.35 0.83071 0.00723828
427.711 0.828707 0.00717831
428.071 0.828542 0.00711751
428.431 0.82753 0.00697726
428.792 0.82123 0.00671277
429.152 0.825519 0.00654526
429.512 0.824546 0.00652915
429.872 0.817902 0.00654792
430.232 0.825723 0.00669533
430.592 0.819845 0.00686077
430.952 0.817883 0.00705489
431.312 0.820844 0.00724348
431.672 0.811109 0.00728332
432.032 0.807292 0.00724396
432.392 0.806315 0.00714167
432.752 0.799332 0.00676087
433.111 0.80245 0.00662278
433.471 0.802625 0.00672714
433.831 0.80271 0.00699098
434.19 0.800015 0.00698014
434.55 0.797571 0.00696821
434.91 0.792148 0.00702549
435.269 0.788311 0.00691192
435.629 0.789295 0.00690099
435.988 0.786321 0.00685849
436.348 0.780608 0.00693805
436.707 0.780569 0.00704344
437.066 0.781191 0.0070424
437.426 0.769987 0.00690873
437.785 0.776556 0.00691869
438.144 0.772348 0.00689133
438.503 0.772288 0.00698199
438.862 0.766396 0.00696819
439.222 0.766778 0.00702554
439.581 0.764744 0.00704633
439.94 0.760781 0.00692958
440.299 0.763137 0.00670636
440.658 0.760691 0.00652518
441.017 0.762851 0.00653655
441.376 0.7639 0.00661738
441.734 0.759531 0.0066662
442.093 0.753494 0.00663676
442.452 0.754809 0.00659486
442.811 0.760954 0.00659254
443.169 0.757307 0.00657426
443.528 0.756867 0.00670867
443.887 0.754647 0.00670311
444.245 0.760366 0.00675793
444.604 0.751919 0.00677624
444.962 0.751709 0.00680752
445.321 0.754389 0.00682601
445.679 0.75343 0.00678582
446.038 0.759902 0.00679002
446.396 0.756234 0.00686693
446.754 0.760198 0.00697911
447.112 0.762525 0.00702513
447.471 0.762372 0.00703248
447.829 0.758328 0.00705048
448.187 0.768606 0.00708549
448.545 0.765649 0.00705021
448.903 0.767228 0.00707575
449.261 0.767099 0.00709573
449.619 0.771982 0.00718569
449.977 0.77858 0.00725149
450.335 0.777964 0.00732804
450.693 0.782966 0.00736977
451.051 0.777606 0.00732995
451.409 0.79122 0.00742282
451.766 0.789487 0.00742415
452.124 0.790936 0.0075352
452.482 0.790064 0.00760565
452.839 0.798169 0.00772994
453.197 0.799841 0.00775169
453.555 0.800006 0.00778454
453.912 0.80007 0.00776441
454.27 0.80119 0.00764728
454.627 0.805234 0.00757596
454.984 0.805956 0.00759726
455.342 0.810562 0.00773575
455.699 0.809577 0.00781731
456.056 0.80952 0.00777064
456.414 0.815956 0.00773172
456.771 0.811431 0.00756926
457.128 0.817472 0.00756832
457.485 0.823671 0.00757062
457.842 0.823531 0.00761683
458.199 0.824453 0.00761227
458.556 0.828008 0.00755507
458.913 0.830479 0.00756665
459.27 0.831021 0.00752624
459.627 0.83556 0.00765656
459.984 0.830055 0.00757566
460.341 0.839095 0.007607
460.697 0.833996 0.00767422
461.054 0.838051 0.00791946
461.411 0.837522 0.00808006
461.767 0.837798 0.00817669
462.124 0.837196 0.00815331
462.481 0.848001 0.00810761
462.837 0.842443 0.00795557
463.194 0.842643 0.00778997
463.55 0.842606 0.00783989
463.907 0.846196 0.00765032
464.263 0.846868 0.007548
464.619 0.847232 0.0074067
464.976 0.849919 0.0073157
465.332 0.849215 0.00731086
465.688 0.853658 0.00755489
466.044 0.849486 0.00780698
466.4 0.855444 0.0079562
466.756 0.853262 0.00799818
467.112 0.856249 0.00801211
467.468 0.854477 0.00799198
467.824 0.858329 0.00809214
468.18 0.85388 0.00817656
468.536 0.850782 0.00816853
468.892 0.854633 0.00831761
469.248 0.853281 0.00834788
469.604 0.85742 0.00841844
469.959 0.859889 0.00842757
470.315 0.847699 0.00836311
470.671 0.852605 0.0083789
471.026 0.85419 0.0083159
471.382 0.852524 0.0082283
471.737 0.85623 0.00817983
472.093 0.851043 0.00802779
472.448 0.853018 0.00788282
472.804 0.851782 0.00780993
473.159 0.853095 0.00775178
473.514 0.85394 0.00779504
473.87 0.843823 0.00763832
474.225 0.847598 0.00743663
474.58 0.846694 0.00728611
474.935 0.852865 0.00737481
475.29 0.853325 0.00747627
475.645 0.84711 0.00745653
476 0.839651 0.0074332
476.355 0.846565 0.00753093
476.71 0.840268 0.00749847
477.065 0.832175 0.00724491
477.42 0.839629 0.00718131
477.775 0.835996 0.00717439
478.13 0.839122 0.00725244
478.485 0.836201 0.00718735
478.839 0.839148 0.00711387
479.194 0.83333 0.0069075
479.549 0.835898 0.00683329
479.903 0.831523 0.00683356
480.258 0.826958 0.0068684
480.612 0.83098 0.00679529
480.967 0.824466 0.00661211
481.321 0.825861 0.00663892
481.675 0.82951 0.00678175
482.03 0.826319 0.00688809
482.384 0.823504 0.00690523
482.738 0.814567 0.00680217
483.093 0.817123 0.00676308
483.447 0.812767 0.00659854
483.801 0.808585 0.00637605
484.155 0.808338 0.00629372
484.509 0.784501 0.00539899
484.863 0.790828 0.0036947
485.217 0.812551 0.00340377
485.571 0.82523 0.00351883
485.925 0.823027 0.00447647
486.279 0.812125 0.00515624
486.632 0.809105 0.00556647
486.986 0.802704 0.00599332
487.34 0.804165 0.00640374
487.694 0.798305 0.00655847
488.047 0.793696 0.00657649
488.401 0.794105 0.00658653
488.754 0.789974 0.00661108
489.108 0.794767 0.00673933
489.461 0.787685 0.00674172
489.815 0.782712 0.00679051
490.168 0.780153 0.00670461
490.522 0.779436 0.00667302
490.875 0.778395 0.00667859
491.228 0.778326 0.00672422
491.581 0.774142 0.00666011
491.935 0.778692 0.00670435
492.288 0.775205 0.00671689
492.641 0.774889 0.00666789
492.994 0.7677 0.00663192
493.347 0.7615 0.00651337
493.7 0.765987 0.00653752
494.053 0.764756 0.00655462
494.406 0.760173 0.00664064
494.759 0.765811 0.00680112
495.111 0.757603 0.00655334
495.464 0.754861 0.00625438
495.817 0.753499 0.00613586
496.169 0.756161 0.00631918
496.522 0.75342 0.00659246
496.875 0.753176 0.00681152
497.227 0.757341 0.00689782
497.58 0.750972 0.00685678
497.932 0.749226 0.0067684
498.285 0.747952 0.0067009
498.637 0.741649 0.00650643
498.989 0.746413 0.00645462
499.342 0.743159 0.00648829
499.694 0.747504 0.00665109
500.046 0.744315 0.00669388
500.398 0.74281 0.00652336
500.751 0.745866 0.00647715
501.103 0.741749 0.00643865
501.455 0.742509 0.00645183
501.807 0.745713 0.00647545
502.159 0.749244 0.00649427
502.511 0.749011 0.00647714
502.862 0.745617 0.00649028
503.214 0.748432 0.00659141
503.566 0.746786 0.00671761
503.918 0.742215 0.00676949
504.27 0.750345 0.00679925
504.621 0.75765 0.00684895
504.973 0.751484 0.00685951
505.324 0.754612 0.00682937
505.676 0.751125 0.00669485
506.027 0.754445 0.00672774
506.379 0.754411 0.0069518
506.73 0.754398 0.00705773
507.082 0.760092 0.00703404
507.433 0.757135 0.00689032
507.784 0.761509 0.00685242
508.136 0.764886 0.00698742
508.487 0.763907 0.00705461
508.838 0.763686 0.00711973
509.189 0.771732 0.00714927
509.54 0.761428 0.00700646
509.891 0.772141 0.0071372
510.242 0.772258 0.0071457
510.593 0.77878 0.00722147
510.944 0.774997 0.00724418
511.295 0.781448 0.00742576
511.646 0.789526 0.0075467
511.996 0.780469 0.007426
512.347 0.78532 0.007393
512.698 0.793077 0.00745398
513.049 0.791275 0.00749137
513.399 0.787454 0.00750792
513.75 0.795543 0.00752383
514.1 0.794499 0.00766155
514.451 0.800112 0.00784844
514.801 0.794463 0.00778634
515.152 0.803897 0.00776321
515.502 0.795728 0.00760395
515.852 0.806044 0.007612
516.202 0.804503 0.00759453
516.553 0.812384 0.00774321
516.903 0.812341 0.00786109
517.253 0.814524 0.0079904
517.603 0.815146 0.00799199
517.953 0.815276 0.00795379
518.303 0.812703 0.00775483
518.653 0.820797 0.0077295
519.003 0.813833 0.00775576
519.353 0.823319 0.00807985
519.703 0.81357 0.0082022
520.052 0.81772 0.00826526
520.402 0.823608 0.00824927
520.752 0.827481 0.008174
521.102 0.832869 0.00833348
521.451 0.825629 0.00835625
521.801 0.828582 0.00834725
522.15 0.822048 0.00817649
522.5 0.830524 0.00820519
522.849 0.832573 0.0081895
523.199 0.836587 0.00813168
523.548 0.824251 0.0079939
523.897 0.838492 0.00815589
524.246 0.839911 0.00829865
524.596 0.841762 0.00842537
524.945 0.833617 0.00833563
525.294 0.839689 0.00836497
525.643 0.837499 0.00833544
525.992 0.841507 0.00834109
526.341 0.839135 0.00827738
526.69 0.842314 0.00835833
527.039 0.838875 0.00842253
527.388 0.842552 0.00850002
527.737 0.847522 0.00826567
528.086 0.845447 0.00795181
528.434 0.843899 0.00779914
528.783 0.856799 0.00807326
529.132 0.849655 0.00819256
529.48 0.848213 0.00829092
529.829 0.85 0.00834538
530.177 0.855713 0.00845932
530.526 0.844228 0.00842302
530.874 0.851478 0.00837846
531.223 0.844698 0.00833298
531.571 0.85348 0.00844833
531.919 0.845872 0.00832793
532.268 0.839652 0.00804388
532.616 0.846753 0.0078196
532.964 0.844235 0.00769215
533.312 0.850988 0.00772685
533.66 0.850967 0.00776162
534.008 0.845176 0.00771756
534.356 0.850052 0.0077449
534.704 0.855649 0.00784098
535.052 0.853758 0.00793765
535.4 0.855024 0.00811145
535.748 0.851156 0.00828576
536.095 0.850806 0.00849395
536.443 0.852886 0.00851493
536.791 0.848806 0.00831486
537.139 0.846137 0.00811064
537.486 0.843343 0.00790996
537.834 0.845866 0.00787981
538.181 0.848027 0.00784458
538.529 0.850552 0.0079005
538.876 0.850951 0.00788187
539.223 0.847612 0.00799941
539.571 0.853279 0.0081978
539.918 0.848892 0.00814771
540.265 0.847961 0.0079827
540.613 0.846804 0.00784006
540.96 0.844262 0.00792521
541.307 0.833728 0.00788997
541.654 0.837439 0.00790554
542.001 0.843442 0.00795852
542.348 0.844632 0.00796264
542.695 0.839952 0.00795059
543.042 0.836014 0.00781021
543.388 0.83833 0.00772211
543.735 0.838853 0.00771379
544.082 0.837498 0.00769582
544.429 0.840411 0.00774469
544.775 0.845543 0.00793937
545.122 0.838432 0.00814031
545.469 0.836656 0.00826464
545.815 0.831614 0.00819201
546.162 0.833827 0.00813763
546.508 0.829631 0.00795047
546.854 0.823181 0.00762598
547.201 0.820383 0.00733427
547.547 0.835563 0.00738038
547.893 0.834629 0.00754186
548.24 0.837335 0.00795865
548.586 0.826969 0.00823814
548.932 0.831751 0.00838484
549.278 0.821829 0.00834059
549.624 0.832162 0.00834803
549.97 0.824555 0.00838756
550.316 0.822499 0.00854434
550.662 0.820459 0.00862154
551.008 0.813066 0.00813857
551.353 0.81294 0.00770314
551.699 0.818698 0.00755938
552.045 0.819321 0.00776591
552.391 0.811588 0.00788935
552.736 0.814737 0.00794073
553.082 0.80985 0.00792851
553.427 0.815605 0.00809726
553.773 0.807549 0.00832393
554.118 0.800945 0.00829034
554.464 0.799688 0.00807128
554.809 0.794361 0.00772486
555.154 0.801418 0.0076546
555.5 0.805411 0.00769104
555.845 0.798029 0.00795338
556.19 0.79936 0.00817598
556.535 0.798384 0.00835448
556.88 0.787365 0.00816284
557.225 0.790824 0.00815043
557.57 0.795961 0.00833642
557.915 0.790048 0.00853056
558.26 0.792172 0.0086473
558.605 0.791586 0.00861344
558.95 0.779992 0.0083616
559.295 0.776758 0.00789926
559.639 0.782185 0.00762845
559.984 0.774768 0.00730204
560.329 0.770544 0.0072552
560.673 0.780768 0.00732853
561.018 0.769648 0.00748969
561.362 0.77223 0.00770223
561.707 0.775005 0.00790949
562.051 0.765234 0.00776366
562.395 0.763478 0.00765232
562.74 0.765293 0.00750938
563.084 0.762619 0.00740362
563.428 0.762205 0.00724706
563.772 0.761779 0.00727861
564.117 0.75966 0.00721532
564.461 0.750693 0.00714992
564.805 0.753281 0.00722462
565.149 0.752876 0.00718937
565.493 0.755115 0.00721109
565.836 0.749531 0.00704636
566.18 0.746585 0.00692972
566.524 0.7422 0.00644305
566.868 0.742014 0.00626951
567.212 0.744047 0.00617123
567.555 0.736219 0.00606111
567.899 0.735506 0.00577747
568.242 0.734774 0.00553879
568.586 0.734681 0.00518284
568.929 0.728415 0.00483057
569.273 0.729258 0.00456971
569.616 0.735623 0.00459608
569.96 0.731458 0.00449048
570.303 0.73017 0.00434711
570.646 0.727865 0.00428634
570.989 0.726256 0.004149
571.333 0.731949 0.00421707
571.676 0.731597 0.00437364
572.019 0.724697 0.00470696
572.362 0.715559 0.00441319
572.705 0.718017 0.00410316
573.048 0.719671 0.00391007
573.391 0.717177 0.00377592
573.733 0.718334 0.00372647
574.076 0.719245 0.00368762
574.419 0.724437 0.0038137
574.762 0.721328 0.00400827
575.104 0.724277 0.00429942
575.447 0.714793 0.00421351
575.789 0.714052 0.00395848
576.132 0.717327 0.00374822
576.474 0.715859 0.00370248
576.817 0.719026 0.00343259
577.159 0.728649 0.00326715
577.501 0.734425 0.00330596
577.844 0.726861 0.00351999
578.186 0.720126 0.00392993
578.528 0.718061 0.00408458
578.87 0.720495 0.00410935
579.212 0.714238 0.003955
579.554 0.719863 0.00384368
579.896 0.7186 0.00386369
580.238 0.719675 0.00364369
580.58 0.737881 0.00324165
580.922 0.764081 0.00317027
581.264 0.791445 0.00322646
581.606 0.744956 0.00326809
581.947 0.733934 0.00344321
582.289 0.727962 0.00380978
582.631 0.731066 0.00423484
582.972 0.731011 0.00451865
583.314 0.729663 0.00446471
583.655 0.725337 0.00430322
583.997 0.724098 0.00392467
584.338 0.730337 0.00366606
584.679 0.73793 0.00353566
585.021 0.739555 0.00363685
585.362 0.739325 0.00390718
585.703 0.740164 0.00420487
586.044 0.736862 0.00421112
586.385 0.738486 0.00398921
586.726 0.739004 0.00381141
587.067 0.745239 0.00397766
587.408 0.74751 0.00421214
587.749 0.749824 0.00441867
588.09 0.748846 0.00459984
588.431 0.755732 0.0048962
588.772 0.751034 0.00507634
589.113 0.74823 0.00497937
589.453 0.753182 0.00496871
589.794 0.759185 0.00515931
590.134 0.764454 0.00545343
590.475 0.761255 0.00556849
590.815 0.75661 0.00550011
591.156 0.762954 0.00553098
591.496 0.759188 0.00534911
591.837 0.758947 0.00460102
592.177 0.76431 0.00419432
592.517 0.765386 0.00401848
592.857 0.773498 0.00425927
593.198 0.780267 0.0045515
593.538 0.776741 0.00500961
593.878 0.778753 0.00517639
594.218 0.772038 0.00498776
594.558 0.778543 0.00482256
594.898 0.784499 0.00497732
595.237 0.787168 0.00529488
595.577 0.791874 0.00565374
595.917 0.790179 0.00592975
596.257 0.786556 0.00566825
596.596 0.784258 0.00551771
596.936 0.794897 0.00546282
597.276 0.797223 0.00568467
597.615 0.79226 0.00556649
597.955 0.787285 0.00488032
598.294 0.791094 0.00458982
598.633 0.79868 0.00462706
598.973 0.800345 0.00480647
599.312 0.799168 0.00478829
599.651 0.804365 0.00484191
599.991 0.803993 0.00494652
600.33 0.806817 0.00503177
600.669 0.806843 0.00517607
601.008 0.813379 0.00537664
601.347 0.807305 0.00553907
601.686 0.80617 0.00537351
602.025 0.808626 0.0054176
602.364 0.807684 0.00514468
602.702 0.807916 0.0050716
603.041 0.814853 0.00512706
603.38 0.820007 0.00538928
603.719 0.821028 0.00563828
604.057 0.819399 0.00579098
604.396 0.820165 0.00578454
604.734 0.815406 0.00550865
605.073 0.82255 0.00511856
605.411 0.819946 0.00516006
605.75 0.826294 0.00536912
606.088 0.829334 0.00566055
606.426 0.822974 0.00550057
606.764 0.82322 0.00542577
607.103 0.830693 0.00562306
607.441 0.822477 0.00578829
607.779 0.833225 0.00596723
608.117 0.83345 0.00592721
608.455 0.836313 0.00618922
608.793 0.829476 0.00622331
609.131 0.824174 0.00578739
609.469 0.829984 0.00566761
609.806 0.83069 0.00574626
610.144 0.834438 0.00621149
610.482 0.835321 0.00627934
610.819 0.840694 0.00628572
611.157 0.832185 0.00628674
611.495 0.835352 0.00651944
611.832 0.838715 0.00655207
612.17 0.832131 0.00647882
612.507 0.833515 0.0064118
612.844 0.83354 0.00647925
613.182 0.835079 0.00650021
613.519 0.839759 0.00647826
613.856 0.835647 0.00644554
614.193 0.835684 0.0063644
614.53 0.8395 0.00624601
614.867 0.83917 0.00623803
615.205 0.837931 0.00654554
615.541 0.839667 0.00678911
615.878 0.836635 0.00706458
616.215 0.84073 0.00700956
616.552 0.837744 0.00706859
616.889 0.841611 0.00692223
617.226 0.837976 0.00683641
617.562 0.842733 0.00707373
617.899 0.843399 0.00750389
618.235 0.847038 0.00790752
618.572 0.844835 0.0081898
618.908 0.833915 0.00785436
619.245 0.837284 0.00754901
619.581 0.834748 0.00740542
619.918 0.850187 0.00809447
620.254 0.852344 0.00914278
620.59 0.848056 0.00925704
620.926 0.833598 0.00855737
621.262 0.839253 0.00810945
621.599 0.839108 0.0081456
621.935 0.835893 0.00802765
622.271 0.838659 0.00773944
622.606 0.8429 0.00759133
622.942 0.843871 0.00778401
623.278 0.83772 0.00798165
623.614 0.833324 0.00758654
623.95 0.838212 0.00757829
624.285 0.842079 0.00773734
624.621 0.839757 0.00814643
624.957 0.835994 0.00838097
625.292 0.847868 0.00869551
625.628 0.838799 0.00891056
625.963 0.840292 0.00897769
626.299 0.837013 0.00877568
626.634 0.830546 0.00860456
626.969 0.840183 0.0088144
627.304 0.840865 0.0095583
627.64 0.850509 0.010311
627.975 0.83343 0.0100027
628.31 0.825661 0.00941085
628.645 0.839405 0.00927181
628.98 0.843571 0.00949904
629.315 0.84246 0.00967471
629.65 0.837862 0.00972526
629.985 0.83861 0.00970224
630.319 0.843524 0.0101562
630.654 0.841224 0.0102579
630.989 0.840593 0.0102038
631.323 0.831593 0.0103248
631.658 0.843485 0.0108222
631.993 0.838978 0.0112606
632.327 0.836582 0.0112873
632.662 0.841503 0.0112591
632.996 0.824433 0.0108972
633.33 0.822924 0.010726
633.665 0.841268 0.0112248
633.999 0.824205 0.0114478
634.333 0.838185 0.0115422
634.667 0.830825 0.0115312
635.001 0.835066 0.0112789
635.335 0.828382 0.0108062
635.669 0.822576 0.0103687
636.003 0.83506 0.0105925
636.337 0.835894 0.0111275
636.671 0.834531 0.0116992
637.005 0.8315 0.0119951
637.339 0.822875 0.01188
637.672 0.815214 0.0113928
638.006 0.828688 0.0111917
638.339 0.824352 0.0113251
638.673 0.83401 0.0117539
639.006 0.830264 0.0120959
639.34 0.81671 0.0119901
639.673 0.832198 0.012276
640.007 0.822539 0.0121739
640.34 0.824249 0.0123991
640.673 0.815348 0.0124259
641.006 0.829011 0.0127138
641.34 0.808577 0.0126928
641.673 0.813737 0.0130373
642.006 0.808387 0.0132183
642.339 0.813128 0.0130226
642.672 0.813109 0.0129424
643.004 0.813825 0.013022
643.337 0.817528 0.013472
643.67 0.810081 0.0134068
644.003 0.796117 0.0131605
644.336 0.814214 0.0132535
644.668 0.791836 0.0130467
645.001 0.822114 0.0135236
645.333 0.826423 0.0138924
645.666 0.810368 0.0140407
645.998 0.804983 0.0143134
646.331 0.806575 0.0145453
646.663 0.823554 0.0145464
646.995 0.789171 0.0133711
647.327 0.793089 0.0123097
647.66 0.798113 0.0116728
647.992 0.800552 0.0115121
648.324 0.804347 0.0114967
648.656 0.792034 0.011567
648.988 0.801367 0.0120981
649.32 0.813482 0.0130387
649.652 0.808883 0.0136117
649.983 0.805821 0.0138785
650.315 0.799768 0.0139153
650.647 0.796187 0.0135656
650.979 0.781977 0.0128308
651.31 0.775137 0.0122832
651.642 0.773253 0.0119928
651.973 0.787641 0.0120958
652.305 0.780525 0.0119954
652.636 0.787963 0.0122194
652.967 0.780939 0.0124397
653.299 0.780314 0.0127246
653.63 0.76702 0.0124732
653.961 0.771309 0.0116194
654.292 0.73619 0.00871307
654.623 0.723167 0.00313006
654.955 0.893956 0.00341621
655.286 0.893901 0.003416
655.616 0.893846 0.00341579
655.947 0.893789 0.00341557
656.278 0.893732 0.00341535
656.609 0.696908 0.0031561
656.94 0.768944 0.00438686
657.27 0.7663 0.00513422
657.601 0.770753 0.00593893
657.932 0.771843 0.00710853
658.262 0.778065 0.00869415
658.593 0.765242 0.0103429
658.923 0.762242 0.0120699
659.254 0.770847 0.0134077
659.584 0.765398 0.0141851
659.914 0.767318 0.0148729
660.244 0.771968 0.0152905
660.575 0.763683 0.015097
660.905 0.767522 0.0151574
661.235 0.761999 0.0148913
661.565 0.753604 0.0147025
661.895 0.761433 0.0146944
662.225 0.760614 0.0149178
662.555 0.757652 0.0150954
662.884 0.746252 0.014814
663.214 0.744425 0.0145918
663.544 0.758345 0.0145743
663.873 0.740677 0.0141901
664.203 0.754852 0.0141693
664.533 0.744251 0.0136883
664.862 0.730456 0.0134666
665.192 0.740021 0.0139444
665.521 0.745809 0.0147587
665.85 0.722928 0.0149622
666.18 0.754906 0.0159194
666.509 0.739527 0.0156628
666.838 0.73667 0.0152629
667.167 0.739173 0.0150925
667.496 0.75041 0.0154688
667.825 0.742117 0.0154605
668.154 0.727828 0.0152855
668.483 0.744268 0.0153521
668.812 0.746465 0.0150883
669.141 0.737673 0.0148495
669.47 0.748843 0.0147774
669.798 0.73944 0.0148345
670.127 0.719497 0.0146469
670.456 0.723731 0.0138592
670.784 0.720223 0.0124012
671.113 0.711592 0.0113152
671.441 0.710405 0.0108032
671.77 0.71337 0.0110055
672.098 0.711839 0.0114263
672.426 0.723994 0.0128114
672.755 0.713006 0.0135181
673.083 0.711251 0.0136923
673.411 0.711886 0.013671
673.739 0.711725 0.0138695
674.067 0.728786 0.014776
674.395 0.720177 0.0146868
674.723 0.710161 0.0142046
675.051 0.711542 0.0140127
675.379 0.707555 0.0139618
675.706 0.720097 0.01424
676.034 0.711005 0.0144691
676.362 0.712786 0.014557
676.689 0.698646 0.0135376
677.017 0.709571 0.0127472
677.344 0.706693 0.0122203
677.672 0.705011 0.012415
677.999 0.700702 0.0125277
678.327 0.698834 0.0122616
678.654 0.705458 0.0117835
678.981 0.699918 0.011384
679.308 0.70315 0.0115013
679.636 0.703608 0.0120428
679.963 0.709938 0.0127023
680.29 0.698211 0.0126312
680.617 0.695065 0.0123681
680.944 0.701827 0.0122437
681.271 0.712607 0.0126929
681.597 0.717627 0.0135989
681.924 0.724755 0.0145553
682.251 0.707128 0.0143207
682.578 0.705635 0.0135537
682.904 0.696088 0.0125613
683.231 0.701054 0.0121045
683.557 0.703197 0.0118516
683.884 0.688545 0.0113929
684.21 0.6944 0.0111733
684.536 0.704533 0.0108867
684.863 0.699929 0.0106881
685.189 0.703952 0.0108996
685.515 0.708106 0.0115234
685.841 0.699497 0.0118282
686.167 0.700343 0.0118471
686.493 0.713866 0.011818
686.819 0.706207 0.0118211
687.145 0.710533 0.012375
687.471 0.719305 0.0133897
687.797 0.71601 0.0138072
688.123 0.712685 0.0136913
688.448 0.704327 0.0131643
688.774 0.701074 0.0127391
689.1 0.720678 0.0131346
689.425 0.707573 0.0135607
689.751 0.719645 0.0138972
690.076 0.710683 0.0130413
690.402 0.713593 0.0122093
690.727 0.696643 0.011691
691.052 0.721431 0.0122091
691.377 0.707078 0.0124498
691.703 0.722332 0.012902
692.028 0.719546 0.0128844
692.353 0.719815 0.0126143
692.678 0.725279 0.0127595
693.003 0.743461 0.0134095
693.328 0.731113 0.0142795
693.652 0.729316 0.0149058
693.977 0.727037 0.0145269
694.302 0.718493 0.0136167
694.627 0.729511 0.0135289
694.951 0.733605 0.0140546
695.276 0.751038 0.0155893
695.6 0.727857 0.015605
695.925 0.728579 0.0137027
696.249 0.727948 0.0120773
696.574 0.722344 0.0114017
696.898 0.74327 0.0120922
697.222 0.735448 0.0127139
697.546 0.730941 0.0131849
697.871 0.733431 0.0134856
698.195 0.738069 0.0136273
698.519 0.742827 0.0140171
698.843 0.754457 0.0145307
699.167 0.741758 0.0149493
699.491 0.758942 0.0156974
699.814 0.751446 0.0157459
700.138 0.749333 0.0157718
700.462 0.760822 0.0161551
700.786 0.741489 0.0157367
701.109 0.748579 0.015422
701.433 0.758967 0.0149908
701.756 0.750438 0.0143742
702.08 0.754432 0.0144137
702.403 0.75642 0.0147266
702.726 0.756292 0.0153503
703.05 0.769254 0.0158591
703.373 0.758769 0.0159343
703.696 0.768306 0.0160476
704.019 0.775311 0.0166831
704.342 0.776593 0.0173059
704.665 0.785409 0.0181224
704.988 0.778271 0.0179219
705.311 0.753171 0.0165471
705.634 0.752818 0.0148534
705.957 0.753239 0.0134564
706.28 0.750559 0.0124436
706.602 0.769953 0.0124726
706.925 0.776458 0.0127886
707.247 0.75867 0.0131449
707.57 0.764889 0.0137192
707.892 0.770277 0.0142373
708.215 0.781322 0.0150397
708.537 0.774012 0.0153376
708.859 0.764137 0.0153266
709.182 0.779639 0.015321
709.504 0.773747 0.0148613
709.826 0.779949 0.0147334
710.148 0.780927 0.0148021
710.47 0.789026 0.0153016
710.792 0.769959 0.0156741
711.114 0.773976 0.0162418
711.436 0.776238 0.0166274
711.758 0.765644 0.0162463
712.079 0.780808 0.0162189
712.401 0.773719 0.0153484
712.723 0.77662 0.014819
713.044 0.778312 0.0139766
713.366 0.791981 0.0139418
713.687 0.781074 0.013958
714.009 0.800095 0.0145102
714.33 0.794096 0.0147798
714.652 0.785378 0.0151162
714.973 0.798599 0.0157711
715.294 0.782075 0.0164097
715.615 0.82263 0.017906
715.936 0.792323 0.0178308
716.257 0.808551 0.0181858
716.578 0.804006 0.0182564
716.899 0.813721 0.017957
717.22 0.809495 0.0167549
717.541 0.787937 0.0160872
717.862 0.810055 0.0162566
718.182 0.779844 0.0159192
718.503 0.790289 0.0156771
718.824 0.80952 0.0160927
719.144 0.795021 0.0162029
719.465 0.803183 0.0166578
719.785 0.782762 0.0161055
720.105 0.795158 0.0160192
720.426 0.803969 0.015908
720.746 0.800201 0.0161399
721.066 0.805528 0.0162227
721.386 0.798708 0.0163193
721.706 0.81576 0.0169723
722.026 0.817885 0.0174453
722.346 0.820321 0.0176166
722.666 0.808703 0.0172626
722.986 0.805288 0.0167988
723.306 0.805204 0.0169291
723.626 0.823498 0.0174597
723.946 0.814896 0.0173336
724.265 0.802222 0.0162788
724.585 0.804726 0.0154445
724.904 0.810334 0.0153831
725.224 0.819191 0.0155082
725.543 0.812548 0.015442
725.863 0.818237 0.0156445
726.182 0.809946 0.0161969
726.501 0.804738 0.0163991
726.82 0.823231 0.0166956
727.14 0.808464 0.0159044
727.459 0.801784 0.0153608
727.778 0.805494 0.0153049
728.097 0.812297 0.0155796
728.416 0.807308 0.0153561
728.734 0.81187 0.0149099
729.053 0.821951 0.0148551
729.372 0.797368 0.014601
729.691 0.805528 0.0143058
730.009 0.807293 0.0136329
730.328 0.812196 0.0132719
730.647 0.809504 0.013265
730.965 0.817582 0.0137981
731.283 0.821036 0.0143467
731.602 0.817529 0.0144827
731.92 0.813915 0.0141938
732.238 0.804096 0.0137682
732.557 0.827166 0.0138364
732.875 0.812082 0.0133773
733.193 0.806927 0.0125396
733.511 0.812542 0.0122956
733.829 0.811819 0.0126587
734.147 0.828996 0.0136333
734.465 0.819223 0.0141692
734.782 0.8317 0.0142637
735.1 0.812105 0.0136998
735.418 0.812472 0.0136917
735.735 0.828061 0.013864
736.053 0.808385 0.0135465
736.371 0.817603 0.0137643
736.688 0.801269 0.0141227
737.005 0.82939 0.0152436
737.323 0.821563 0.0157517
737.64 0.820441 0.0157589
737.957 0.815337 0.0148945
738.274 0.807189 0.0136021
738.592 0.824241 0.0134104
738.909 0.818815 0.0137029
739.226 0.820795 0.014943
739.543 0.823987 0.0161385
739.86 0.840987 0.017252
740.176 0.827789 0.0175605
740.493 0.813941 0.0179388
740.81 0.81731 0.0180326
741.127 0.806082 0.0177191
741.443 0.817129 0.0169039
741.76 0.811941 0.0162918
742.076 0.818199 0.0164992
742.393 0.841733 0.0176325
742.709 0.838923 0.0185774
743.025 0.825414 0.0187667
743.342 0.840712 0.0187658
743.658 0.824112 0.0182221
743.974 0.812252 0.0175902
744.29 0.831999 0.0177846
744.606 0.817673 0.0178192
744.922 0.813358 0.017804
745.238 0.810143 0.0178227
745.554 0.818856 0.0183518
745.87 0.819381 0.0185511
746.186 0.810218 0.0176871
746.501 0.813372 0.0170695
746.817 0.804448 0.017246
747.132 0.830099 0.0188045
747.448 0.828851 0.0195286
747.763 0.81037 0.0190212
748.079 0.813483 0.0182646
748.394 0.832765 0.0172273
748.71 0.801125 0.0157307
749.025 0.808521 0.0148787
749.34 0.82801 0.0148612
749.655 0.829202 0.0151973
749.97 0.826891 0.0157224
750.285 0.816202 0.0156687
750.6 0.814968 0.0153222
750.915 0.815742 0.0149485
751.23 0.819718 0.01528
751.545 0.831657 0.0160233
751.859 0.818115 0.016491
752.174 0.82605 0.0167642
752.489 0.810675 0.0157714
752.803 0.808484 0.0148046
753.118 0.806802 0.0146782
753.432 0.817041 0.0152666
753.747 0.821678 0.0158773
754.061 0.809721 0.0152273
754.375 0.801099 0.014512
754.689 0.805991 0.0141032
755.004 0.814961 0.0141586
755.318 0.809895 0.0138069
755.632 0.797137 0.0130296
755.946 0.808619 0.012886
756.26 0.806038 0.0122902
756.573 0.79704 0.0116932
756.887 0.79878 0.0113496
757.201 0.801776 0.0116122
757.515 0.813032 0.012809
757.828 0.827714 0.0138609
758.142 0.814389 0.0137033
758.455 0.810277 0.0126941
758.769 0.813448 0.012045
759.082 0.800389 0.0116229
759.396 0.803013 0.011467
759.709 0.802403 0.0113737
760.022 0.80898 0.011521
760.335 0.810642 0.012139
760.648 0.814646 0.0130792
760.962 0.814027 0.0140335
761.275 0.801277 0.0146129
761.587 0.80944 0.0148783
761.9 0.820408 0.0150167
762.213 0.797318 0.0143204
762.526 0.81324 0.0139409
762.839 0.804289 0.0138086
763.151 0.798919 0.0133649
763.464 0.797569 0.0126301
763.776 0.786688 0.0116515
764.089 0.797104 0.0114807
764.401 0.789696 0.0118332
764.714 0.796028 0.0125793
765.026 0.792765 0.013399
765.338 0.801052 0.0143413
765.65 0.800391 0.0154296
765.962 0.78873 0.0160287
766.275 0.793778 0.0166552
766.587 0.794055 0.0167131
766.898 0.786769 0.0161023
767.21 0.804583 0.0153211
767.522 0.781737 0.0140121
767.834 0.789952 0.0135695
768.146 0.778283 0.0135662
768.457 0.794349 0.0145431
768.769 0.783243 0.01521
769.08 0.779984 0.0152468
769.392 0.785041 0.0147431
769.703 0.785877 0.0139876
770.015 0.788181 0.0134736
770.326 0.782854 0.0134541
770.637 0.781857 0.0139318
770.948 0.789016 0.0150172
771.26 0.789153 0.0159619
771.571 0.796331 0.0162101
771.882 0.782225 0.0156755
772.193 0.806743 0.0160806
772.504 0.795331 0.016366
772.814 0.793546 0.0166738
773.125 0.795685 0.0170418
773.436 0.784276 0.0174052
773.747 0.772037 0.0176576
774.057 0.793583 0.0182853
774.368 0.797561 0.0186194
774.678 0.804874 0.0191921
774.989 0.759316 0.0189336
775.299 0.798597 0.0200706
775.609 0.783507 0.0196584
775.919 0.782366 0.019483
776.23 0.802594 0.0197571
776.54 0.763287 0.0191041
776.85 0.765637 0.0193346
777.16 0.762944 0.0187272
777.47 0.774757 0.0178912
777.78 0.77075 0.0170584
778.089 0.765496 0.0161457
778.399 0.756014 0.0159438
778.709 0.779124 0.0169323
779.019 0.794964 0.0182271
779.328 0.790668 0.0191612
779.638 0.765227 0.0186012
779.947 0.770619 0.0170162
780.257 0.751223 0.0153261
780.566 0.753312 0.014773
780.875 0.75519 0.0151295
781.185 0.776292 0.0163123
781.494 0.75915 0.0163976
781.803 0.7613 0.0168596
782.112 0.769109 0.0171938
782.421 0.767756 0.016953
782.73 0.749824 0.0163127
783.039 0.753114 0.0165559
783.348 0.767653 0.018049
783.656 0.754832 0.0188809
783.965 0.779411 0.0194736
784.274 0.753254 0.0184167
784.582 0.766957 0.0180063
784.891 0.779116 0.0180415
785.199 0.763203 0.0181268
785.508 0.755733 0.0185347
785.816 0.776884 0.0191339
786.124 0.758063 0.0184835
786.432 0.76744 0.0176842
786.741 0.745127 0.0167592
787.049 0.748462 0.0166975
787.357 0.751584 0.0169883
787.665 0.755005 0.0169244
787.973 0.75559 0.0170849
788.281 0.744814 0.0173158
788.588 0.7473 0.0182681
788.896 0.743576 0.0193558
789.204 0.758167 0.0203389
789.511 0.756595 0.0203728
789.819 0.775814 0.0210059
790.126 0.756996 0.0207583
790.434 0.767176 0.0208927
790.741 0.752516 0.0206398
791.049 0.734768 0.0203735
791.356 0.780196 0.0216752
791.663 0.735877 0.0214304
791.97 0.762449 0.0218706
792.277 0.75033 0.021293
792.584 0.746891 0.0201239
792.891 0.72816 0.0175746
793.198 0.734983 0.01639
793.505 0.718797 0.0158913
793.812 0.722553 0.0163834
794.119 0.721868 0.0167522
794.425 0.723811 0.0172729
794.732 0.707016 0.0178495
795.038 0.741159 0.0201904
795.345 0.733166 0.0215947
795.651 0.750337 0.0230173
795.958 0.764561 0.0232817
796.264 0.719763 0.0210794
796.57 0.736772 0.0205468
796.876 0.739968 0.0204145
797.183 0.723479 0.0205589
797.489 0.752438 0.0218269
797.795 0.746761 0.021939
798.101 0.749868 0.0218874
798.406 0.743515 0.0219102
798.712 0.749791 0.0226524
799.018 0.749563 0.0230028
799.324 0.742915 0.0229607
799.629 0.695988 0.022324
799.935 0.732764 0.023076
800.24 0.793205 0.0244655
800.546 0.759298 0.0239451
800.851 0.734183 0.0237601
801.157 0.746082 0.0249779
801.462 0.744029 0.0251854
801.767 0.749661 0.0254008
802.072 0.717309 0.0238828
802.377 0.730246 0.0231886
802.682 0.725976 0.0227483
802.987 0.737382 0.023563
803.292 0.733374 0.0240996
803.597 0.72547 0.0241735
803.902 0.753015 0.0245661
804.207 0.700091 0.0235389
804.511 0.747169 0.0239448
804.816 0.713998 0.0219931
805.12 0.700028 0.0203476
805.425 0.698935 0.01915
805.729 0.704849 0.0193815
806.034 0.71271 0.0202437
806.338 0.730377 0.021661
806.642 0.702472 0.0217841
806.946 0.707528 0.0216412
807.251 0.728941 0.0221682
807.555 0.709422 0.0215214
807.859 0.691447 0.0210856
808.162 0.71549 0.0220716
808.466 0.716232 0.0228346
808.77 0.736523 0.0237693
809.074 0.769488 0.0251263
809.378 0.734794 0.0245961
809.681 0.728528 0.0242982
809.985 0.75299 0.0251023
810.288 0.758535 0.0254756
810.592 0.726512 0.0247451
810.895 0.731511 0.0254198
811.198 0.752473 0.0269215
811.502 0.74678 0.0272095
811.805 0.78601 0.0286819
812.108 0.715254 0.0261148
812.411 0.7458 0.0258767
812.714 0.732133 0.0238886
813.017 0.71983 0.0224166
813.32 0.725335 0.0224687
813.623 0.68653 0.0225499
813.926 0.72542 0.0248589
814.228 0.740473 0.0264586
814.531 0.766231 0.0277779
814.833 0.739644 0.0270819
815.136 0.714889 0.0267867
815.438 0.776583 0.0282372
815.741 0.698586 0.0256712
816.043 0.718904 0.0257251
816.345 0.730047 0.0257493
816.648 0.725301 0.0258746
816.95 0.748273 0.0266846
817.252 0.745728 0.0272376
817.554 0.752585 0.027421
817.856 0.702249 0.0270538
818.158 0.715093 0.0275372
818.46 0.765077 0.0292057
818.761 0.771718 0.0292252
819.063 0.731255 0.0279549
819.365 0.731102 0.0271263
819.666 0.715013 0.0254847
819.968 0.716595 0.0246712
820.269 0.730272 0.0246364
820.571 0.717433 0.025059
820.872 0.730901 0.0262497
821.173 0.741737 0.027494
821.475 0.784992 0.0293726
821.776 0.747657 0.0285172
822.077 0.716157 0.0277474
822.378 0.735129 0.0283088
822.679 0.755571 0.0291694
822.98 0.733158 0.0284666
823.281 0.770139 0.0301219
823.581 0.749124 0.0294084
823.882 0.818358 0.0311307
824.183 0.789688 0.0302703
824.483 0.764748 0.0287292
824.784 0.745865 0.0272069
825.084 0.748721 0.0277475
825.385 0.760725 0.0283358
825.685 0.778841 0.0292878
825.985 0.737713 0.0282603
826.286 0.73487 0.0278184
826.586 0.70689 0.0267485
826.886 0.767263 0.0279191
827.186 0.753284 0.0280697
827.486 0.761441 0.0291693
827.786 0.760707 0.0295995
828.086 0.75539 0.0291994
828.386 0.755688 0.0288236
828.685 0.767342 0.0288842
828.985 0.789418 0.0301722
829.285 0.767594 0.0299577
829.584 0.78713 0.0308266
829.884 0.765868 0.030871
830.183 0.808385 0.0333696
830.482 0.810688 0.0330524
830.782 0.821059 0.0334045
831.081 0.852038 0.0353169
831.38 0.785013 0.0328033
831.679 0.803409 0.0332607
831.978 0.816541 0.0335849
832.277 0.776479 0.0316951
832.576 0.763771 0.0308434
832.875 0.756509 0.0306777
833.174 0.728249 0.0299104
833.472 0.741429 0.0304082
833.771 0.763191 0.031271
834.07 0.762285 0.0305097
834.368 0.73107 0.0301709
834.667 0.737108 0.0310952
834.965 0.801154 0.0329047
835.263 0.779127 0.032493
835.562 0.79981 0.0329363
835.86 0.778712 0.0321991
836.158 0.739781 0.0317409
836.456 0.801231 0.033903
836.754 0.774916 0.0332484
837.052 0.809422 0.0350596
837.35 0.804007 0.0342646
837.648 0.812295 0.0348975
837.946 0.785984 0.0346202
838.243 0.761761 0.0340922
838.541 0.776007 0.0335056
838.839 0.786103 0.0337723
839.136 0.804094 0.0340846
839.434 0.765616 0.0330569
839.731 0.838963 0.0355356
840.028 0.803404 0.0339776
840.326 0.829579 0.0349607
840.623 0.778447 0.0338353
840.92 0.833876 0.0353563
841.217 0.849472 0.0366872
841.514 0.854443 0.037
841.811 0.781975 0.0342278
842.108 0.821878 0.0361217
842.405 0.856124 0.0371418
842.701 0.876946 0.037764
842.998 0.838494 0.03579
843.295 0.794586 0.035602
843.591 0.828521 0.0364337
843.888 0.824561 0.0359263
844.184 0.813035 0.035881
844.481 0.772245 0.0343958
844.777 0.82941 0.0358207
845.073 0.815233 0.0357809
845.369 0.82895 0.0364427
845.665 0.85664 0.0375878
845.962 0.790984 0.03541
846.258 0.814901 0.0366374
846.553 0.835075 0.037142
846.849 0.853473 0.0376136
847.145 0.861808 0.0365685
847.441 0.843256 0.0363898
847.737 0.757935 0.0342138
848.032 0.807636 0.0359925
848.328 0.805447 0.0361089
848.623 0.865749 0.0379361
848.919 0.798758 0.0356269
849.214 0.796494 0.0351705
849.509 0.810916 0.0360169
849.805 0.859362 0.037821
850.1 0.870086 0.0389072
850.395 0.880991 0.0390205
850.69 0.905228 0.0398288
850.985 0.816234 0.0364783
851.28 0.824605 0.0365127
851.575 0.838755 0.0372743
851.869 0.873622 0.0379113
852.164 0.875855 0.0373942
852.459 0.847292 0.0357705
852.753 0.817638 0.03465
853.048 0.779505 0.032077
853.342 0.786062 0.0319881
853.637 0.834417 0.0335494
853.931 0.811752 0.0327356
854.225 0.792773 0.0322085
854.52 0.875284 0.0351041
854.814 0.831335 0.0343252
855.108 0.759836 0.0317512
855.402 0.8031 0.0332399
855.696 0.840261 0.0349735
855.99 0.827963 0.0352766
856.283 0.82095 0.034356
856.577 0.837184 0.0354873
856.871 0.830295 0.0350616
857.164 0.798267 0.0347526
857.458 0.869124 0.0374668
857.751 0.838801 0.036169
858.045 0.778435 0.0344205
858.338 0.845536 0.0364594
858.632 0.794929 0.0345422
858.925 0.846606 0.0365828
859.218 0.795853 0.0353183
859.511 0.861453 0.038283
859.804 0.837221 0.0373633
860.097 0.805541 0.0356787
860.39 0.852574 0.0377826
860.683 0.860909 0.0378061
860.976 0.865175 0.0382033
861.268 0.85023 0.0372865
861.561 0.818685 0.0376368
861.854 0.94471 0.0416346
862.146 0.859918 0.0383114
862.439 0.845842 0.0377909
862.731 0.806757 0.0360037
863.023 0.859868 0.038374
863.316 0.822547 0.0368548
863.608 0.857684 0.0378304
863.9 0.885306 0.0384592
864.192 0.868188 0.0371822
864.484 0.826898 0.0371554
864.776 0.870557 0.0384619
865.068 0.860755 0.0380081
865.36 0.870468 0.038122
865.651 0.841484 0.0384665
865.943 0.824114 0.0373637
866.235 0.836374 0.0378314
866.526 0.879504 0.0398402
866.818 0.843016 0.0376967
867.109 0.810983 0.0367469
867.4 0.889118 0.0392169
867.692 0.91323 0.0399622
867.983 0.841149 0.0379814
868.274 0.887826 0.0395105
868.565 0.872123 0.03866
868.856 0.860428 0.0386511
869.147 0.844512 0.0381882
869.438 0.802439 0.0371245
869.729 0.832791 0.0380464
870.02 0.929578 0.0417814
870.31 0.880496 0.0393951
870.601 0.827138 0.0376326
870.892 0.865422 0.0380985
871.182 0.818535 0.036896
871.473 0.866337 0.0387834
871.763 0.832782 0.0371131
872.053 0.900061 0.0390376
872.343 0.836015 0.0375651
872.634 0.807947 0.0373004
872.924 0.86532 0.0378349
873.214 0.863477 0.0385681
873.504 0.882817 0.0395211
873.794 0.900044 0.0409018
874.084 0.88227 0.040379
874.373 0.832452 0.0382354
874.663 0.810583 0.0368363
874.953 0.907498 0.0402728
875.242 0.812655 0.0375971
875.532 0.811007 0.0372504
875.821 0.868793 0.0387943
876.111 0.845145 0.0381176
876.4 0.891923 0.0396481
876.689 0.852959 0.0385147
876.978 0.895062 0.0394684
877.268 0.821938 0.037889
877.557 0.865356 0.0393254
877.846 0.858576 0.0390399
878.134 0.873201 0.0397283
878.423 0.873362 0.0397356
878.712 0.873523 0.039743
