178.41 0.477354 0.106873
178.791 0.480377 0.10755
179.172 0.483378 0.108222
179.553 0.333202 0.333202
179.934 0.849577 0.849577
180.316 0.777949 0.777949
180.697 0.413609 0.413609
181.078 0.462135 0.462135
181.459 0.704156 0.704156
181.84 0.461083 0.461083
182.221 2.51329 2.51329
182.602 0.8299 0.8299
182.983 1.27941 0.512174
183.364 1.10459 0.186496
183.744 0.666121 0.0914384
184.125 0.722345 0.0825982
184.506 0.663747 0.0648616
184.887 0.535013 0.0519283
185.268 0.487083 0.042656
185.648 0.613121 0.0463277
186.029 0.586856 0.0432319
186.41 0.662373 0.0447284
186.791 0.609393 0.0412308
187.171 0.644477 0.0362673
187.552 0.595523 0.0283643
187.932 0.696166 0.031227
188.313 0.596875 0.0270057
188.694 0.64743 0.0281101
189.074 0.644569 0.0270415
189.455 0.577988 0.0248962
189.835 0.661858 0.0273935
190.216 0.665801 0.0267511
190.596 0.6502 0.0252994
190.977 0.613527 0.0243847
191.357 0.673173 0.025618
191.737 0.663445 0.0251145
192.118 0.667611 0.0250697
192.498 0.679308 0.0245038
192.878 0.680665 0.024717
193.258 0.670604 0.0241103
193.639 0.677247 0.0239289
194.019 0.694099 0.0244383
194.399 0.716321 0.0246122
194.779 0.660491 0.0226864
195.159 0.70586 0.0241324
195.54 0.696177 0.0232482
195.92 0.698317 0.0233527
196.3 0.698982 0.0230254
196.68 0.705541 0.0232486
197.06 0.728302 0.0234797
197.44 0.69325 0.0226879
197.82 0.716396 0.0228823
198.2 0.714493 0.0228412
198.58 0.676685 0.021642
198.959 0.692509 0.021854
199.339 0.728891 0.022518
199.719 0.717248 0.0219095
200.099 0.721642 0.0220294
200.479 0.738454 0.0222214
200.858 0.735278 0.0218467
201.238 0.722029 0.0213107
201.618 0.745566 0.0218984
201.998 0.723893 0.0210611
202.377 0.736605 0.0212448
202.757 0.748047 0.021128
203.136 0.748456 0.0209966
203.516 0.753591 0.0207548
203.896 0.734677 0.0202403
204.275 0.724753 0.0197065
204.655 0.752384 0.0201168
205.034 0.740678 0.019725
205.414 0.726982 0.0192971
205.793 0.745845 0.0193707
206.172 0.765674 0.0196444
206.552 0.734062 0.0189066
206.931 0.736289 0.018645
207.31 0.734847 0.0184261
207.69 0.723786 0.0181408
208.069 0.762596 0.0183743
208.448 0.752053 0.018017
208.827 0.772219 0.0181521
209.207 0.766293 0.018035
209.586 0.756429 0.0174498
209.965 0.764009 0.0174815
210.344 0.760467 0.0171866
210.723 0.76549 0.0170314
211.102 0.757835 0.0166529
211.481 0.761114 0.0166008
211.86 0.764351 0.0164705
212.239 0.780795 0.0164785
212.618 0.776717 0.0161978
212.997 0.770123 0.0158658
213.376 0.788765 0.0159993
213.755 0.784196 0.0157289
214.134 0.774706 0.0154217
214.513 0.763356 0.0150605
214.891 0.775426 0.0150777
215.27 0.766604 0.0147099
215.649 0.78338 0.0147477
216.028 0.780799 0.0144691
216.406 0.783787 0.0143457
216.785 0.783988 0.0141141
217.164 0.783175 0.0139655
217.542 0.77563 0.0136067
217.921 0.779804 0.0134686
218.3 0.781291 0.0134337
218.678 0.787429 0.0132743
219.057 0.797431 0.0131204
219.435 0.777116 0.0127394
219.814 0.797902 0.0128135
220.192 0.791617 0.0125572
220.57 0.786502 0.0123698
220.949 0.79432 0.0122226
221.327 0.789885 0.0119857
221.705 0.794311 0.0118962
222.084 0.784468 0.0115658
222.462 0.799088 0.011534
222.84 0.801064 0.0114529
223.218 0.785574 0.0110592
223.597 0.79708 0.0110274
223.975 0.800246 0.0108503
224.353 0.813416 0.0108191
224.731 0.810436 0.0106252
225.109 0.812846 0.0104261
225.487 0.80407 0.0102222
225.865 0.804169 0.0100665
226.243 0.81225 0.00998855
226.621 0.80875 0.00983574
226.999 0.805612 0.00961554
227.377 0.813904 0.00957106
227.755 0.8164 0.00946066
228.133 0.821563 0.00937
228.511 0.821715 0.00925934
228.889 0.819627 0.00907073
229.266 0.821464 0.00899472
229.644 0.813819 0.00877652
230.022 0.821084 0.00870149
230.4 0.818464 0.00860572
230.777 0.826884 0.00856756
231.155 0.823678 0.00843978
231.533 0.824807 0.00832599
231.91 0.828802 0.00823315
232.288 0.836298 0.00819194
232.665 0.826604 0.00803947
233.043 0.830696 0.00798327
233.42 0.830152 0.00787279
233.798 0.831569 0.00782189
234.175 0.836439 0.00774258
234.553 0.836987 0.00766265
234.93 0.836062 0.0075817
235.307 0.841974 0.00754683
235.685 0.843106 0.00749025
236.062 0.840462 0.00739111
236.439 0.845225 0.00737537
236.816 0.845526 0.00728647
237.194 0.846985 0.00721554
237.571 0.842692 0.00713456
237.948 0.846357 0.00711229
238.325 0.849038 0.0070447
238.702 0.843162 0.00697883
239.079 0.847815 0.00692863
239.456 0.847244 0.00688002
239.833 0.854657 0.00686549
240.21 0.853758 0.00679849
240.587 0.851353 0.00675747
240.964 0.852308 0.0067061
241.341 0.854988 0.00665988
241.718 0.854281 0.00659412
242.095 0.856603 0.0066011
242.472 0.855546 0.00654473
242.849 0.856782 0.00650057
243.225 0.855989 0.00644091
243.602 0.856321 0.00640972
243.979 0.856823 0.00638945
244.356 0.858841 0.00637072
244.732 0.859658 0.00630883
245.109 0.858789 0.00626149
245.486 0.861727 0.00626347
245.862 0.868001 0.00625518
246.239 0.862396 0.0061714
246.615 0.862597 0.00616093
246.992 0.863153 0.00611778
247.368 0.868642 0.00613715
247.745 0.862674 0.00606447
248.121 0.869138 0.00604565
248.497 0.868412 0.00603336
248.874 0.87222 0.00600995
249.25 0.863521 0.00592728
249.626 0.870868 0.0059426
250.003 0.869199 0.00590206
250.379 0.866991 0.00583716
250.755 0.871964 0.00585895
251.131 0.872698 0.00582028
251.507 0.869395 0.00580152
251.884 0.874057 0.00577711
252.26 0.874109 0.00577876
252.636 0.871679 0.00571819
253.012 0.869649 0.0056907
253.388 0.877044 0.00569764
253.764 0.875558 0.00566952
254.14 0.872347 0.00564565
254.516 0.879259 0.00566024
254.892 0.878651 0.00562966
255.268 0.881061 0.00563139
255.643 0.875973 0.00559153
256.019 0.87904 0.00559716
256.395 0.88162 0.00559368
256.771 0.880157 0.00554829
257.147 0.882106 0.00554811
257.522 0.882932 0.00554192
257.898 0.884984 0.00553924
258.274 0.878914 0.00550593
258.649 0.884196 0.00551907
259.025 0.883049 0.00548519
259.4 0.883302 0.005483
259.776 0.878137 0.00545007
260.151 0.889653 0.00550413
260.527 0.886273 0.00546918
260.902 0.886817 0.00545599
261.278 0.885559 0.0054406
261.653 0.886412 0.00544307
262.028 0.890545 0.00546099
262.404 0.890266 0.0054351
262.779 0.884929 0.00540521
263.154 0.889778 0.00541045
263.53 0.894412 0.00540972
263.905 0.889087 0.00540406
264.28 0.891559 0.00540877
264.655 0.890635 0.00539025
265.03 0.887677 0.00539789
265.405 0.892455 0.00539437
265.781 0.894214 0.0054061
266.156 0.894844 0.0054022
266.531 0.884376 0.00534216
266.906 0.896994 0.00540986
267.281 0.892543 0.00536972
267.655 0.892067 0.00538835
268.03 0.894564 0.00539889
268.405 0.894828 0.00539251
268.78 0.895631 0.0053948
269.155 0.897864 0.0053895
269.53 0.900205 0.00541514
269.904 0.900321 0.00540937
270.279 0.902002 0.00541786
270.654 0.898524 0.00539203
271.029 0.89626 0.00539544
271.403 0.89589 0.00537908
271.778 0.894813 0.00539112
272.152 0.898977 0.00540878
272.527 0.900506 0.00540864
272.901 0.901255 0.00538971
273.276 0.897332 0.00536571
273.65 0.901926 0.00539633
274.025 0.898083 0.00537084
274.399 0.902727 0.00541051
274.774 0.905488 0.00540625
275.148 0.901779 0.0053781
275.522 0.904499 0.00540062
275.897 0.904612 0.00539804
276.271 0.901217 0.00539328
276.645 0.905844 0.00539145
277.019 0.901883 0.00536507
277.393 0.899796 0.00534439
277.768 0.903118 0.00537958
278.142 0.897652 0.00535789
278.516 0.904172 0.00538679
278.89 0.90364 0.00537459
279.264 0.904435 0.0053942
279.638 0.902987 0.00536381
280.012 0.908153 0.00538858
280.386 0.908758 0.00541856
280.76 0.905535 0.00538839
281.133 0.910242 0.00541228
281.507 0.908018 0.00540133
281.881 0.910737 0.00539704
282.255 0.907892 0.00539615
282.629 0.90633 0.00540715
283.002 0.906381 0.00541023
283.376 0.909894 0.00540587
283.75 0.911149 0.00542796
284.123 0.906176 0.00539424
284.497 0.903931 0.00539738
284.87 0.910644 0.00542292
285.244 0.907801 0.00540448
285.618 0.91058 0.00542665
285.991 0.911665 0.0054528
286.364 0.911763 0.00545107
286.738 0.910585 0.00544654
287.111 0.918374 0.0054721
287.485 0.91116 0.00545364
287.858 0.91422 0.00548319
288.231 0.904712 0.00544503
288.605 0.91202 0.00548197
288.978 0.914263 0.00547701
289.351 0.91399 0.00550467
289.724 0.908176 0.00548694
290.097 0.913644 0.00551001
290.47 0.91936 0.00554507
290.843 0.916416 0.00553424
291.217 0.908281 0.00551072
291.59 0.913468 0.00556472
291.963 0.910555 0.00554358
292.336 0.911586 0.00556444
292.708 0.914009 0.00558245
293.081 0.920753 0.00562879
293.454 0.917498 0.00559408
293.827 0.915723 0.00560528
294.2 0.913086 0.0056337
294.573 0.914639 0.0056205
294.945 0.917558 0.00566272
295.318 0.919404 0.00566623
295.691 0.924803 0.00569669
296.064 0.918843 0.00568871
296.436 0.916211 0.00567655
296.809 0.920068 0.0056732
297.181 0.914253 0.0056856
297.554 0.915439 0.00569797
297.926 0.920825 0.00571925
298.299 0.917428 0.00571479
298.671 0.919382 0.00569596
299.044 0.923249 0.00573919
299.416 0.924158 0.00575071
299.788 0.914109 0.00571048
300.161 0.92346 0.00576486
300.533 0.916694 0.0057357
300.905 0.920726 0.00572642
301.278 0.922001 0.00574242
301.65 0.92108 0.00573312
302.022 0.91459 0.00572534
302.394 0.915418 0.00573717
302.766 0.920344 0.00574448
303.138 0.924257 0.0057793
303.51 0.921753 0.00575644
303.882 0.921792 0.00574934
304.254 0.919081 0.00575215
304.626 0.921357 0.00574197
304.998 0.923231 0.00574609
305.37 0.921305 0.00577218
305.742 0.918835 0.00574283
306.114 0.918844 0.00574039
306.485 0.927504 0.00576866
306.857 0.921829 0.00574688
307.229 0.923404 0.00577189
307.601 0.921774 0.00576521
307.972 0.917706 0.00574656
308.344 0.917469 0.00573862
308.716 0.922414 0.00577779
309.087 0.923001 0.00577236
309.459 0.921557 0.0057766
309.83 0.920671 0.00577458
310.202 0.916873 0.00575328
310.573 0.923417 0.00577715
310.945 0.919656 0.00576137
311.316 0.921224 0.00579387
311.687 0.922226 0.00577378
312.059 0.91872 0.00578301
312.43 0.921322 0.00578067
312.801 0.926435 0.00581714
313.172 0.924209 0.00581372
313.544 0.921512 0.00581122
313.915 0.920978 0.0057726
314.286 0.926136 0.00581388
314.657 0.920023 0.00578183
315.028 0.917315 0.00578551
315.399 0.91803 0.00578584
315.77 0.919024 0.00578079
316.141 0.918922 0.00580452
316.512 0.927869 0.00583184
316.883 0.922553 0.00582685
317.254 0.917613 0.00580538
317.625 0.924156 0.00586194
317.996 0.921697 0.00582208
318.366 0.923404 0.00584193
318.737 0.918947 0.00582195
319.108 0.92382 0.00585752
319.478 0.922391 0.00585493
319.849 0.924204 0.0058579
320.22 0.924963 0.00586608
320.59 0.918072 0.00584084
320.961 0.917753 0.00584987
321.331 0.925122 0.00587407
321.702 0.922565 0.00589566
322.072 0.92435 0.00591921
322.443 0.918152 0.00588764
322.813 0.92049 0.0058842
323.184 0.919943 0.00589895
323.554 0.919846 0.00591737
323.924 0.92289 0.0059241
324.295 0.926232 0.0059636
324.665 0.92442 0.00596211
325.035 0.925768 0.00595865
325.405 0.921666 0.0059699
325.775 0.932538 0.0060342
326.145 0.923563 0.00599935
326.515 0.922454 0.00600681
326.886 0.923224 0.0060397
327.256 0.925246 0.00605207
327.626 0.92692 0.006095
327.995 0.928393 0.00611488
328.365 0.926938 0.00611863
328.735 0.927186 0.0061502
329.105 0.929694 0.00622523
329.475 0.928691 0.00627074
329.845 0.932816 0.00637554
330.215 0.925949 0.0063282
330.584 0.917677 0.00623916
330.954 0.917015 0.00608951
331.324 0.918079 0.00592151
331.693 0.924164 0.00583915
332.063 0.92683 0.00578457
332.432 0.934926 0.00577983
332.802 0.930458 0.00581334
333.171 0.924044 0.00586929
333.541 0.924095 0.00597895
333.91 0.92854 0.00602376
334.28 0.921265 0.00603449
334.649 0.927219 0.00607151
335.018 0.928838 0.00609752
335.388 0.931945 0.00612743
335.757 0.929857 0.00612143
336.126 0.926601 0.00613266
336.495 0.923 0.00610004
336.865 0.924284 0.00612956
337.234 0.931669 0.0061888
337.603 0.926245 0.00615817
337.972 0.925822 0.00617094
338.341 0.925792 0.00616075
338.71 0.924573 0.0061525
339.079 0.923557 0.00617142
339.448 0.929625 0.00618189
339.817 0.929116 0.00619547
340.186 0.929938 0.00620213
340.554 0.923968 0.00617409
340.923 0.925566 0.00619234
341.292 0.921587 0.00618485
341.661 0.924419 0.0062021
342.029 0.923951 0.00618981
342.398 0.922515 0.0061933
342.767 0.925129 0.00622592
343.135 0.927688 0.00622986
343.504 0.926898 0.00624662
343.872 0.931093 0.00623745
344.241 0.925925 0.00623467
344.609 0.928529 0.00626825
344.978 0.928945 0.00626331
345.346 0.928289 0.00623756
345.715 0.926419 0.00625536
346.083 0.926303 0.00626891
346.451 0.927986 0.00626465
346.82 0.929404 0.00629043
347.188 0.930175 0.00628114
347.556 0.929949 0.00631278
347.924 0.927258 0.00629601
348.292 0.925267 0.00630355
348.66 0.925015 0.00629713
349.028 0.925835 0.00630785
349.396 0.925285 0.00633082
349.764 0.927221 0.00632946
350.132 0.918495 0.00629636
350.5 0.925348 0.00633013
350.868 0.928584 0.0063527
351.236 0.928535 0.00634748
351.604 0.926797 0.00636618
351.972 0.931343 0.00638901
352.34 0.924692 0.00637541
352.707 0.932983 0.00640674
353.075 0.932665 0.00640734
353.443 0.927918 0.00640559
353.81 0.924095 0.00640827
354.178 0.928798 0.00642817
354.545 0.929615 0.00641524
354.913 0.934642 0.00645992
355.28 0.932824 0.00645451
355.648 0.92496 0.00641366
356.015 0.924737 0.00642412
356.383 0.928491 0.00642979
356.75 0.925896 0.00643717
357.117 0.923563 0.00643262
357.485 0.928279 0.00645354
357.852 0.932233 0.00651194
358.219 0.92639 0.00645928
358.586 0.925869 0.00645638
358.954 0.927889 0.00649059
359.321 0.922332 0.00645548
359.688 0.929403 0.00651208
360.055 0.927824 0.00649729
360.422 0.930997 0.00651782
360.789 0.926026 0.0065116
361.156 0.931293 0.00652434
361.523 0.926907 0.0065353
361.89 0.923723 0.00651616
362.256 0.921124 0.00648095
362.623 0.929085 0.00657373
362.99 0.923078 0.00652107
363.357 0.926315 0.00655917
363.724 0.927593 0.00656652
364.09 0.92149 0.0065317
364.457 0.931708 0.00661686
364.823 0.929635 0.00656703
365.19 0.928523 0.00657287
365.557 0.928746 0.00656345
365.923 0.927492 0.00658075
366.29 0.930408 0.00661181
366.656 0.924547 0.00656384
367.022 0.932174 0.00658263
367.389 0.930609 0.00660655
367.755 0.930962 0.00663926
368.121 0.924143 0.00661222
368.488 0.929031 0.00662072
368.854 0.929686 0.0066482
369.22 0.929152 0.00667761
369.586 0.929506 0.00670162
369.952 0.928488 0.00671253
370.318 0.920658 0.00668732
370.684 0.931667 0.00674681
371.051 0.925655 0.00672685
371.416 0.933255 0.00679616
371.782 0.925403 0.00674728
372.148 0.928329 0.00677185
372.514 0.92544 0.00677583
372.88 0.933541 0.00682541
373.246 0.924864 0.00678737
373.612 0.934581 0.00681973
373.977 0.931879 0.00679449
374.343 0.927528 0.00675719
374.709 0.928662 0.00673938
375.074 0.924862 0.00674571
375.44 0.926738 0.00678148
375.806 0.934413 0.00684709
376.171 0.92462 0.00677668
376.537 0.926194 0.00677624
376.902 0.926268 0.00678844
377.268 0.93266 0.00678386
377.633 0.925284 0.00674459
377.998 0.932895 0.00674634
378.364 0.933907 0.00672081
378.729 0.935609 0.00673825
379.094 0.935474 0.00676725
379.459 0.938511 0.00686903
379.825 0.929572 0.00680594
380.19 0.926901 0.0068067
380.555 0.929787 0.00686519
380.92 0.931915 0.00695893
381.285 0.931026 0.00694246
381.65 0.923659 0.00686112
382.015 0.926306 0.00688106
382.38 0.93165 0.0069277
382.745 0.92782 0.00695583
383.11 0.929931 0.00698257
383.474 0.929313 0.00695964
383.839 0.926673 0.00696228
384.204 0.939904 0.00703443
384.569 0.927389 0.006996
384.933 0.934251 0.00704227
385.298 0.931615 0.00704329
385.663 0.930339 0.00701849
386.027 0.929308 0.0070001
386.392 0.930211 0.00697361
386.756 0.925275 0.00692011
387.121 0.926633 0.00692321
387.485 0.932477 0.00692365
387.849 0.928052 0.00687487
388.214 0.933641 0.00697206
388.578 0.93328 0.00700577
388.942 0.928904 0.00702492
389.307 0.933277 0.00703502
389.671 0.932811 0.00705917
390.035 0.924933 0.00699727
390.399 0.930136 0.00700045
390.763 0.924651 0.00693862
391.127 0.934976 0.0069521
391.492 0.929065 0.00683478
391.856 0.925956 0.00674468
392.219 0.936173 0.0067312
392.583 0.934392 0.00676309
392.947 0.934425 0.00690915
393.311 0.928115 0.00694933
393.675 0.933213 0.00698938
394.039 0.932885 0.00703142
394.403 0.93262 0.00703393
394.766 0.934797 0.00706127
395.13 0.931906 0.00706899
395.494 0.927141 0.00704809
395.857 0.925321 0.00701042
396.221 0.9274 0.00698651
396.584 0.931658 0.00695008
396.948 0.926031 0.00685425
397.311 0.926152 0.00675375
397.675 0.930288 0.00673225
398.038 0.927685 0.00672609
398.401 0.93044 0.00683182
398.765 0.930569 0.00693796
399.128 0.934528 0.00705203
399.491 0.932353 0.00709741
399.854 0.924106 0.00707601
400.218 0.930553 0.0071213
400.581 0.925234 0.00712115
400.944 0.930496 0.00717634
401.307 0.926426 0.0072468
401.67 0.932052 0.00724765
402.033 0.925221 0.0072421
402.396 0.931061 0.00726896
402.759 0.927903 0.00726547
403.122 0.925111 0.00721914
403.485 0.93257 0.00724631
403.847 0.927275 0.00716559
404.21 0.926355 0.00712503
404.573 0.932694 0.00714157
404.936 0.926018 0.0070809
405.298 0.928703 0.007169
405.661 0.931195 0.00727925
406.023 0.935197 0.00739832
406.386 0.93437 0.00742122
406.749 0.933146 0.00745028
407.111 0.923106 0.00740059
407.473 0.919784 0.00726905
407.836 0.930837 0.00730194
408.198 0.931035 0.00725825
408.561 0.926051 0.00725963
408.923 0.9288 0.00728113
409.285 0.930218 0.00730014
409.647 0.932483 0.00737307
410.009 0.93291 0.00744451
410.372 0.928768 0.00741714
410.734 0.927237 0.00744829
411.096 0.930516 0.00744835
411.458 0.93183 0.00745182
411.82 0.929689 0.00739442
412.182 0.92828 0.00733273
412.544 0.928757 0.00735103
412.906 0.928307 0.00733624
413.267 0.929162 0.00736586
413.629 0.926529 0.00741331
413.991 0.926885 0.00744958
414.353 0.929349 0.00748003
414.714 0.934891 0.00758132
415.076 0.927939 0.00753432
415.438 0.932144 0.00754314
415.799 0.931165 0.0075091
416.161 0.923177 0.00754238
416.522 0.927171 0.00758979
416.884 0.920268 0.00756618
417.245 0.932878 0.00764595
417.607 0.926077 0.00759924
417.968 0.920645 0.00756839
418.329 0.928374 0.00759059
418.691 0.93364 0.00760956
419.052 0.930366 0.00759091
419.413 0.925111 0.00750134
419.774 0.926565 0.00748387
420.135 0.923698 0.00730593
420.497 0.924414 0.00719343
420.858 0.932053 0.00712344
421.219 0.932123 0.00714777
421.58 0.933435 0.00724399
421.941 0.935806 0.00738054
422.302 0.931001 0.00746031
422.662 0.932693 0.00749922
423.023 0.926923 0.00750897
423.384 0.929264 0.00754365
423.745 0.928209 0.00749388
424.106 0.923905 0.00747227
424.466 0.936085 0.00750674
424.827 0.932478 0.00759569
425.187 0.930581 0.00768398
425.548 0.925575 0.00773568
425.909 0.927689 0.00778547
426.269 0.931777 0.00774759
426.63 0.919803 0.00764545
426.99 0.92988 0.00762412
427.35 0.923823 0.00763317
427.711 0.923879 0.0075793
428.071 0.923925 0.00751604
428.431 0.921452 0.00736257
428.792 0.920155 0.00710558
429.152 0.926915 0.00693559
429.512 0.929864 0.0069336
429.872 0.930147 0.00698278
430.232 0.937175 0.00713289
430.592 0.934474 0.00732471
430.952 0.934297 0.00754027
431.312 0.938755 0.00774628
431.672 0.928652 0.0077932
432.032 0.927434 0.0077643
432.392 0.931659 0.00767672
432.752 0.917375 0.00724289
433.111 0.923333 0.00710412
433.471 0.938332 0.00727365
433.831 0.935907 0.00754875
434.19 0.927458 0.00751558
434.55 0.928772 0.00751953
434.91 0.93398 0.00762855
435.269 0.927426 0.00749703
435.629 0.928099 0.00748323
435.988 0.928272 0.00745189
436.348 0.934147 0.00758977
436.707 0.929459 0.00768589
437.066 0.930788 0.00768719
437.426 0.920668 0.00755454
437.785 0.928452 0.00756515
438.144 0.929935 0.00756176
438.503 0.934634 0.00768087
438.862 0.928818 0.00767112
439.222 0.928948 0.00773287
439.581 0.930426 0.00777224
439.94 0.92332 0.00763402
440.299 0.923045 0.00737559
440.658 0.928802 0.00721024
441.017 0.933507 0.00723082
441.376 0.936042 0.00732513
441.734 0.936671 0.00740286
442.093 0.921203 0.00733828
442.452 0.922736 0.00729165
442.811 0.929284 0.00728531
443.169 0.926862 0.00727308
443.528 0.933076 0.00744878
443.887 0.927247 0.00743023
444.245 0.935343 0.00749528
444.604 0.92461 0.00751419
444.962 0.924454 0.0075493
445.321 0.925318 0.00755987
445.679 0.92257 0.00750897
446.038 0.926771 0.00749856
446.396 0.930295 0.00761631
446.754 0.925091 0.0076989
447.112 0.931096 0.00776291
447.471 0.925283 0.00774751
447.829 0.924067 0.00778292
448.187 0.93028 0.00779515
448.545 0.926914 0.00775723
448.903 0.922742 0.0077598
449.261 0.92369 0.00778637
449.619 0.932107 0.00789583
449.977 0.925533 0.00790627
450.335 0.930438 0.00801404
450.693 0.927803 0.00802251
451.051 0.925447 0.00799644
451.409 0.933435 0.00806237
451.766 0.929218 0.00805439
452.124 0.933552 0.00818641
452.482 0.930888 0.0082557
452.839 0.937857 0.00837909
453.197 0.930481 0.00836081
453.555 0.930098 0.00839365
453.912 0.925541 0.00835107
454.27 0.92418 0.0082133
454.627 0.929087 0.00813776
454.984 0.929148 0.00815725
455.342 0.932934 0.00829917
455.699 0.934599 0.00839926
456.056 0.92472 0.00830516
456.414 0.929947 0.00825414
456.771 0.918855 0.00805474
457.128 0.928684 0.00806672
457.485 0.929495 0.00804226
457.842 0.929252 0.00809097
458.199 0.928548 0.00807855
458.556 0.929504 0.00800474
458.913 0.926749 0.00799319
459.27 0.935721 0.0079863
459.627 0.932846 0.00809003
459.984 0.924787 0.00799628
460.341 0.927319 0.00799692
460.697 0.931471 0.00811029
461.054 0.935471 0.00836711
461.411 0.931894 0.00852314
461.767 0.926868 0.00860036
462.124 0.922741 0.00855974
462.481 0.928311 0.00848284
462.837 0.917574 0.00830274
463.194 0.928924 0.00817908
463.55 0.922165 0.00820166
463.907 0.919828 0.00797623
464.263 0.921658 0.00787424
464.619 0.923283 0.00773198
464.976 0.924449 0.00762972
465.332 0.929653 0.00764927
465.688 0.93989 0.00792728
466.044 0.936065 0.00819517
466.4 0.932536 0.00830697
466.756 0.927841 0.0083404
467.112 0.934341 0.0083695
467.468 0.92339 0.008308
467.824 0.938067 0.00845967
468.18 0.937349 0.00856688
468.536 0.923717 0.00851147
468.892 0.930464 0.00867877
469.248 0.925016 0.00869171
469.604 0.925822 0.0087478
469.959 0.924853 0.00874012
470.315 0.928649 0.00875332
470.671 0.92882 0.00874538
471.026 0.927449 0.00866517
471.382 0.920002 0.00854774
471.737 0.928576 0.00851839
472.093 0.923227 0.00836132
472.448 0.925035 0.00820884
472.804 0.927738 0.00815072
473.159 0.925513 0.0080741
473.514 0.933999 0.00815226
473.87 0.926386 0.00800328
474.225 0.922961 0.0077602
474.58 0.924494 0.0076135
474.935 0.93633 0.00772725
475.29 0.935888 0.0078296
475.645 0.929067 0.00780891
476 0.930836 0.00782642
476.355 0.9316 0.00790012
476.71 0.919661 0.00784473
477.065 0.919891 0.00761717
477.42 0.929335 0.0075552
477.775 0.928696 0.0075617
478.13 0.928811 0.00763019
478.485 0.928399 0.00757323
478.839 0.921607 0.00745521
479.194 0.926425 0.00728311
479.549 0.926499 0.00719408
479.903 0.92886 0.00722246
480.258 0.923521 0.00725834
480.612 0.927412 0.00717875
480.967 0.925363 0.00700503
481.321 0.931133 0.00704936
481.675 0.935688 0.00720271
482.03 0.930011 0.0073075
482.384 0.927285 0.00732743
482.738 0.928332 0.00726165
483.093 0.924807 0.00719493
483.447 0.920281 0.00702142
483.801 0.917952 0.00679358
484.155 0.927828 0.00674287
484.509 0.841713 0.0055924
484.863 0.877485 0.00389187
485.217 0.911845 0.00360574
485.571 0.952707 0.00378086
485.925 0.993456 0.00491817
486.279 0.96219 0.00561244
486.632 0.954085 0.00604465
486.986 0.950564 0.006522
487.34 0.936264 0.00690972
487.694 0.935305 0.00709896
488.047 0.933829 0.00713347
488.401 0.932932 0.00713909
488.754 0.930937 0.00717673
489.108 0.926029 0.0072746
489.461 0.927021 0.00731374
489.815 0.929284 0.00739904
490.168 0.928481 0.00731426
490.522 0.925045 0.00726965
490.875 0.931962 0.00730775
491.228 0.930175 0.00735095
491.581 0.926535 0.00728621
491.935 0.931381 0.00733226
492.288 0.928535 0.00735121
492.641 0.934889 0.00732401
492.994 0.927015 0.00728764
493.347 0.924224 0.00717562
493.7 0.922735 0.00717531
494.053 0.929604 0.00722661
494.406 0.928327 0.00733845
494.759 0.926717 0.00748158
495.111 0.919841 0.00722102
495.464 0.913798 0.00688139
495.817 0.930143 0.00681724
496.169 0.935737 0.00702959
496.522 0.935864 0.00734742
496.875 0.926803 0.00755596
497.227 0.934464 0.00766209
497.58 0.924145 0.00760638
497.932 0.929775 0.00753995
498.285 0.924324 0.00744919
498.637 0.916188 0.00723162
498.989 0.929026 0.00720103
499.342 0.934198 0.00727459
499.694 0.93561 0.00744104
500.046 0.923797 0.00745741
500.398 0.926073 0.00728375
500.751 0.926611 0.00721941
501.103 0.927523 0.00719994
501.455 0.924943 0.00720095
501.807 0.928071 0.00722395
502.159 0.928113 0.00722802
502.511 0.924911 0.00719762
502.862 0.929887 0.00724805
503.214 0.93115 0.00735211
503.566 0.930104 0.00749691
503.918 0.925184 0.00755797
504.27 0.931399 0.00757528
504.621 0.935766 0.00761155
504.973 0.925076 0.00761064
505.324 0.925202 0.00756201
505.676 0.92899 0.00744544
506.027 0.936784 0.00749679
506.379 0.931377 0.00772424
506.73 0.925281 0.00781631
507.082 0.935408 0.00780319
507.433 0.92322 0.00760861
507.784 0.931187 0.00757749
508.136 0.929351 0.00770209
508.487 0.936157 0.00780957
508.838 0.926423 0.00784171
509.189 0.927882 0.00783926
509.54 0.926684 0.00772948
509.891 0.925531 0.00781403
510.242 0.928421 0.00783494
510.593 0.933546 0.00790653
510.944 0.926837 0.00792211
511.295 0.937204 0.00813219
511.646 0.931987 0.00819934
511.996 0.91913 0.00805871
512.347 0.925595 0.00802616
512.698 0.935183 0.00809429
513.049 0.927757 0.00811175
513.399 0.924141 0.00813348
513.75 0.928614 0.00812877
514.1 0.935203 0.00831233
514.451 0.930993 0.00846606
514.801 0.918829 0.00837363
515.152 0.926273 0.00833317
515.502 0.920503 0.00817842
515.852 0.928087 0.00816796
516.202 0.927095 0.00815266
516.553 0.940098 0.00832965
516.903 0.932639 0.00842307
517.253 0.937712 0.00857336
517.603 0.930086 0.00853687
517.953 0.930339 0.00849654
518.303 0.927885 0.00828617
518.653 0.926898 0.0082139
519.003 0.926351 0.00827455
519.353 0.928362 0.00857981
519.703 0.92731 0.00875679
520.052 0.916717 0.00875128
520.402 0.928921 0.00876082
520.752 0.926382 0.0086487
521.102 0.934756 0.00882851
521.451 0.926038 0.0088498
521.801 0.931429 0.00885015
522.15 0.917777 0.00863946
522.5 0.927477 0.0086709
522.849 0.923333 0.00862433
523.199 0.925318 0.00855205
523.548 0.919624 0.00844373
523.897 0.92862 0.00858303
524.246 0.929958 0.00873218
524.596 0.932355 0.00886717
524.945 0.923208 0.00877213
525.294 0.927036 0.00878928
525.643 0.930803 0.0087875
525.992 0.930121 0.00876927
526.341 0.927604 0.00870278
526.69 0.932234 0.00879315
527.039 0.933773 0.00888618
527.388 0.920571 0.00888486
527.737 0.919259 0.00860838
528.086 0.918315 0.0082874
528.434 0.921465 0.00814968
528.783 0.936839 0.00844193
529.132 0.93712 0.00860391
529.48 0.931398 0.00868797
529.829 0.929609 0.00872744
530.177 0.928572 0.00881209
530.526 0.926187 0.00882241
530.874 0.924578 0.0087307
531.223 0.921993 0.00870589
531.571 0.931534 0.00882619
531.919 0.921136 0.00869054
532.268 0.914275 0.00839371
532.616 0.921297 0.00815654
532.964 0.925955 0.00805584
533.312 0.92614 0.00806081
533.66 0.925973 0.00809646
534.008 0.921338 0.00805779
534.356 0.92546 0.00808113
534.704 0.935143 0.00819712
535.052 0.934983 0.00830666
535.4 0.935579 0.00848495
535.748 0.93464 0.00868261
536.095 0.928364 0.00887265
536.443 0.926792 0.00887619
536.791 0.918669 0.00865029
537.139 0.921329 0.00846335
537.486 0.91214 0.00822627
537.834 0.930798 0.00826595
538.181 0.926182 0.00819809
538.529 0.930684 0.00826428
538.876 0.931428 0.00824616
539.223 0.92632 0.00836257
539.571 0.934115 0.00857732
539.918 0.927267 0.00851553
540.265 0.920505 0.00831716
540.613 0.920883 0.00817579
540.96 0.928963 0.00831326
541.307 0.924249 0.00830726
541.654 0.917279 0.00827381
542.001 0.936017 0.00838391
542.348 0.92275 0.00832272
542.695 0.920569 0.00832339
543.042 0.927 0.00822424
543.388 0.917971 0.00808059
543.735 0.922265 0.00808822
544.082 0.926915 0.00809623
544.429 0.936347 0.00817479
544.775 0.937759 0.0083611
545.122 0.939487 0.00861693
545.469 0.932869 0.00872691
545.815 0.919546 0.00861423
546.162 0.919331 0.00854468
546.508 0.92071 0.00837552
546.854 0.912478 0.00802895
547.201 0.921988 0.00777519
547.547 0.934905 0.00780679
547.893 0.940781 0.00800711
548.24 0.951577 0.00848421
548.586 0.935717 0.00876309
548.932 0.941279 0.00891984
549.278 0.923954 0.00884365
549.624 0.932785 0.00883835
549.97 0.933207 0.00892308
550.316 0.93262 0.00909836
550.662 0.932269 0.00919025
551.008 0.90207 0.00857246
551.353 0.92203 0.00820373
551.699 0.931229 0.00806218
552.045 0.943719 0.00833463
552.391 0.927732 0.00843499
552.736 0.919828 0.00843733
553.082 0.922943 0.00846402
553.427 0.931321 0.00865262
553.773 0.933268 0.00894845
554.118 0.911287 0.00884299
554.464 0.913904 0.00862844
554.809 0.90817 0.00825972
555.154 0.929052 0.00824163
555.5 0.932955 0.00827764
555.845 0.934147 0.00860499
556.19 0.941929 0.0088752
556.535 0.930882 0.00902113
556.88 0.922135 0.00883386
557.225 0.921974 0.00880035
557.57 0.931994 0.0090207
557.915 0.936092 0.00928561
558.26 0.932705 0.00938303
558.605 0.930778 0.00934009
558.95 0.913788 0.00905038
559.295 0.909434 0.0085473
559.639 0.912303 0.00823856
559.984 0.918189 0.00794922
560.329 0.92181 0.00793545
560.673 0.93301 0.00801123
561.018 0.930511 0.00823528
561.362 0.936057 0.00847997
561.707 0.933504 0.00868069
562.051 0.928319 0.00855102
562.395 0.915256 0.00837849
562.74 0.922864 0.0082463
563.084 0.925018 0.0081539
563.428 0.925297 0.00798484
563.772 0.936124 0.00806865
564.117 0.918567 0.00793417
564.461 0.927058 0.00794554
564.805 0.916312 0.00796816
565.149 0.929529 0.00798841
565.493 0.929707 0.00800143
565.836 0.925027 0.00782793
566.18 0.917214 0.00768089
566.524 0.910241 0.00713525
566.868 0.922462 0.00699039
567.212 0.925562 0.00688294
567.555 0.922795 0.0067858
567.899 0.920135 0.00646205
568.242 0.914939 0.00618065
568.586 0.906965 0.00575855
568.929 0.910081 0.00539944
569.273 0.916566 0.00512306
569.616 0.932583 0.00517493
569.96 0.920292 0.00503687
570.303 0.923151 0.00488793
570.646 0.925242 0.00483269
570.989 0.921256 0.00467292
571.333 0.936779 0.00477078
571.676 0.939465 0.00495619
572.019 0.935421 0.00534768
572.362 0.90846 0.0049726
572.705 0.906392 0.00461009
573.048 0.91912 0.00441879
573.391 0.916186 0.00426777
573.733 0.921886 0.00422156
574.076 0.923468 0.00417848
574.419 0.942247 0.00434939
574.762 0.94025 0.00457627
575.104 0.948286 0.00491958
575.447 0.915129 0.00476755
575.789 0.90567 0.00445809
576.132 0.9209 0.00424691
576.474 0.913285 0.00418198
576.817 0.90978 0.00386116
577.159 0.911367 0.0036539
577.501 0.930956 0.0037221
577.844 0.951338 0.00402702
578.186 0.954042 0.0045234
578.528 0.932538 0.00465479
578.87 0.932523 0.00467507
579.212 0.917338 0.00448219
579.554 0.929839 0.00436844
579.896 0.923934 0.00438106
580.238 0.898337 0.00407092
580.58 0.904469 0.00358897
580.922 0.904375 0.00344906
581.264 0.90433 0.00344889
581.606 0.941863 0.00367471
581.947 0.944283 0.00390558
582.289 0.954651 0.00436282
582.631 0.955146 0.00484053
582.972 0.940221 0.00512462
583.314 0.925725 0.00502891
583.655 0.912411 0.00482635
583.997 0.902633 0.00438188
584.338 0.908168 0.00408809
584.679 0.91894 0.00394554
585.021 0.942179 0.00410494
585.362 0.946396 0.00442061
585.703 0.946176 0.00475417
586.044 0.916537 0.00469656
586.385 0.912344 0.004434
586.726 0.916795 0.0042452
587.067 0.942875 0.00447412
587.408 0.938299 0.00471916
587.749 0.943276 0.004956
588.09 0.935507 0.00514127
588.431 0.948867 0.00548628
588.772 0.93348 0.00565943
589.113 0.920242 0.00552214
589.453 0.918619 0.00548734
589.794 0.93998 0.00574086
590.134 0.938809 0.00604342
590.475 0.929962 0.00615467
590.815 0.922574 0.00607345
591.156 0.928076 0.00610021
591.496 0.899895 0.00582375
591.837 0.898002 0.0050048
592.177 0.906383 0.00456754
592.517 0.92531 0.0044184
592.857 0.944035 0.00470543
593.198 0.949753 0.00502156
593.538 0.951566 0.0055448
593.878 0.936868 0.00567762
594.218 0.914621 0.00542884
594.558 0.92872 0.00526719
594.898 0.939646 0.0054473
595.237 0.949458 0.00581514
595.577 0.946619 0.00618153
595.917 0.934892 0.00644992
596.257 0.916456 0.00611843
596.596 0.917906 0.00596937
596.936 0.94032 0.00594155
597.276 0.932976 0.00614965
597.615 0.916231 0.00598619
597.955 0.899097 0.00521538
598.294 0.919668 0.00494877
598.633 0.934581 0.00500526
598.973 0.935141 0.00519549
599.312 0.927485 0.00515839
599.651 0.938608 0.00523037
599.991 0.931264 0.00532366
600.33 0.939573 0.00542998
600.669 0.929441 0.00555542
601.008 0.942193 0.00578674
601.347 0.932049 0.00595165
601.686 0.921881 0.00574622
602.025 0.920722 0.00578093
602.364 0.911161 0.00546431
602.702 0.916911 0.00540288
603.041 0.934028 0.0054892
603.38 0.942515 0.00577784
603.719 0.94552 0.00605067
604.057 0.925333 0.00615395
604.396 0.92734 0.00615089
604.734 0.903331 0.00579805
605.073 0.923813 0.00542449
605.411 0.926669 0.0054856
605.75 0.944558 0.0057405
606.088 0.934328 0.00600819
606.426 0.919796 0.00581514
606.764 0.927761 0.00575999
607.103 0.940116 0.00598195
607.441 0.928612 0.00615044
607.779 0.928875 0.00630043
608.117 0.929447 0.00625926
608.455 0.938058 0.00655491
608.793 0.914781 0.00653549
609.131 0.910611 0.00608331
609.469 0.919318 0.00596483
609.806 0.935479 0.00609794
610.144 0.938373 0.00658699
610.482 0.918517 0.00658463
610.819 0.928666 0.00660641
611.157 0.923074 0.00662115
611.495 0.929292 0.00687625
611.832 0.924322 0.00687833
612.17 0.918826 0.00680796
612.507 0.923613 0.00674945
612.844 0.921119 0.00681113
613.182 0.925768 0.00684408
613.519 0.92177 0.00678723
613.856 0.927033 0.00678884
614.193 0.912699 0.0066512
614.53 0.918333 0.0065327
614.867 0.930102 0.00656731
615.205 0.933259 0.00690785
615.541 0.933805 0.00715958
615.878 0.920404 0.00740982
616.215 0.919028 0.00732869
616.552 0.924454 0.0074254
616.889 0.917612 0.00722803
617.226 0.922866 0.00717434
617.562 0.936408 0.00745652
617.899 0.932933 0.00789215
618.235 0.930467 0.0082878
618.572 0.922139 0.0085563
618.908 0.913351 0.00821994
619.245 0.917903 0.00790409
619.581 0.923937 0.007791
619.918 0.955306 0.00858029
620.254 0.94399 0.00962177
620.59 0.921052 0.00964722
620.926 0.904594 0.00891433
621.262 0.916648 0.00847512
621.599 0.9266 0.00855974
621.935 0.903576 0.00834633
622.271 0.913243 0.00807625
622.606 0.921748 0.00793845
622.942 0.93234 0.00818187
623.278 0.922825 0.00837728
623.614 0.913017 0.00794101
623.95 0.925867 0.00796469
624.285 0.922707 0.00809929
624.621 0.927989 0.00856371
624.957 0.921043 0.00879696
625.292 0.932714 0.00912022
625.628 0.931308 0.00938907
625.963 0.920112 0.00939441
626.299 0.915993 0.00918038
626.634 0.917436 0.00904346
626.969 0.927469 0.00926095
627.304 0.946149 0.010139
627.64 0.932981 0.0107993
627.975 0.913002 0.0104693
628.31 0.90508 0.00985307
628.645 0.925443 0.0097354
628.98 0.916138 0.00989918
629.315 0.922299 0.0101228
629.65 0.923667 0.0102111
629.985 0.921655 0.0101713
630.319 0.930192 0.0106652
630.654 0.916781 0.0107086
630.989 0.919737 0.0106733
631.323 0.919215 0.0108552
631.658 0.927239 0.0113467
631.993 0.930515 0.0118589
632.327 0.915121 0.0118053
632.662 0.920314 0.0117746
632.996 0.922161 0.011525
633.33 0.907857 0.011266
633.665 0.922844 0.0117564
633.999 0.922869 0.0121137
634.333 0.910297 0.0120285
634.667 0.915416 0.012104
635.001 0.915497 0.0118096
635.335 0.899675 0.0112616
635.669 0.912492 0.0109207
636.003 0.925594 0.0111519
636.337 0.932728 0.0117544
636.671 0.947388 0.0124652
637.005 0.923302 0.01264
637.339 0.922341 0.0125775
637.672 0.903752 0.0119956
638.006 0.924538 0.0118212
638.339 0.921974 0.0119769
638.673 0.930707 0.0124166
639.006 0.929783 0.0128003
639.34 0.927672 0.0127787
639.673 0.920451 0.0129105
640.007 0.914046 0.0128332
640.34 0.921431 0.0131097
640.673 0.919837 0.0131981
641.006 0.922101 0.0134086
641.34 0.918242 0.0135262
641.673 0.922556 0.0138817
642.006 0.916992 0.0140782
642.339 0.920767 0.0138577
642.672 0.915812 0.0137354
643.004 0.925285 0.0138851
643.337 0.937559 0.0144271
643.67 0.912265 0.0142273
644.003 0.915304 0.0141113
644.336 0.926942 0.0141412
644.668 0.898587 0.0138983
645.001 0.92144 0.0143172
645.333 0.929499 0.0147333
645.666 0.919928 0.0149597
645.998 0.923375 0.0153299
646.331 0.918287 0.0155199
646.663 0.92161 0.015388
646.995 0.905876 0.0143258
647.327 0.896439 0.0130872
647.66 0.905871 0.0124359
647.992 0.911472 0.0122837
648.324 0.918752 0.0122871
648.656 0.930308 0.0125361
648.988 0.935601 0.0130722
649.32 0.945004 0.0140532
649.652 0.934005 0.0146266
649.983 0.927626 0.0148905
650.315 0.914306 0.0148784
650.647 0.906723 0.0144767
650.979 0.910259 0.0138433
651.31 0.914152 0.0133393
651.642 0.912661 0.0130292
651.973 0.924592 0.0131053
652.305 0.914471 0.0129839
652.636 0.924599 0.0132365
652.967 0.930518 0.0135789
653.299 0.930238 0.0138934
653.63 0.916377 0.0136336
653.961 0.887704 0.0124653
654.292 0.791735 0.00903579
654.623 0.694138 0.00306659
654.955 0.897568 0.0034231
655.286 0.897513 0.00342289
655.616 0.897457 0.00342268
655.947 0.8974 0.00342246
656.278 0.897343 0.00342224
656.609 0.982702 0.00374778
656.94 0.995236 0.00499079
657.27 0.980801 0.00580853
657.601 0.990366 0.00673206
657.932 1.00579 0.00811465
658.262 1.00696 0.00989064
658.593 0.98735 0.0117483
658.923 0.951711 0.0134868
659.254 0.932993 0.0147506
659.584 0.935822 0.015685
659.914 0.924359 0.0163241
660.244 0.9254 0.0167412
660.575 0.923856 0.0166049
660.905 0.907404 0.0164808
661.235 0.917825 0.0163432
661.565 0.919269 0.0162384
661.895 0.913693 0.0160966
662.225 0.914915 0.0163611
662.555 0.912221 0.0165638
662.884 0.903318 0.0162986
663.214 0.920785 0.0162284
663.544 0.931742 0.0161549
663.873 0.91228 0.0157484
664.203 0.9291 0.0157198
664.533 0.923402 0.0152471
664.862 0.914583 0.0150685
665.192 0.908482 0.0154502
665.521 0.938629 0.016557
665.85 0.919192 0.0168714
666.18 0.914175 0.0175184
666.509 0.91485 0.0174208
666.838 0.881497 0.016696
667.167 0.898553 0.0166402
667.496 0.918755 0.0171162
667.825 0.911822 0.0171373
668.154 0.918147 0.017168
668.483 0.919808 0.0170668
668.812 0.931038 0.0168507
669.141 0.921648 0.0165983
669.47 0.915076 0.0163354
669.798 0.931697 0.0166517
670.127 0.896182 0.0163466
670.456 0.874426 0.0152339
670.784 0.893758 0.0138147
671.113 0.893938 0.0126824
671.441 0.901959 0.0121729
671.77 0.931485 0.012576
672.098 0.914981 0.0129545
672.426 0.939999 0.014598
672.755 0.920434 0.0153591
673.083 0.916972 0.0155468
673.411 0.902358 0.0153917
673.739 0.905644 0.0156453
674.067 0.92302 0.0166289
674.395 0.913204 0.0165383
674.723 0.912488 0.0161014
675.051 0.904619 0.0157999
675.379 0.903953 0.015781
675.706 0.919174 0.0160884
676.034 0.903974 0.0163148
676.362 0.905295 0.0164054
676.689 0.903105 0.0153916
677.017 0.904063 0.0143886
677.344 0.910012 0.0138673
677.672 0.927543 0.0142402
677.999 0.908094 0.0142617
678.327 0.892516 0.013857
678.654 0.902186 0.0133255
678.981 0.915661 0.0130208
679.308 0.922758 0.0131755
679.636 0.942923 0.0139412
679.963 0.935773 0.0145834
680.29 0.896602 0.0143137
680.617 0.911933 0.0141668
680.944 0.926695 0.0140691
681.271 0.927764 0.0144828
681.597 0.929619 0.0154778
681.924 0.935453 0.0165362
682.251 0.908976 0.0162364
682.578 0.904456 0.0153449
682.904 0.889468 0.0141993
683.231 0.905616 0.0137577
683.557 0.888679 0.0133232
683.884 0.895104 0.0129898
684.21 0.911915 0.0128043
684.536 0.897973 0.0122908
684.863 0.908257 0.0121752
685.189 0.923836 0.0124864
685.515 0.9327 0.0132252
685.841 0.906729 0.0134668
686.167 0.905941 0.0134743
686.493 0.915689 0.0133847
686.819 0.920525 0.0134962
687.145 0.913422 0.014031
687.471 0.932221 0.0152431
687.797 0.922163 0.0156693
688.123 0.902148 0.015404
688.448 0.906674 0.014936
688.774 0.904811 0.0144723
689.1 0.909387 0.0147544
689.425 0.916155 0.0154305
689.751 0.925408 0.0157592
690.076 0.894031 0.0146272
690.402 0.902683 0.013732
690.727 0.904919 0.0133245
691.052 0.918823 0.0137785
691.377 0.909341 0.0141187
691.703 0.926649 0.0146132
692.028 0.90656 0.0144621
692.353 0.914681 0.0142197
692.678 0.913552 0.0143201
693.003 0.931022 0.015006
693.328 0.936195 0.0161586
693.652 0.904283 0.0165978
693.977 0.893746 0.0161065
694.302 0.885069 0.015113
694.627 0.91881 0.0151831
694.951 0.908201 0.0156379
695.276 0.942658 0.0174652
695.6 0.905722 0.0174076
695.925 0.880214 0.0150613
696.249 0.891636 0.0133663
696.574 0.913666 0.0128231
696.898 0.925395 0.0134926
697.222 0.923162 0.0142444
697.546 0.915247 0.0147538
697.871 0.906097 0.0149892
698.195 0.918466 0.0152017
698.519 0.911557 0.0155276
698.843 0.918476 0.0160326
699.167 0.908946 0.0165485
699.491 0.9261 0.0173401
699.814 0.905834 0.017288
700.138 0.913843 0.0174173
700.462 0.928074 0.0178426
700.786 0.900456 0.0173417
701.109 0.897622 0.0168876
701.433 0.915112 0.0164608
701.756 0.90098 0.0157501
702.08 0.91867 0.0159054
702.403 0.917046 0.016215
702.726 0.914375 0.0168785
703.05 0.906987 0.0172205
703.373 0.9103 0.017453
703.696 0.902327 0.017391
704.019 0.907802 0.0180524
704.342 0.914609 0.0187808
704.665 0.903567 0.0194378
704.988 0.893394 0.0192017
705.311 0.866192 0.0177453
705.634 0.860733 0.0158824
705.957 0.886826 0.014601
706.28 0.884627 0.0135093
706.602 0.915737 0.0136022
706.925 0.915081 0.0138833
707.247 0.909446 0.014392
707.57 0.908235 0.0149496
707.892 0.920471 0.0155635
708.215 0.934993 0.0164523
708.537 0.901895 0.0165562
708.859 0.899917 0.0166326
709.182 0.895269 0.0164179
709.504 0.893055 0.015966
709.826 0.902312 0.0158471
710.148 0.903002 0.0159171
710.47 0.924685 0.0165649
710.792 0.92207 0.0171527
711.114 0.906256 0.017575
711.436 0.912272 0.0180256
711.758 0.887545 0.0174918
712.079 0.897469 0.0173884
712.401 0.899667 0.0165506
712.723 0.897002 0.0159261
713.044 0.885442 0.0149075
713.366 0.910265 0.0149467
713.687 0.91901 0.0151403
714.009 0.906403 0.0154441
714.33 0.895888 0.0156985
714.652 0.918955 0.0163512
714.973 0.903456 0.0167745
715.294 0.900897 0.0176122
715.615 0.92984 0.0190371
715.936 0.912788 0.0191383
716.257 0.900071 0.0191874
716.578 0.92335 0.0195645
716.899 0.915349 0.0190454
717.22 0.902795 0.0176941
717.541 0.88817 0.0170798
717.862 0.903675 0.0171704
718.182 0.895917 0.0170628
718.503 0.901344 0.0167425
718.824 0.911466 0.017076
719.144 0.905874 0.0172957
719.465 0.902049 0.0176533
719.785 0.878274 0.0170598
720.105 0.901195 0.0170539
720.426 0.904333 0.0168717
720.746 0.902964 0.0171449
721.066 0.898403 0.0171324
721.386 0.911944 0.0174378
721.706 0.898905 0.0178162
722.026 0.916735 0.0184695
722.346 0.905488 0.0185085
722.666 0.919724 0.0184094
722.986 0.903766 0.0177963
723.306 0.901347 0.0179113
723.626 0.901147 0.0182643
723.946 0.886442 0.0180785
724.265 0.876065 0.0170115
724.585 0.892462 0.0162647
724.904 0.893264 0.0161511
725.224 0.915335 0.0163931
725.543 0.903534 0.0162836
725.863 0.915031 0.0165439
726.182 0.931809 0.0173727
726.501 0.903305 0.0173744
726.82 0.902182 0.0174779
727.14 0.895895 0.0167423
727.459 0.890412 0.0161876
727.778 0.887361 0.0160638
728.097 0.899263 0.0163924
728.416 0.887944 0.0161048
728.734 0.893112 0.0156381
729.053 0.902685 0.0155676
729.372 0.895016 0.0154693
729.691 0.881129 0.014962
730.009 0.890399 0.0143175
730.328 0.898296 0.0139576
730.647 0.921744 0.0141548
730.965 0.915724 0.0146028
731.283 0.910693 0.0151097
731.602 0.893442 0.0151402
731.92 0.885443 0.0148044
732.238 0.883015 0.014428
732.557 0.900409 0.014436
732.875 0.884352 0.0139598
733.193 0.882932 0.0131169
733.511 0.907448 0.0129938
733.829 0.904779 0.0133639
734.147 0.921275 0.0143721
734.465 0.908663 0.0149226
734.782 0.907814 0.0149021
735.1 0.898595 0.0144109
735.418 0.891988 0.014346
735.735 0.905429 0.0144972
736.053 0.884545 0.0141703
736.371 0.905878 0.0144883
736.688 0.893537 0.0149136
737.005 0.910603 0.0159725
737.323 0.9044 0.0165268
737.64 0.88869 0.0164013
737.957 0.882195 0.0154931
738.274 0.88307 0.0142271
738.592 0.905756 0.0140579
738.909 0.912845 0.0144684
739.226 0.91699 0.0157944
739.543 0.917672 0.0170312
739.86 0.930784 0.0181497
740.176 0.908813 0.0183999
740.493 0.90077 0.0188714
740.81 0.877474 0.0186845
741.127 0.88083 0.0185225
741.443 0.880818 0.0175503
741.76 0.890272 0.0170595
742.076 0.901796 0.0173215
742.393 0.914261 0.0183764
742.709 0.899208 0.0192333
743.025 0.900574 0.0196025
743.342 0.89259 0.0193362
743.658 0.911947 0.0191686
743.974 0.889932 0.0184121
744.29 0.908312 0.0185823
744.606 0.893665 0.0186289
744.922 0.881547 0.0185352
745.238 0.889628 0.0186766
745.554 0.880759 0.0190329
745.87 0.882398 0.0192512
746.186 0.883752 0.0184723
746.501 0.885199 0.0178072
746.817 0.904328 0.0182853
747.132 0.922141 0.0198196
747.448 0.910176 0.0204642
747.763 0.874251 0.0197567
748.079 0.871342 0.018903
748.394 0.889213 0.0178016
748.71 0.880384 0.0164905
749.025 0.875986 0.015487
749.34 0.904972 0.0155365
749.655 0.915482 0.0159683
749.97 0.91171 0.0165091
750.285 0.899705 0.0164507
750.6 0.884089 0.0159588
750.915 0.898875 0.0156917
751.23 0.909308 0.0160933
751.545 0.916196 0.016818
751.859 0.897056 0.0172683
752.174 0.884095 0.0173432
752.489 0.886492 0.0164924
752.803 0.890382 0.0155363
753.118 0.902825 0.0155272
753.432 0.897567 0.0160012
753.747 0.901157 0.0166275
754.061 0.889964 0.015964
754.375 0.864865 0.0150786
754.689 0.877388 0.0147146
755.004 0.903363 0.0149068
755.318 0.892945 0.0144975
755.632 0.886069 0.0137372
755.946 0.900541 0.0135987
756.26 0.874207 0.0127994
756.573 0.892661 0.0123747
756.887 0.891068 0.0119873
757.201 0.901584 0.0123137
757.515 0.921097 0.0136337
757.828 0.923523 0.0146411
758.142 0.901225 0.0144154
758.455 0.877235 0.0132082
758.769 0.885355 0.0125661
759.082 0.880391 0.0121899
759.396 0.898082 0.0121268
759.709 0.90185 0.0120579
760.022 0.901939 0.012165
760.335 0.923175 0.0129542
760.648 0.913811 0.0138524
760.962 0.925569 0.0149641
761.275 0.899667 0.0154841
761.587 0.904865 0.0157309
761.9 0.900437 0.0157321
762.213 0.888171 0.0151143
762.526 0.892663 0.0146058
762.839 0.891274 0.0145361
763.151 0.879982 0.0140265
763.464 0.881009 0.0132744
763.776 0.881771 0.0123355
764.089 0.90893 0.0122596
764.401 0.899427 0.0126286
764.714 0.904115 0.0134061
765.026 0.905289 0.0143184
765.338 0.917405 0.0153475
765.65 0.90991 0.0164514
765.962 0.890797 0.0170343
766.275 0.887102 0.0176071
766.587 0.869852 0.0174926
766.898 0.868558 0.0169186
767.21 0.87617 0.0159882
767.522 0.865028 0.0147397
767.834 0.89359 0.0144322
768.146 0.891324 0.0145181
768.457 0.917972 0.0156338
768.769 0.898208 0.016288
769.08 0.886474 0.0162544
769.392 0.880893 0.0156172
769.703 0.882439 0.0148221
770.015 0.883105 0.0142619
770.326 0.89784 0.0144083
770.637 0.904249 0.0149826
770.948 0.892051 0.0159676
771.26 0.904054 0.0170845
771.571 0.890831 0.0171449
771.882 0.885493 0.0166781
772.193 0.90785 0.0170585
772.504 0.901031 0.0174196
772.814 0.896586 0.0177233
773.125 0.885708 0.01798
773.436 0.885506 0.0184944
773.747 0.882971 0.0188836
774.057 0.901411 0.019488
774.368 0.913102 0.0199224
774.678 0.914431 0.0204567
774.989 0.87191 0.0202889
775.299 0.908683 0.0214093
775.609 0.881656 0.0208534
775.919 0.871853 0.0205671
776.23 0.884666 0.0207427
776.54 0.867882 0.020371
776.85 0.881056 0.0207408
777.16 0.870449 0.0200032
777.47 0.855392 0.0187992
777.78 0.892662 0.018358
778.089 0.872815 0.0172404
778.399 0.874778 0.0171504
778.709 0.895697 0.0181549
779.019 0.90572 0.0194555
779.328 0.900758 0.0204518
779.638 0.861872 0.0197409
779.947 0.863761 0.0180152
780.257 0.867467 0.0164693
780.566 0.891333 0.0160695
780.875 0.884731 0.0163758
781.185 0.915944 0.0177189
781.494 0.868477 0.0175386
781.803 0.878669 0.0181126
782.112 0.876804 0.0183582
782.421 0.891106 0.0182642
782.73 0.870688 0.0175783
783.039 0.894331 0.0180414
783.348 0.923701 0.0197987
783.656 0.882342 0.0204135
783.965 0.873903 0.0206203
784.274 0.870697 0.0198005
784.582 0.871612 0.0191956
784.891 0.880961 0.0191844
785.199 0.887777 0.0195503
785.508 0.875953 0.0199545
785.816 0.899046 0.0205834
786.124 0.875468 0.0198633
786.432 0.879641 0.0189329
786.741 0.886041 0.0182754
787.049 0.889816 0.0182061
787.357 0.889004 0.0184762
787.665 0.887569 0.0183501
787.973 0.911691 0.0187669
788.281 0.890869 0.0189377
788.588 0.879914 0.0198229
788.896 0.879695 0.0210531
789.204 0.928127 0.0225034
789.511 0.893806 0.0221432
789.819 0.885203 0.022438
790.126 0.868275 0.0222318
790.434 0.887605 0.0224727
790.741 0.896578 0.022529
791.049 0.890265 0.0224259
791.356 0.882463 0.0230521
791.663 0.852016 0.0230596
791.97 0.893364 0.0236738
792.277 0.872493 0.0229611
792.584 0.865097 0.0216578
792.891 0.853936 0.019032
793.198 0.874181 0.0178747
793.505 0.877384 0.017557
793.812 0.891693 0.0182002
794.119 0.865166 0.0183397
794.425 0.888414 0.0191364
794.732 0.880897 0.0199239
795.038 0.899686 0.0222451
795.345 0.895238 0.0238624
795.651 0.861113 0.024658
795.958 0.881737 0.0250022
796.264 0.851097 0.022922
796.57 0.86168 0.0222204
796.876 0.902682 0.0225475
797.183 0.863674 0.0224627
797.489 0.852674 0.0232353
797.795 0.882992 0.0238564
798.101 0.873589 0.0236241
798.406 0.885243 0.0239074
798.712 0.910686 0.0249648
799.018 0.871623 0.0248051
799.324 0.888956 0.0251163
799.629 0.872264 0.0249916
799.935 0.881368 0.025308
800.24 0.877057 0.0257262
800.546 0.870861 0.025644
800.851 0.857821 0.0256829
801.157 0.88324 0.027177
801.462 0.87045 0.0272412
801.767 0.877056 0.0274745
802.072 0.871439 0.026324
802.377 0.911673 0.0259095
802.682 0.874732 0.0249704
802.987 0.867929 0.0255638
803.292 0.874348 0.0263142
803.597 0.859382 0.0263101
803.902 0.893844 0.0267649
804.207 0.87268 0.0262807
804.511 0.839008 0.0253737
804.816 0.830953 0.0237261
805.12 0.845705 0.0223648
805.425 0.865723 0.0213128
805.729 0.893473 0.0218213
806.034 0.884783 0.0225554
806.338 0.896986 0.0240048
806.642 0.894582 0.024583
806.946 0.865811 0.0239398
807.251 0.892197 0.0245253
807.555 0.894233 0.0241625
807.859 0.879082 0.0237751
808.162 0.889037 0.0246032
808.466 0.899303 0.025587
808.77 0.877759 0.0259484
809.074 0.902599 0.0272129
809.378 0.888606 0.0270482
809.681 0.866459 0.0264987
809.985 0.902951 0.0274885
810.288 0.907555 0.0278659
810.592 0.87146 0.0271014
810.895 0.875529 0.0278097
811.198 0.891412 0.0293017
811.502 0.875027 0.0294533
811.805 0.866453 0.0301139
812.108 0.836184 0.0282362
812.411 0.882307 0.0281454
812.714 0.878756 0.0261715
813.017 0.87567 0.0247243
813.32 0.884792 0.0248158
813.623 0.883136 0.0255758
813.926 0.882974 0.0274259
814.228 0.926154 0.0295906
814.531 0.88512 0.0298552
814.833 0.822868 0.0285649
815.136 0.841405 0.0290605
815.438 0.870272 0.029892
815.741 0.855502 0.0284084
816.043 0.879722 0.0284573
816.345 0.865368 0.0280344
816.648 0.876406 0.0284424
816.95 0.856557 0.0285502
817.252 0.860385 0.0292567
817.554 0.883518 0.0297107
817.856 0.833393 0.0294719
818.158 0.870996 0.0303911
818.46 0.876041 0.0312519
818.761 0.924375 0.0319855
819.063 0.879587 0.0306594
819.365 0.857938 0.0293852
819.666 0.85833 0.0279222
819.968 0.891884 0.0275237
820.269 0.877623 0.0270077
820.571 0.881854 0.0277826
820.872 0.852024 0.0283413
821.173 0.850304 0.0294374
821.475 0.887831 0.0312374
821.776 0.859604 0.0305777
822.077 0.866623 0.0305234
822.378 0.859676 0.030613
822.679 0.897269 0.0317871
822.98 0.851014 0.0306694
823.281 0.907109 0.032691
823.581 0.888898 0.0320347
823.882 0.89339 0.0325265
824.183 0.858623 0.0315638
824.483 0.860565 0.0304759
824.784 0.835034 0.0287873
825.084 0.86379 0.0298036
825.385 0.93038 0.0313366
825.685 0.892478 0.0313517
825.985 0.860155 0.0305156
826.286 0.856626 0.0300347
826.586 0.844492 0.0292362
826.886 0.843904 0.0292804
827.186 0.860004 0.0299923
827.486 0.888771 0.0315139
827.786 0.861713 0.0315034
828.086 0.861702 0.0311865
828.386 0.854865 0.0306567
828.685 0.881058 0.0309505
828.985 0.898673 0.0321925
829.285 0.865841 0.0318171
829.584 0.839079 0.0318276
829.884 0.838104 0.032294
830.183 0.8954 0.0351197
830.482 0.886637 0.034566
830.782 0.863027 0.0342476
831.081 0.910945 0.0365173
831.38 0.832413 0.0337791
831.679 0.853352 0.0342789
831.978 0.89597 0.0351805
832.277 0.877962 0.0337028
832.576 0.870266 0.0329236
832.875 0.8495 0.0325086
833.174 0.838172 0.0320884
833.472 0.863249 0.0328113
833.771 0.88002 0.0335793
834.07 0.869426 0.0325834
834.368 0.867512 0.0328659
834.667 0.876077 0.0339
834.965 0.920555 0.0352716
835.263 0.875867 0.0344512
835.562 0.871289 0.0343766
835.86 0.828507 0.0332126
836.158 0.867906 0.0343798
836.456 0.870363 0.0353354
836.754 0.850138 0.0348248
837.052 0.914887 0.0372738
837.35 0.810651 0.0344059
837.648 0.863734 0.0359855
837.946 0.878943 0.0366102
838.243 0.859122 0.0362054
838.541 0.846966 0.035004
838.839 0.863016 0.0353859
839.136 0.860614 0.0352622
839.434 0.880099 0.0354424
839.731 0.905943 0.0369268
840.028 0.842921 0.0348032
840.326 0.889706 0.0362055
840.623 0.867671 0.0357218
840.92 0.865342 0.0360172
841.217 0.893504 0.037626
841.514 0.900795 0.0379903
841.811 0.838486 0.035443
842.108 0.917306 0.0381612
842.405 0.903643 0.0381586
842.701 0.89264 0.0381004
842.998 0.803007 0.0350244
843.295 0.871521 0.0372857
843.591 0.887144 0.0377006
843.888 0.87606 0.0370312
844.184 0.861997 0.0369456
844.481 0.809641 0.0352188
844.777 0.829874 0.0358307
845.073 0.831298 0.0361318
845.369 0.8517 0.0369394
845.665 0.896405 0.0384503
845.962 0.867423 0.0370815
846.258 0.884067 0.0381606
846.553 0.896463 0.0384829
846.849 0.919764 0.0390471
847.145 0.820921 0.0356905
847.441 0.9007 0.0376089
847.737 0.877073 0.0368047
848.032 0.87316 0.037424
848.328 0.84174 0.0369135
848.623 0.909152 0.0388754
848.919 0.806005 0.0357882
849.214 0.818112 0.0356446
849.509 0.86537 0.0372065
849.805 0.874492 0.0381525
850.1 0.882456 0.0391827
850.395 0.923179 0.0399439
850.69 0.882885 0.0393342
850.985 0.858327 0.0374071
851.28 0.852591 0.0371271
851.575 0.864612 0.0378445
851.869 0.853123 0.0374638
852.164 0.919312 0.0383107
852.459 0.900373 0.0368739
852.753 0.908356 0.0365217
853.048 0.867746 0.033844
853.342 0.85206 0.0333039
853.637 0.898221 0.0348085
853.931 0.874564 0.0339786
854.225 0.853935 0.0334278
854.52 0.906004 0.0357149
854.814 0.912431 0.0359604
855.108 0.842534 0.0334344
855.402 0.840535 0.0340058
855.696 0.921924 0.0366336
855.99 0.905503 0.0368915
856.283 0.883709 0.035645
856.577 0.900288 0.0368004
856.871 0.852134 0.0355198
857.164 0.885353 0.0365992
857.458 0.915851 0.0384608
857.751 0.86048 0.0366334
858.045 0.903558 0.0370837
858.338 0.868285 0.0369466
858.632 0.808993 0.0348465
858.925 0.856043 0.0367862
859.218 0.842983 0.036349
859.511 0.937705 0.0399414
859.804 0.912422 0.0390052
860.097 0.832911 0.0362798
860.39 0.883935 0.0384713
860.683 0.87693 0.0381562
860.976 0.852776 0.0379285
861.268 0.865094 0.037611
861.561 0.915389 0.0397976
861.854 0.949426 0.0417383
862.146 0.891887 0.039017
862.439 0.857357 0.0380473
862.731 0.838667 0.0367089
863.023 0.924962 0.0398
863.316 0.845996 0.0373764
863.608 0.909277 0.0389517
863.9 0.922279 0.0392541
864.192 0.858729 0.0369791
864.484 0.874747 0.0382153
864.776 0.878764 0.0386428
865.068 0.836034 0.0374583
865.36 0.845408 0.0375692
865.651 0.909851 0.0399986
865.943 0.839038 0.0377005
866.235 0.847086 0.0380729
866.526 0.898489 0.0402679
866.818 0.869818 0.0382912
867.109 0.822822 0.0370141
867.4 0.869018 0.0387711
867.692 0.879533 0.039218
867.983 0.88351 0.0389261
868.274 0.91828 0.0401824
868.565 0.879938 0.0388328
868.856 0.86588 0.0387734
869.147 0.867548 0.0387055
869.438 0.842424 0.0380382
869.729 0.893958 0.0394189
870.02 0.954649 0.0423411
870.31 0.865531 0.0390589
870.601 0.886893 0.0389682
870.892 0.84548 0.0376569
871.182 0.795435 0.0363717
871.473 0.870782 0.0388827
871.763 0.837512 0.0372183
872.053 0.817486 0.0372038
872.343 0.846092 0.0377908
872.634 0.874917 0.0388155
872.924 0.814683 0.0367112
873.214 0.864975 0.0386015
873.504 0.923474 0.0404209
873.794 0.969672 0.0424544
874.084 0.915868 0.0411407
874.373 0.90421 0.0398493
874.663 0.785908 0.0362713
874.953 0.921724 0.0405873
875.242 0.896564 0.0394905
875.532 0.845979 0.0380451
875.821 0.876675 0.0389699
876.111 0.844681 0.0381071
876.4 0.866949 0.039089
876.689 0.851029 0.0384711
876.978 0.874856 0.0390203
877.268 0.856171 0.03867
877.557 0.878063 0.0396131
877.846 0.842475 0.0386721
878.134 0.917323 0.0407197
878.423 0.917492 0.0407272
878.712 0.917661 0.0407347
