178.41 0.288566 0.0830944
178.791 0.290393 0.0836205
179.172 0.292207 0.0841429
179.553 0.326868 0.326868
179.934 0.820291 0.820291
180.316 0.497412 0.497412
180.697 0.309024 0.309024
181.078 0.743127 0.743127
181.459 0.627789 0.627789
181.84 0.544747 0.544747
182.221 1.60421 1.60421
182.602 0.701801 0.701801
182.983 0.012302 0.0502228
183.364 1.11718 0.187556
183.744 0.703399 0.0939621
184.125 0.677481 0.0799921
184.506 0.516191 0.0571994
184.887 0.593076 0.0546735
185.268 0.460859 0.0414919
185.648 0.615501 0.0464176
186.029 0.549085 0.0418175
186.41 0.618849 0.0432339
186.791 0.675647 0.0434143
187.171 0.609884 0.0352805
187.552 0.612167 0.028758
187.932 0.64822 0.0301325
188.313 0.608104 0.0272586
188.694 0.60464 0.0271653
189.074 0.609968 0.0263056
189.455 0.631596 0.0260251
189.835 0.661337 0.0273827
190.216 0.65861 0.0266062
190.596 0.627185 0.0248476
190.977 0.636409 0.0248353
191.357 0.666934 0.025499
191.737 0.665698 0.0251571
192.118 0.684481 0.0253844
192.498 0.639922 0.0237828
192.878 0.697512 0.025021
193.258 0.68417 0.0243529
193.639 0.661817 0.0236547
194.019 0.674989 0.0240995
194.399 0.683222 0.0240369
194.779 0.658597 0.0226539
195.159 0.698492 0.0240061
195.54 0.673694 0.0228697
195.92 0.689805 0.02321
196.3 0.701842 0.0230724
196.68 0.695904 0.0230893
197.06 0.710461 0.0231903
197.44 0.686635 0.0225793
197.82 0.689902 0.0224552
198.2 0.701605 0.0226343
198.58 0.681641 0.0217211
198.959 0.701902 0.0220017
199.339 0.715256 0.0223064
199.719 0.699613 0.0216385
200.099 0.722853 0.0220478
200.479 0.712369 0.0218254
200.858 0.709424 0.0214592
201.238 0.702115 0.0210148
201.618 0.733879 0.0217261
201.998 0.708457 0.0208354
202.377 0.72049 0.0210112
202.757 0.719791 0.0207251
203.136 0.733807 0.0207902
203.516 0.72864 0.0204083
203.896 0.711118 0.0199132
204.275 0.694907 0.0192965
204.655 0.747618 0.020053
205.034 0.725576 0.0195229
205.414 0.722449 0.0192369
205.793 0.734349 0.0192208
206.172 0.744718 0.0193737
206.552 0.738747 0.0189668
206.931 0.72499 0.0185014
207.31 0.730763 0.0183748
207.69 0.733239 0.0182589
208.069 0.715189 0.017794
208.448 0.743313 0.017912
208.827 0.749195 0.0178794
209.207 0.74895 0.0178298
209.586 0.733158 0.0171793
209.965 0.743677 0.0172474
210.344 0.740739 0.0169622
210.723 0.740465 0.0167507
211.102 0.725241 0.0162908
211.481 0.742456 0.0163961
211.86 0.753463 0.0163528
212.239 0.752205 0.016174
212.618 0.7426 0.0158381
212.997 0.740395 0.0155566
213.376 0.758023 0.0156844
213.755 0.756512 0.0154487
214.134 0.739721 0.0150694
214.513 0.75232 0.0149512
214.891 0.753068 0.0148588
215.27 0.742765 0.0144793
215.649 0.756372 0.0144912
216.028 0.754817 0.0142263
216.406 0.753173 0.0140628
216.785 0.75977 0.0138944
217.164 0.755836 0.0137196
217.542 0.747175 0.0133548
217.921 0.757704 0.0132764
218.3 0.7639 0.0132833
218.678 0.760778 0.0130477
219.057 0.756482 0.0127791
219.435 0.761063 0.0126071
219.814 0.772886 0.012611
220.192 0.775108 0.0124256
220.57 0.776876 0.0122939
220.949 0.76809 0.0120191
221.327 0.776498 0.0118837
221.705 0.783425 0.0118144
222.084 0.766488 0.0114325
222.462 0.769173 0.011316
222.84 0.783637 0.0113276
223.218 0.770077 0.0109496
223.597 0.781719 0.0109206
223.975 0.775217 0.0106793
224.353 0.781741 0.0106064
224.731 0.786648 0.0104681
225.109 0.778219 0.0102016
225.487 0.786094 0.0101073
225.865 0.788805 0.00996991
226.243 0.792352 0.00986545
226.621 0.79485 0.00975085
226.999 0.789297 0.00951768
227.377 0.797818 0.00947601
227.755 0.787333 0.00929072
228.133 0.799657 0.00924424
228.511 0.806511 0.00917328
228.889 0.802193 0.00897375
229.266 0.807605 0.00891853
229.644 0.80472 0.00872732
230.022 0.811693 0.00865158
230.4 0.80478 0.00853347
230.777 0.813945 0.00850027
231.155 0.811493 0.00837713
231.533 0.818376 0.00829347
231.91 0.819004 0.00818434
232.288 0.821727 0.00812026
232.665 0.817404 0.00799461
233.043 0.826977 0.00796537
233.42 0.817531 0.00781271
233.798 0.824355 0.00778788
234.175 0.831223 0.0077184
234.553 0.827901 0.00762094
234.93 0.830726 0.00755747
235.307 0.833136 0.00750711
235.685 0.839597 0.00747465
236.062 0.82833 0.00733758
236.439 0.837267 0.00734057
236.816 0.838844 0.00725762
237.194 0.840654 0.00718853
237.571 0.843393 0.00713753
237.948 0.843631 0.00710082
238.325 0.839463 0.00700486
238.702 0.840704 0.00696865
239.079 0.84218 0.00690557
239.456 0.843733 0.00686575
239.833 0.849358 0.00684418
240.21 0.85504 0.0068036
240.587 0.85575 0.0067749
240.964 0.854668 0.00671538
241.341 0.850714 0.00664322
241.718 0.852837 0.00658855
242.095 0.858017 0.00660655
242.472 0.854015 0.00653887
242.849 0.858274 0.00650622
243.225 0.859416 0.0064538
243.602 0.856326 0.00640974
243.979 0.852806 0.00637445
244.356 0.865746 0.00639628
244.732 0.862139 0.00631793
245.109 0.863157 0.0062774
245.486 0.869603 0.00629202
245.862 0.870269 0.00626335
246.239 0.86389 0.00617674
246.615 0.868037 0.00618032
246.992 0.870451 0.00614359
247.368 0.871931 0.00614876
247.745 0.873463 0.00610227
248.121 0.870392 0.00605002
248.497 0.871403 0.00604375
248.874 0.8732 0.00601333
249.25 0.868901 0.00594572
249.626 0.877773 0.00596612
250.003 0.875894 0.00592475
250.379 0.870073 0.00584753
250.755 0.877863 0.00587874
251.131 0.878971 0.00584116
251.507 0.873342 0.00581467
251.884 0.883159 0.00580711
252.26 0.883591 0.00581001
252.636 0.880915 0.0057484
253.012 0.882828 0.00573366
253.388 0.883323 0.005718
253.764 0.887227 0.00570717
254.14 0.884902 0.00568613
254.516 0.889222 0.00569222
254.892 0.88277 0.00564284
255.268 0.890311 0.00566087
255.643 0.885504 0.00562187
256.019 0.890115 0.00563231
256.395 0.891029 0.00562345
256.771 0.88604 0.0055668
257.147 0.893259 0.00558308
257.522 0.889134 0.00556135
257.898 0.893922 0.00556714
258.274 0.88905 0.00553759
258.649 0.896645 0.00555778
259.025 0.89098 0.00550977
259.4 0.892671 0.005512
259.776 0.894954 0.00550201
260.151 0.904435 0.00554967
260.527 0.895555 0.00549775
260.902 0.896387 0.00548535
261.278 0.899973 0.0054847
261.653 0.899078 0.00548181
262.028 0.900357 0.00549099
262.404 0.899793 0.0054641
262.779 0.897628 0.00544386
263.154 0.899921 0.0054412
263.53 0.903705 0.00543775
263.905 0.90165 0.00544211
264.28 0.901974 0.00544027
264.655 0.900237 0.00541922
265.03 0.902432 0.00544257
265.405 0.90166 0.00542212
265.781 0.904725 0.00543778
266.156 0.910004 0.00544777
266.531 0.902547 0.00539677
266.906 0.911992 0.0054549
267.281 0.91357 0.0054326
267.655 0.905653 0.00542923
268.03 0.909582 0.00544402
268.405 0.906733 0.00542826
268.78 0.910322 0.00543886
269.155 0.908001 0.00541984
269.53 0.913788 0.00545584
269.904 0.913083 0.00544758
270.279 0.915715 0.00545889
270.654 0.90937 0.00542447
271.029 0.911312 0.00544055
271.403 0.911309 0.00542517
271.778 0.916568 0.00545626
272.152 0.912187 0.00544838
272.527 0.91232 0.005444
272.901 0.914919 0.00543042
273.276 0.914332 0.0054163
273.65 0.919651 0.0054491
274.025 0.914486 0.00541966
274.399 0.916999 0.00545311
274.774 0.915754 0.00543681
275.148 0.912603 0.00541028
275.522 0.922124 0.00545299
275.897 0.91921 0.00544142
276.271 0.913051 0.00542857
276.645 0.920396 0.00543458
277.019 0.916458 0.00540825
277.393 0.916822 0.00539472
277.768 0.917067 0.00542097
278.142 0.91907 0.00542143
278.516 0.915918 0.00542167
278.89 0.919276 0.00542089
279.264 0.925476 0.00545659
279.638 0.916873 0.00540489
280.012 0.922591 0.00543125
280.386 0.918614 0.00544787
280.76 0.92237 0.00543825
281.133 0.927993 0.0054648
281.507 0.923394 0.00544687
281.881 0.926046 0.00544221
282.255 0.925252 0.0054475
282.629 0.927768 0.00547073
283.002 0.924009 0.00546258
283.376 0.9215 0.00544024
283.75 0.9218 0.00545959
284.123 0.921196 0.00543877
284.497 0.923621 0.00545584
284.87 0.927186 0.00547195
285.244 0.925587 0.00545717
285.618 0.927344 0.00547638
285.991 0.922734 0.00548581
286.364 0.9261 0.00549376
286.738 0.926998 0.0054954
287.111 0.935796 0.00552376
287.485 0.92949 0.00550823
287.858 0.935854 0.00554769
288.231 0.923876 0.0055024
288.605 0.929743 0.00553498
288.978 0.930599 0.00552573
289.351 0.932236 0.00555934
289.724 0.928594 0.00554828
290.097 0.927524 0.0055517
290.47 0.935342 0.00559306
290.843 0.932625 0.00558297
291.217 0.926785 0.00556657
291.59 0.932477 0.00562232
291.963 0.932 0.00560849
292.336 0.92833 0.00561531
292.708 0.932993 0.00564013
293.081 0.935973 0.00567513
293.454 0.932636 0.00564004
293.827 0.93384 0.00566046
294.2 0.934372 0.00569899
294.573 0.930737 0.00566975
294.945 0.93618 0.00571989
295.318 0.937857 0.00572281
295.691 0.941158 0.00574684
296.064 0.939043 0.0057509
296.436 0.932264 0.00572607
296.809 0.93243 0.00571119
297.181 0.935816 0.00575225
297.554 0.934463 0.00575688
297.926 0.93437 0.00576116
298.299 0.935282 0.00577013
298.671 0.93354 0.00573965
299.044 0.939873 0.00579064
299.416 0.939673 0.00579879
299.788 0.932718 0.00576831
300.161 0.937172 0.0058075
300.533 0.940084 0.00580841
300.905 0.941789 0.00579155
301.278 0.941519 0.00580289
301.65 0.939924 0.00579146
302.022 0.938662 0.0058002
302.394 0.934306 0.00579606
302.766 0.938177 0.00579986
303.138 0.941689 0.00583355
303.51 0.940824 0.00581568
303.882 0.936925 0.00579634
304.254 0.944877 0.00583231
304.626 0.937012 0.00579054
304.998 0.938368 0.00579301
305.37 0.935998 0.00581802
305.742 0.937541 0.00580099
306.114 0.936936 0.00579663
306.485 0.938921 0.00580405
306.857 0.94176 0.00580868
307.229 0.940391 0.00582474
307.601 0.936344 0.0058106
307.972 0.935814 0.00580298
308.344 0.933603 0.00578885
308.716 0.940627 0.00583455
309.087 0.939245 0.00582293
309.459 0.936152 0.00582216
309.83 0.940061 0.00583507
310.202 0.938123 0.00581957
310.573 0.944125 0.00584157
310.945 0.940831 0.00582732
311.316 0.940437 0.00585398
311.687 0.94464 0.00584352
312.059 0.939592 0.00584833
312.43 0.937927 0.00583253
312.801 0.946018 0.0058783
313.172 0.947387 0.00588617
313.544 0.942893 0.00587825
313.915 0.938386 0.0058269
314.286 0.942997 0.00586656
314.657 0.938931 0.00584094
315.028 0.936177 0.00584469
315.399 0.940388 0.00585587
315.77 0.936634 0.00583591
316.141 0.940494 0.00587226
316.512 0.946241 0.0058893
316.883 0.937304 0.00587326
317.254 0.939302 0.00587359
317.625 0.946095 0.00593111
317.996 0.94504 0.00589534
318.366 0.942218 0.00590114
318.737 0.941752 0.00589374
319.108 0.945278 0.00592516
319.478 0.94462 0.00592506
319.849 0.941145 0.00591135
320.22 0.943052 0.00592316
320.59 0.940763 0.00591258
320.961 0.94022 0.00592104
321.331 0.942616 0.00592935
321.702 0.941807 0.00595683
322.072 0.942779 0.00597793
322.443 0.944345 0.00597103
322.813 0.941888 0.0059522
323.184 0.941675 0.00596822
323.554 0.940838 0.00598451
323.924 0.939596 0.00597748
324.295 0.94685 0.00602961
324.665 0.945078 0.00602835
325.035 0.940067 0.00600449
325.405 0.942809 0.00603798
325.775 0.950505 0.00609206
326.145 0.941869 0.00605852
326.515 0.944235 0.00607731
326.886 0.946554 0.00611553
327.256 0.948942 0.00612907
327.626 0.946652 0.00615953
327.995 0.947759 0.00617833
328.365 0.946923 0.00618424
328.735 0.949075 0.00622237
329.105 0.948984 0.00628948
329.475 0.948247 0.00633642
329.845 0.951247 0.00643822
330.215 0.93393 0.00635542
330.584 0.934918 0.0062975
330.954 0.934704 0.00614796
331.324 0.941183 0.00599555
331.693 0.948839 0.00591659
332.063 0.956848 0.0058775
332.432 0.960351 0.0058579
332.802 0.952651 0.00588225
333.171 0.943753 0.00593155
333.541 0.94518 0.00604678
333.91 0.948881 0.00608938
334.28 0.944896 0.0061114
334.649 0.947787 0.00613848
335.018 0.945618 0.00615236
335.388 0.950397 0.00618779
335.757 0.947879 0.00618047
336.126 0.941187 0.00618074
336.495 0.942394 0.0061638
336.865 0.942055 0.00618821
337.234 0.948854 0.00624562
337.603 0.946144 0.00622397
337.972 0.945056 0.00623472
338.341 0.942046 0.00621459
338.71 0.94191 0.00620991
339.079 0.946851 0.00624876
339.448 0.94784 0.00624215
339.817 0.946144 0.00625199
340.186 0.947038 0.0062589
340.554 0.944385 0.00624194
340.923 0.944514 0.00625541
341.292 0.94101 0.00624968
341.661 0.950732 0.00628975
342.029 0.942489 0.0062516
342.398 0.945288 0.00626928
342.767 0.942247 0.00628326
343.135 0.950756 0.00630684
343.504 0.943447 0.00630213
343.872 0.944133 0.00628098
344.241 0.947765 0.00630777
344.609 0.948156 0.00633415
344.978 0.947712 0.00632626
345.346 0.9471 0.00630044
345.715 0.948353 0.00632898
346.083 0.945191 0.0063325
346.451 0.944134 0.00631892
346.82 0.947532 0.00635148
347.188 0.947745 0.00634019
347.556 0.947913 0.00637347
347.924 0.948033 0.00636616
348.292 0.943324 0.00636476
348.66 0.946113 0.00636854
349.028 0.946005 0.00637619
349.396 0.945531 0.00639971
349.764 0.94907 0.0064036
350.132 0.945538 0.00638838
350.5 0.947386 0.00640507
350.868 0.945398 0.00640996
351.236 0.948273 0.00641459
351.604 0.94943 0.00644345
351.972 0.953284 0.00646383
352.34 0.944476 0.00644325
352.707 0.950892 0.00646794
353.075 0.947957 0.00645966
353.443 0.946301 0.00646873
353.81 0.944002 0.00647693
354.178 0.944322 0.00648167
354.545 0.949454 0.00648333
354.913 0.951669 0.00651849
355.28 0.947322 0.00650448
355.648 0.942413 0.00647389
356.015 0.942746 0.00648637
356.383 0.944947 0.00648652
356.75 0.943957 0.00649965
357.117 0.945288 0.00650783
357.485 0.94612 0.00651527
357.852 0.958372 0.0066026
358.219 0.946968 0.00653062
358.586 0.943974 0.0065192
358.954 0.951916 0.00657409
359.321 0.93946 0.00651515
359.688 0.948227 0.00657769
360.055 0.945564 0.00655911
360.422 0.947544 0.00657549
360.789 0.946144 0.00658196
361.156 0.94852 0.0065844
361.523 0.949058 0.00661293
361.89 0.946656 0.00659655
362.256 0.941541 0.00655239
362.623 0.949344 0.00664501
362.99 0.937219 0.00657083
363.357 0.940528 0.0066093
363.724 0.947577 0.00663688
364.09 0.942454 0.00660558
364.457 0.953069 0.00669228
364.823 0.944833 0.00662049
365.19 0.947703 0.00664041
365.557 0.945846 0.0066236
365.923 0.946707 0.00664857
366.29 0.94859 0.0066761
366.656 0.947162 0.00664364
367.022 0.946832 0.00663418
367.389 0.947824 0.00666738
367.755 0.949358 0.00670453
368.121 0.948124 0.00669746
368.488 0.943544 0.00667224
368.854 0.951749 0.00672662
369.22 0.948927 0.0067483
369.586 0.951927 0.00678197
369.952 0.947261 0.00678004
370.318 0.938282 0.00675103
370.684 0.949319 0.00681042
371.051 0.943452 0.00679121
371.416 0.950422 0.00685838
371.782 0.942712 0.00681008
372.148 0.947169 0.00684021
372.514 0.948361 0.00685922
372.88 0.951433 0.00689051
373.246 0.949144 0.00687588
373.612 0.958437 0.00690622
373.977 0.947162 0.00684998
374.343 0.950228 0.00683938
374.709 0.951944 0.00682333
375.074 0.945081 0.00681905
375.44 0.945644 0.0068503
375.806 0.949389 0.00690174
376.171 0.945 0.00685095
376.537 0.942504 0.00683565
376.902 0.948067 0.00686786
377.268 0.948402 0.00684087
377.633 0.94333 0.00681004
377.998 0.947338 0.00679836
378.364 0.952624 0.00678782
378.729 0.94886 0.0067858
379.094 0.955171 0.00683813
379.459 0.954742 0.00692817
379.825 0.943352 0.00685621
380.19 0.93936 0.00685229
380.555 0.947411 0.00692995
380.92 0.952586 0.00703568
381.285 0.948207 0.00700622
381.65 0.946914 0.00694695
382.015 0.951142 0.0069727
382.38 0.952071 0.00700321
382.745 0.950602 0.00704071
383.11 0.95086 0.00706071
383.474 0.946206 0.00702261
383.839 0.94629 0.00703558
384.204 0.951421 0.0070774
384.569 0.942329 0.00705212
384.933 0.951347 0.00710641
385.298 0.943391 0.00708766
385.663 0.943026 0.00706619
386.027 0.943022 0.00705156
386.392 0.942371 0.00701905
386.756 0.94252 0.0069843
387.121 0.950156 0.00701053
387.485 0.951942 0.00699554
387.849 0.950482 0.00695746
388.214 0.951937 0.00704004
388.578 0.949576 0.00706666
388.942 0.947211 0.00709381
389.307 0.947148 0.00708711
389.671 0.951749 0.00713046
390.035 0.954385 0.0071078
390.399 0.949638 0.00707346
390.763 0.94284 0.00700654
391.127 0.947043 0.00699682
391.492 0.944424 0.00689104
391.856 0.948489 0.00682625
392.219 0.946375 0.00676777
392.583 0.94963 0.00681801
392.947 0.95808 0.00699605
393.311 0.946097 0.00701632
393.675 0.949121 0.0070487
394.039 0.951156 0.00709995
394.403 0.94803 0.0070918
394.766 0.946487 0.00710528
395.13 0.952004 0.00714481
395.494 0.945916 0.0071191
395.857 0.942734 0.00707607
396.221 0.94596 0.00705607
396.584 0.949225 0.00701529
396.948 0.941298 0.00691052
397.311 0.943577 0.00681699
397.675 0.948991 0.00679959
398.038 0.948065 0.00679958
398.401 0.939952 0.00686666
398.765 0.945926 0.00699497
399.128 0.950642 0.00711257
399.491 0.942466 0.00713579
399.854 0.939623 0.00713517
400.218 0.948786 0.00719072
400.581 0.942889 0.00718877
400.944 0.943496 0.00722629
401.307 0.945064 0.00731934
401.67 0.945926 0.00730139
402.033 0.939171 0.0072965
402.396 0.942353 0.00731291
402.759 0.943763 0.0073273
403.122 0.942304 0.00728591
403.485 0.946947 0.00730196
403.847 0.942749 0.00722513
404.21 0.946309 0.00720135
404.573 0.952787 0.00721808
404.936 0.943609 0.00714784
405.298 0.944111 0.00722823
405.661 0.944154 0.00732973
406.023 0.947396 0.00744642
406.386 0.945607 0.00746571
406.749 0.949348 0.00751468
407.111 0.944471 0.00748574
407.473 0.937352 0.00733814
407.836 0.947987 0.0073689
408.198 0.937908 0.00728499
408.561 0.939847 0.0073135
408.923 0.945889 0.0073478
409.285 0.946364 0.00736322
409.647 0.947798 0.00743337
410.009 0.948089 0.00750483
410.372 0.942551 0.00747198
410.734 0.94742 0.00752892
411.096 0.942899 0.00749775
411.458 0.945995 0.00750824
411.82 0.944099 0.0074515
412.182 0.944298 0.00739573
412.544 0.941461 0.00740113
412.906 0.945333 0.00740321
413.267 0.951642 0.00745443
413.629 0.943087 0.00747926
413.991 0.942759 0.0075131
414.353 0.951068 0.00756693
414.714 0.9509 0.00764595
415.076 0.94305 0.00759542
415.438 0.945837 0.00759834
415.799 0.944562 0.00756293
416.161 0.947969 0.00764299
416.522 0.940816 0.00764543
416.884 0.939835 0.0076462
417.245 0.950136 0.00771635
417.607 0.941483 0.00766219
417.968 0.936329 0.00763258
418.329 0.942698 0.00764892
418.691 0.947965 0.00766771
419.052 0.946582 0.00765677
419.413 0.935932 0.00754508
419.774 0.948169 0.00757062
420.135 0.936887 0.00735791
420.497 0.937725 0.00724504
420.858 0.94304 0.00716531
421.219 0.94774 0.0072074
421.58 0.95043 0.00730964
421.941 0.955204 0.00745664
422.302 0.944353 0.00751361
422.662 0.949953 0.00756829
423.023 0.940101 0.00756216
423.384 0.942686 0.00759793
423.745 0.940696 0.00754411
424.106 0.941949 0.00754489
424.466 0.951742 0.00756926
424.827 0.949658 0.00766534
425.187 0.945445 0.00774511
425.548 0.943435 0.00780996
425.909 0.946449 0.00786379
426.269 0.946721 0.00780947
426.63 0.940609 0.00773144
426.99 0.942881 0.00767723
427.35 0.947001 0.00772834
427.711 0.94269 0.00765607
428.071 0.937542 0.00757122
428.431 0.934018 0.0074126
428.792 0.932963 0.00715486
429.152 0.940201 0.00698512
429.512 0.941197 0.00697573
429.872 0.945174 0.00703896
430.232 0.947887 0.00717354
430.592 0.952117 0.00739354
430.952 0.947642 0.00759393
431.312 0.950816 0.00779588
431.672 0.937981 0.00783225
432.032 0.940174 0.00781745
432.392 0.939087 0.00770727
432.752 0.937496 0.00732189
433.111 0.94048 0.00716978
433.471 0.953646 0.00733277
433.831 0.952358 0.0076148
434.19 0.943589 0.00758065
434.55 0.944351 0.00758234
434.91 0.945429 0.00767516
435.269 0.935597 0.00752999
435.629 0.939095 0.00752743
435.988 0.937357 0.00748827
436.348 0.947404 0.00764343
436.707 0.948355 0.00776363
437.066 0.941693 0.00773209
437.426 0.93498 0.00761303
437.785 0.943777 0.00762733
438.144 0.940892 0.00760617
438.503 0.943962 0.0077191
438.862 0.941485 0.00772325
439.222 0.940352 0.00778019
439.581 0.938176 0.00780454
439.94 0.935752 0.00768524
440.299 0.931962 0.00741113
440.658 0.935168 0.00723491
441.017 0.946238 0.00727996
441.376 0.952931 0.00739092
441.734 0.947574 0.00744582
442.093 0.93673 0.00739986
442.452 0.936043 0.00734404
442.811 0.944092 0.00734312
443.169 0.938635 0.00731913
443.528 0.952783 0.00752703
443.887 0.935711 0.00746407
444.245 0.94661 0.00754029
444.604 0.939939 0.00757622
444.962 0.94055 0.00761474
445.321 0.937774 0.00761059
445.679 0.935452 0.00756122
446.038 0.942853 0.00756334
446.396 0.944657 0.00767488
446.754 0.94465 0.00777986
447.112 0.946486 0.0078268
447.471 0.9351 0.00778851
447.829 0.929199 0.00780449
448.187 0.935015 0.00781497
448.545 0.938876 0.00780712
448.903 0.934529 0.0078092
449.261 0.940726 0.00785784
449.619 0.944567 0.00794843
449.977 0.947615 0.00800003
450.335 0.941871 0.00806313
450.693 0.944944 0.00809628
451.051 0.941291 0.0080646
451.409 0.939357 0.0080879
451.766 0.942401 0.00811132
452.124 0.944011 0.00823214
452.482 0.937136 0.00828337
452.839 0.940653 0.00839157
453.197 0.934803 0.0083802
453.555 0.936424 0.00842215
453.912 0.931739 0.00837899
454.27 0.927015 0.00822588
454.627 0.941187 0.00819058
454.984 0.936132 0.00818785
455.342 0.944118 0.00834877
455.699 0.939854 0.00842284
456.056 0.936523 0.008358
456.414 0.94456 0.00831874
456.771 0.939255 0.00814366
457.128 0.940038 0.00811589
457.485 0.94453 0.00810705
457.842 0.940724 0.00814077
458.199 0.941438 0.00813443
458.556 0.944529 0.00806917
458.913 0.939758 0.0080491
459.27 0.942873 0.00801676
459.627 0.941365 0.00812688
459.984 0.937579 0.00805139
460.341 0.941367 0.00805726
460.697 0.936685 0.00813296
461.054 0.944652 0.00840807
461.411 0.93515 0.00853802
461.767 0.936222 0.00864365
462.124 0.939556 0.00863738
462.481 0.941035 0.00854078
462.837 0.938878 0.00839857
463.194 0.941898 0.008236
463.55 0.935104 0.008259
463.907 0.939817 0.00806243
464.263 0.935767 0.00793428
464.619 0.935828 0.00778433
464.976 0.941066 0.00769799
465.332 0.939911 0.00769135
465.688 0.950802 0.00797317
466.044 0.94115 0.0082174
466.4 0.949794 0.00838349
466.756 0.935535 0.00837491
467.112 0.945615 0.00841984
467.468 0.936858 0.00836837
467.824 0.948955 0.00850862
468.18 0.940224 0.00858001
468.536 0.932783 0.00855313
468.892 0.94592 0.00875056
469.248 0.936303 0.00874458
469.604 0.946408 0.00884451
469.959 0.938119 0.00880258
470.315 0.942502 0.00881836
470.671 0.933316 0.00876652
471.026 0.937194 0.00871058
471.382 0.941821 0.00864851
471.737 0.944271 0.00859008
472.093 0.935185 0.00841529
472.448 0.927094 0.00821797
472.804 0.940169 0.00820514
473.159 0.939425 0.00813456
473.514 0.943324 0.00819286
473.87 0.931002 0.0080232
474.225 0.933687 0.00780516
474.58 0.939507 0.00767507
474.935 0.943424 0.00775647
475.29 0.943953 0.00786326
475.645 0.942805 0.00786644
476 0.930859 0.00782651
476.355 0.941001 0.00793988
476.71 0.934011 0.00790569
477.065 0.92746 0.00764844
477.42 0.944006 0.0076146
477.775 0.940833 0.00761095
478.13 0.936903 0.00766336
478.485 0.934155 0.00759667
478.839 0.929125 0.00748555
479.194 0.936492 0.00732258
479.549 0.939296 0.0072436
479.903 0.941436 0.00727118
480.258 0.934399 0.00730096
480.612 0.935435 0.00720974
480.967 0.934669 0.00704016
481.321 0.94465 0.00710034
481.675 0.937312 0.00720896
482.03 0.93588 0.00733052
482.384 0.941734 0.0073843
482.738 0.930462 0.00726998
483.093 0.93712 0.00724267
483.447 0.935486 0.00707919
483.801 0.927602 0.00682919
484.155 0.932769 0.0067608
484.509 0.852714 0.00562882
484.863 0.891694 0.00392325
485.217 0.921639 0.00362506
485.571 0.959799 0.00379491
485.925 0.991921 0.00491437
486.279 0.965324 0.00562158
486.632 0.958054 0.00605721
486.986 0.957317 0.00654513
487.34 0.947785 0.0069521
487.694 0.946013 0.00713948
488.047 0.938214 0.0071502
488.401 0.939354 0.00716362
488.754 0.938841 0.00720713
489.108 0.945986 0.00735257
489.461 0.935296 0.00734631
489.815 0.937843 0.00743304
490.168 0.939485 0.00735748
490.522 0.937029 0.00731659
490.875 0.940729 0.00734204
491.228 0.933221 0.00736298
491.581 0.944517 0.00735658
491.935 0.943921 0.00738145
492.288 0.943249 0.00740923
492.641 0.939416 0.00734172
492.994 0.934093 0.00731541
493.347 0.926809 0.00718564
493.7 0.938764 0.00723737
494.053 0.935619 0.00724996
494.406 0.942013 0.00739235
494.759 0.936886 0.00752252
495.111 0.932124 0.00726907
495.464 0.929169 0.00693902
495.817 0.940933 0.00685667
496.169 0.940801 0.00704859
496.522 0.942475 0.00737333
496.875 0.935622 0.00759182
497.227 0.940477 0.00768671
497.58 0.939165 0.00766795
497.932 0.938235 0.00757418
498.285 0.931238 0.00747699
498.637 0.931888 0.00729332
498.989 0.934006 0.00722031
499.342 0.940475 0.00729899
499.694 0.946249 0.00748323
500.046 0.930432 0.00748414
500.398 0.933477 0.00731281
500.751 0.937858 0.00726309
501.103 0.934018 0.0072251
501.455 0.933958 0.00723596
501.807 0.94115 0.00727467
502.159 0.940733 0.00727699
502.511 0.935596 0.00723908
502.862 0.94054 0.00728945
503.214 0.938253 0.00738009
503.566 0.935756 0.00751966
503.918 0.935255 0.00759899
504.27 0.93916 0.00760677
504.621 0.944181 0.0076457
504.973 0.938352 0.00766506
505.324 0.94025 0.00762325
505.676 0.938065 0.00748172
506.027 0.938339 0.00750301
506.379 0.932868 0.00773042
506.73 0.935664 0.00786004
507.082 0.938484 0.00781601
507.433 0.93541 0.00765868
507.784 0.940458 0.00761511
508.136 0.938252 0.00773889
508.487 0.947734 0.00785771
508.838 0.933514 0.00787166
509.189 0.936675 0.00787632
509.54 0.934009 0.00775996
509.891 0.936266 0.00785922
510.242 0.940121 0.00788416
510.593 0.935846 0.00791627
510.944 0.939499 0.00797604
511.295 0.936945 0.00813107
511.646 0.939694 0.00823317
511.996 0.932261 0.00811607
512.347 0.934692 0.00806551
512.698 0.942617 0.0081264
513.049 0.941378 0.00817108
513.399 0.936714 0.00818862
513.75 0.936764 0.00816436
514.1 0.940153 0.0083343
514.451 0.943506 0.00852276
514.801 0.930428 0.00842632
515.152 0.933457 0.00836543
515.502 0.928952 0.00821587
515.852 0.934648 0.00819678
516.202 0.937381 0.00819776
516.553 0.946117 0.00835627
516.903 0.936462 0.00844032
517.253 0.943973 0.00860194
517.603 0.93138 0.00854281
517.953 0.935518 0.00852016
518.303 0.938858 0.00833502
518.653 0.939328 0.00826879
519.003 0.938521 0.00832873
519.353 0.939535 0.00863129
519.703 0.931681 0.00877741
520.052 0.929391 0.00881157
520.402 0.937372 0.00880058
520.752 0.934445 0.00868626
521.102 0.940284 0.00885458
521.451 0.940567 0.00891895
521.801 0.93622 0.00887288
522.15 0.923227 0.00866508
522.5 0.930955 0.00868715
522.849 0.931561 0.00866267
523.199 0.9323 0.00858425
523.548 0.927661 0.00848055
523.897 0.937534 0.00862413
524.246 0.942451 0.00879064
524.596 0.938122 0.00889456
524.945 0.937769 0.00884103
525.294 0.933219 0.00881855
525.643 0.930643 0.00878674
525.992 0.939772 0.00881465
526.341 0.937355 0.00874841
526.69 0.940675 0.00883287
527.039 0.937368 0.00890326
527.388 0.931006 0.00893507
527.737 0.929925 0.00865818
528.086 0.931457 0.00834649
528.434 0.926816 0.00817331
528.783 0.949322 0.00849799
529.132 0.943713 0.00863412
529.48 0.945622 0.00875405
529.829 0.938877 0.00877084
530.177 0.945807 0.0088935
530.526 0.934219 0.00886058
530.874 0.931194 0.00876188
531.223 0.929714 0.00874227
531.571 0.93481 0.0088417
531.919 0.929939 0.00873196
532.268 0.928489 0.00845871
532.616 0.927058 0.00818201
532.964 0.93345 0.00808838
533.312 0.937547 0.00811031
533.66 0.929337 0.00811116
534.008 0.937363 0.00812756
534.356 0.936974 0.00813124
534.704 0.939623 0.00821673
535.052 0.941301 0.00833468
535.4 0.941835 0.00851327
535.748 0.939975 0.00870735
536.095 0.934621 0.0089025
536.443 0.929177 0.00888761
536.791 0.932881 0.00871694
537.139 0.928859 0.00849787
537.486 0.926838 0.00829228
537.834 0.934442 0.00828211
538.181 0.929399 0.00821232
538.529 0.937981 0.00829662
538.876 0.930977 0.00824416
539.223 0.941374 0.00843024
539.571 0.942439 0.00861545
539.918 0.929152 0.00852419
540.265 0.925286 0.00833873
540.613 0.932205 0.0082259
540.96 0.929326 0.00831489
541.307 0.926758 0.00831853
541.654 0.928437 0.00832398
542.001 0.930104 0.00835739
542.348 0.932215 0.0083653
542.695 0.932658 0.00837787
543.042 0.935171 0.0082604
543.388 0.923231 0.00810371
543.735 0.932225 0.00813178
544.082 0.934605 0.00812975
544.429 0.94033 0.00819215
544.775 0.939305 0.00836799
545.122 0.941392 0.00862566
545.469 0.934614 0.00873507
545.815 0.925892 0.0086439
546.162 0.926332 0.00857716
546.508 0.929118 0.00841368
546.854 0.920257 0.00806311
547.201 0.924026 0.00778378
547.547 0.93753 0.00781775
547.893 0.94389 0.00802033
548.24 0.952783 0.00848959
548.586 0.938532 0.00877626
548.932 0.945019 0.00893755
549.278 0.923704 0.00884245
549.624 0.941484 0.00887946
549.97 0.940412 0.00895746
550.316 0.935456 0.00911219
550.662 0.935816 0.00920771
551.008 0.913842 0.00862821
551.353 0.924149 0.00821315
551.699 0.941154 0.00810503
552.045 0.951292 0.00836801
552.391 0.931764 0.00845331
552.736 0.932676 0.00849606
553.082 0.932694 0.00850861
553.427 0.939363 0.0086899
553.773 0.934542 0.00895455
554.118 0.923354 0.00890134
554.464 0.925706 0.00868398
554.809 0.915133 0.00829133
555.154 0.931799 0.0082538
555.5 0.938668 0.00830295
555.845 0.93664 0.00861646
556.19 0.939286 0.00886273
556.535 0.935008 0.0090411
556.88 0.933454 0.00888791
557.225 0.936466 0.00886924
557.57 0.939225 0.00905562
557.915 0.941888 0.00931431
558.26 0.94158 0.00942757
558.605 0.939515 0.00938382
558.95 0.927139 0.00911626
559.295 0.922286 0.00860748
559.639 0.918855 0.00826809
559.984 0.923509 0.00797221
560.329 0.930011 0.00797067
560.673 0.937616 0.00803098
561.018 0.9318 0.00824098
561.362 0.937731 0.00848755
561.707 0.943399 0.00872657
562.051 0.930736 0.00856215
562.395 0.920764 0.00840367
562.74 0.931883 0.0082865
563.084 0.922912 0.00814461
563.428 0.928307 0.00799782
563.772 0.926631 0.00802763
564.117 0.923399 0.00795501
564.461 0.930833 0.0079617
564.805 0.924955 0.00800565
565.149 0.93636 0.00801772
565.493 0.932145 0.00801191
565.836 0.931044 0.00785335
566.18 0.927077 0.00772207
566.524 0.921971 0.00718108
566.868 0.924024 0.00699631
567.212 0.929835 0.00689882
567.555 0.925531 0.00679585
567.899 0.926041 0.00648276
568.242 0.921042 0.00620123
568.586 0.915662 0.0057861
568.929 0.915784 0.00541633
569.273 0.919997 0.00513264
569.616 0.931793 0.00517273
569.96 0.925971 0.00505239
570.303 0.929797 0.0049055
570.646 0.929957 0.00484499
570.989 0.924577 0.00468133
571.333 0.940946 0.00478138
571.676 0.945664 0.00497251
572.019 0.940285 0.00536157
572.362 0.920083 0.0050043
572.705 0.91056 0.00462068
573.048 0.921147 0.00442366
573.391 0.924443 0.00428696
573.733 0.9273 0.00423394
574.076 0.929403 0.00419188
574.419 0.943617 0.00435256
574.762 0.941635 0.00457964
575.104 0.949444 0.00492258
575.447 0.9187 0.00477684
575.789 0.913011 0.00447612
576.132 0.92622 0.00425916
576.474 0.918154 0.00419311
576.817 0.913324 0.00386868
577.159 0.915188 0.00366155
577.501 0.933821 0.00372783
577.844 0.950721 0.00402571
578.186 0.953182 0.00452136
578.528 0.9337 0.00465769
578.87 0.935724 0.00468308
579.212 0.915272 0.00447714
579.554 0.929147 0.00436681
579.896 0.929934 0.00439527
580.238 0.903459 0.00408251
580.58 0.910987 0.00360187
580.922 0.904384 0.00344908
581.264 0.90434 0.00344891
581.606 0.941959 0.00367489
581.947 0.944582 0.0039062
582.289 0.955064 0.00436377
582.631 0.953677 0.00483681
582.972 0.938481 0.00511988
583.314 0.932656 0.0050477
583.655 0.914154 0.00483096
583.997 0.905533 0.00438891
584.338 0.917098 0.00410815
584.679 0.922619 0.00395343
585.021 0.943589 0.00410801
585.362 0.944407 0.00441596
585.703 0.950463 0.00476492
586.044 0.920782 0.00470742
586.385 0.923517 0.00446107
586.726 0.924436 0.00426285
587.067 0.942195 0.0044725
587.408 0.942099 0.0047287
587.749 0.949592 0.00497256
588.09 0.940115 0.00515392
588.431 0.950102 0.00548986
588.772 0.933214 0.00565863
589.113 0.928134 0.00554577
589.453 0.926088 0.0055096
589.794 0.940182 0.00574148
590.134 0.943614 0.00605886
590.475 0.929815 0.00615419
590.815 0.927494 0.00608962
591.156 0.931612 0.00611182
591.496 0.902284 0.00583148
591.837 0.904933 0.00502408
592.177 0.909228 0.00457471
592.517 0.927682 0.00442406
592.857 0.943321 0.00470365
593.198 0.950943 0.0050247
593.538 0.948995 0.0055373
593.878 0.932436 0.00566417
594.218 0.916017 0.00543298
594.558 0.926524 0.00526096
594.898 0.937032 0.00543972
595.237 0.947555 0.00580932
595.577 0.944563 0.00617481
595.917 0.932469 0.00644156
596.257 0.924561 0.00614543
596.596 0.920567 0.00597802
596.936 0.939532 0.00593906
597.276 0.931209 0.00614382
597.615 0.91467 0.00598109
597.955 0.904092 0.00522985
598.294 0.920873 0.00495201
598.633 0.934749 0.00500571
598.973 0.934148 0.00519273
599.312 0.92975 0.00516469
599.651 0.93716 0.00522633
599.991 0.929507 0.00531863
600.33 0.939206 0.00542892
600.669 0.934714 0.00557115
601.008 0.937651 0.00577278
601.347 0.933703 0.00595693
601.686 0.926052 0.00575921
602.025 0.926017 0.00579753
602.364 0.917097 0.00548208
602.702 0.92445 0.00542505
603.041 0.931446 0.00548161
603.38 0.939093 0.00576734
603.719 0.9454 0.00605028
604.057 0.92584 0.00615563
604.396 0.92465 0.00614196
604.734 0.911251 0.00582341
605.073 0.928037 0.00543688
605.411 0.934334 0.00550824
605.75 0.943277 0.00573661
606.088 0.936711 0.00601585
606.426 0.925267 0.0058324
606.764 0.931013 0.00577007
607.103 0.944248 0.00599509
607.441 0.931356 0.00615951
607.779 0.933402 0.00631577
608.117 0.938257 0.00628886
608.455 0.944828 0.00657852
608.793 0.917796 0.00654625
609.131 0.916231 0.00610205
609.469 0.92557 0.00598508
609.806 0.938477 0.0061077
610.144 0.934421 0.0065731
610.482 0.92764 0.00661725
610.819 0.935515 0.00663073
611.157 0.934988 0.00666374
611.495 0.93202 0.00688633
611.832 0.921119 0.0068664
612.17 0.924267 0.00682809
612.507 0.931517 0.00677826
612.844 0.925918 0.00682885
613.182 0.928743 0.00685506
613.519 0.921442 0.00678602
613.856 0.931951 0.00680682
614.193 0.923532 0.00669056
614.53 0.925014 0.00655642
614.867 0.938989 0.00659861
615.205 0.933138 0.0069074
615.541 0.938427 0.00717727
615.878 0.926813 0.00743557
616.215 0.924257 0.00734951
616.552 0.926727 0.00743452
616.889 0.92174 0.00724427
617.226 0.930522 0.00720404
617.562 0.93998 0.00747073
617.899 0.929067 0.00787578
618.235 0.938571 0.00832381
618.572 0.929498 0.00859037
618.908 0.915689 0.00823045
619.245 0.915675 0.0078945
619.581 0.925798 0.00779884
619.918 0.948012 0.00854747
620.254 0.942315 0.00961323
620.59 0.923299 0.00965898
620.926 0.918318 0.0089817
621.262 0.917884 0.00848084
621.599 0.932405 0.00858651
621.935 0.919055 0.00841752
622.271 0.923103 0.00811973
622.606 0.921549 0.0079376
622.942 0.930309 0.00817295
623.278 0.921028 0.00836912
623.614 0.910407 0.00792965
623.95 0.927384 0.00797121
624.285 0.92873 0.00812568
624.621 0.925859 0.00855387
624.957 0.929204 0.00883585
625.292 0.941883 0.00916493
625.628 0.932845 0.00939681
625.963 0.920343 0.00939559
626.299 0.926687 0.00923381
626.634 0.917216 0.00904238
626.969 0.929228 0.00926973
627.304 0.93914 0.0101014
627.64 0.934463 0.0108079
627.975 0.917022 0.0104923
628.31 0.902452 0.00983875
628.645 0.927353 0.00974544
628.98 0.925248 0.00994828
629.315 0.936733 0.0102017
629.65 0.935684 0.0102773
629.985 0.928566 0.0102094
630.319 0.926759 0.0106455
630.654 0.920588 0.0107308
630.989 0.92195 0.0106862
631.323 0.921577 0.0108691
631.658 0.925206 0.0113343
631.993 0.938325 0.0119086
632.327 0.928487 0.0118912
632.662 0.919492 0.0117693
632.996 0.922365 0.0115263
633.33 0.910157 0.0112802
633.665 0.932919 0.0118204
633.999 0.927951 0.012147
634.333 0.916817 0.0120715
634.667 0.923044 0.0121543
635.001 0.925277 0.0118725
635.335 0.905828 0.0113
635.669 0.912095 0.0109183
636.003 0.926668 0.0111584
636.337 0.938613 0.0117914
636.671 0.936553 0.0123937
637.005 0.925674 0.0126562
637.339 0.923228 0.0125836
637.672 0.919171 0.0120975
638.006 0.925473 0.0118272
638.339 0.919927 0.0119636
638.673 0.923362 0.0123675
639.006 0.929942 0.0128014
639.34 0.918663 0.0127165
639.673 0.932194 0.0129926
640.007 0.922935 0.0128954
640.34 0.929498 0.0131669
640.673 0.924124 0.0132289
641.006 0.926837 0.013443
641.34 0.920085 0.0135398
641.673 0.921397 0.013873
642.006 0.926472 0.0141508
642.339 0.920506 0.0138558
642.672 0.927715 0.0138244
643.004 0.912833 0.0137913
643.337 0.928159 0.0143546
643.67 0.916132 0.0142574
644.003 0.909681 0.0140679
644.336 0.91671 0.014063
644.668 0.903955 0.0139398
645.001 0.920862 0.0143128
645.333 0.93718 0.0147941
645.666 0.928413 0.0150286
645.998 0.914948 0.0152598
646.331 0.924107 0.0155691
646.663 0.917928 0.0153572
646.995 0.898776 0.0142695
647.327 0.899747 0.0131113
647.66 0.920649 0.0125369
647.992 0.909769 0.0122723
648.324 0.910151 0.0122295
648.656 0.920244 0.0124681
648.988 0.942264 0.0131186
649.32 0.937762 0.0139993
649.652 0.931921 0.0146103
649.983 0.930506 0.0149136
650.315 0.926893 0.0149805
650.647 0.907562 0.0144834
650.979 0.919884 0.0139163
651.31 0.905431 0.0132755
651.642 0.913679 0.0130364
651.973 0.912312 0.013018
652.305 0.914639 0.0129851
652.636 0.933054 0.0132969
652.967 0.922281 0.0135187
653.299 0.930314 0.0138939
653.63 0.910771 0.0135918
653.961 0.900274 0.0125532
654.292 0.805045 0.00911143
654.623 0.722076 0.00312769
654.955 0.897578 0.00342312
655.286 0.897523 0.00342291
655.616 0.897467 0.0034227
655.947 0.89741 0.00342248
656.278 0.897353 0.00342226
656.609 0.982713 0.0037478
656.94 1.01136 0.00503106
657.27 0.989724 0.00583489
657.601 0.976805 0.00668581
657.932 0.968195 0.00796154
658.262 0.960141 0.00965799
658.593 0.948865 0.0115171
658.923 0.936875 0.0133813
659.254 0.937 0.0147822
659.584 0.938787 0.0157098
659.914 0.930777 0.0163806
660.244 0.916877 0.0166639
660.575 0.904991 0.0164345
660.905 0.933359 0.0167149
661.235 0.915945 0.0163264
661.565 0.915612 0.016206
661.895 0.916517 0.0161215
662.225 0.903964 0.0162629
662.555 0.915058 0.0165895
662.884 0.901657 0.0162836
663.214 0.91878 0.0162108
663.544 0.925572 0.0161013
663.873 0.897899 0.0156238
664.203 0.912224 0.0155764
664.533 0.905202 0.0150961
664.862 0.905358 0.0149923
665.192 0.910087 0.0154639
665.521 0.920115 0.0163929
665.85 0.90588 0.0167488
666.18 0.920403 0.017578
666.509 0.913606 0.0174089
666.838 0.907178 0.0169374
667.167 0.902309 0.016675
667.496 0.919749 0.0171255
667.825 0.910705 0.0171268
668.154 0.914474 0.0171337
668.483 0.924187 0.0171074
668.812 0.929647 0.0168381
669.141 0.932574 0.0166964
669.47 0.915108 0.0163357
669.798 0.928629 0.0166243
670.127 0.90341 0.0164124
670.456 0.891855 0.0153849
670.784 0.904172 0.013895
671.113 0.896944 0.0127037
671.441 0.904252 0.0121884
671.77 0.926705 0.0125437
672.098 0.91785 0.0129747
672.426 0.923826 0.0144719
672.755 0.904611 0.0152265
673.083 0.916927 0.0155465
673.411 0.905968 0.0154224
673.739 0.907517 0.0156615
674.067 0.920997 0.0166107
674.395 0.921447 0.0166128
674.723 0.898523 0.0159777
675.051 0.927647 0.0159997
675.379 0.909179 0.0158266
675.706 0.917048 0.0160698
676.034 0.914736 0.0164116
676.362 0.907772 0.0164279
676.689 0.89347 0.0153093
677.017 0.915385 0.0144784
677.344 0.911404 0.0138779
677.672 0.924434 0.0142163
677.999 0.914728 0.0143137
678.327 0.911444 0.0140031
678.654 0.911687 0.0133955
678.981 0.924958 0.0130868
679.308 0.918186 0.0131428
679.636 0.937119 0.0138982
679.963 0.940839 0.0146228
680.29 0.898485 0.0143287
680.617 0.904393 0.0141081
680.944 0.934613 0.0141291
681.271 0.940081 0.0145787
681.597 0.921157 0.0154071
681.924 0.935324 0.0165351
682.251 0.905591 0.0162062
682.578 0.918253 0.0154615
682.904 0.894104 0.0142362
683.231 0.901294 0.0137248
683.557 0.892792 0.013354
683.884 0.901301 0.0130347
684.21 0.903751 0.0127468
684.536 0.905217 0.0123402
684.863 0.91214 0.0122012
685.189 0.906034 0.0123655
685.515 0.928398 0.0131947
685.841 0.918112 0.0135511
686.167 0.906017 0.0134749
686.493 0.933426 0.0135137
686.819 0.923579 0.0135186
687.145 0.911582 0.0140169
687.471 0.917745 0.0151243
687.797 0.909332 0.0155599
688.123 0.901459 0.0153981
688.448 0.908039 0.0149473
688.774 0.900126 0.0144347
689.1 0.910192 0.0147609
689.425 0.929142 0.0155395
689.751 0.91445 0.0156656
690.076 0.903163 0.0147017
690.402 0.901522 0.0137231
690.727 0.900873 0.0132947
691.052 0.923635 0.0138145
691.377 0.908889 0.0141151
691.703 0.91543 0.0145245
692.028 0.898949 0.0144013
692.353 0.912371 0.0142017
692.678 0.922933 0.0143935
693.003 0.926516 0.0149696
693.328 0.917325 0.0159949
693.652 0.917355 0.0167173
693.977 0.889561 0.0160688
694.302 0.895797 0.0152043
694.627 0.919108 0.0151855
694.951 0.90889 0.0156439
695.276 0.926957 0.0173192
695.6 0.90419 0.0173928
695.925 0.884108 0.0150945
696.249 0.908986 0.0134958
696.574 0.913876 0.0128246
696.898 0.9251 0.0134904
697.222 0.905412 0.0141068
697.546 0.910043 0.0147118
697.871 0.912869 0.0150451
698.195 0.901163 0.0150578
698.519 0.92803 0.0156673
698.843 0.923402 0.0160755
699.167 0.916993 0.0166216
699.491 0.913103 0.017218
699.814 0.900149 0.0172336
700.138 0.900173 0.0172865
700.462 0.920551 0.0177701
700.786 0.894699 0.0172862
701.109 0.907525 0.0169805
701.433 0.913116 0.0164429
701.756 0.89973 0.0157392
702.08 0.907638 0.0158096
702.403 0.921628 0.0162555
702.726 0.908936 0.0168282
703.05 0.904593 0.0171977
703.373 0.915035 0.0174984
703.696 0.898117 0.0173504
704.019 0.910218 0.0180764
704.342 0.910063 0.0187341
704.665 0.927724 0.019696
704.988 0.903848 0.0193137
705.311 0.882813 0.0179147
705.634 0.884087 0.0160964
705.957 0.896069 0.0146769
706.28 0.886711 0.0135252
706.602 0.910262 0.0135615
706.925 0.913169 0.0138688
707.247 0.907989 0.0143804
707.57 0.906855 0.0149382
707.892 0.92129 0.0155705
708.215 0.925043 0.0163646
708.537 0.900259 0.0165412
708.859 0.90206 0.0166524
709.182 0.902158 0.0164809
709.504 0.89668 0.0159984
709.826 0.911018 0.0159234
710.148 0.908941 0.0159693
710.47 0.916261 0.0164892
710.792 0.912724 0.0170655
711.114 0.907043 0.0175826
711.436 0.892947 0.0178336
711.758 0.891478 0.0175306
712.079 0.898062 0.0173941
712.401 0.899115 0.0165455
712.723 0.898967 0.0159436
713.044 0.892924 0.0149703
713.366 0.892864 0.0148031
713.687 0.908721 0.0150553
714.009 0.910737 0.015481
714.33 0.90449 0.0157737
714.652 0.906477 0.0162398
714.973 0.916661 0.0168967
715.294 0.906915 0.0176709
715.615 0.934841 0.0190882
715.936 0.89049 0.0189031
716.257 0.898075 0.0191661
716.578 0.907883 0.0194
716.899 0.91254 0.0190162
717.22 0.909811 0.0177627
717.541 0.899147 0.017185
717.862 0.898145 0.0171177
718.182 0.902748 0.0171278
718.503 0.894201 0.016676
718.824 0.907368 0.0170376
719.144 0.903456 0.0172726
719.465 0.885604 0.0174917
719.785 0.888443 0.0171583
720.105 0.893418 0.0169802
720.426 0.882995 0.0166715
720.746 0.891531 0.017036
721.066 0.891421 0.0170657
721.386 0.894352 0.0172688
721.706 0.89329 0.0177605
722.026 0.908653 0.0183879
722.346 0.889629 0.0183457
722.666 0.908976 0.0183015
722.986 0.896845 0.017728
723.306 0.895883 0.0178569
723.626 0.893003 0.0181816
723.946 0.900136 0.0182176
724.265 0.878648 0.0170366
724.585 0.879399 0.0161452
724.904 0.909059 0.0162933
725.224 0.902978 0.016282
725.543 0.913536 0.0163735
725.863 0.898658 0.0163953
726.182 0.921519 0.0172765
726.501 0.903155 0.0173729
726.82 0.899324 0.0174502
727.14 0.881825 0.0166103
727.459 0.898593 0.0162618
727.778 0.885002 0.0160425
728.097 0.899706 0.0163964
728.416 0.883007 0.01606
728.734 0.896061 0.0156639
729.053 0.904473 0.015583
729.372 0.886792 0.015398
729.691 0.890786 0.0150438
730.009 0.900043 0.0143948
730.328 0.899786 0.0139692
730.647 0.910426 0.0140676
730.965 0.915559 0.0146015
731.283 0.920748 0.0151929
731.602 0.885773 0.0150751
731.92 0.894906 0.0148833
732.238 0.884 0.0144361
732.557 0.903323 0.0144593
732.875 0.88533 0.0139676
733.193 0.887099 0.0131478
733.511 0.893936 0.0128967
733.829 0.906076 0.0133734
734.147 0.90011 0.014206
734.465 0.898956 0.0148427
734.782 0.908639 0.0149089
735.1 0.900375 0.0144252
735.418 0.898024 0.0143945
735.735 0.907217 0.0145115
736.053 0.886663 0.0141872
736.371 0.91156 0.0145337
736.688 0.896479 0.0149382
737.005 0.90642 0.0159358
737.323 0.89341 0.016426
737.64 0.884649 0.016364
737.957 0.882968 0.0154999
738.274 0.885768 0.0142488
738.592 0.903535 0.0140407
738.909 0.910258 0.0144479
739.226 0.901486 0.0156603
739.543 0.89938 0.0168606
739.86 0.908669 0.0179328
740.176 0.913898 0.0184513
740.493 0.903221 0.0188971
740.81 0.873217 0.0186391
741.127 0.877527 0.0184877
741.443 0.870429 0.0174465
741.76 0.911269 0.0172595
742.076 0.905495 0.017357
742.393 0.908484 0.0183183
742.709 0.914873 0.0194001
743.025 0.914236 0.0197507
743.342 0.882055 0.0192217
743.658 0.891229 0.0189496
743.974 0.893768 0.0184517
744.29 0.905408 0.0185526
744.606 0.886504 0.0185541
744.922 0.890651 0.0186307
745.238 0.885652 0.0186348
745.554 0.889018 0.0191219
745.87 0.886753 0.0192987
746.186 0.879408 0.0184268
746.501 0.893152 0.0178871
746.817 0.901304 0.0182547
747.132 0.906235 0.0196479
747.448 0.905874 0.0204158
747.763 0.87914 0.0198119
748.079 0.857617 0.0187535
748.394 0.904302 0.017952
748.71 0.885259 0.0165361
749.025 0.888748 0.0155994
749.34 0.898592 0.0154816
749.655 0.903252 0.0158613
749.97 0.902888 0.016429
750.285 0.885785 0.016323
750.6 0.86927 0.0158245
750.915 0.892314 0.0156344
751.23 0.91417 0.0161363
751.545 0.908095 0.0167435
751.859 0.900663 0.0173029
752.174 0.891638 0.0174171
752.489 0.885176 0.0164801
752.803 0.899746 0.0156178
753.118 0.892133 0.0154349
753.432 0.905486 0.0160716
753.747 0.915 0.0167547
754.061 0.886465 0.0159325
754.375 0.882061 0.0152277
754.689 0.884676 0.0147756
755.004 0.911217 0.0149715
755.318 0.889004 0.0144655
755.632 0.889721 0.0137655
755.946 0.906432 0.0136431
756.26 0.87584 0.0128113
756.573 0.894467 0.0123873
756.887 0.903235 0.0120689
757.201 0.905998 0.0123438
757.515 0.912859 0.0135726
757.828 0.901201 0.0144631
758.142 0.892491 0.0143454
758.455 0.891677 0.0133165
758.769 0.901233 0.0126783
759.082 0.887218 0.0122371
759.396 0.899626 0.0121372
759.709 0.89234 0.0119942
760.022 0.903791 0.0121775
760.335 0.913948 0.0128893
760.648 0.909468 0.0138195
760.962 0.913173 0.0148636
761.275 0.894529 0.0154398
761.587 0.900333 0.0156915
761.9 0.912111 0.0158338
762.213 0.890442 0.0151336
762.526 0.901133 0.014675
762.839 0.886402 0.0144963
763.151 0.874973 0.0139866
763.464 0.885399 0.0133074
763.776 0.889359 0.0123885
764.089 0.899738 0.0121974
764.401 0.889572 0.0125592
764.714 0.897444 0.0133565
765.026 0.900587 0.0142812
765.338 0.895881 0.0151664
765.65 0.909128 0.0164443
765.962 0.8937 0.017062
766.275 0.886463 0.0176008
766.587 0.872515 0.0175194
766.898 0.873317 0.0169649
767.21 0.879082 0.0160147
767.522 0.88697 0.0149255
767.834 0.90513 0.0145251
768.146 0.888394 0.0144942
768.457 0.904561 0.0155192
768.769 0.889247 0.0162066
769.08 0.866869 0.0160736
769.392 0.890924 0.0157059
769.703 0.873918 0.0147503
770.015 0.888133 0.0143024
770.326 0.908151 0.0144908
770.637 0.901098 0.0149565
770.948 0.893569 0.0159812
771.26 0.875304 0.0168107
771.571 0.889779 0.0171348
771.882 0.885615 0.0166793
772.193 0.916428 0.0171389
772.504 0.904035 0.0174486
772.814 0.902808 0.0177847
773.125 0.909948 0.0182244
773.436 0.891323 0.0185551
773.747 0.878202 0.0188326
774.057 0.892104 0.0193871
774.368 0.910737 0.0198966
774.678 0.889673 0.0201778
774.989 0.860787 0.0201591
775.299 0.883426 0.0211097
775.609 0.898204 0.0210482
775.919 0.875826 0.0206139
776.23 0.902058 0.0209456
776.54 0.883652 0.0205553
776.85 0.897569 0.0209343
777.16 0.861674 0.0199021
777.47 0.877455 0.0190401
777.78 0.898133 0.0184142
778.089 0.884216 0.0173526
778.399 0.888345 0.0172829
778.709 0.898479 0.0181831
779.019 0.903447 0.019431
779.328 0.878199 0.020194
779.638 0.881293 0.0199621
779.947 0.868168 0.0180611
780.257 0.887362 0.0166571
780.566 0.890412 0.0160612
780.875 0.88518 0.0163799
781.185 0.888488 0.0174513
781.494 0.890132 0.0177559
781.803 0.908023 0.0184127
782.112 0.89121 0.0185084
782.421 0.891974 0.0182731
782.73 0.878666 0.0176586
783.039 0.893464 0.0180327
783.348 0.908802 0.0196384
783.656 0.868584 0.0202537
783.965 0.871787 0.0205953
784.274 0.87112 0.0198053
784.582 0.887849 0.0193735
784.891 0.8846 0.019224
785.199 0.884836 0.0195179
785.508 0.898505 0.0202098
785.816 0.904866 0.0206499
786.124 0.876266 0.0198724
786.432 0.884433 0.0189844
786.741 0.899946 0.0184182
787.049 0.899639 0.0183063
787.357 0.892552 0.018513
787.665 0.891389 0.0183896
787.973 0.908207 0.018731
788.281 0.898277 0.0190162
788.588 0.882697 0.0198542
788.896 0.886633 0.0211359
789.204 0.907781 0.0222554
789.511 0.893251 0.0221364
789.819 0.936909 0.0230841
790.126 0.890299 0.022512
790.434 0.885602 0.0224474
790.741 0.880818 0.0223301
791.049 0.885119 0.022361
791.356 0.875454 0.0229603
791.663 0.871319 0.0233193
791.97 0.887981 0.0236024
792.277 0.872729 0.0229642
792.584 0.880301 0.0218473
792.891 0.853274 0.0190246
793.198 0.877755 0.0179112
793.505 0.889251 0.0176754
793.812 0.876733 0.0180469
794.119 0.881793 0.0185151
794.425 0.892116 0.0191762
794.732 0.883078 0.0199485
795.038 0.892987 0.0221622
795.345 0.877308 0.0236222
795.651 0.876859 0.0248824
795.958 0.889181 0.0251075
796.264 0.848226 0.0228834
796.57 0.88562 0.0225269
796.876 0.902902 0.0225503
797.183 0.860466 0.022421
797.489 0.882198 0.0236342
797.795 0.873672 0.0237301
798.101 0.899794 0.0239758
798.406 0.892371 0.0240035
798.712 0.888307 0.0246562
799.018 0.876854 0.0248794
799.324 0.868107 0.02482
799.629 0.874355 0.0250215
799.935 0.87022 0.0251474
800.24 0.912547 0.0262416
800.546 0.878374 0.0257544
800.851 0.885579 0.0260951
801.157 0.873205 0.0270222
801.462 0.88207 0.0274225
801.767 0.865764 0.027297
802.072 0.87555 0.026386
802.377 0.872662 0.0253491
802.682 0.895219 0.0252611
802.987 0.902505 0.0260681
803.292 0.851485 0.0259679
803.597 0.867405 0.0264326
803.902 0.882664 0.026597
804.207 0.865193 0.0261677
804.511 0.83953 0.0253816
804.816 0.847957 0.0239676
805.12 0.845439 0.0223613
805.425 0.850544 0.0211252
805.729 0.886838 0.0217401
806.034 0.864423 0.0222944
806.338 0.874733 0.0237051
806.642 0.859407 0.0240949
806.946 0.866811 0.0239536
807.251 0.913824 0.0248207
807.555 0.882958 0.0240097
807.859 0.891229 0.0239387
808.162 0.899808 0.0247518
808.466 0.885478 0.0253896
808.77 0.865333 0.0257641
809.074 0.888832 0.0270046
809.378 0.913709 0.0274276
809.681 0.871102 0.0265696
809.985 0.880674 0.0271473
810.288 0.91102 0.027919
810.592 0.863959 0.0269845
810.895 0.848243 0.0273729
811.198 0.895323 0.0293659
811.502 0.881292 0.0295586
811.805 0.893455 0.0305795
812.108 0.826868 0.0280785
812.411 0.851286 0.0276462
812.714 0.866129 0.0259828
813.017 0.883 0.0248276
813.32 0.870022 0.0246078
813.623 0.849702 0.025087
813.926 0.886186 0.0274758
814.228 0.868417 0.0286534
814.531 0.904837 0.0301859
814.833 0.862443 0.0292438
815.136 0.867862 0.0295138
815.438 0.899369 0.0303876
815.741 0.856408 0.0284234
816.043 0.853091 0.0280233
816.345 0.868283 0.0280816
816.648 0.854123 0.0280785
816.95 0.862296 0.0286456
817.252 0.892777 0.0298023
817.554 0.871229 0.0295034
817.856 0.830267 0.0294166
818.158 0.872003 0.0304087
818.46 0.860421 0.0309721
818.761 0.868228 0.0309989
819.063 0.868238 0.0304609
819.365 0.873387 0.0296486
819.666 0.885307 0.0283576
819.968 0.882889 0.0273846
820.269 0.873966 0.0269514
820.571 0.846686 0.0272229
820.872 0.832443 0.0280138
821.173 0.862217 0.0296429
821.475 0.868388 0.0308935
821.776 0.887689 0.0310732
822.077 0.85885 0.0303862
822.378 0.888434 0.0311209
822.679 0.909161 0.031997
822.98 0.851766 0.030683
823.281 0.873273 0.0320755
823.581 0.885435 0.0319722
823.882 0.8885 0.0324374
824.183 0.899744 0.0323108
824.483 0.856712 0.0304076
824.784 0.786654 0.0279409
825.084 0.871163 0.0299305
825.385 0.878061 0.0304428
825.685 0.875176 0.0310463
825.985 0.827547 0.0299316
826.286 0.87101 0.0302858
826.586 0.836324 0.0290945
826.886 0.843163 0.0292675
827.186 0.873413 0.0302252
827.486 0.927713 0.0321969
827.786 0.887224 0.0319663
828.086 0.881285 0.0315389
828.386 0.871136 0.030947
828.685 0.864597 0.03066
828.985 0.903032 0.0322705
829.285 0.880187 0.0320796
829.584 0.847747 0.0319916
829.884 0.857254 0.0326609
830.183 0.891254 0.0350383
830.482 0.848636 0.0338172
830.782 0.816995 0.0333218
831.081 0.890787 0.036111
831.38 0.826739 0.0336638
831.679 0.824257 0.0336895
831.978 0.902379 0.0353061
832.277 0.861997 0.033395
832.576 0.837633 0.0323004
832.875 0.862662 0.0327594
833.174 0.81606 0.0316623
833.472 0.834103 0.0322526
833.771 0.885235 0.0336786
834.07 0.889941 0.0329655
834.368 0.854973 0.0326276
834.667 0.847638 0.0333452
834.965 0.874038 0.0343689
835.263 0.858752 0.0341129
835.562 0.862594 0.0342046
835.86 0.851274 0.0336659
836.158 0.844141 0.0339059
836.456 0.868082 0.035289
836.754 0.830495 0.0344201
837.052 0.912473 0.0372246
837.35 0.820333 0.0346107
837.648 0.871965 0.0361566
837.946 0.907627 0.0372028
838.243 0.858435 0.0361909
838.541 0.860232 0.035277
838.839 0.889481 0.0359243
839.136 0.89883 0.0360366
839.434 0.855992 0.0349536
839.731 0.892893 0.0366599
840.028 0.871172 0.0353816
840.326 0.858147 0.0355576
840.623 0.852009 0.0353979
840.92 0.850216 0.035701
841.217 0.87392 0.0372113
841.514 0.906419 0.0381087
841.811 0.866682 0.036034
842.108 0.89273 0.0376465
842.405 0.890591 0.0378821
842.701 0.918627 0.038651
842.998 0.821369 0.0354226
843.295 0.924146 0.0383949
843.591 0.857792 0.0370717
843.888 0.87534 0.037016
844.184 0.871609 0.037151
844.481 0.829358 0.035645
844.777 0.831792 0.0358721
845.073 0.800298 0.0354517
845.369 0.865958 0.0372473
845.665 0.880687 0.0381118
845.962 0.867153 0.0370758
846.258 0.886109 0.0382047
846.553 0.854965 0.0375817
846.849 0.916664 0.0389812
847.145 0.829905 0.0358853
847.441 0.903542 0.0376682
847.737 0.832146 0.0358497
848.032 0.862878 0.0372031
848.328 0.834116 0.0367459
848.623 0.926291 0.0392401
848.919 0.790845 0.03545
849.214 0.823112 0.0357534
849.509 0.846493 0.0367985
849.805 0.895432 0.0386066
850.1 0.89547 0.0394706
850.395 0.916006 0.0397884
850.69 0.92086 0.0401713
850.985 0.852507 0.03728
851.28 0.876147 0.0376365
851.575 0.830042 0.0370802
851.869 0.903219 0.0385481
852.164 0.85478 0.0369416
852.459 0.847488 0.0357746
852.753 0.872747 0.0357987
853.048 0.826787 0.0330356
853.342 0.842245 0.0331115
853.637 0.906382 0.0349663
853.931 0.864253 0.0337777
854.225 0.860373 0.0335536
854.52 0.889419 0.0353865
854.814 0.878076 0.0352769
855.108 0.846448 0.033512
855.402 0.855503 0.0343072
855.696 0.863945 0.035463
855.99 0.917151 0.037128
856.283 0.841913 0.0347919
856.577 0.912382 0.0370468
856.871 0.847263 0.0354181
857.164 0.853354 0.0359317
857.458 0.882159 0.0377467
857.751 0.906192 0.0375939
858.045 0.798906 0.0348701
858.338 0.889398 0.0373931
858.632 0.824904 0.0351874
858.925 0.865623 0.0369914
859.218 0.829833 0.0360644
859.511 0.901229 0.0391569
859.804 0.882341 0.0383569
860.097 0.849219 0.0366332
860.39 0.91687 0.0391814
860.683 0.904888 0.0387597
860.976 0.909407 0.0391676
861.268 0.873155 0.0377858
861.561 0.873378 0.0388737
861.854 0.929334 0.0412943
862.146 0.889173 0.0389576
862.439 0.865208 0.0382211
862.731 0.831565 0.0365531
863.023 0.930014 0.0399085
863.316 0.821821 0.0368385
863.608 0.861672 0.0379183
863.9 0.888831 0.0385357
864.192 0.803806 0.035777
864.484 0.888654 0.0385179
864.776 0.868348 0.0384131
865.068 0.890008 0.0386485
865.36 0.90097 0.0387842
865.651 0.897067 0.0397166
865.943 0.876713 0.0385377
866.235 0.889986 0.0390251
866.526 0.937074 0.0411235
866.818 0.831756 0.0374441
867.109 0.834344 0.0372724
867.4 0.906018 0.0395879
867.692 0.874269 0.0391005
867.983 0.868126 0.0385857
868.274 0.891536 0.0395929
868.565 0.833444 0.0377929
868.856 0.891177 0.0393357
869.147 0.901049 0.0394458
869.438 0.852849 0.0382729
869.729 0.853215 0.0385101
870.02 0.943137 0.042085
870.31 0.899726 0.039823
870.601 0.888554 0.0390047
870.892 0.797596 0.036575
871.182 0.838077 0.0373339
871.473 0.856198 0.0385557
871.763 0.825025 0.0369398
872.053 0.840242 0.0377181
872.343 0.830951 0.0374511
872.634 0.878034 0.0388846
872.924 0.797958 0.0363324
873.214 0.837309 0.0379792
873.504 0.880021 0.0394585
873.794 0.918743 0.0413245
874.084 0.908734 0.0409801
874.373 0.876023 0.0392233
874.663 0.850692 0.0377367
874.953 0.86514 0.0393217
875.242 0.875048 0.0390137
875.532 0.85734 0.0382997
875.821 0.920103 0.0399234
876.111 0.875592 0.0387981
876.4 0.908631 0.0400177
876.689 0.927167 0.0401552
876.978 0.907123 0.0397334
877.268 0.834548 0.0381785
877.557 0.881816 0.0396977
877.846 0.906133 0.0401065
878.134 0.925222 0.0408946
878.423 0.925392 0.0409021
878.712 0.925563 0.0409097
