178.41 0.771902 0.135903
178.791 0.77679 0.136764
179.172 0.781642 0.137618
179.553 0.452716 0.452716
179.934 0.888857 0.888857
180.316 0.679635 0.679635
180.697 0.352681 0.352681
181.078 0.492304 0.492304
181.459 0.825819 0.825819
181.84 0.591723 0.591723
182.221 4.44254 4.44254
182.602 0.301682 0.301682
182.983 1.87196 0.619528
183.364 0.826865 0.161357
183.744 0.670137 0.0917136
184.125 0.625534 0.0768642
184.506 0.571714 0.0601971
184.887 0.615656 0.0557046
185.268 0.556452 0.0455925
185.648 0.571324 0.0447208
186.029 0.562429 0.0423226
186.41 0.668504 0.0449349
186.791 0.607887 0.0411798
187.171 0.57429 0.0342355
187.552 0.581757 0.0280346
187.932 0.646918 0.0301022
188.313 0.579586 0.0266117
188.694 0.625315 0.0276258
189.074 0.636253 0.0268665
189.455 0.588958 0.0251313
189.835 0.640362 0.026945
190.216 0.640263 0.026233
190.596 0.616228 0.0246296
190.977 0.624808 0.0246079
191.357 0.648099 0.0251363
191.737 0.621243 0.0243026
192.118 0.651391 0.0247632
192.498 0.640355 0.0237909
192.878 0.634504 0.0238642
193.258 0.66451 0.0240005
193.639 0.660312 0.0236278
194.019 0.677355 0.0241417
194.399 0.675036 0.0238924
194.779 0.631917 0.0221903
195.159 0.697964 0.0239971
195.54 0.658074 0.022603
195.92 0.667267 0.0228277
196.3 0.655354 0.0222952
196.68 0.668179 0.0226247
197.06 0.68564 0.0227816
197.44 0.686575 0.0225784
197.82 0.710652 0.0227904
198.2 0.689199 0.0224333
198.58 0.666953 0.0214858
198.959 0.703406 0.0220252
199.339 0.680327 0.0217549
199.719 0.6892 0.0214769
200.099 0.70255 0.021736
200.479 0.733579 0.022148
200.858 0.69933 0.021306
201.238 0.682956 0.0207261
201.618 0.719903 0.0215182
201.998 0.729591 0.0211438
202.377 0.692708 0.0206021
202.757 0.725949 0.0208136
203.136 0.730785 0.0207473
203.516 0.691846 0.0198864
203.896 0.709824 0.019895
204.275 0.689757 0.0192249
204.655 0.7132 0.0195859
205.034 0.70345 0.0192229
205.414 0.708778 0.019054
205.793 0.681324 0.0185139
206.172 0.731135 0.0191962
206.552 0.721134 0.0187393
206.931 0.707785 0.0182805
207.31 0.713682 0.0181588
207.69 0.723168 0.0181331
208.069 0.699942 0.0176033
208.448 0.702074 0.0174081
208.827 0.717023 0.0174913
209.207 0.737909 0.0176979
209.586 0.699018 0.0167745
209.965 0.735517 0.0171525
210.344 0.720708 0.0167313
210.723 0.721041 0.0165296
211.102 0.710051 0.0161193
211.481 0.722509 0.0161743
211.86 0.72299 0.0160187
212.239 0.731919 0.0159544
212.618 0.715874 0.0155505
212.997 0.720084 0.0153417
213.376 0.738862 0.0154849
213.755 0.732404 0.0152006
214.134 0.718898 0.0148558
214.513 0.737942 0.0148076
214.891 0.738726 0.0147166
215.27 0.717288 0.0142289
215.649 0.731343 0.0142494
216.028 0.739086 0.0140773
216.406 0.739727 0.0139367
216.785 0.733451 0.0136516
217.164 0.732723 0.0135082
217.542 0.718041 0.0130919
217.921 0.73751 0.0130983
218.3 0.746833 0.0131341
218.678 0.752881 0.0129798
219.057 0.73992 0.0126385
219.435 0.739379 0.0124262
219.814 0.748358 0.0124093
220.192 0.737758 0.0121225
220.57 0.745512 0.0120432
220.949 0.747494 0.0118568
221.327 0.743435 0.011628
221.705 0.752625 0.0115798
222.084 0.74873 0.0112993
222.462 0.758139 0.0112346
222.84 0.75136 0.0110919
223.218 0.748431 0.0107946
223.597 0.755278 0.0107343
223.975 0.75708 0.0105536
224.353 0.762343 0.0104739
224.731 0.765204 0.0103245
225.109 0.755786 0.0100535
225.487 0.760174 0.00993931
225.865 0.764394 0.00981443
226.243 0.764156 0.00968832
226.621 0.763973 0.00955958
226.999 0.761915 0.00935113
227.377 0.774805 0.00933834
227.755 0.771523 0.00919696
228.133 0.779314 0.0091259
228.511 0.780157 0.00902216
228.889 0.783956 0.00887116
229.266 0.784959 0.00879259
229.644 0.775892 0.00856957
230.022 0.783536 0.0085002
230.4 0.78054 0.00840398
230.777 0.786095 0.00835358
231.155 0.787193 0.00825075
231.533 0.788757 0.00814201
231.91 0.791436 0.00804542
232.288 0.793429 0.00797922
232.665 0.797525 0.0078968
233.043 0.79793 0.00782424
233.42 0.793728 0.00769814
233.798 0.798824 0.00766634
234.175 0.797959 0.00756238
234.553 0.799578 0.00748945
234.93 0.7991 0.00741222
235.307 0.804285 0.00737599
235.685 0.804631 0.00731735
236.062 0.802082 0.00722038
236.439 0.809695 0.00721869
236.816 0.806435 0.00711604
237.194 0.804241 0.00703112
237.571 0.812973 0.00700763
237.948 0.817232 0.00698884
238.325 0.81119 0.00688589
238.702 0.815053 0.00686151
239.079 0.815429 0.006795
239.456 0.812667 0.00673817
239.833 0.816569 0.00671077
240.21 0.817821 0.00665387
240.587 0.821537 0.00663809
240.964 0.829215 0.00661463
241.341 0.821263 0.00652721
241.718 0.821878 0.00646785
242.095 0.826859 0.00648549
242.472 0.829827 0.0064456
242.849 0.823933 0.00637473
243.225 0.82522 0.00632409
243.602 0.824843 0.00629081
243.979 0.828503 0.00628297
244.356 0.835691 0.00628427
244.732 0.828255 0.00619253
245.109 0.831014 0.00615941
245.486 0.838369 0.00617799
245.862 0.839321 0.00615097
246.239 0.830622 0.00605664
246.615 0.837424 0.00607036
246.992 0.835474 0.00601889
247.368 0.842144 0.00604282
247.745 0.838642 0.0059794
248.121 0.838928 0.00593966
248.497 0.842384 0.00594226
248.874 0.844123 0.00591236
249.25 0.835551 0.0058305
249.626 0.844261 0.00585112
250.003 0.840555 0.005804
250.379 0.838785 0.00574143
250.755 0.846369 0.00577232
251.131 0.843643 0.00572258
251.507 0.844876 0.00571912
251.884 0.847179 0.00568759
252.26 0.852056 0.00570539
252.636 0.848482 0.00564159
253.012 0.842782 0.00560211
253.388 0.848715 0.00560486
253.764 0.851137 0.00558989
254.14 0.848436 0.00556774
254.516 0.856389 0.00558614
254.892 0.849481 0.00553542
255.268 0.853833 0.00554369
255.643 0.853045 0.00551787
256.019 0.858561 0.00553158
256.395 0.854468 0.00550687
256.771 0.858891 0.00548085
257.147 0.855211 0.00546288
257.522 0.862293 0.00547676
257.898 0.858023 0.00545421
258.274 0.855665 0.00543262
258.649 0.859553 0.00544161
259.025 0.854059 0.0053944
259.4 0.858988 0.00540701
259.776 0.8599 0.00539318
260.151 0.864815 0.00542675
260.527 0.863369 0.00539805
260.902 0.861968 0.00537901
261.278 0.860011 0.00536154
261.653 0.864401 0.00537506
262.028 0.864858 0.00538166
262.404 0.865072 0.00535764
262.779 0.85957 0.0053272
263.154 0.866266 0.00533849
263.53 0.864735 0.00531922
263.905 0.866829 0.00533599
264.28 0.864442 0.00532588
264.655 0.863314 0.00530693
265.03 0.864355 0.00532651
265.405 0.866732 0.00531606
265.781 0.870107 0.00533273
266.156 0.873069 0.00533607
266.531 0.864994 0.0052833
266.906 0.873783 0.0053394
267.281 0.87106 0.0053047
267.655 0.870856 0.00532391
268.03 0.865617 0.00531082
268.405 0.871662 0.00532224
268.78 0.87166 0.00532211
269.155 0.870764 0.00530754
269.53 0.877998 0.00534793
269.904 0.87494 0.00533258
270.279 0.877458 0.00534364
270.654 0.878839 0.00533264
271.029 0.87348 0.00532643
271.403 0.875758 0.0053183
271.778 0.883191 0.005356
272.152 0.87875 0.00534759
272.527 0.876389 0.00533572
272.901 0.880173 0.0053263
273.276 0.875029 0.00529861
273.65 0.879904 0.00533004
274.025 0.87302 0.00529536
274.399 0.880642 0.00534391
274.774 0.882519 0.00533724
275.148 0.879286 0.0053106
275.522 0.882455 0.00533441
275.897 0.882584 0.00533191
276.271 0.879282 0.00532724
276.645 0.883071 0.00532324
277.019 0.880008 0.0052996
277.393 0.881571 0.00528999
277.768 0.879307 0.00530819
278.142 0.881202 0.00530857
278.516 0.880616 0.00531616
278.89 0.880686 0.00530589
279.264 0.883541 0.00533153
279.638 0.881047 0.00529824
280.012 0.885969 0.00532236
280.386 0.887227 0.00535399
280.76 0.882827 0.0053204
281.133 0.889324 0.00534973
281.507 0.886352 0.0053365
281.881 0.886787 0.0053256
282.255 0.888604 0.00533852
282.629 0.887827 0.00535167
283.002 0.886375 0.00535018
283.376 0.884931 0.00533119
283.75 0.887065 0.00535574
284.123 0.889287 0.00534374
284.497 0.889096 0.0053529
284.87 0.890399 0.0053623
285.244 0.887014 0.00534225
285.618 0.890226 0.00536566
285.991 0.890309 0.00538856
286.364 0.88807 0.00537978
286.738 0.889677 0.00538364
287.111 0.895227 0.0054027
287.485 0.886082 0.00537807
287.858 0.893551 0.00542085
288.231 0.890153 0.00540104
288.605 0.892024 0.00542154
288.978 0.888911 0.00540054
289.351 0.89152 0.00543658
289.724 0.888282 0.00542651
290.097 0.893726 0.00544961
290.47 0.894558 0.00546976
290.843 0.893963 0.00546602
291.217 0.888826 0.00545138
291.59 0.891714 0.00549805
291.963 0.887727 0.00547365
292.336 0.894051 0.00551066
292.708 0.891477 0.00551321
293.081 0.896138 0.00555305
293.454 0.894731 0.00552424
293.827 0.896014 0.00554463
294.2 0.896979 0.00558379
294.573 0.891207 0.00554804
294.945 0.895781 0.00559512
295.318 0.89688 0.00559639
295.691 0.898706 0.00561573
296.064 0.901659 0.00563526
296.436 0.8925 0.00560262
296.809 0.89341 0.00559041
297.181 0.895172 0.00562595
297.554 0.900686 0.00565188
297.926 0.900034 0.00565431
298.299 0.898864 0.00565667
298.671 0.897609 0.00562811
299.044 0.899469 0.0056648
299.416 0.901036 0.00567832
299.788 0.897459 0.00565823
300.161 0.898176 0.00568539
300.533 0.899513 0.00568169
300.905 0.903246 0.0056718
301.278 0.90256 0.00568156
301.65 0.903461 0.00567802
302.022 0.902102 0.00568612
302.394 0.896695 0.0056782
302.766 0.898374 0.0056755
303.138 0.901919 0.00570903
303.51 0.90178 0.00569373
303.882 0.898489 0.0056762
304.254 0.900026 0.00569221
304.626 0.901555 0.00567993
304.998 0.903774 0.00568522
305.37 0.901365 0.00570937
305.742 0.898453 0.00567878
306.114 0.900487 0.00568275
306.485 0.905756 0.00570063
306.857 0.902706 0.00568696
307.229 0.903529 0.00570943
307.601 0.904519 0.005711
307.972 0.896178 0.00567876
308.344 0.899368 0.00568173
308.716 0.90428 0.00572072
309.087 0.899756 0.00569921
309.459 0.900588 0.0057105
309.83 0.901785 0.00571504
310.202 0.896994 0.00569057
310.573 0.901892 0.00570942
310.945 0.901809 0.0057052
311.316 0.903064 0.00573648
311.687 0.902161 0.00571062
312.059 0.903276 0.00573419
312.43 0.901867 0.00571931
312.801 0.908913 0.00576187
313.172 0.906342 0.00575725
313.544 0.902018 0.00574942
313.915 0.897103 0.00569729
314.286 0.904848 0.00574667
314.657 0.901148 0.00572221
315.028 0.901656 0.00573592
315.399 0.902345 0.0057362
315.77 0.904213 0.00573402
316.141 0.901514 0.00574928
316.512 0.90274 0.00575233
316.883 0.900248 0.00575599
317.254 0.905502 0.00576694
317.625 0.906959 0.00580714
317.996 0.904994 0.00576908
318.366 0.903616 0.005779
318.737 0.900277 0.0057625
319.108 0.90554 0.00579928
319.478 0.905658 0.00580158
319.849 0.899889 0.00578033
320.22 0.903366 0.00579719
320.59 0.899846 0.00578258
320.961 0.899428 0.00579117
321.331 0.905849 0.00581256
321.702 0.906906 0.00584541
322.072 0.906308 0.00586116
322.443 0.901589 0.0058343
322.813 0.900213 0.00581903
323.184 0.90257 0.00584298
323.554 0.906117 0.00587305
323.924 0.901738 0.00585582
324.295 0.909387 0.00590912
324.665 0.906711 0.00590472
325.035 0.906591 0.00589661
325.405 0.90268 0.00590809
325.775 0.908117 0.00595467
326.145 0.902325 0.00592997
326.515 0.903949 0.00594625
326.886 0.904977 0.00597971
327.256 0.902214 0.00597626
327.626 0.904623 0.00602125
327.995 0.90738 0.00604528
328.365 0.901304 0.00603343
328.735 0.910305 0.00609395
329.105 0.908942 0.00615536
329.475 0.910393 0.00620866
329.845 0.916409 0.00631922
330.215 0.902608 0.00624794
330.584 0.893589 0.00615673
330.954 0.894514 0.00601433
331.324 0.901511 0.00586783
331.693 0.907978 0.00578779
332.063 0.915915 0.00575041
332.432 0.917773 0.00572657
332.802 0.905672 0.00573538
333.171 0.903326 0.00580312
333.541 0.897185 0.00589126
333.91 0.90405 0.00594379
334.28 0.90432 0.00597874
334.649 0.909064 0.00601177
335.018 0.906745 0.00602457
335.388 0.909087 0.00605182
335.757 0.910286 0.00605667
336.126 0.906777 0.0060667
336.495 0.907437 0.0060484
336.865 0.904819 0.00606468
337.234 0.912578 0.00612506
337.603 0.904096 0.0060841
337.972 0.905558 0.00610304
338.341 0.90465 0.00608999
338.71 0.906987 0.00609371
339.079 0.902359 0.00610018
339.448 0.907194 0.00610685
339.817 0.905122 0.00611495
340.186 0.912362 0.00614325
340.554 0.90274 0.00610276
340.923 0.909427 0.00613812
341.292 0.901666 0.00611764
341.661 0.905244 0.00613744
342.029 0.90688 0.00613236
342.398 0.905326 0.00613533
342.767 0.907147 0.00616512
343.135 0.910341 0.00617134
343.504 0.907766 0.00618181
343.872 0.903395 0.00614397
344.241 0.907939 0.00617382
344.609 0.912269 0.00621312
344.978 0.911007 0.00620255
345.346 0.90559 0.00616082
345.715 0.907181 0.00619007
346.083 0.909927 0.00621325
346.451 0.904631 0.00618531
346.82 0.908223 0.00621834
347.188 0.906981 0.00620234
347.556 0.909448 0.00624281
347.924 0.91065 0.00623938
348.292 0.903571 0.0062292
348.66 0.905969 0.00623197
349.028 0.911597 0.00625916
349.396 0.908708 0.00627386
349.764 0.909106 0.00626733
350.132 0.900512 0.00623442
350.5 0.904595 0.00625875
350.868 0.905897 0.00627462
351.236 0.905639 0.00626874
351.604 0.906932 0.00629759
351.972 0.912566 0.00632428
352.34 0.903781 0.00630292
352.707 0.906154 0.00631396
353.075 0.908678 0.00632441
353.443 0.904479 0.00632417
353.81 0.904348 0.00633943
354.178 0.907849 0.00635526
354.545 0.909587 0.00634576
354.913 0.913346 0.0063859
355.28 0.912552 0.006384
355.648 0.910392 0.00636295
356.015 0.905892 0.00635832
356.383 0.903408 0.00634235
356.75 0.901132 0.0063505
357.117 0.908796 0.00638098
357.485 0.90866 0.00638498
357.852 0.915281 0.00645246
358.219 0.90563 0.00638649
358.586 0.900356 0.0063668
358.954 0.909092 0.00642451
359.321 0.902735 0.00638654
359.688 0.910331 0.00644492
360.055 0.901587 0.00640476
360.422 0.909545 0.00644229
360.789 0.905047 0.00643742
361.156 0.905082 0.00643187
361.523 0.903162 0.00645105
361.89 0.901448 0.00643711
362.256 0.898985 0.0064026
362.623 0.911693 0.00651191
362.99 0.903689 0.00645222
363.357 0.905027 0.00648337
363.724 0.904628 0.00648473
364.09 0.902114 0.00646266
364.457 0.91359 0.00655221
364.823 0.90914 0.00649424
365.19 0.902915 0.00648159
365.557 0.908219 0.00649051
365.923 0.910732 0.00652103
366.29 0.910128 0.00653935
366.656 0.907555 0.00650325
367.022 0.911707 0.00650996
367.389 0.906939 0.00652199
367.755 0.90636 0.00655094
368.121 0.908877 0.00655738
368.488 0.908757 0.00654808
368.854 0.907392 0.006568
369.22 0.905387 0.00659167
369.586 0.910431 0.0066325
369.952 0.904759 0.0066262
370.318 0.900982 0.00661548
370.684 0.907605 0.00665911
371.051 0.906057 0.00665526
371.416 0.912777 0.00672118
371.782 0.907242 0.00668074
372.148 0.908557 0.00669934
372.514 0.906386 0.00670571
372.88 0.914081 0.0067539
373.246 0.907425 0.00672307
373.612 0.909949 0.00672926
373.977 0.910989 0.0067179
374.343 0.906552 0.00668035
374.709 0.906139 0.00665715
375.074 0.899964 0.00665429
375.44 0.905293 0.00670256
375.806 0.910426 0.00675863
376.171 0.90509 0.00670472
376.537 0.902323 0.00668835
376.902 0.902004 0.00669894
377.268 0.908899 0.00669688
377.633 0.908794 0.00668422
377.998 0.907729 0.00665472
378.364 0.909835 0.00663363
378.729 0.912853 0.00665581
379.094 0.911257 0.00667909
379.459 0.913931 0.00677848
379.825 0.911305 0.00673874
380.19 0.910004 0.00674437
380.555 0.907015 0.0067806
380.92 0.916521 0.00690121
381.285 0.907356 0.00685363
381.65 0.903383 0.0067854
382.015 0.905907 0.00680488
382.38 0.910073 0.006847
382.745 0.908412 0.0068827
383.11 0.911309 0.0069123
383.474 0.909723 0.0068859
383.839 0.909567 0.00689772
384.204 0.911245 0.00692636
384.569 0.909472 0.00692809
384.933 0.910128 0.00695076
385.298 0.909018 0.00695734
385.663 0.904613 0.00692078
386.027 0.905205 0.00690872
386.392 0.909255 0.00689461
386.756 0.900901 0.00682836
387.121 0.905714 0.00684461
387.485 0.908547 0.00683424
387.849 0.911881 0.00681472
388.214 0.916893 0.00690924
388.578 0.907766 0.00690934
388.942 0.90168 0.00692121
389.307 0.907762 0.00693819
389.671 0.90903 0.0069686
390.035 0.910059 0.00694078
390.399 0.902367 0.00689516
390.763 0.902209 0.0068539
391.127 0.909009 0.00685488
391.492 0.907476 0.0067549
391.856 0.905555 0.00666997
392.219 0.904872 0.00661771
392.583 0.905253 0.0066568
392.947 0.913945 0.00683301
393.311 0.909986 0.00688112
393.675 0.906372 0.00688813
394.039 0.911081 0.00694877
394.403 0.908289 0.00694156
394.766 0.910237 0.00696789
395.13 0.903957 0.00696218
395.494 0.904604 0.0069619
395.857 0.904262 0.00693018
396.221 0.902286 0.00689127
396.584 0.904339 0.00684742
396.948 0.902272 0.00676575
397.311 0.905007 0.00667621
397.675 0.905647 0.00664249
398.038 0.905673 0.00664582
398.401 0.901689 0.00672544
398.765 0.906484 0.00684758
399.128 0.908856 0.00695449
399.491 0.906296 0.00699753
399.854 0.905204 0.00700326
400.218 0.908588 0.00703675
400.581 0.906906 0.00705026
400.944 0.906074 0.00708154
401.307 0.904121 0.00715903
401.67 0.906577 0.00714792
402.033 0.904813 0.00716179
402.396 0.90592 0.00717015
402.759 0.908368 0.00718858
403.122 0.902476 0.00713027
403.485 0.908476 0.00715209
403.847 0.901534 0.00706543
404.21 0.904149 0.00703911
404.573 0.913226 0.00706664
404.936 0.90622 0.0070048
405.298 0.905777 0.00707996
405.661 0.907254 0.00718507
406.023 0.911313 0.00730324
406.386 0.911038 0.00732798
406.749 0.906407 0.00734276
407.111 0.905499 0.00732967
407.473 0.895058 0.00717068
407.836 0.910013 0.0072198
408.198 0.901563 0.00714244
408.561 0.903907 0.0071723
408.923 0.906379 0.0071927
409.285 0.899291 0.00717776
409.647 0.909229 0.00728056
410.009 0.906812 0.00733964
410.372 0.901713 0.00730831
410.734 0.902884 0.00734983
411.096 0.904271 0.00734256
411.458 0.903777 0.00733879
411.82 0.907692 0.00730642
412.182 0.90735 0.0072496
412.544 0.903162 0.00724903
412.906 0.901581 0.00722987
413.267 0.904863 0.00726891
413.629 0.90666 0.00733339
413.991 0.901634 0.00734741
414.353 0.907207 0.00739038
414.714 0.909886 0.00747925
415.076 0.904488 0.0074385
415.438 0.908023 0.00744491
415.799 0.901229 0.00738741
416.161 0.905819 0.00747114
416.522 0.899473 0.00747556
416.884 0.905199 0.00750398
417.245 0.909689 0.00755032
417.607 0.900058 0.00749173
417.968 0.898839 0.00747822
418.329 0.906265 0.00749966
418.691 0.904628 0.0074904
419.052 0.906317 0.00749216
419.413 0.899585 0.00739712
419.774 0.901404 0.00738156
420.135 0.894589 0.00718989
420.497 0.895222 0.00707894
420.858 0.904344 0.00701676
421.219 0.913298 0.00707522
421.58 0.906663 0.00713935
421.941 0.913894 0.00729362
422.302 0.906497 0.00736148
422.662 0.910594 0.00740984
423.023 0.897882 0.00739041
423.384 0.900128 0.00742445
423.745 0.900587 0.00738153
424.106 0.901304 0.00738032
424.466 0.907063 0.00738946
424.827 0.909845 0.00750294
425.187 0.906748 0.00758495
425.548 0.908477 0.0076639
425.909 0.907216 0.00769908
426.269 0.903712 0.00763002
426.63 0.898771 0.00755754
426.99 0.910863 0.00754576
427.35 0.904161 0.00755151
427.711 0.895469 0.00746185
428.071 0.899597 0.00741642
428.431 0.896951 0.00726403
428.792 0.900482 0.00702921
429.152 0.900757 0.00683703
429.512 0.904437 0.00683815
429.872 0.899841 0.00686808
430.232 0.910227 0.00702959
430.592 0.910126 0.00722866
430.952 0.908515 0.00743551
431.312 0.915896 0.00765138
431.672 0.903923 0.00768874
432.032 0.898767 0.00764336
432.392 0.89941 0.00754269
432.752 0.897735 0.00716494
433.111 0.902212 0.0070224
433.471 0.910896 0.00716653
433.831 0.907293 0.00743246
434.19 0.905497 0.00742606
434.55 0.904911 0.00742231
434.91 0.899744 0.00748743
435.269 0.896341 0.00737032
435.629 0.903229 0.00738229
435.988 0.904134 0.00735436
436.348 0.906726 0.00747754
436.707 0.907374 0.00759403
437.066 0.908382 0.00759411
437.426 0.888957 0.0074233
437.785 0.902507 0.0074587
438.144 0.900353 0.00744051
438.503 0.907283 0.00756765
438.862 0.899436 0.00754881
439.222 0.904986 0.00763249
439.581 0.901184 0.00764912
439.94 0.895289 0.00751725
440.299 0.894336 0.00725999
440.658 0.897661 0.00708834
441.017 0.903423 0.00711335
441.376 0.908834 0.00721789
441.734 0.905078 0.00727694
442.093 0.899538 0.00725147
442.452 0.897148 0.00718984
442.811 0.905374 0.00719098
443.169 0.902345 0.00717624
443.528 0.910264 0.00735716
443.887 0.902205 0.00732921
444.245 0.906807 0.00738006
444.604 0.903175 0.00742658
444.962 0.897546 0.00743862
445.321 0.894292 0.00743205
445.679 0.901069 0.00742095
446.038 0.900424 0.00739121
446.396 0.901983 0.00749952
446.754 0.909436 0.00763348
447.112 0.905446 0.00765523
447.471 0.899593 0.0076392
447.829 0.895825 0.00766306
448.187 0.901437 0.00767336
448.545 0.902749 0.00765545
448.903 0.898633 0.00765776
449.261 0.897725 0.00767615
449.619 0.904191 0.0077767
449.977 0.90439 0.00781544
450.335 0.901339 0.00788773
450.693 0.903877 0.00791839
451.051 0.901704 0.00789319
451.409 0.902039 0.00792562
451.766 0.898799 0.00792146
452.124 0.905385 0.00806197
452.482 0.897816 0.00810773
452.839 0.901249 0.00821393
453.197 0.89825 0.00821473
453.555 0.898728 0.00825089
453.912 0.89228 0.00819964
454.27 0.892415 0.00807091
454.627 0.900785 0.00801285
454.984 0.900126 0.00802884
455.342 0.900633 0.00815424
455.699 0.899754 0.0082412
456.056 0.89628 0.00817645
456.414 0.904293 0.00813949
456.771 0.895096 0.00794992
457.128 0.895837 0.00792278
457.485 0.899673 0.0079122
457.842 0.897333 0.0079508
458.199 0.894957 0.00793108
458.556 0.904114 0.00789465
458.913 0.895309 0.00785644
459.27 0.897156 0.00781999
459.627 0.902115 0.00795566
459.984 0.893334 0.00785912
460.341 0.903956 0.00789554
460.697 0.899795 0.0079712
461.054 0.904763 0.00822864
461.411 0.898406 0.0083686
461.767 0.898223 0.00846642
462.124 0.899233 0.00845
462.481 0.902155 0.00836248
462.837 0.895334 0.0082015
463.194 0.899528 0.00804862
463.55 0.89781 0.00809263
463.907 0.893999 0.00786344
464.263 0.898743 0.00777574
464.619 0.898028 0.0076255
464.976 0.900561 0.0075305
465.332 0.901733 0.00753353
465.688 0.909638 0.00779867
466.044 0.89956 0.00803378
466.4 0.905492 0.00818563
466.756 0.892361 0.00817938
467.112 0.904273 0.00823372
467.468 0.899865 0.00820149
467.824 0.909984 0.00833208
468.18 0.906214 0.0084234
468.536 0.895077 0.00837848
468.892 0.902947 0.00854948
469.248 0.899819 0.00857251
469.604 0.898766 0.00861903
469.959 0.900166 0.00862268
470.315 0.894875 0.00859267
470.671 0.895579 0.00858746
471.026 0.89139 0.00849505
471.382 0.892377 0.00841843
471.737 0.902788 0.00839928
472.093 0.889745 0.0082083
472.448 0.896664 0.00808197
472.804 0.898373 0.00802069
473.159 0.897258 0.0079499
473.514 0.905114 0.00802521
473.87 0.891462 0.00785097
474.225 0.895231 0.00764274
474.58 0.894268 0.00748801
474.935 0.906822 0.00760452
475.29 0.902382 0.00768816
475.645 0.90155 0.00769241
476 0.899346 0.00769289
476.355 0.901032 0.00776942
476.71 0.891841 0.00772516
477.065 0.885808 0.00747473
477.42 0.89559 0.00741676
477.775 0.901618 0.00745065
478.13 0.897303 0.00749965
478.485 0.89976 0.00745551
478.839 0.898393 0.00736071
479.194 0.892709 0.00714936
479.549 0.899217 0.00708737
479.903 0.90271 0.00712006
480.258 0.894024 0.00714148
480.612 0.896822 0.00705937
480.967 0.899092 0.00690488
481.321 0.905921 0.00695327
481.675 0.902104 0.00707227
482.03 0.898683 0.00718337
482.384 0.899991 0.00721879
482.738 0.891332 0.00711547
483.093 0.896103 0.00708239
483.447 0.889452 0.00690281
483.801 0.887864 0.00668131
484.155 0.893913 0.00661848
484.509 0.8129 0.00549585
484.863 0.851781 0.00383444
485.217 0.88473 0.00355173
485.571 0.920749 0.00371691
485.925 0.952358 0.00481537
486.279 0.926405 0.00550709
486.632 0.916658 0.0059249
486.986 0.91935 0.00641402
487.34 0.910575 0.00681426
487.694 0.901138 0.00696809
488.047 0.896974 0.00699128
488.401 0.904475 0.00702937
488.754 0.898312 0.00704985
489.108 0.899079 0.00716796
489.461 0.897689 0.0071971
489.815 0.897506 0.00727143
490.168 0.89765 0.0071918
490.522 0.890113 0.00713107
490.875 0.893688 0.00715612
491.228 0.89332 0.00720385
491.581 0.898087 0.00717349
491.935 0.896152 0.00719225
492.288 0.899707 0.0072362
492.641 0.905118 0.00720645
492.994 0.892681 0.00715141
493.347 0.895302 0.00706245
493.7 0.896906 0.00707417
494.053 0.896825 0.00709806
494.406 0.904094 0.00724203
494.759 0.894552 0.0073506
495.111 0.892349 0.00711229
495.464 0.884844 0.00677149
495.817 0.897243 0.00669559
496.169 0.901667 0.00690043
496.522 0.902073 0.00721356
496.875 0.895498 0.00742725
497.227 0.903598 0.00753449
497.58 0.900137 0.00750693
497.932 0.895414 0.00739932
498.285 0.885482 0.00729099
498.637 0.887582 0.00711783
498.989 0.894544 0.00706613
499.342 0.899384 0.00713776
499.694 0.897392 0.00728748
500.046 0.896237 0.00734532
500.398 0.888437 0.00713421
500.751 0.901851 0.00712231
501.103 0.890924 0.00705646
501.455 0.893118 0.00707598
501.807 0.896695 0.00710079
502.159 0.896129 0.00710238
502.511 0.893588 0.0070747
502.862 0.897686 0.00712144
503.214 0.895955 0.00721182
503.566 0.899857 0.00737401
503.918 0.894417 0.00743123
504.27 0.894966 0.00742564
504.621 0.902242 0.00747396
504.973 0.898067 0.00749872
505.324 0.900057 0.00745854
505.676 0.899809 0.00732757
506.027 0.899088 0.00734441
506.379 0.900021 0.0075931
506.73 0.891017 0.00767022
507.082 0.89486 0.00763219
507.433 0.887868 0.00746151
507.784 0.898306 0.0074425
508.136 0.895859 0.00756203
508.487 0.897106 0.00764496
508.838 0.891006 0.00769035
509.189 0.905902 0.00774585
509.54 0.893846 0.00759129
509.891 0.898898 0.00770078
510.242 0.896036 0.00769708
510.593 0.891266 0.00772542
510.944 0.895179 0.00778564
511.295 0.899571 0.00796725
511.646 0.895352 0.00803657
511.996 0.892457 0.00794091
512.347 0.894219 0.00788896
512.698 0.901812 0.00794856
513.049 0.904328 0.00800867
513.399 0.900473 0.00802865
513.75 0.891927 0.00796658
514.1 0.89992 0.00815402
514.451 0.904801 0.00834612
514.801 0.891874 0.0082499
515.152 0.893725 0.00818545
515.502 0.889194 0.00803813
515.852 0.896357 0.00802712
516.202 0.897151 0.00801991
516.553 0.904477 0.00817032
516.903 0.896518 0.00825835
517.253 0.899494 0.00839684
517.603 0.894679 0.0083728
517.953 0.8976 0.0083457
518.303 0.890786 0.00811883
518.653 0.890756 0.00805217
519.003 0.894873 0.00813275
519.353 0.899233 0.00844414
519.703 0.893661 0.00859645
520.052 0.89288 0.00863676
520.402 0.89705 0.00860922
520.752 0.895241 0.0085021
521.102 0.904665 0.00868525
521.451 0.898307 0.00871629
521.801 0.898145 0.00869058
522.15 0.889164 0.00850372
522.5 0.896413 0.00852446
522.849 0.886944 0.00845268
523.199 0.893936 0.00840578
523.548 0.888382 0.00829906
523.897 0.894469 0.00842373
524.246 0.897121 0.00857662
524.596 0.894396 0.00868479
524.945 0.889962 0.00861273
525.294 0.897624 0.00864873
525.643 0.895105 0.00861734
525.992 0.895667 0.00860532
526.341 0.892668 0.00853733
526.69 0.896444 0.00862271
527.039 0.895318 0.00870128
527.388 0.886529 0.00871903
527.737 0.886824 0.00845515
528.086 0.879157 0.00810878
528.434 0.892026 0.00801844
528.783 0.910223 0.00832115
529.132 0.903506 0.00844819
529.48 0.902719 0.00855316
529.829 0.900024 0.00858744
530.177 0.903031 0.00869006
530.526 0.893232 0.00866403
530.874 0.897783 0.00860326
531.223 0.894355 0.00857442
531.571 0.900404 0.00867746
531.919 0.889863 0.00854174
532.268 0.890246 0.00828268
532.616 0.889724 0.00801556
532.964 0.889463 0.0078955
533.312 0.889237 0.00789858
533.66 0.895055 0.00796014
534.008 0.89781 0.00795424
534.356 0.895695 0.00795012
534.704 0.905217 0.00806489
535.052 0.89561 0.00812988
535.4 0.896799 0.00830724
535.748 0.891578 0.00848023
536.095 0.886947 0.00867248
536.443 0.897957 0.00873702
536.791 0.882682 0.00847916
537.139 0.88129 0.00827741
537.486 0.887697 0.0081153
537.834 0.890933 0.008087
538.181 0.887742 0.00802617
538.529 0.893181 0.00809606
538.876 0.890729 0.00806399
539.223 0.89494 0.0082197
539.571 0.902117 0.00842913
539.918 0.902961 0.00840318
540.265 0.886852 0.00816371
540.613 0.889171 0.00803379
540.96 0.89466 0.00815833
541.307 0.890214 0.00815287
541.654 0.892389 0.00816078
542.001 0.904951 0.00824361
542.348 0.890982 0.00817821
542.695 0.888976 0.00817932
543.042 0.890398 0.00806024
543.388 0.879765 0.00791065
543.735 0.896467 0.00797429
544.082 0.896355 0.00796165
544.429 0.900048 0.00801477
544.775 0.895332 0.00816977
545.122 0.901676 0.00844175
545.469 0.894177 0.00854402
545.815 0.886686 0.00845892
546.162 0.888762 0.00840142
546.508 0.886366 0.00821783
546.854 0.883501 0.00790044
547.201 0.883717 0.00761211
547.547 0.901664 0.00766675
547.893 0.908748 0.00786962
548.24 0.917822 0.00833237
548.586 0.897443 0.00858199
548.932 0.898883 0.00871665
549.278 0.888903 0.00867428
549.624 0.901248 0.00868765
549.97 0.893642 0.00873187
550.316 0.896079 0.00891834
550.662 0.89742 0.00901684
551.008 0.87934 0.00846376
551.353 0.886468 0.00804396
551.699 0.897208 0.00791354
552.045 0.909321 0.00818133
552.391 0.898654 0.00830175
552.736 0.889272 0.00829601
553.082 0.889369 0.00830864
553.427 0.900217 0.00850691
553.773 0.899853 0.00878678
554.118 0.884643 0.00871275
554.464 0.882579 0.00847928
554.809 0.878527 0.00812381
555.154 0.889924 0.00806621
555.5 0.894816 0.00810668
555.845 0.900924 0.00845058
556.19 0.896573 0.00865888
556.535 0.891333 0.00882742
556.88 0.895693 0.00870628
557.225 0.892062 0.00865642
557.57 0.892035 0.0088252
557.915 0.902823 0.00911911
558.26 0.900066 0.00921739
558.605 0.898743 0.00917795
558.95 0.883692 0.00890009
559.295 0.879729 0.00840655
559.639 0.876789 0.00807661
559.984 0.881895 0.00779053
560.329 0.88708 0.00778453
560.673 0.892662 0.00783609
561.018 0.894843 0.0080759
561.362 0.891829 0.00827721
561.707 0.899584 0.00852152
562.051 0.892011 0.00838214
562.395 0.876571 0.00819952
562.74 0.889416 0.00809548
563.084 0.885191 0.00797643
563.428 0.891968 0.00783972
563.772 0.886938 0.00785381
564.117 0.894812 0.0078309
564.461 0.891244 0.00779055
564.805 0.882885 0.00782147
565.149 0.892013 0.00782555
565.493 0.892951 0.00784166
565.836 0.884452 0.00765433
566.18 0.880991 0.00752769
566.524 0.877537 0.0070059
566.868 0.886357 0.00685223
567.212 0.889885 0.00674899
567.555 0.885076 0.00664567
567.899 0.886535 0.00634297
568.242 0.878189 0.00605525
568.586 0.877727 0.00566497
568.929 0.87289 0.00528797
569.273 0.881318 0.00502359
569.616 0.890564 0.005057
569.96 0.885196 0.0049399
570.303 0.885521 0.00478727
570.646 0.887364 0.00473273
570.989 0.881246 0.00457032
571.333 0.901014 0.00467882
571.676 0.899937 0.0048508
572.019 0.893926 0.00522773
572.362 0.878437 0.00488974
572.705 0.872789 0.00452383
573.048 0.881919 0.00432844
573.391 0.883714 0.00419146
573.733 0.885843 0.00413821
574.076 0.88618 0.00409325
574.419 0.902028 0.00425556
574.762 0.897418 0.00447083
575.104 0.908648 0.00481566
575.447 0.881085 0.00467803
575.789 0.868416 0.00436543
576.132 0.886018 0.0041657
576.474 0.872571 0.0040877
576.817 0.874284 0.00378509
577.159 0.879741 0.00358994
577.501 0.897256 0.00365412
577.844 0.908832 0.00393603
578.186 0.910246 0.00441835
578.528 0.890342 0.00454826
578.87 0.893488 0.00457617
579.212 0.873854 0.00437467
579.554 0.889833 0.00427343
579.896 0.885089 0.00428798
580.238 0.861198 0.00398589
580.58 0.877164 0.00353438
580.922 0.903277 0.00344697
581.264 0.904076 0.00344841
581.606 0.904799 0.00360168
581.947 0.909487 0.00383295
582.289 0.913985 0.00426889
582.631 0.910616 0.00472635
582.972 0.899245 0.00501171
583.314 0.889706 0.0049301
583.655 0.872813 0.00472046
583.997 0.863768 0.0042865
584.338 0.874443 0.00401147
584.679 0.882627 0.0038668
585.021 0.902851 0.00401836
585.362 0.901744 0.00431507
585.703 0.90336 0.00464536
586.044 0.87823 0.00459736
586.385 0.877039 0.00434736
586.726 0.881367 0.00416237
587.067 0.900141 0.00437155
587.408 0.899357 0.00462019
587.749 0.9052 0.00485494
588.09 0.894151 0.00502634
588.431 0.908053 0.005367
588.772 0.887555 0.00551846
589.113 0.887325 0.00542248
589.453 0.888525 0.00539671
589.794 0.900932 0.00562036
590.134 0.901304 0.00592147
590.475 0.893648 0.00603331
590.815 0.878149 0.00592542
591.156 0.894343 0.00598832
591.496 0.863984 0.00570637
591.837 0.865297 0.00491282
592.177 0.870044 0.00447504
592.517 0.887693 0.00432766
592.857 0.899843 0.00459397
593.198 0.90812 0.00491026
593.538 0.907865 0.00541598
593.878 0.891769 0.00553928
594.218 0.878818 0.00532152
594.558 0.891709 0.00516117
594.898 0.898329 0.0053262
595.237 0.90483 0.00567683
595.577 0.90435 0.00604194
595.917 0.889204 0.00629034
596.257 0.88238 0.00600361
596.596 0.877352 0.00583601
596.936 0.895837 0.00579931
597.276 0.892652 0.00601529
597.615 0.875362 0.00585116
597.955 0.862281 0.00510748
598.294 0.880753 0.00484293
598.633 0.88976 0.00488377
598.973 0.89346 0.00507839
599.312 0.8857 0.00504086
599.651 0.896413 0.00511145
599.991 0.891888 0.00520989
600.33 0.898279 0.00530932
600.669 0.892188 0.00544294
601.008 0.897932 0.00564919
601.347 0.890497 0.00581747
601.686 0.883859 0.00562648
602.025 0.888035 0.00567739
602.364 0.878576 0.00536572
602.702 0.882226 0.00529971
603.041 0.891985 0.00536423
603.38 0.899473 0.00564437
603.719 0.904999 0.0059196
604.057 0.889044 0.00603207
604.396 0.891408 0.00603054
604.734 0.864787 0.005673
605.073 0.880383 0.00529545
605.411 0.886295 0.00536477
605.75 0.899346 0.00560143
606.088 0.892113 0.00587089
606.426 0.885923 0.00570706
606.764 0.88483 0.00562514
607.103 0.904234 0.00586669
607.441 0.888525 0.00601622
607.779 0.890331 0.00616833
608.117 0.892069 0.00613211
608.455 0.893696 0.00639803
608.793 0.874887 0.00639139
609.131 0.872357 0.00595416
609.469 0.881805 0.00584186
609.806 0.892587 0.0059565
610.144 0.898497 0.00644551
610.482 0.885156 0.00646394
610.819 0.898938 0.00649981
611.157 0.8887 0.0064967
611.495 0.887142 0.0067185
611.832 0.88538 0.00673188
612.17 0.885857 0.00668471
612.507 0.884973 0.00660675
612.844 0.88603 0.00668014
613.182 0.886156 0.00669605
613.519 0.879892 0.00663125
613.856 0.888164 0.00664499
614.193 0.875858 0.00651558
614.53 0.880686 0.00639739
614.867 0.890463 0.00642584
615.205 0.88797 0.00673815
615.541 0.894026 0.00700542
615.878 0.882748 0.00725666
616.215 0.883471 0.00718552
616.552 0.884884 0.00726475
616.889 0.8805 0.00708035
617.226 0.888428 0.00703921
617.562 0.897333 0.00729929
617.899 0.895036 0.00773019
618.235 0.89403 0.0081239
618.572 0.88619 0.00838786
618.908 0.8774 0.00805654
619.245 0.885761 0.00776447
619.581 0.884702 0.00762379
619.918 0.909315 0.00837121
620.254 0.902269 0.00940674
620.59 0.882484 0.00944308
620.926 0.871119 0.00874784
621.262 0.872953 0.00827066
621.599 0.88484 0.00836463
621.935 0.875648 0.00821633
622.271 0.875917 0.00790948
622.606 0.880804 0.00776014
622.942 0.892614 0.00800566
623.278 0.87641 0.00816389
623.614 0.871131 0.00775672
623.95 0.884412 0.00778434
624.285 0.887113 0.00794154
624.621 0.889548 0.00838446
624.957 0.889516 0.00864509
625.292 0.89177 0.00891779
625.628 0.887942 0.00916787
625.963 0.87532 0.0091629
626.299 0.878744 0.00899178
626.634 0.875545 0.00883458
626.969 0.890147 0.0090727
627.304 0.895214 0.00986236
627.64 0.896726 0.0105874
627.975 0.868177 0.0102091
628.31 0.864519 0.00962976
628.645 0.888737 0.00954038
628.98 0.878649 0.00969453
629.315 0.886882 0.0099265
629.65 0.883855 0.00998862
629.985 0.882863 0.00995495
630.319 0.888311 0.0104223
630.654 0.879013 0.0104857
630.989 0.881528 0.0104493
631.323 0.885263 0.0106528
631.658 0.896366 0.0111562
631.993 0.89124 0.011606
632.327 0.882605 0.0115936
632.662 0.881549 0.0115239
632.996 0.876592 0.0112366
633.33 0.871469 0.0110379
633.665 0.887383 0.0115283
633.999 0.873732 0.0117868
634.333 0.882778 0.0118453
634.667 0.877901 0.0118534
635.001 0.881191 0.0115862
635.335 0.871782 0.0110857
635.669 0.875511 0.0106971
636.003 0.885524 0.0109079
636.337 0.892289 0.0114968
636.671 0.902457 0.012166
637.005 0.883726 0.0123661
637.339 0.876573 0.0122615
637.672 0.871759 0.0117813
638.006 0.880631 0.0115371
638.339 0.873251 0.0116561
638.673 0.889626 0.0121395
639.006 0.881761 0.0124653
639.34 0.877578 0.0124289
639.673 0.882466 0.0126413
640.007 0.884945 0.0126272
640.34 0.877683 0.0127947
640.673 0.87828 0.0128965
641.006 0.890698 0.0131783
641.34 0.880841 0.0132479
641.673 0.877163 0.0135359
642.006 0.885142 0.0138316
642.339 0.889756 0.0136224
642.672 0.885361 0.0135051
643.004 0.868918 0.0134555
643.337 0.891369 0.0140672
643.67 0.871576 0.0139064
644.003 0.881111 0.0138452
644.336 0.878531 0.013767
644.668 0.858499 0.0135848
645.001 0.88295 0.014015
645.333 0.90214 0.0145149
645.666 0.882225 0.01465
645.998 0.883858 0.0149983
646.331 0.896474 0.0153345
646.663 0.885411 0.0150828
646.995 0.874547 0.0140759
647.327 0.857264 0.0127981
647.66 0.876132 0.0122301
647.992 0.870233 0.0120026
648.324 0.880485 0.0120285
648.656 0.880239 0.0121941
648.988 0.883833 0.0127054
649.32 0.90613 0.0137611
649.652 0.887695 0.0142594
649.983 0.888091 0.0145697
650.315 0.892394 0.0146991
650.647 0.871213 0.0141904
650.979 0.868673 0.0135234
651.31 0.87524 0.0130523
651.642 0.878766 0.0127849
651.973 0.884032 0.0128146
652.305 0.874016 0.0126935
652.636 0.885114 0.0129508
652.967 0.881079 0.0132132
653.299 0.885289 0.0135535
653.63 0.866761 0.0132594
653.961 0.861499 0.0122799
654.292 0.770373 0.00891306
654.623 0.682732 0.00304129
654.955 0.897315 0.00342262
655.286 0.89726 0.00342241
655.616 0.897204 0.0034222
655.947 0.897147 0.00342198
656.278 0.89709 0.00342176
656.609 0.975269 0.00373358
656.94 0.958345 0.00489742
657.27 0.94785 0.00571012
657.601 0.943162 0.00656967
657.932 0.946354 0.00787122
658.262 0.943311 0.00957297
658.593 0.92734 0.0113857
658.923 0.910752 0.0131934
659.254 0.893465 0.0144348
659.584 0.886569 0.0152667
659.914 0.881336 0.0159397
660.244 0.887766 0.0163972
660.575 0.877782 0.0161855
660.905 0.881377 0.0162427
661.235 0.873969 0.0159479
661.565 0.867339 0.015773
661.895 0.863843 0.0156514
662.225 0.865987 0.0159176
662.555 0.884338 0.0163087
662.884 0.852249 0.0158312
663.214 0.873168 0.0158033
663.544 0.884254 0.0157378
663.873 0.867989 0.0153613
664.203 0.876685 0.01527
664.533 0.870258 0.0148018
664.862 0.865841 0.0146615
665.192 0.863648 0.0150641
665.521 0.88416 0.0160694
665.85 0.865858 0.0163746
666.18 0.885983 0.0172462
666.509 0.870365 0.016992
666.838 0.864712 0.0165363
667.167 0.864856 0.0163252
667.496 0.887907 0.0168264
667.825 0.872309 0.0167619
668.154 0.877188 0.0167807
668.483 0.877421 0.0166689
668.812 0.871274 0.0163009
669.141 0.880908 0.0162273
669.47 0.878161 0.0160025
669.798 0.890508 0.0162795
670.127 0.857143 0.0159866
670.456 0.837844 0.0149118
670.784 0.852032 0.0134884
671.113 0.861461 0.0124499
671.441 0.866292 0.0119298
671.77 0.87906 0.012217
672.098 0.875581 0.0126725
672.426 0.899304 0.0142785
672.755 0.876004 0.0149838
673.083 0.875391 0.0151903
673.411 0.865802 0.0150767
673.739 0.871075 0.0153438
674.067 0.884574 0.0162789
674.395 0.877793 0.0162145
674.723 0.851081 0.0155502
675.051 0.879341 0.0155776
675.379 0.853142 0.0153311
675.706 0.876101 0.0157069
676.034 0.871676 0.0160207
676.362 0.851527 0.0159108
676.689 0.857047 0.014994
677.017 0.877662 0.0141769
677.344 0.864887 0.0135191
677.672 0.874662 0.0138283
677.999 0.870152 0.0139605
678.327 0.862003 0.013618
678.654 0.877382 0.0131411
678.981 0.869596 0.0126891
679.308 0.872544 0.012812
679.636 0.893538 0.0135712
679.963 0.890891 0.0142293
680.29 0.853361 0.0139642
680.617 0.875886 0.0138839
680.944 0.877862 0.0136934
681.271 0.883784 0.0141354
681.597 0.888542 0.0151319
681.924 0.887981 0.0161112
682.251 0.869475 0.0158797
682.578 0.870997 0.0150584
682.904 0.859078 0.0139546
683.231 0.873947 0.013515
683.557 0.855432 0.0130716
683.884 0.86216 0.0127486
684.21 0.86445 0.0124666
684.536 0.868545 0.0120877
684.863 0.870283 0.011918
685.189 0.868518 0.0121068
685.515 0.881677 0.0128584
685.841 0.869313 0.013186
686.167 0.856651 0.0131027
686.493 0.875567 0.0130882
686.819 0.878493 0.0131845
687.145 0.876351 0.0137434
687.471 0.882913 0.0148345
687.797 0.865015 0.015176
688.123 0.858834 0.0150297
688.448 0.862124 0.0145644
688.774 0.861566 0.0141222
689.1 0.887469 0.0145755
689.425 0.871136 0.0150467
689.751 0.87205 0.0152981
690.076 0.849947 0.014262
690.402 0.86916 0.0134746
690.727 0.861477 0.0130007
691.052 0.87377 0.0134364
691.377 0.864701 0.0137677
691.703 0.88553 0.0142853
692.028 0.854498 0.0140407
692.353 0.872596 0.0138887
692.678 0.887101 0.0141113
693.003 0.901132 0.0147632
693.328 0.89534 0.0158021
693.652 0.868146 0.0162627
693.977 0.848129 0.0156901
694.302 0.847722 0.0147907
694.627 0.882535 0.0148803
694.951 0.878116 0.0153767
695.276 0.889201 0.0169628
695.6 0.863136 0.0169934
695.925 0.850237 0.0148026
696.249 0.856391 0.0130995
696.574 0.860211 0.0124423
696.898 0.883898 0.0131866
697.222 0.869496 0.0138241
697.546 0.859844 0.0143003
697.871 0.872744 0.0147107
698.195 0.884142 0.0149149
698.519 0.877913 0.0152384
698.843 0.883572 0.015725
699.167 0.877618 0.0162609
699.491 0.86974 0.0168042
699.814 0.862858 0.0168729
700.138 0.875641 0.0170493
700.462 0.868225 0.0172577
700.786 0.852504 0.0168736
701.109 0.855663 0.0164882
701.433 0.881183 0.0161528
701.756 0.863395 0.0154181
702.08 0.865654 0.0154396
702.403 0.866236 0.0157594
702.726 0.883998 0.0165958
703.05 0.877204 0.0169354
703.373 0.872421 0.017086
703.696 0.874259 0.0171184
704.019 0.879065 0.0177643
704.342 0.873426 0.0183531
704.665 0.892097 0.0193141
704.988 0.852867 0.0187611
705.311 0.843776 0.0175142
705.634 0.834416 0.0156377
705.957 0.856471 0.0143489
706.28 0.845925 0.0132105
706.602 0.867632 0.0132401
706.925 0.869951 0.0135366
707.247 0.870961 0.0140842
707.57 0.865898 0.014597
707.892 0.874514 0.01517
708.215 0.888708 0.0160399
708.537 0.859743 0.0161647
708.859 0.869352 0.0163477
709.182 0.872793 0.0162105
709.504 0.859188 0.0156603
709.826 0.866361 0.0155282
710.148 0.86283 0.015559
710.47 0.863161 0.0160043
710.792 0.8776 0.0167339
711.114 0.883059 0.0173486
711.436 0.871082 0.0176139
711.758 0.850731 0.0171252
712.079 0.851027 0.0169325
712.401 0.853247 0.0161179
712.723 0.85843 0.01558
713.044 0.846012 0.0145718
713.366 0.864503 0.0145661
713.687 0.872284 0.0147504
714.009 0.849546 0.0149519
714.33 0.861643 0.0153956
714.652 0.859862 0.0158168
714.973 0.868965 0.0164512
715.294 0.870422 0.0173118
715.615 0.878404 0.0185031
715.936 0.852521 0.0184957
716.257 0.85788 0.0187323
716.578 0.874164 0.0190363
716.899 0.874533 0.0186159
717.22 0.869604 0.0173658
717.541 0.861484 0.0168212
717.862 0.872339 0.01687
718.182 0.858699 0.0167047
718.503 0.841569 0.0161778
718.824 0.884907 0.0168254
719.144 0.86559 0.0169067
719.465 0.864122 0.0172782
719.785 0.861205 0.0168932
720.105 0.860339 0.0166629
720.426 0.849793 0.016355
720.746 0.874297 0.0168706
721.066 0.848641 0.0166512
721.386 0.860508 0.0169389
721.706 0.855524 0.017381
722.026 0.865306 0.017944
722.346 0.866775 0.0181085
722.666 0.877378 0.0179806
722.986 0.87583 0.0175191
723.306 0.865676 0.0175533
723.626 0.860112 0.0178437
723.946 0.864836 0.0178568
724.265 0.861596 0.0168705
724.585 0.850887 0.0158813
724.904 0.861628 0.0158625
725.224 0.872762 0.0160073
725.543 0.860715 0.0158931
725.863 0.86341 0.0160705
726.182 0.880595 0.0168885
726.501 0.836696 0.0167215
726.82 0.871667 0.0171798
727.14 0.851585 0.0163231
727.459 0.849061 0.0158072
727.778 0.84484 0.0156742
728.097 0.863427 0.0160624
728.416 0.840651 0.01567
728.734 0.859777 0.0153435
729.053 0.859758 0.0151929
729.372 0.853211 0.0151037
729.691 0.847364 0.0146726
730.009 0.851061 0.0139976
730.328 0.853131 0.0136022
730.647 0.858735 0.0136624
730.965 0.868117 0.0142181
731.283 0.866025 0.0147345
731.602 0.858159 0.0148382
731.92 0.85097 0.0145133
732.238 0.845821 0.0141209
732.557 0.864901 0.0141484
732.875 0.848739 0.0136759
733.193 0.846689 0.0128449
733.511 0.856317 0.0126225
733.829 0.861593 0.013041
734.147 0.871459 0.0139781
734.465 0.863502 0.014547
734.782 0.858004 0.0144875
735.1 0.85566 0.0140624
735.418 0.862413 0.0141062
735.735 0.872661 0.0142325
736.053 0.851386 0.0139021
736.371 0.863218 0.0141431
736.688 0.860168 0.0146325
737.005 0.864288 0.015561
737.323 0.850909 0.0160306
737.64 0.859429 0.016129
737.957 0.846603 0.0151774
738.274 0.843898 0.013908
738.592 0.866236 0.0137478
738.909 0.871038 0.0141332
739.226 0.851677 0.0152215
739.543 0.86371 0.0165229
739.86 0.864674 0.0174933
740.176 0.862881 0.0179289
740.493 0.86924 0.0185382
740.81 0.849906 0.0183887
741.127 0.85235 0.0182206
741.443 0.836006 0.017098
741.76 0.848671 0.0166562
742.076 0.862752 0.0169424
742.393 0.871699 0.0179436
742.709 0.866354 0.0188787
743.025 0.85983 0.019154
743.342 0.857718 0.0189547
743.658 0.859471 0.0186089
743.974 0.846068 0.0179526
744.29 0.866563 0.0181502
744.606 0.849788 0.0181658
744.922 0.850674 0.0182078
745.238 0.864875 0.0184149
745.554 0.856234 0.018766
745.87 0.856055 0.0189617
746.186 0.841295 0.0180231
746.501 0.85393 0.0174899
746.817 0.863755 0.0178704
747.132 0.875577 0.0193127
747.448 0.857581 0.0198641
747.763 0.815991 0.019087
748.079 0.834016 0.0184937
748.394 0.861265 0.0175197
748.71 0.852362 0.0162259
749.025 0.853206 0.0152843
749.34 0.853 0.0150838
749.655 0.869458 0.0155618
749.97 0.871855 0.0161442
750.285 0.842452 0.0159187
750.6 0.84933 0.0156419
750.915 0.852257 0.0152794
751.23 0.865077 0.015697
751.545 0.876523 0.0164498
751.859 0.856389 0.0168723
752.174 0.861488 0.0171201
752.489 0.847951 0.0161299
752.803 0.835184 0.0150471
753.118 0.846837 0.015038
753.432 0.852773 0.0155968
753.747 0.866522 0.0163048
754.061 0.833025 0.0154448
754.375 0.837188 0.0148353
754.689 0.839037 0.0143894
755.004 0.847345 0.0144372
755.318 0.85064 0.0141499
755.632 0.829939 0.013295
755.946 0.851177 0.0132207
756.26 0.831176 0.0124804
756.573 0.85337 0.0120993
756.887 0.844787 0.0116719
757.201 0.859352 0.0120219
757.515 0.862114 0.01319
757.828 0.859123 0.0141214
758.142 0.856643 0.0140543
758.455 0.842667 0.0129454
758.769 0.856274 0.012358
759.082 0.840833 0.0119129
759.396 0.849973 0.0117975
759.709 0.854757 0.0117389
760.022 0.852995 0.0118303
760.335 0.871529 0.0125866
760.648 0.876435 0.0135662
760.962 0.869524 0.014504
761.275 0.857867 0.0151201
761.587 0.863055 0.0153632
761.9 0.879017 0.0155439
762.213 0.856581 0.0148431
762.526 0.858142 0.0143206
762.839 0.865234 0.0143222
763.151 0.855234 0.0138279
763.464 0.838293 0.0129486
763.776 0.85294 0.0121322
764.089 0.853459 0.0118796
764.401 0.856186 0.0123213
764.714 0.856204 0.0130461
765.026 0.849365 0.0138691
765.338 0.870221 0.0149477
765.65 0.862744 0.0160193
765.962 0.854917 0.0166877
766.275 0.857684 0.0173127
766.587 0.8442 0.0172328
766.898 0.84076 0.0166457
767.21 0.850954 0.0157564
767.522 0.841244 0.0145357
767.834 0.846705 0.0140485
768.146 0.839986 0.0140938
768.457 0.865765 0.0151828
768.769 0.850303 0.0158477
769.08 0.848665 0.0159039
769.392 0.853299 0.0153707
769.703 0.848568 0.0145348
770.015 0.858707 0.0140635
770.326 0.868459 0.0141706
770.637 0.856501 0.0145817
770.948 0.869737 0.0157667
771.26 0.833907 0.0164083
771.571 0.851558 0.0167628
771.882 0.854303 0.0163818
772.193 0.870291 0.0167019
772.504 0.875423 0.0171703
772.814 0.852873 0.0172858
773.125 0.868466 0.0178042
773.436 0.85856 0.0182108
773.747 0.834355 0.0183564
774.057 0.838719 0.0187981
774.368 0.864944 0.01939
774.678 0.864297 0.019888
774.989 0.849702 0.0200288
775.299 0.856233 0.0207823
775.609 0.850182 0.0204778
775.919 0.856182 0.0203814
776.23 0.870586 0.020577
776.54 0.838313 0.020021
776.85 0.856306 0.0204475
777.16 0.813619 0.0193392
777.47 0.841981 0.0186512
777.78 0.851397 0.0179287
778.089 0.838137 0.0168944
778.399 0.845101 0.016857
778.709 0.858671 0.0177757
779.019 0.864568 0.0190083
779.328 0.839239 0.019741
779.638 0.840368 0.0194931
779.947 0.821618 0.0175703
780.257 0.819427 0.0160068
780.566 0.828052 0.0154885
780.875 0.832661 0.0158866
781.185 0.856117 0.0171304
781.494 0.855964 0.0174118
781.803 0.870313 0.0180263
782.112 0.849348 0.0180684
782.421 0.851444 0.0178531
782.73 0.844114 0.017308
783.039 0.846748 0.0175549
783.348 0.863297 0.0191404
783.656 0.852631 0.0200668
783.965 0.837835 0.0201903
784.274 0.85079 0.0195728
784.582 0.853658 0.0189968
784.891 0.849306 0.0188366
785.199 0.840298 0.0190203
785.508 0.86218 0.019797
785.816 0.840531 0.0199023
786.124 0.834344 0.0193912
786.432 0.846527 0.0185731
786.741 0.861848 0.0180241
787.049 0.847157 0.0177643
787.357 0.834661 0.0179026
787.665 0.848507 0.0179418
787.973 0.867327 0.0183046
788.281 0.841309 0.0184034
788.588 0.84639 0.0194416
788.896 0.838521 0.0205545
789.204 0.861867 0.0216853
789.511 0.860101 0.0217217
789.819 0.851339 0.0220047
790.126 0.858422 0.0221053
790.434 0.85787 0.0220931
790.741 0.863201 0.0221057
791.049 0.836887 0.0217432
791.356 0.870853 0.0228999
791.663 0.838211 0.022872
791.97 0.850842 0.0231036
792.277 0.828503 0.0223747
792.584 0.842227 0.0213696
792.891 0.812554 0.0185651
793.198 0.838597 0.0175072
793.505 0.860123 0.0173835
793.812 0.841339 0.0176789
794.119 0.82896 0.0179518
794.425 0.853423 0.0187558
794.732 0.835897 0.0194083
795.038 0.867279 0.0218408
795.345 0.856401 0.0233391
795.651 0.832574 0.0242459
795.958 0.8505 0.0245553
796.264 0.817889 0.0224704
796.57 0.820321 0.0216805
796.876 0.859721 0.0220045
797.183 0.831472 0.02204
797.489 0.837421 0.0230266
797.795 0.830236 0.0231327
798.101 0.83635 0.0231151
798.406 0.851598 0.0234487
798.712 0.866168 0.024347
799.018 0.859552 0.0246327
799.324 0.847124 0.0245182
799.629 0.841109 0.0245412
799.935 0.865875 0.0250845
800.24 0.863716 0.0255298
800.546 0.860908 0.025497
800.851 0.832315 0.0252982
801.157 0.859725 0.0268128
801.462 0.855352 0.0270039
801.767 0.844359 0.0269575
802.072 0.845953 0.0259362
802.377 0.856463 0.0251128
802.682 0.847524 0.0245789
802.987 0.837887 0.0251175
803.292 0.866358 0.0261937
803.597 0.848524 0.0261434
803.902 0.838625 0.025925
804.207 0.868248 0.0262138
804.511 0.858246 0.025663
804.816 0.797676 0.0232462
805.12 0.818883 0.0220073
805.425 0.829394 0.0208608
805.729 0.832308 0.0210612
806.034 0.833965 0.0218981
806.338 0.824779 0.0230183
806.642 0.83831 0.0237973
806.946 0.821805 0.0233235
807.251 0.864233 0.0241379
807.555 0.844823 0.0234855
807.859 0.809304 0.0228119
808.162 0.866902 0.024295
808.466 0.856176 0.024966
808.77 0.842404 0.0254205
809.074 0.852289 0.0264436
809.378 0.855954 0.0265466
809.681 0.854165 0.02631
809.985 0.878247 0.0271099
810.288 0.885908 0.0275315
810.592 0.859382 0.0269129
810.895 0.844692 0.0273156
811.198 0.854224 0.028684
811.502 0.81125 0.0283597
811.805 0.857033 0.0299497
812.108 0.803651 0.0276815
812.411 0.847929 0.0275916
812.714 0.857734 0.0258566
813.017 0.835503 0.0241506
813.32 0.846121 0.0242675
813.623 0.859634 0.0252332
813.926 0.848218 0.0268807
814.228 0.874212 0.0287489
814.531 0.864687 0.0295086
814.833 0.787607 0.0279462
815.136 0.816774 0.028632
815.438 0.835805 0.029294
815.741 0.832117 0.0280174
816.043 0.816407 0.0274141
816.345 0.852599 0.0278268
816.648 0.825157 0.0275983
816.95 0.845585 0.0283667
817.252 0.825873 0.0286639
817.554 0.797525 0.0282278
817.856 0.831361 0.0294359
818.158 0.802418 0.0291702
818.46 0.844579 0.0306856
818.761 0.866889 0.030975
819.063 0.840987 0.0299791
819.365 0.826717 0.0288456
819.666 0.814812 0.0272052
819.968 0.822047 0.0264242
820.269 0.834354 0.0263336
820.571 0.829101 0.0269388
820.872 0.820395 0.0278103
821.173 0.820698 0.0289204
821.475 0.860849 0.0307591
821.776 0.843658 0.0302928
822.077 0.826265 0.0298042
822.378 0.857245 0.0305697
822.679 0.884263 0.0315559
822.98 0.811997 0.0299581
823.281 0.869515 0.0320064
823.581 0.817458 0.0307204
823.882 0.867645 0.0320544
824.183 0.878998 0.0319361
824.483 0.841688 0.0301398
824.784 0.782932 0.0278747
825.084 0.847275 0.0295173
825.385 0.877681 0.0304362
825.685 0.8474 0.0305497
825.985 0.836944 0.030101
826.286 0.810838 0.029221
826.586 0.823946 0.0288784
826.886 0.848242 0.0293555
827.186 0.834629 0.0295465
827.486 0.834174 0.0305306
827.786 0.836352 0.0310363
828.086 0.81994 0.0304214
828.386 0.839055 0.0303719
828.685 0.827032 0.0299866
828.985 0.880129 0.0318586
829.285 0.860264 0.0317145
829.584 0.845948 0.0319576
829.884 0.794115 0.0314351
830.183 0.857217 0.0343627
830.482 0.834041 0.0335251
830.782 0.834976 0.0336865
831.081 0.847544 0.0352236
831.38 0.806438 0.0332479
831.679 0.814783 0.0334953
831.978 0.84008 0.0340655
832.277 0.868117 0.0335133
832.576 0.858682 0.0327037
832.875 0.827357 0.0320821
833.174 0.789881 0.0311504
833.472 0.833293 0.032237
833.771 0.852498 0.03305
834.07 0.868437 0.0325648
834.368 0.848884 0.0325112
834.667 0.854957 0.0334889
834.965 0.866281 0.034216
835.263 0.875908 0.034452
835.562 0.835224 0.0336576
835.86 0.806685 0.0327723
836.158 0.813186 0.0332784
836.456 0.817571 0.034247
836.754 0.767313 0.0330849
837.052 0.88567 0.0366738
837.35 0.834702 0.0349125
837.648 0.837857 0.0354423
837.946 0.872508 0.036476
838.243 0.84188 0.0358403
838.541 0.829794 0.0346473
838.839 0.809608 0.0342734
839.136 0.893397 0.0359275
839.434 0.839707 0.0346195
839.731 0.87444 0.0362791
840.028 0.845407 0.0348545
840.326 0.854272 0.0354772
840.623 0.837714 0.0350997
840.92 0.822903 0.0351229
841.217 0.939802 0.0385885
841.514 0.874968 0.0374417
841.811 0.782889 0.0342478
842.108 0.891714 0.0376251
842.405 0.900968 0.0381021
842.701 0.856732 0.0373262
842.998 0.822117 0.0354387
843.295 0.835837 0.0365144
843.591 0.891726 0.0377979
843.888 0.864571 0.0367876
844.184 0.853082 0.0367541
844.481 0.810989 0.0352481
844.777 0.831669 0.0358695
845.073 0.793482 0.0353004
845.369 0.863107 0.0371859
845.665 0.8684 0.037845
845.962 0.827919 0.0362273
846.258 0.827123 0.0369112
846.553 0.851545 0.0375065
846.849 0.856374 0.0376775
847.145 0.8113 0.0354808
847.441 0.846443 0.0364586
847.737 0.803558 0.0352285
848.032 0.840919 0.0367266
848.328 0.836738 0.0368036
848.623 0.89223 0.0385119
848.919 0.808309 0.0358393
849.214 0.795686 0.0351527
849.509 0.820514 0.0362294
849.805 0.87123 0.0380813
850.1 0.871652 0.0389421
850.395 0.896771 0.0393684
850.69 0.896361 0.0396333
850.985 0.789481 0.0358755
851.28 0.85631 0.037208
851.575 0.827557 0.0370247
851.869 0.868111 0.0377915
852.164 0.875025 0.0373765
852.459 0.865776 0.0361585
852.753 0.850589 0.0353413
853.048 0.827421 0.0330482
853.342 0.806031 0.0323919
853.637 0.858549 0.0340311
853.931 0.831263 0.0331267
854.225 0.821744 0.0327917
854.52 0.852223 0.0346386
854.814 0.87194 0.0351534
855.108 0.793735 0.0324517
855.402 0.828111 0.0337535
855.696 0.851877 0.0352145
855.99 0.880418 0.0363769
856.283 0.807162 0.0340663
856.577 0.894797 0.036688
856.871 0.887845 0.0362564
857.164 0.835652 0.0355571
857.458 0.891639 0.037949
857.751 0.840205 0.0361993
858.045 0.82857 0.0355116
858.338 0.826891 0.0360552
858.632 0.832859 0.0353567
858.925 0.848029 0.0366135
859.218 0.809708 0.0356244
859.511 0.892417 0.038965
859.804 0.87182 0.0381275
860.097 0.839674 0.0364268
860.39 0.853596 0.0378053
860.683 0.907113 0.0388073
860.976 0.876258 0.0384472
861.268 0.826667 0.0367662
861.561 0.878655 0.0389909
861.854 0.904196 0.040732
862.146 0.840135 0.0378681
862.439 0.855972 0.0380166
862.731 0.816847 0.0362282
863.023 0.838085 0.0378848
863.316 0.837624 0.037191
863.608 0.849708 0.0376541
863.9 0.896751 0.038707
864.192 0.833951 0.0364417
864.484 0.852075 0.0377168
864.776 0.872069 0.0384953
865.068 0.857986 0.0379469
865.36 0.862504 0.0379472
865.651 0.871992 0.0391576
865.943 0.812188 0.0370924
866.235 0.881122 0.0388303
866.526 0.910833 0.0405436
866.818 0.801009 0.0367455
867.109 0.846482 0.0375425
867.4 0.888703 0.0392078
867.692 0.876123 0.0391419
867.983 0.845128 0.0380711
868.274 0.862471 0.0389422
868.565 0.879989 0.0388339
868.856 0.859039 0.0386199
869.147 0.820094 0.0376321
869.438 0.822981 0.0375967
869.729 0.863939 0.0387514
870.02 0.917428 0.0415075
870.31 0.887088 0.0395423
870.601 0.850526 0.0381609
870.892 0.821731 0.0371243
871.182 0.829462 0.0371415
871.473 0.905801 0.0396569
871.763 0.867581 0.0378806
872.053 0.908781 0.0392263
872.343 0.851898 0.0379202
872.634 0.85055 0.0382712
872.924 0.796899 0.0363083
873.214 0.851349 0.0382962
873.504 0.811109 0.037882
873.794 0.898036 0.0408561
874.084 0.963621 0.0421996
874.373 0.827043 0.038111
874.663 0.845804 0.0376281
874.953 0.893897 0.0399699
875.242 0.874421 0.0389998
875.532 0.784385 0.0366339
875.821 0.844298 0.0382435
876.111 0.901792 0.0393743
876.4 0.888503 0.039572
876.689 0.909776 0.0397768
876.978 0.875901 0.0390436
877.268 0.866126 0.0388941
877.557 0.929317 0.0407529
877.846 0.889872 0.0397451
878.134 0.833273 0.0388094
878.423 0.833426 0.0388165
878.712 0.833579 0.0388237
