178.41         0.732206       0.00494307     
178.791        0.732206       0.00494307     
179.172        0.732206       0.00716127     
179.553        0.887875       0.00716127     
179.934        0.813071       0.00716127     
180.316        0.667602       0.00550147     
180.697        0.848119       0.00550147     
181.078        0.818921       0.00723137     
181.459        0.928728       0.00723137     
181.84         0.833481       0.00723137     
182.221        1.00797        0.00638292     
182.602        1.61027        0.00638292     
182.983        0.555862       0.00638292     
183.364        -0.083951      0.00634152     
183.744        0.933536       0.00634152     
184.125        0.847052       0.00538471     
184.506        0.681495       0.00538471     
184.887        0.780691       0.00538471     
185.268        0.898398       0.00670643     
185.648        0.85643        0.00670643     
186.029        0.881033       0.00495034     
186.41         0.813441       0.00495034     
186.791        0.82658        0.00495034     
187.171        0.91897        0.00531644     
187.552        0.844724       0.00531644     
187.932        0.867152       0.00531644     
188.313        0.823213       0.00531908     
188.694        0.850659       0.00531908     
189.074        0.847347       0.0073266      
189.455        0.851795       0.0073266      
189.835        0.836096       0.0073266      
190.216        0.845018       0.00572908     
190.596        0.869949       0.00572908     
190.977        0.844246       0.00572908     
191.357        0.843547       0.00591261     
191.737        0.872048       0.00591261     
192.118        0.847766       0.00577314     
192.498        0.834285       0.00577314     
192.878        0.856601       0.00577314     
193.258        0.824705       0.0047261      
193.639        0.839311       0.0047261      
194.019        0.824813       0.00539785     
194.399        0.819548       0.00539785     
194.779        0.824287       0.00539785     
195.159        0.822901       0.0057937      
195.54         0.828424       0.0057937      
195.92         0.836582       0.0057937      
196.3          0.826054       0.00662326     
196.68         0.839239       0.00662326     
197.06         0.817957       0.00485064     
197.44         0.831064       0.00485064     
197.82         0.820692       0.00485064     
198.2          0.831869       0.00659141     
198.58         0.82523        0.00659141     
198.959        0.828159       0.00659141     
199.339        0.82476        0.00536402     
199.719        0.831685       0.00536402     
200.099        0.830453       0.00520342     
200.479        0.833347       0.00520342     
200.858        0.836167       0.00520342     
201.238        0.81608        0.00528124     
201.618        0.827865       0.00528124     
201.998        0.833941       0.00528124     
202.377        0.828993       0.00540641     
202.757        0.833127       0.00540641     
203.136        0.844949       0.00402937     
203.516        0.832181       0.00402937     
203.896        0.839368       0.00402937     
204.275        0.830902       0.00477622     
204.655        0.833024       0.00477622     
205.034        0.834831       0.0040769      
205.414        0.836506       0.0040769      
205.793        0.850285       0.0040769      
206.172        0.847223       0.00517705     
206.552        0.838219       0.00517705     
206.931        0.858554       0.00517705     
207.31         0.848591       0.00490695     
207.69         0.848665       0.00490695     
208.069        0.852115       0.00502473     
208.448        0.842386       0.00502473     
208.827        0.857065       0.00502473     
209.207        0.851285       0.00470327     
209.586        0.856969       0.00470327     
209.965        0.865498       0.00470327     
210.344        0.865926       0.0052506      
210.723        0.862527       0.0052506      
211.102        0.865784       0.00477908     
211.481        0.859703       0.00477908     
211.86         0.871254       0.00477908     
212.239        0.870512       0.00488949     
212.618        0.872105       0.00488949     
212.997        0.870104       0.00488949     
213.376        0.87234        0.00460825     
213.755        0.878145       0.00460825     
214.134        0.877023       0.00472831     
214.513        0.877463       0.00472831     
214.891        0.88045        0.00472831     
215.27         0.879916       0.00513522     
215.649        0.878906       0.00513522     
216.028        0.886227       0.00390702     
216.406        0.888716       0.00390702     
216.785        0.888197       0.00390702     
217.164        0.883892       0.0051774      
217.542        0.888876       0.0051774      
217.921        0.892596       0.0051774      
218.3          0.89085        0.00400735     
218.678        0.89293        0.00400735     
219.057        0.894536       0.0047342      
219.435        0.892714       0.0047342      
219.814        0.897463       0.0047342      
220.192        0.901249       0.00412437     
220.57         0.903627       0.00412437     
220.949        0.902075       0.00412437     
221.327        0.899557       0.00526106     
221.705        0.903019       0.00526106     
222.084        0.903931       0.00407835     
222.462        0.902987       0.00407835     
222.84         0.902949       0.00407835     
223.218        0.90544        0.00493602     
223.597        0.906835       0.00493602     
223.975        0.906933       0.00493602     
224.353        0.904784       0.00419401     
224.731        0.905477       0.00419401     
225.109        0.91317        0.0036378      
225.487        0.908817       0.0036378      
225.865        0.909791       0.0036378      
226.243        0.90976        0.00398709     
226.621        0.910841       0.00398709     
226.999        0.91005        0.00398709     
227.377        0.915618       0.00435067     
227.755        0.915552       0.00435067     
228.133        0.912531       0.00446056     
228.511        0.914034       0.00446056     
228.889        0.915977       0.00446056     
229.266        0.913361       0.00332027     
229.644        0.913683       0.00332027     
230.022        0.917747       0.00324311     
230.4          0.915145       0.00324311     
230.777        0.9151         0.00324311     
231.155        0.91409        0.00393693     
231.533        0.915865       0.00393693     
231.91         0.916563       0.00393693     
232.288        0.917346       0.00414532     
232.665        0.914394       0.00414532     
233.043        0.920112       0.00407311     
233.42         0.914812       0.00407311     
233.798        0.920245       0.00407311     
234.175        0.919649       0.00344818     
234.553        0.917442       0.00344818     
234.93         0.918701       0.00344818     
235.307        0.916918       0.00425643     
235.685        0.916426       0.00425643     
236.062        0.915648       0.00368131     
236.439        0.918587       0.00368131     
236.816        0.917106       0.00368131     
237.194        0.920077       0.00428511     
237.571        0.915461       0.00428511     
237.948        0.919655       0.00428511     
238.325        0.917279       0.00414342     
238.702        0.917104       0.00414342     
239.079        0.917749       0.00415654     
239.456        0.918464       0.00415654     
239.833        0.917401       0.00415654     
240.21         0.917534       0.00394003     
240.587        0.916112       0.00394003     
240.964        0.916777       0.00394003     
241.341        0.917076       0.00393052     
241.718        0.917713       0.00393052     
242.095        0.915962       0.00411091     
242.472        0.918233       0.00411091     
242.849        0.918444       0.00411091     
243.225        0.916672       0.00409107     
243.602        0.919023       0.00409107     
243.979        0.918446       0.00409107     
244.356        0.91791        0.00463868     
244.732        0.916884       0.00463868     
245.109        0.916934       0.00426859     
245.486        0.916805       0.00426859     
245.862        0.91613        0.00426859     
246.239        0.916839       0.00427892     
246.615        0.914949       0.00427892     
246.992        0.917127       0.00427892     
247.368        0.917387       0.00383395     
247.745        0.916624       0.00383395     
248.121        0.914503       0.0037978      
248.497        0.914204       0.0037978      
248.874        0.914179       0.0037978      
249.25         0.913364       0.00381494     
249.626        0.915251       0.00381494     
250.003        0.911592       0.0035731      
250.379        0.91303        0.0035731      
250.755        0.914803       0.0035731      
251.131        0.913784       0.00379263     
251.507        0.913629       0.00379263     
251.884        0.914574       0.00379263     
252.26         0.91521        0.00369335     
252.636        0.91539        0.00369335     
253.012        0.911456       0.00404375     
253.388        0.912858       0.00404375     
253.764        0.913727       0.00404375     
254.14         0.912699       0.00451641     
254.516        0.912792       0.00451641     
254.892        0.914221       0.00451641     
255.268        0.912523       0.00353319     
255.643        0.913477       0.00353319     
256.019        0.913136       0.00410241     
256.395        0.913292       0.00410241     
256.771        0.912741       0.00410241     
257.147        0.91102        0.0047785      
257.522        0.91003        0.0047785      
257.898        0.910668       0.0047785      
258.274        0.910907       0.0045558      
258.649        0.909614       0.0045558      
259.025        0.910568       0.00312699     
259.4          0.911632       0.00312699     
259.776        0.90992        0.00312699     
260.151        0.908751       0.00434588     
260.527        0.910532       0.00434588     
260.902        0.909779       0.00434588     
261.278        0.908977       0.00427306     
261.653        0.909617       0.00427306     
262.028        0.909616       0.00411934     
262.404        0.908084       0.00411934     
262.779        0.907944       0.00411934     
263.154        0.908138       0.00466969     
263.53         0.906992       0.00466969     
263.905        0.909331       0.00466969     
264.28         0.908232       0.0045126      
264.655        0.909112       0.0045126      
265.03         0.909215       0.00397934     
265.405        0.906556       0.00397934     
265.781        0.907561       0.00397934     
266.156        0.908415       0.00395955     
266.531        0.908749       0.00395955     
266.906        0.908082       0.00395955     
267.281        0.907667       0.00330122     
267.655        0.908934       0.00330122     
268.03         0.909769       0.00380791     
268.405        0.909414       0.00380791     
268.78         0.908428       0.00380791     
269.155        0.910087       0.00338697     
269.53         0.910467       0.00338697     
269.904        0.909734       0.00338697     
270.279        0.910263       0.00372233     
270.654        0.910538       0.00372233     
271.029        0.910625       0.0034806      
271.403        0.90998        0.0034806      
271.778        0.910369       0.0034806      
272.152        0.9103         0.00405284     
272.527        0.909659       0.00405284     
272.901        0.909245       0.00405284     
273.276        0.909846       0.0038868      
273.65         0.910004       0.0038868      
274.025        0.909715       0.003524       
274.399        0.910579       0.003524       
274.774        0.910463       0.003524       
275.148        0.910423       0.00373981     
275.522        0.910203       0.00373981     
275.897        0.91056        0.00373981     
276.271        0.911309       0.00340416     
276.645        0.910184       0.00340416     
277.019        0.910478       0.00378229     
277.393        0.91124        0.00378229     
277.768        0.911767       0.00378229     
278.142        0.911188       0.00397613     
278.516        0.911834       0.00397613     
278.89         0.911864       0.00397613     
279.264        0.911706       0.00399064     
279.638        0.911241       0.00399064     
280.012        0.911665       0.00377208     
280.386        0.91178        0.00377208     
280.76         0.911841       0.00377208     
281.133        0.911937       0.00373557     
281.507        0.912635       0.00373557     
281.881        0.911784       0.00373557     
282.255        0.912501       0.00430811     
282.629        0.913516       0.00430811     
283.002        0.914893       0.00431255     
283.376        0.912733       0.00431255     
283.75         0.914527       0.00431255     
284.123        0.91367        0.00410709     
284.497        0.913232       0.00410709     
284.87         0.913241       0.00410709     
285.244        0.91389        0.00356372     
285.618        0.912996       0.00356372     
285.991        0.914195       0.00356372     
286.364        0.914249       0.00396537     
286.738        0.913896       0.00396537     
287.111        0.914508       0.00391785     
287.485        0.914252       0.00391785     
287.858        0.914245       0.00391785     
288.231        0.914933       0.00444806     
288.605        0.915537       0.00444806     
288.978        0.915838       0.00444806     
289.351        0.915493       0.00462358     
289.724        0.91693        0.00462358     
290.097        0.91595        0.00428925     
290.47         0.917047       0.00428925     
290.843        0.916416       0.00428925     
291.217        0.916942       0.00402579     
291.59         0.918645       0.00402579     
291.963        0.917701       0.00402579     
292.336        0.918485       0.00414254     
292.708        0.918381       0.00414254     
293.081        0.918575       0.00422674     
293.454        0.917877       0.00422674     
293.827        0.919269       0.00422674     
294.2          0.919987       0.00424097     
294.573        0.920183       0.00424097     
294.945        0.921049       0.00424097     
295.318        0.920866       0.00519325     
295.691        0.919968       0.00519325     
296.064        0.921857       0.00443877     
296.436        0.921426       0.00443877     
296.809        0.921448       0.00443877     
297.181        0.92129        0.00441759     
297.554        0.923264       0.00441759     
297.926        0.922097       0.00441759     
298.299        0.923471       0.00421096     
298.671        0.922411       0.00421096     
299.044        0.922991       0.00386871     
299.416        0.924129       0.00386871     
299.788        0.923153       0.00386871     
300.161        0.922366       0.00422762     
300.533        0.923422       0.00422762     
300.905        0.922644       0.00422762     
301.278        0.922198       0.00424248     
301.65         0.921495       0.00424248     
302.022        0.922714       0.00422526     
302.394        0.922902       0.00422526     
302.766        0.923513       0.00422526     
303.138        0.922952       0.00499601     
303.51         0.922343       0.00499601     
303.882        0.921252       0.00499601     
304.254        0.921934       0.00490238     
304.626        0.922863       0.00490238     
304.998        0.920809       0.00490238     
305.37         0.922483       0.00440252     
305.742        0.921375       0.00440252     
306.114        0.921528       0.0048765      
306.485        0.921426       0.0048765      
306.857        0.920636       0.0048765      
307.229        0.922005       0.00450106     
307.601        0.922063       0.00450106     
307.972        0.920785       0.00450106     
308.344        0.920994       0.00439655     
308.716        0.922189       0.00439655     
309.087        0.921322       0.00447225     
309.459        0.92262        0.00447225     
309.83         0.922279       0.00447225     
310.202        0.922787       0.00475553     
310.573        0.921418       0.00475553     
310.945        0.921533       0.00475553     
311.316        0.921524       0.00500865     
311.687        0.920674       0.00500865     
312.059        0.921115       0.00468863     
312.43         0.921241       0.00468863     
312.801        0.920666       0.00468863     
313.172        0.920562       0.00529893     
313.544        0.919964       0.00529893     
313.915        0.92168        0.00529893     
314.286        0.920718       0.00467937     
314.657        0.920353       0.00467937     
315.028        0.920346       0.00488723     
315.399        0.92127        0.00488723     
315.77         0.920482       0.00488723     
316.141        0.920984       0.00463539     
316.512        0.91951        0.00463539     
316.883        0.921416       0.00463539     
317.254        0.921384       0.00585307     
317.625        0.920955       0.00585307     
317.996        0.92008        0.00585307     
318.366        0.921706       0.00568739     
318.737        0.92169        0.00568739     
319.108        0.920162       0.00565608     
319.478        0.920747       0.00565608     
319.849        0.919726       0.00565608     
320.22         0.920859       0.00447046     
320.59         0.920298       0.00447046     
320.961        0.921839       0.00447046     
321.331        0.920309       0.00496119     
321.702        0.921758       0.00496119     
322.072        0.921728       0.00465654     
322.443        0.922515       0.00465654     
322.813        0.920791       0.00465654     
323.184        0.921428       0.00534589     
323.554        0.920073       0.00534589     
323.924        0.921142       0.00534589     
324.295        0.920154       0.00461352     
324.665        0.920368       0.00461352     
325.035        0.921641       0.00451568     
325.405        0.921454       0.00451568     
325.775        0.921094       0.00451568     
326.145        0.921264       0.00486023     
326.515        0.920294       0.00486023     
326.886        0.920347       0.00486023     
327.256        0.921816       0.00530955     
327.626        0.921732       0.00530955     
327.995        0.924625       0.00530955     
328.365        0.925009       0.00551573     
328.735        0.923553       0.00551573     
329.105        0.923384       0.00432546     
329.475        0.920907       0.00432546     
329.845        0.917002       0.00432546     
330.215        0.913991       0.0052343      
330.584        0.912245       0.0052343      
330.954        0.914882       0.0052343      
331.324        0.924638       0.00409449     
331.693        0.925871       0.00409449     
332.063        0.920952       0.00529497     
332.432        0.916044       0.00529497     
332.802        0.919815       0.00529497     
333.171        0.918324       0.00544143     
333.541        0.918017       0.00544143     
333.91         0.915824       0.00544143     
334.28         0.917126       0.00518245     
334.649        0.916546       0.00518245     
335.018        0.916672       0.00502781     
335.388        0.917961       0.00502781     
335.757        0.918551       0.00502781     
336.126        0.91644        0.00546554     
336.495        0.918923       0.00546554     
336.865        0.918181       0.00546554     
337.234        0.91779        0.00589111     
337.603        0.917058       0.00589111     
337.972        0.917079       0.00589111     
338.341        0.917738       0.00620697     
338.71         0.916584       0.00620697     
339.079        0.914903       0.00502729     
339.448        0.917136       0.00502729     
339.817        0.917863       0.00502729     
340.186        0.917344       0.00464318     
340.554        0.916225       0.00464318     
340.923        0.916234       0.00464318     
341.292        0.917695       0.00520707     
341.661        0.917922       0.00520707     
342.029        0.91589        0.00550518     
342.398        0.91758        0.00550518     
342.767        0.916132       0.00550518     
343.135        0.915639       0.00513875     
343.504        0.916347       0.00513875     
343.872        0.915051       0.00513875     
344.241        0.914121       0.00640795     
344.609        0.914822       0.00640795     
344.978        0.915153       0.00640795     
345.346        0.914341       0.0055822      
345.715        0.914661       0.0055822      
346.083        0.912546       0.00477048     
346.451        0.915073       0.00477048     
346.82         0.91484        0.00477048     
347.188        0.913722       0.00462737     
347.556        0.913566       0.00462737     
347.924        0.914311       0.00462737     
348.292        0.913548       0.00480704     
348.66         0.912294       0.00480704     
349.028        0.912722       0.00529379     
349.396        0.913328       0.00529379     
349.764        0.912444       0.00529379     
350.132        0.913687       0.00597964     
350.5          0.91225        0.00597964     
350.868        0.911562       0.00597964     
351.236        0.91201        0.00488828     
351.604        0.91083        0.00488828     
351.972        0.912412       0.00488828     
352.34         0.912089       0.00464354     
352.707        0.912079       0.00464354     
353.075        0.910115       0.00563691     
353.443        0.910239       0.00563691     
353.81         0.90927        0.00563691     
354.178        0.911295       0.00524414     
354.545        0.90986        0.00524414     
354.913        0.909196       0.00524414     
355.28         0.909035       0.00516428     
355.648        0.910602       0.00516428     
356.015        0.907859       0.0060405      
356.383        0.909144       0.0060405      
356.75         0.908587       0.0060405      
357.117        0.907824       0.00601031     
357.485        0.907071       0.00601031     
357.852        0.907289       0.00601031     
358.219        0.905485       0.0058804      
358.586        0.907994       0.0058804      
358.954        0.907235       0.0058804      
359.321        0.908669       0.00468443     
359.688        0.906516       0.00468443     
360.055        0.907941       0.00564962     
360.422        0.905687       0.00564962     
360.789        0.90666        0.00564962     
361.156        0.90414        0.00495189     
361.523        0.904227       0.00495189     
361.89         0.905568       0.00495189     
362.256        0.903142       0.0049605      
362.623        0.903184       0.0049605      
362.99         0.904984       0.0049605      
363.357        0.905933       0.00580349     
363.724        0.90366        0.00580349     
364.09         0.903019       0.00498164     
364.457        0.90398        0.00498164     
364.823        0.903591       0.00498164     
365.19         0.904567       0.00545056     
365.557        0.902728       0.00545056     
365.923        0.903342       0.00545056     
366.29         0.903732       0.00622788     
366.656        0.902289       0.00622788     
367.022        0.90386        0.00681404     
367.389        0.902782       0.00681404     
367.755        0.902216       0.00681404     
368.121        0.902584       0.00572915     
368.488        0.901612       0.00572915     
368.854        0.904112       0.00572915     
369.22         0.901317       0.00553947     
369.586        0.901784       0.00553947     
369.952        0.899787       0.00553947     
370.318        0.901169       0.00634616     
370.684        0.902202       0.00634616     
371.051        0.900433       0.00590308     
371.416        0.902369       0.00590308     
371.782        0.901561       0.00590308     
372.148        0.900968       0.00605819     
372.514        0.900988       0.00605819     
372.88         0.901594       0.00605819     
373.246        0.900479       0.00560274     
373.612        0.898676       0.00560274     
373.977        0.899603       0.00560274     
374.343        0.898627       0.00504814     
374.709        0.898861       0.00504814     
375.074        0.899071       0.00653672     
375.44         0.897937       0.00653672     
375.806        0.897398       0.00653672     
376.171        0.897873       0.00526889     
376.537        0.896969       0.00526889     
376.902        0.896406       0.00526889     
377.268        0.898368       0.00556768     
377.633        0.898282       0.00556768     
377.998        0.895426       0.00556768     
378.364        0.896704       0.00752909     
378.729        0.897344       0.00752909     
379.094        0.895312       0.00565376     
379.459        0.895499       0.00565376     
379.825        0.895452       0.00565376     
380.19         0.894132       0.00509352     
380.555        0.895046       0.00509352     
380.92         0.894766       0.00509352     
381.285        0.894615       0.00514492     
381.65         0.894129       0.00514492     
382.015        0.894873       0.00581012     
382.38         0.89408        0.00581012     
382.745        0.893192       0.00581012     
383.11         0.895124       0.00551654     
383.474        0.891401       0.00551654     
383.839        0.89289        0.00551654     
384.204        0.892489       0.00577407     
384.569        0.893576       0.00577407     
384.933        0.892327       0.00577407     
385.298        0.892592       0.00763937     
385.663        0.893277       0.00763937     
386.027        0.889773       0.00629955     
386.392        0.891701       0.00629955     
386.756        0.891405       0.00629955     
387.121        0.892282       0.0072698      
387.485        0.89283        0.0072698      
387.849        0.889212       0.0072698      
388.214        0.89177        0.00687214     
388.578        0.891489       0.00687214     
388.942        0.887496       0.00687214     
389.307        0.889257       0.00593469     
389.671        0.890712       0.00593469     
390.035        0.890549       0.00665423     
390.399        0.889031       0.00665423     
390.763        0.887694       0.00665423     
391.127        0.888904       0.00621893     
391.492        0.887231       0.00621893     
391.856        0.8884         0.00621893     
392.219        0.888231       0.00724881     
392.583        0.888475       0.00724881     
392.947        0.88786        0.00724881     
393.311        0.888236       0.00666686     
393.675        0.885621       0.00666686     
394.039        0.88682        0.00675358     
394.403        0.884862       0.00675358     
394.766        0.884582       0.00675358     
395.13         0.885452       0.00673904     
395.494        0.885812       0.00673904     
395.857        0.884431       0.00673904     
396.221        0.884902       0.00659651     
396.584        0.884143       0.00659651     
396.948        0.883694       0.00659651     
397.311        0.882669       0.0064909      
397.675        0.884488       0.0064909      
398.038        0.883241       0.00771796     
398.401        0.883872       0.00771796     
398.765        0.881591       0.00771796     
399.128        0.878352       0.00697222     
399.491        0.881357       0.00697222     
399.854        0.881425       0.00697222     
400.218        0.88097        0.00614313     
400.581        0.882917       0.00614313     
400.944        0.881189       0.00614313     
401.307        0.881193       0.00633887     
401.67         0.878611       0.00633887     
402.033        0.878765       0.00765919     
402.396        0.883804       0.00765919     
402.759        0.880024       0.00765919     
403.122        0.879108       0.00696134     
403.485        0.879152       0.00696134     
403.847        0.879137       0.00696134     
404.21         0.880776       0.00826522     
404.573        0.878481       0.00826522     
404.936        0.879225       0.00826522     
405.298        0.879021       0.00848586     
405.661        0.880797       0.00848586     
406.023        0.879232       0.00746573     
406.386        0.878797       0.00746573     
406.749        0.875653       0.00746573     
407.111        0.87922        0.00728975     
407.473        0.878288       0.00728975     
407.836        0.876055       0.00728975     
408.198        0.878055       0.00650809     
408.561        0.87803        0.00650809     
408.923        0.87883        0.00650809     
409.285        0.877727       0.00623871     
409.647        0.876488       0.00623871     
410.009        0.87425        0.00521307     
410.372        0.875684       0.00521307     
410.734        0.877768       0.00521307     
411.096        0.874947       0.00661285     
411.458        0.875111       0.00661285     
411.82         0.875767       0.00661285     
412.182        0.87798        0.00652085     
412.544        0.87497        0.00652085     
412.906        0.875586       0.00652085     
413.267        0.875657       0.00507693     
413.629        0.877617       0.00507693     
413.991        0.875567       0.00507693     
414.353        0.875605       0.0071253      
414.714        0.875842       0.0071253      
415.076        0.872341       0.00671445     
415.438        0.872776       0.00671445     
415.799        0.872528       0.00671445     
416.161        0.873507       0.0081225      
416.522        0.872781       0.0081225      
416.884        0.872794       0.0081225      
417.245        0.87131        0.00738269     
417.607        0.872076       0.00738269     
417.968        0.872885       0.00738269     
418.329        0.872486       0.00821255     
418.691        0.871856       0.00821255     
419.052        0.872312       0.00688641     
419.413        0.872753       0.00688641     
419.774        0.871719       0.00688641     
420.135        0.871182       0.00751318     
420.497        0.870912       0.00751318     
420.858        0.873258       0.00751318     
421.219        0.873912       0.00794328     
421.58         0.873401       0.00794328     
421.941        0.870916       0.00794328     
422.302        0.871166       0.00862408     
422.662        0.869111       0.00862408     
423.023        0.869054       0.0065115      
423.384        0.868948       0.0065115      
423.745        0.86915        0.0065115      
424.106        0.86966        0.00758498     
424.466        0.870481       0.00758498     
424.827        0.869479       0.00758498     
425.187        0.86923        0.00643341     
425.548        0.868169       0.00643341     
425.909        0.869516       0.00643341     
426.269        0.868603       0.00623196     
426.63         0.870947       0.00623196     
426.99         0.869815       0.00623196     
427.35         0.869778       0.00825603     
427.711        0.867256       0.00825603     
428.071        0.868879       0.00709321     
428.431        0.86964        0.00709321     
428.792        0.868751       0.00709321     
429.152        0.871014       0.00655333     
429.512        0.869574       0.00655333     
429.872        0.869098       0.00655333     
430.232        0.867681       0.00772285     
430.592        0.86789        0.00772285     
430.952        0.866551       0.00772285     
431.312        0.864164       0.00596333     
431.672        0.865233       0.00596333     
432.032        0.867288       0.00761364     
432.392        0.869104       0.00761364     
432.752        0.868434       0.00761364     
433.111        0.870273       0.00756152     
433.471        0.870602       0.00756152     
433.831        0.867131       0.00756152     
434.19         0.863136       0.00674624     
434.55         0.864959       0.00674624     
434.91         0.865132       0.00674624     
435.269        0.867075       0.00872815     
435.629        0.865302       0.00872815     
435.988        0.866422       0.00872815     
436.348        0.868185       0.00884363     
436.707        0.864173       0.00884363     
437.066        0.865083       0.00749402     
437.426        0.864504       0.00749402     
437.785        0.866302       0.00749402     
438.144        0.866675       0.00794321     
438.503        0.865502       0.00794321     
438.862        0.864184       0.00794321     
439.222        0.862972       0.00783138     
439.581        0.863278       0.00783138     
439.94         0.862127       0.00783138     
440.299        0.864025       0.00714961     
440.658        0.865494       0.00714961     
441.017        0.865144       0.00678754     
441.376        0.864584       0.00678754     
441.734        0.860924       0.00678754     
442.093        0.862102       0.00732091     
442.452        0.86111        0.00732091     
442.811        0.862528       0.00732091     
443.169        0.862006       0.00889217     
443.528        0.862982       0.00889217     
443.887        0.861293       0.00889217     
444.245        0.859808       0.00752432     
444.604        0.862591       0.00752432     
444.962        0.860909       0.00752432     
445.321        0.863112       0.00792942     
445.679        0.860499       0.00792942     
446.038        0.860704       0.00800132     
446.396        0.861806       0.00800132     
446.754        0.861941       0.00800132     
447.112        0.859409       0.00700701     
447.471        0.859938       0.00700701     
447.829        0.859615       0.00700701     
448.187        0.86068        0.00773729     
448.545        0.859711       0.00773729     
448.903        0.859131       0.00773729     
449.261        0.861872       0.0078582      
449.619        0.859058       0.0078582      
449.977        0.859129       0.0078582      
450.335        0.860048       0.0076308      
450.693        0.860379       0.0076308      
451.051        0.858932       0.00703491     
451.409        0.859605       0.00703491     
451.766        0.857799       0.00703491     
452.124        0.858589       0.00692185     
452.482        0.858649       0.00692185     
452.839        0.858536       0.00692185     
453.197        0.859126       0.00803979     
453.555        0.860911       0.00803979     
453.912        0.857877       0.00803979     
454.27         0.858075       0.00705008     
454.627        0.858264       0.00705008     
454.984        0.857901       0.00705008     
455.342        0.857869       0.00750412     
455.699        0.857894       0.00750412     
456.056        0.857298       0.0080993      
456.414        0.857921       0.0080993      
456.771        0.858899       0.0080993      
457.128        0.860041       0.0080203      
457.485        0.859424       0.0080203      
457.842        0.858348       0.0080203      
458.199        0.859632       0.00790093     
458.556        0.859627       0.00790093     
458.913        0.858687       0.00790093     
459.27         0.858622       0.00799687     
459.627        0.860315       0.00799687     
459.984        0.857152       0.00799687     
460.341        0.857271       0.00719713     
460.697        0.859116       0.00719713     
461.054        0.856838       0.00777926     
461.411        0.856929       0.00777926     
461.767        0.856322       0.00777926     
462.124        0.858826       0.00780226     
462.481        0.858123       0.00780226     
462.837        0.85846        0.00780226     
463.194        0.857194       0.00642808     
463.55         0.857626       0.00642808     
463.907        0.856079       0.00642808     
464.263        0.859173       0.00808363     
464.619        0.857475       0.00808363     
464.976        0.85691        0.00808363     
465.332        0.857327       0.00687639     
465.688        0.858569       0.00687639     
466.044        0.855962       0.00756934     
466.4          0.853634       0.00756934     
466.756        0.853463       0.00756934     
467.112        0.857704       0.00663734     
467.468        0.857259       0.00663734     
467.824        0.858414       0.00663734     
468.18         0.857434       0.00703691     
468.536        0.85501        0.00703691     
468.892        0.858611       0.00703691     
469.248        0.858638       0.00901384     
469.604        0.857222       0.00901384     
469.959        0.858882       0.00901384     
470.315        0.856216       0.00830106     
470.671        0.855844       0.00830106     
471.026        0.858152       0.00654616     
471.382        0.856071       0.00654616     
471.737        0.856813       0.00654616     
472.093        0.85673        0.00774047     
472.448        0.859619       0.00774047     
472.804        0.857704       0.00774047     
473.159        0.858031       0.00791848     
473.514        0.855267       0.00791848     
473.87         0.855659       0.00791848     
474.225        0.855952       0.00750712     
474.58         0.858464       0.00750712     
474.935        0.856984       0.00750712     
475.29         0.856303       0.00771912     
475.645        0.856305       0.00771912     
476            0.854498       0.00743773     
476.355        0.853791       0.00743773     
476.71         0.855844       0.00743773     
477.065        0.855458       0.00792779     
477.42         0.857668       0.00792779     
477.775        0.858487       0.00792779     
478.13         0.856908       0.00900117     
478.485        0.855659       0.00900117     
478.839        0.854998       0.00900117     
479.194        0.856056       0.00908901     
479.549        0.85734        0.00908901     
479.903        0.857022       0.00908901     
480.258        0.855625       0.00677428     
480.612        0.854289       0.00677428     
480.967        0.856294       0.00677428     
481.321        0.857885       0.00762958     
481.675        0.857378       0.00762958     
482.03         0.853782       0.00741889     
482.384        0.85633        0.00741889     
482.738        0.852506       0.00741889     
483.093        0.854953       0.00932486     
483.447        0.855681       0.00932486     
483.801        0.857469       0.00932486     
484.155        0.85711        0.00628718     
484.509        0.856206       0.00628718     
484.863        0.857563       0.00628718     
485.217        0.904577       0.00776681     
490.168        0.854016       0.00824721     
490.522        0.853211       0.00824721     
490.875        0.855915       0.00824721     
491.228        0.853385       0.00859902     
491.581        0.853601       0.00859902     
491.935        0.854591       0.00859902     
492.288        0.85396        0.00731481     
492.641        0.854914       0.00731481     
492.994        0.85408        0.00731481     
493.347        0.855086       0.00711836     
493.7          0.853731       0.00711836     
494.053        0.852834       0.00829304     
494.406        0.851795       0.00829304     
494.759        0.853749       0.00829304     
495.111        0.852065       0.0079338      
495.464        0.856508       0.0079338      
495.817        0.855798       0.0079338      
496.169        0.855413       0.00948105     
496.522        0.852184       0.00948105     
496.875        0.848474       0.00948105     
497.227        0.850678       0.00891658     
497.58         0.851864       0.00891658     
497.932        0.853256       0.00891658     
498.285        0.852133       0.00871767     
498.637        0.851797       0.00871767     
498.989        0.852812       0.00871767     
499.342        0.852153       0.00873388     
499.694        0.852631       0.00873388     
500.046        0.851595       0.0090211      
500.398        0.848267       0.0090211      
500.751        0.852602       0.0090211      
501.103        0.855252       0.00849259     
501.455        0.853625       0.00849259     
501.807        0.85131        0.00849259     
502.159        0.852235       0.00859716     
502.511        0.853228       0.00859716     
502.862        0.852865       0.00859716     
503.214        0.852181       0.00881808     
503.566        0.852541       0.00881808     
503.918        0.851036       0.00881808     
504.27         0.850409       0.00648416     
504.621        0.851336       0.00648416     
504.973        0.852596       0.00648416     
505.324        0.851477       0.00650535     
505.676        0.851591       0.00650535     
506.027        0.855416       0.00817081     
506.379        0.852411       0.00817081     
506.73         0.850995       0.00817081     
507.082        0.84949        0.00745424     
507.433        0.853133       0.00745424     
507.784        0.854603       0.00745424     
508.136        0.854196       0.00789801     
508.487        0.853932       0.00789801     
508.838        0.850902       0.00789801     
509.189        0.850427       0.00755299     
509.54         0.852445       0.00755299     
509.891        0.853911       0.00755299     
510.242        0.853582       0.00675949     
510.593        0.852175       0.00675949     
510.944        0.852969       0.00675949     
511.295        0.853007       0.00879595     
511.646        0.85338        0.00879595     
511.996        0.851222       0.00879595     
512.347        0.853122       0.00792291     
512.698        0.852989       0.00792291     
513.049        0.851448       0.00726359     
513.399        0.852888       0.00726359     
513.75         0.851766       0.00726359     
514.1          0.853227       0.00819148     
514.451        0.851944       0.00819148     
514.801        0.851379       0.00819148     
515.152        0.851082       0.00746579     
515.502        0.851306       0.00746579     
515.852        0.851276       0.00746579     
516.202        0.85081        0.00769599     
516.553        0.853783       0.00769599     
516.903        0.851571       0.00769599     
517.253        0.852533       0.00731434     
517.603        0.849863       0.00731434     
517.953        0.852691       0.00731434     
518.303        0.852428       0.00858364     
518.653        0.854423       0.00858364     
519.003        0.854183       0.00845107     
519.353        0.851591       0.00845107     
519.703        0.850528       0.00845107     
520.052        0.850862       0.00865884     
520.402        0.852304       0.00865884     
520.752        0.851656       0.00865884     
521.102        0.854116       0.00838467     
521.451        0.8517         0.00838467     
521.801        0.84908        0.00838467     
522.15         0.851103       0.00796532     
522.5          0.849199       0.00796532     
522.849        0.852119       0.00796532     
523.199        0.853051       0.00730917     
523.548        0.852558       0.00730917     
523.897        0.851646       0.00730917     
524.246        0.850348       0.00873177     
524.596        0.852719       0.00873177     
524.945        0.851299       0.00873177     
525.294        0.852103       0.00906748     
525.643        0.853          0.00906748     
525.992        0.850221       0.00906748     
526.341        0.850499       0.00811797     
526.69         0.853781       0.00811797     
527.039        0.852536       0.00883004     
527.388        0.853485       0.00883004     
527.737        0.85293        0.00883004     
528.086        0.853243       0.00761182     
528.434        0.856568       0.00761182     
528.783        0.852917       0.00761182     
529.132        0.853822       0.00802078     
529.48         0.850861       0.00802078     
529.829        0.849334       0.00802078     
530.177        0.851259       0.00905626     
530.526        0.848896       0.00905626     
530.874        0.852053       0.00905626     
531.223        0.852685       0.00805759     
531.571        0.852569       0.00805759     
531.919        0.853768       0.00805759     
532.268        0.853008       0.00802711     
532.616        0.85288        0.00802711     
532.964        0.857198       0.00802711     
533.312        0.854592       0.00805977     
533.66         0.853471       0.00805977     
534.008        0.853405       0.00670204     
534.356        0.851721       0.00670204     
534.704        0.855565       0.00670204     
535.052        0.85305        0.00810159     
535.4          0.851097       0.00810159     
535.748        0.850484       0.00810159     
536.095        0.852272       0.00856453     
536.443        0.85004        0.00856453     
536.791        0.849846       0.00856453     
537.139        0.852103       0.00877389     
537.486        0.855644       0.00877389     
537.834        0.85623        0.00877389     
538.181        0.854605       0.00824372     
538.529        0.851435       0.00824372     
538.876        0.851665       0.00824372     
539.223        0.854672       0.00845749     
539.571        0.850124       0.00845749     
539.918        0.850501       0.00845749     
540.265        0.850784       0.0080123      
540.613        0.854072       0.0080123      
540.96         0.853348       0.0080123      
541.307        0.850991       0.0069303      
541.654        0.854065       0.0069303      
542.001        0.85049        0.00772631     
542.348        0.855278       0.00772631     
542.695        0.851912       0.00772631     
543.042        0.853228       0.00746695     
543.388        0.85295        0.00746695     
543.735        0.855527       0.00746695     
544.082        0.852951       0.00783997     
544.429        0.852897       0.00783997     
544.775        0.852127       0.00783997     
545.122        0.853922       0.00775613     
545.469        0.851937       0.00775613     
545.815        0.852348       0.00775613     
546.162        0.856261       0.00743857     
546.508        0.852649       0.00743857     
546.854        0.856061       0.00743857     
547.201        0.855977       0.00828515     
547.547        0.855007       0.00828515     
547.893        0.857766       0.00828515     
548.24         0.851332       0.0086636      
548.586        0.85077        0.0086636      
548.932        0.84916        0.0086636      
549.278        0.853048       0.00685719     
549.624        0.852065       0.00685719     
549.97         0.855159       0.00685719     
550.316        0.85161        0.00923891     
550.662        0.855572       0.00923891     
551.008        0.853279       0.00818325     
551.353        0.855469       0.00818325     
551.699        0.859572       0.00818325     
552.045        0.85705        0.00848619     
552.391        0.855146       0.00848619     
552.736        0.853085       0.00848619     
553.082        0.853962       0.00846846     
553.427        0.853472       0.00846846     
553.773        0.852008       0.00846846     
554.118        0.851325       0.00723521     
554.464        0.853152       0.00723521     
554.809        0.853959       0.00723521     
555.154        0.859742       0.00956138     
555.5          0.856066       0.00956138     
555.845        0.854805       0.00956138     
556.19         0.852659       0.00989648     
556.535        0.853738       0.00989648     
556.88         0.853517       0.00989648     
557.225        0.85346        0.00783283     
557.57         0.854196       0.00783283     
557.915        0.854423       0.00783283     
558.26         0.853812       0.00825047     
558.605        0.853757       0.00825047     
558.95         0.854234       0.00825047     
559.295        0.854863       0.00803153     
559.639        0.857201       0.00803153     
559.984        0.858741       0.00803153     
560.329        0.856497       0.00806177     
560.673        0.854319       0.00806177     
561.018        0.853287       0.0082879      
561.362        0.853594       0.0082879      
561.707        0.853486       0.0082879      
562.051        0.852659       0.00739417     
562.395        0.852678       0.00739417     
562.74         0.85697        0.00739417     
563.084        0.857552       0.0083289      
563.428        0.856507       0.0083289      
563.772        0.855787       0.0083289      
564.117        0.856087       0.00825608     
564.461        0.854637       0.00825608     
564.805        0.853764       0.00825608     
565.149        0.855339       0.00902886     
565.493        0.85157        0.00902886     
565.836        0.852771       0.00902886     
566.18         0.854534       0.00746801     
566.524        0.855332       0.00746801     
566.868        0.85852        0.00746801     
567.212        0.856338       0.00744234     
567.555        0.855128       0.00744234     
567.899        0.855218       0.00744234     
568.242        0.856023       0.00727603     
568.586        0.856511       0.00727603     
568.929        0.860877       0.00727603     
569.273        0.868714       0.00741426     
569.616        0.877452       0.00741426     
569.96         0.87625        0.00741426     
601.008        0.873921       0.0103076      
601.347        0.869343       0.0103076      
601.686        0.865588       0.0103076      
602.025        0.86609        0.00753438     
602.364        0.868725       0.00753438     
602.702        0.871369       0.00753438     
603.041        0.876479       0.00886085     
603.38         0.877621       0.00886085     
603.719        0.870868       0.00886085     
604.057        0.864724       0.0090736      
604.396        0.856221       0.0090736      
604.734        0.859404       0.0090736      
605.073        0.862676       0.00857924     
605.411        0.875092       0.00857924     
605.75         0.872938       0.00857924     
606.088        0.869067       0.00747929     
606.426        0.860456       0.00747929     
606.764        0.863979       0.00747929     
607.103        0.866478       0.00836638     
607.441        0.86398        0.00836638     
607.779        0.857404       0.00836638     
608.117        0.856292       0.00811734     
608.455        0.857769       0.00811734     
608.793        0.856893       0.00811734     
609.131        0.854144       0.00893906     
609.469        0.862749       0.00893906     
609.806        0.864443       0.00893906     
610.144        0.863197       0.00733453     
610.482        0.858252       0.00733453     
610.819        0.856101       0.00733453     
611.157        0.858385       0.00826947     
611.495        0.859007       0.00826947     
611.832        0.855796       0.00826947     
612.17         0.856042       0.00840793     
612.507        0.857639       0.00840793     
612.844        0.857738       0.00840793     
613.182        0.857452       0.00939098     
613.519        0.860225       0.00939098     
613.856        0.858968       0.00939098     
614.193        0.857952       0.00762358     
614.53         0.857895       0.00762358     
614.867        0.860372       0.00762358     
615.205        0.861061       0.00943273     
615.541        0.854902       0.00943273     
615.878        0.855009       0.00943273     
616.215        0.853396       0.00684585     
616.552        0.858741       0.00684585     
616.889        0.858698       0.00684585     
617.226        0.858361       0.00611185     
617.562        0.858896       0.00611185     
617.899        0.857857       0.00611185     
618.235        0.853423       0.00922631     
618.572        0.852124       0.00922631     
618.908        0.85183        0.00922631     
619.245        0.858993       0.00746416     
619.581        0.859846       0.00746416     
619.918        0.862554       0.00746416     
620.254        0.853915       0.00838401     
620.59         0.846872       0.00838401     
620.926        0.848472       0.00838401     
621.262        0.857937       0.00846108     
621.599        0.860961       0.00846108     
621.935        0.858078       0.00846108     
622.271        0.855941       0.00707567     
622.606        0.860643       0.00707567     
622.942        0.859879       0.00707567     
623.278        0.857381       0.00745306     
623.614        0.852479       0.00745306     
623.95         0.855806       0.00745306     
624.285        0.861881       0.00722565     
624.621        0.85405        0.00722565     
624.957        0.857439       0.00722565     
625.292        0.8541         0.00692404     
625.628        0.854231       0.00692404     
625.963        0.854999       0.00692404     
626.299        0.856068       0.00850373     
626.634        0.858065       0.00850373     
626.969        0.858438       0.00850373     
627.304        0.857145       0.00801187     
627.64         0.851791       0.00801187     
627.975        0.849275       0.00801187     
628.31         0.854698       0.00860518     
628.645        0.858597       0.00860518     
628.98         0.862406       0.00860518     
629.315        0.855311       0.00843712     
629.65         0.851388       0.00843712     
629.985        0.856656       0.00843712     
630.319        0.856052       0.0091827      
630.654        0.853539       0.0091827      
630.989        0.852366       0.0091827      
631.323        0.858816       0.00705418     
631.658        0.854286       0.00705418     
631.993        0.851973       0.00705418     
632.327        0.851645       0.00763497     
632.662        0.85085        0.00763497     
632.996        0.8536         0.00763497     
633.33         0.854723       0.00602036     
633.665        0.857999       0.00602036     
633.999        0.853836       0.00602036     
634.333        0.849993       0.00684154     
634.667        0.853848       0.00684154     
635.001        0.856785       0.00818815     
635.335        0.857683       0.00818815     
635.669        0.859757       0.00818815     
636.003        0.863295       0.00804633     
636.337        0.857659       0.00804633     
636.671        0.851847       0.00804633     
637.005        0.853309       0.00802024     
637.339        0.854881       0.00802024     
637.672        0.855054       0.00802024     
638.006        0.859576       0.00856522     
638.339        0.863878       0.00856522     
638.673        0.853303       0.00856522     
639.006        0.856548       0.0081724      
639.34         0.857685       0.0081724      
639.673        0.859671       0.0081724      
640.007        0.85802        0.00893292     
640.34         0.857866       0.00893292     
640.673        0.853959       0.00893292     
641.006        0.856951       0.00774197     
641.34         0.856606       0.00774197     
641.673        0.852934       0.00774197     
642.006        0.854413       0.00899459     
642.339        0.858868       0.00899459     
642.672        0.86003        0.00899459     
643.004        0.863507       0.00659366     
643.337        0.858164       0.00659366     
643.67         0.85597        0.00659366     
644.003        0.861232       0.00748174     
644.336        0.85915        0.00748174     
644.668        0.857551       0.00748174     
645.001        0.861136       0.00777963     
645.333        0.859229       0.00777963     
645.666        0.858369       0.00777963     
645.998        0.859117       0.00777963     
646.331        0.857408       0.00834356     
646.663        0.85576        0.00834356     
646.995        0.853997       0.00834356     
647.327        0.864007       0.00532955     
647.66         0.866869       0.00532955     
647.992        0.867141       0.00532955     
648.324        0.86362        0.00668154     
648.656        0.861206       0.00668154     
648.988        0.85791        0.00668154     
649.32         0.856893       0.00719438     
649.652        0.854728       0.00719438     
649.983        0.855237       0.00719438     
650.315        0.853451       0.00810184     
650.647        0.856911       0.00810184     
650.979        0.854684       0.00810184     
651.31         0.86444        0.0073835      
651.642        0.862709       0.0073835      
651.973        0.861103       0.0073835      
652.305        0.860796       0.00830998     
652.636        0.854964       0.00830998     
652.967        0.857859       0.00830998     
653.299        0.856288       0.00764401     
653.63         0.852959       0.00764401     
653.961        0.856242       0.00764401     
660.244        0.862498       0.00803958     
660.575        0.863107       0.00803958     
660.905        0.867303       0.00803958     
661.235        0.86334        0.00644742     
661.565        0.86568        0.00644742     
661.895        0.85943        0.00644742     
662.225        0.864027       0.00790204     
662.555        0.862216       0.00790204     
662.884        0.85584        0.00790204     
663.214        0.859538       0.00866914     
663.544        0.862695       0.00866914     
663.873        0.864462       0.00866914     
664.203        0.866097       0.00645531     
664.533        0.860643       0.00645531     
664.862        0.857959       0.00645531     
665.192        0.864673       0.00750434     
665.521        0.860178       0.00750434     
665.85         0.856334       0.00750434     
666.18         0.855006       0.00696661     
666.509        0.854358       0.00696661     
666.838        0.862145       0.00696661     
667.167        0.86259        0.00762088     
667.496        0.855578       0.00762088     
667.825        0.862452       0.00762088     
668.154        0.85523        0.00751634     
668.483        0.86614        0.00751634     
668.812        0.861442       0.00751634     
669.141        0.866829       0.00703134     
669.47         0.861079       0.00703134     
669.798        0.859047       0.00703134     
670.127        0.865428       0.00659288     
670.456        0.857249       0.00659288     
670.784        0.857329       0.00659288     
671.113        0.869543       0.00825306     
671.441        0.86879        0.00825306     
671.77         0.864972       0.00825306     
672.098        0.863659       0.00829216     
672.426        0.855336       0.00829216     
672.755        0.852593       0.00829216     
673.083        0.847429       0.00824409     
673.411        0.852391       0.00824409     
673.739        0.859027       0.00824409     
674.067        0.855351       0.00938817     
674.395        0.854894       0.00938817     
674.723        0.861729       0.00938817     
675.051        0.860678       0.00661675     
675.379        0.861389       0.00661675     
675.706        0.85963        0.00661675     
676.034        0.860682       0.00926515     
676.362        0.862862       0.00926515     
676.689        0.8607         0.00926515     
677.017        0.865429       0.00903422     
677.344        0.869507       0.00903422     
677.672        0.86119        0.00903422     
677.999        0.857031       0.00903422     
678.327        0.853694       0.00711524     
678.654        0.856706       0.00711524     
678.981        0.863207       0.00711524     
679.308        0.860207       0.00760929     
679.636        0.85745        0.00760929     
679.963        0.857693       0.00760929     
680.29         0.852835       0.00857919     
680.617        0.853585       0.00857919     
680.944        0.862128       0.00857919     
681.271        0.863004       0.0069184      
681.597        0.861          0.0069184      
681.924        0.855053       0.0069184      
682.251        0.849763       0.00945804     
682.578        0.857454       0.00945804     
682.904        0.860616       0.00945804     
683.231        0.859996       0.00994773     
683.557        0.859922       0.00994773     
683.884        0.859216       0.00994773     
684.21         0.860664       0.00670991     
684.536        0.863775       0.00670991     
684.863        0.864244       0.00670991     
685.189        0.863966       0.00678227     
685.515        0.856953       0.00678227     
685.841        0.854307       0.00678227     
686.167        0.853549       0.00754348     
686.493        0.854131       0.00754348     
686.819        0.86129        0.00754348     
687.145        0.859451       0.00613496     
687.471        0.857005       0.00613496     
687.797        0.855085       0.00613496     
688.123        0.854386       0.00785179     
688.448        0.85677        0.00785179     
688.774        0.859031       0.00785179     
689.1          0.863904       0.00984067     
689.425        0.854467       0.00984067     
689.751        0.85882        0.00984067     
690.076        0.856149       0.00950265     
690.402        0.859539       0.00950265     
690.727        0.867365       0.00950265     
691.052        0.864169       0.00760996     
691.377        0.86185        0.00760996     
691.703        0.854247       0.00760996     
692.028        0.854748       0.00863793     
692.353        0.861226       0.00863793     
692.678        0.862986       0.00863793     
693.003        0.864453       0.00909979     
693.328        0.856883       0.00909979     
693.652        0.854757       0.00909979     
693.977        0.847866       0.00909979     
694.302        0.857766       0.00763163     
694.627        0.862095       0.00763163     
694.951        0.864491       0.00763163     
695.276        0.859376       0.00843881     
695.6          0.846258       0.00843881     
695.925        0.853441       0.00843881     
696.249        0.864434       0.00796564     
696.574        0.867064       0.00796564     
696.898        0.866125       0.00796564     
697.222        0.860385       0.00743675     
697.546        0.849587       0.00743675     
697.871        0.852414       0.00743675     
698.195        0.853627       0.00789782     
698.519        0.859872       0.00789782     
698.843        0.852026       0.00789782     
699.167        0.853043       0.00657922     
699.491        0.850243       0.00657922     
699.814        0.855862       0.00657922     
700.138        0.855157       0.00933623     
700.462        0.862073       0.00933623     
700.786        0.857795       0.00933623     
701.109        0.850855       0.00687794     
701.433        0.861689       0.00687794     
701.756        0.862588       0.00687794     
702.08         0.862279       0.00758229     
702.403        0.863261       0.00758229     
702.726        0.861381       0.00758229     
703.05         0.853313       0.00671014     
703.373        0.853376       0.00671014     
703.696        0.851639       0.00671014     
704.019        0.860428       0.00789745     
704.342        0.854926       0.00789745     
704.665        0.850364       0.00789745     
704.988        0.854684       0.00789745     
705.311        0.856109       0.00810465     
705.634        0.865115       0.00810465     
705.957        0.864873       0.00810465     
706.28         0.869902       0.00719924     
706.602        0.860323       0.00719924     
706.925        0.869278       0.00719924     
707.247        0.857354       0.00738809     
707.57         0.85368        0.00738809     
707.892        0.848248       0.00738809     
708.215        0.853741       0.0066544      
708.537        0.852482       0.0066544      
708.859        0.849489       0.0066544      
709.182        0.851606       0.00688003     
709.504        0.855352       0.00688003     
709.826        0.852215       0.00688003     
710.148        0.859701       0.00714054     
710.47         0.857017       0.00714054     
710.792        0.8565         0.00714054     
711.114        0.851675       0.00836768     
711.436        0.858468       0.00836768     
711.758        0.852053       0.00836768     
712.079        0.855064       0.00782581     
712.401        0.857058       0.00782581     
712.723        0.866399       0.00782581     
713.044        0.862652       0.0075398      
713.366        0.855584       0.0075398      
713.687        0.857864       0.0075398      
714.009        0.858839       0.00711863     
714.33         0.85096        0.00711863     
714.652        0.852312       0.00711863     
714.973        0.847458       0.00711863     
715.294        0.855219       0.00817702     
715.615        0.851407       0.00817702     
715.936        0.84887        0.00817702     
716.257        0.849938       0.00789761     
716.578        0.855105       0.00789761     
716.899        0.854515       0.00789761     
717.22         0.852171       0.00996982     
717.541        0.861996       0.00996982     
717.862        0.862331       0.00996982     
718.182        0.857807       0.00880226     
718.503        0.858135       0.00880226     
718.824        0.855178       0.00880226     
719.144        0.856666       0.00775305     
719.465        0.860649       0.00775305     
719.785        0.850429       0.00775305     
720.105        0.859655       0.00959989     
720.426        0.861438       0.00959989     
720.746        0.856912       0.00959989     
721.066        0.860036       0.00840278     
721.386        0.855919       0.00840278     
721.706        0.857838       0.00840278     
722.026        0.853388       0.00705104     
722.346        0.85534        0.00705104     
722.666        0.855022       0.00705104     
722.986        0.861846       0.00705104     
723.306        0.856617       0.00769493     
723.626        0.852165       0.00769493     
723.946        0.856269       0.00769493     
724.265        0.853888       0.00691037     
724.585        0.860393       0.00691037     
724.904        0.865874       0.00691037     
725.224        0.858449       0.00728877     
725.543        0.857981       0.00728877     
725.863        0.860661       0.00728877     
726.182        0.855605       0.00651804     
726.501        0.855117       0.00651804     
726.82         0.850412       0.00651804     
727.14         0.853018       0.00676528     
727.459        0.851572       0.00676528     
727.778        0.853854       0.00676528     
728.097        0.857012       0.0077639      
728.416        0.85504        0.0077639      
728.734        0.859858       0.0077639      
729.053        0.866723       0.00596186     
729.372        0.857895       0.00596186     
729.691        0.85955        0.00596186     
730.009        0.856756       0.0069026      
730.328        0.858383       0.0069026      
730.647        0.860803       0.0069026      
730.965        0.857033       0.0069026      
731.283        0.856705       0.00667303     
731.602        0.849335       0.00667303     
731.92         0.852638       0.00667303     
732.238        0.854895       0.00749047     
732.557        0.857284       0.00749047     
732.875        0.8589         0.00749047     
733.193        0.859223       0.00841778     
733.511        0.862732       0.00841778     
733.829        0.866552       0.00841778     
734.147        0.858315       0.00689832     
734.465        0.85122        0.00689832     
734.782        0.849889       0.00689832     
735.1          0.851833       0.00753438     
735.418        0.85926        0.00753438     
735.735        0.858807       0.00753438     
736.053        0.853468       0.00819104     
736.371        0.858619       0.00819104     
736.688        0.862023       0.00819104     
737.005        0.858827       0.00716452     
737.323        0.855451       0.00716452     
737.64         0.85182        0.00716452     
737.957        0.854141       0.00716452     
738.274        0.857946       0.00791308     
738.592        0.863264       0.00791308     
738.909        0.866945       0.00791308     
739.226        0.857155       0.00776002     
739.543        0.847147       0.00776002     
739.86         0.849879       0.00776002     
740.176        0.850042       0.0101072      
740.493        0.854613       0.0101072      
740.81         0.852822       0.0101072      
741.127        0.851155       0.00832585     
741.443        0.855528       0.00832585     
741.76         0.858303       0.00832585     
742.076        0.865797       0.00870157     
742.393        0.858026       0.00870157     
742.709        0.852563       0.00870157     
743.025        0.859535       0.00660567     
743.342        0.856452       0.00660567     
743.658        0.858031       0.00660567     
743.974        0.857936       0.00660567     
744.29         0.859684       0.00487328     
744.606        0.860444       0.00487328     
744.922        0.859321       0.00487328     
745.238        0.852659       0.00571168     
745.554        0.85518        0.00571168     
745.87         0.856744       0.00571168     
746.186        0.851808       0.00708672     
746.501        0.864488       0.00708672     
746.817        0.856957       0.00708672     
747.132        0.862129       0.00750559     
747.448        0.85086        0.00750559     
747.763        0.852675       0.00750559     
748.079        0.853685       0.00598309     
748.394        0.859093       0.00598309     
748.71         0.858261       0.00598309     
749.025        0.861249       0.00855011     
749.34         0.858889       0.00855011     
749.655        0.864875       0.00855011     
749.97         0.85894        0.00855011     
750.285        0.855961       0.00699738     
750.6          0.85339        0.00699738     
750.915        0.856636       0.00699738     
751.23         0.857155       0.00729702     
751.545        0.850362       0.00729702     
751.859        0.851549       0.00729702     
752.174        0.850561       0.00900237     
752.489        0.847758       0.00900237     
752.803        0.859292       0.00900237     
753.118        0.865795       0.00870014     
753.432        0.863886       0.00870014     
753.747        0.860217       0.00870014     
754.061        0.852656       0.00642338     
754.375        0.859691       0.00642338     
754.689        0.855086       0.00642338     
755.004        0.862415       0.00723287     
755.318        0.85785        0.00723287     
755.632        0.858934       0.00723287     
755.946        0.864857       0.00723287     
756.26         0.861422       0.00863451     
756.573        0.857757       0.00863451     
756.887        0.863175       0.00863451     
757.201        0.863915       0.00844233     
757.515        0.857315       0.00844233     
757.828        0.849543       0.00844233     
758.142        0.850502       0.00750059     
758.455        0.84792        0.00750059     
758.769        0.858309       0.00750059     
759.082        0.859673       0.00629673     
759.396        0.856354       0.00629673     
759.709        0.855314       0.00629673     
760.022        0.855287       0.00583866     
760.335        0.859222       0.00583866     
760.648        0.854643       0.00583866     
760.962        0.85261        0.00583866     
761.275        0.849378       0.0059884      
761.587        0.84981        0.0059884      
761.9          0.849462       0.0059884      
762.213        0.855559       0.00593779     
762.526        0.856623       0.00593779     
762.839        0.85853        0.00593779     
763.151        0.856019       0.00727405     
763.464        0.85417        0.00727405     
763.776        0.861961       0.00727405     
764.089        0.864007       0.00714079     
764.401        0.866058       0.00714079     
764.714        0.859112       0.00714079     
765.026        0.858848       0.00741415     
765.338        0.855422       0.00741415     
765.65         0.850598       0.00741415     
765.962        0.846443       0.00741415     
766.275        0.847551       0.00797907     
766.587        0.852968       0.00797907     
766.898        0.858808       0.00797907     
767.21         0.85744        0.00918382     
767.522        0.863604       0.00918382     
767.834        0.864259       0.00918382     
768.146        0.867472       0.00828811     
768.457        0.866026       0.00828811     
768.769        0.862728       0.00828811     
769.08         0.854791       0.00835526     
769.392        0.8524         0.00835526     
769.703        0.861036       0.00835526     
770.015        0.859346       0.00780167     
770.326        0.85918        0.00780167     
770.637        0.862627       0.00780167     
770.948        0.859681       0.00780167     
771.26         0.856444       0.00753002     
771.571        0.854299       0.00753002     
771.882        0.853569       0.00753002     
772.193        0.860389       0.00754436     
772.504        0.858792       0.00754436     
772.814        0.853039       0.00754436     
773.125        0.857306       0.00848919     
773.436        0.856627       0.00848919     
773.747        0.861536       0.00848919     
774.057        0.854075       0.00608421     
774.368        0.851684       0.00608421     
774.678        0.851321       0.00608421     
774.989        0.858055       0.00608421     
775.299        0.858805       0.00613298     
775.609        0.859634       0.00613298     
775.919        0.86323        0.00613298     
776.23         0.862856       0.00936918     
776.54         0.862378       0.00936918     
776.85         0.85592        0.00936918     
777.16         0.859173       0.00523047     
777.47         0.856317       0.00523047     
777.78         0.862552       0.00523047     
778.089        0.868495       0.0066553      
778.399        0.863977       0.0066553      
778.709        0.864148       0.0066553      
779.019        0.865991       0.00774004     
779.328        0.85336        0.00774004     
779.638        0.853851       0.00774004     
779.947        0.859808       0.00774004     
780.257        0.864039       0.00785643     
780.566        0.867236       0.00785643     
780.875        0.862278       0.00785643     
781.185        0.86372        0.00856924     
781.494        0.861482       0.00856924     
781.803        0.857908       0.00856924     
782.112        0.854327       0.00690735     
782.421        0.85999        0.00690735     
782.73         0.860363       0.00690735     
783.039        0.862352       0.00591561     
783.348        0.863995       0.00591561     
783.656        0.855803       0.00591561     
783.965        0.857655       0.00591561     
784.274        0.852138       0.00751535     
784.582        0.854821       0.00751535     
784.891        0.860266       0.00751535     
785.199        0.860814       0.0066816      
785.508        0.866288       0.0066816      
785.816        0.864348       0.0066816      
786.124        0.859434       0.00760223     
786.432        0.860138       0.00760223     
786.741        0.86111        0.00760223     
787.049        0.871369       0.00836505     
787.357        0.86208        0.00836505     
787.665        0.865          0.00836505     
787.973        0.861987       0.00836505     
788.281        0.861056       0.00913723     
788.588        0.849789       0.00913723     
788.896        0.855718       0.00913723     
789.204        0.852615       0.00848157     
789.511        0.852678       0.00848157     
789.819        0.860443       0.00848157     
790.126        0.856838       0.00844539     
790.434        0.862549       0.00844539     
790.741        0.861737       0.00844539     
791.049        0.868769       0.00668328     
791.356        0.862992       0.00668328     
791.663        0.866713       0.00668328     
791.97         0.862434       0.00668328     
792.277        0.863538       0.00619177     
792.584        0.868423       0.00619177     
792.891        0.860737       0.00619177     
793.198        0.864937       0.00613499     
793.505        0.873538       0.00613499     
793.812        0.868048       0.00613499     
794.119        0.863012       0.00717489     
794.425        0.863953       0.00717489     
794.732        0.864292       0.00717489     
795.038        0.85447        0.00692892     
795.345        0.847928       0.00692892     
795.651        0.843407       0.00692892     
795.958        0.856671       0.00692892     
796.264        0.845388       0.00784404     
796.57         0.849035       0.00784404     
796.876        0.864243       0.00784404     
797.183        0.870726       0.00793921     
797.489        0.864846       0.00793921     
797.795        0.858992       0.00793921     
798.101        0.860138       0.0071954      
798.406        0.863928       0.0071954      
798.712        0.85518        0.0071954      
799.018        0.87231        0.00759131     
799.324        0.858828       0.00759131     
799.629        0.853315       0.00759131     
799.935        0.862627       0.00759131     
800.24         0.858185       0.0066733      
800.546        0.861935       0.0066733      
800.851        0.862683       0.0066733      
801.157        0.850385       0.0053256      
801.462        0.865003       0.0053256      
801.767        0.862861       0.0053256      
802.072        0.850122       0.0065644      
802.377        0.846962       0.0065644      
802.682        0.862898       0.0065644      
802.987        0.850282       0.0065644      
803.292        0.867348       0.00745732     
803.597        0.856385       0.00745732     
803.902        0.866345       0.00745732     
804.207        0.865251       0.00635982     
804.511        0.859054       0.00635982     
804.816        0.879429       0.00635982     
805.12         0.870458       0.00705612     
805.425        0.855111       0.00705612     
805.729        0.859002       0.00705612     
806.034        0.868822       0.00878738     
806.338        0.878332       0.00878738     
806.642        0.860243       0.00878738     
806.946        0.854871       0.00878738     
807.251        0.856675       0.00737875     
807.555        0.862556       0.00737875     
807.859        0.854369       0.00737875     
808.162        0.855425       0.0074483      
808.466        0.859769       0.0074483      
808.77         0.856033       0.0074483      
809.074        0.860094       0.00864893     
809.378        0.852683       0.00864893     
809.681        0.855357       0.00864893     
809.985        0.85847        0.00864893     
810.288        0.856669       0.00937769     
810.592        0.854465       0.00937769     
810.895        0.854168       0.00937769     
811.198        0.845415       0.00595855     
811.502        0.853994       0.00595855     
811.805        0.858368       0.00595855     
812.108        0.846166       0.00825252     
812.411        0.870368       0.00825252     
812.714        0.857559       0.00825252     
813.017        0.850496       0.00685205     
813.32         0.868038       0.00685205     
813.623        0.865349       0.00685205     
813.926        0.870213       0.00685205     
814.228        0.859715       0.00772672     
814.531        0.860075       0.00772672     
814.833        0.852821       0.00772672     
815.136        0.857068       0.0076754      
815.438        0.854569       0.0076754      
815.741        0.866828       0.0076754      
816.043        0.856775       0.00639608     
816.345        0.85552        0.00639608     
816.648        0.85957        0.00639608     
816.95         0.862228       0.00639608     
817.252        0.869534       0.00752486     
817.554        0.866407       0.00752486     
817.856        0.868365       0.00752486     
818.158        0.855892       0.00431102     
818.46         0.865208       0.00431102     
818.761        0.859955       0.00431102     
819.063        0.860307       0.00690157     
819.365        0.866285       0.00690157     
819.666        0.870443       0.00690157     
819.968        0.866076       0.00690157     
820.269        0.852559       0.00608476     
820.571        0.865978       0.00608476     
820.872        0.86173        0.00608476     
821.173        0.862114       0.00671174     
821.475        0.857399       0.00671174     
821.776        0.864664       0.00671174     
822.077        0.85559        0.00526752     
822.378        0.868606       0.00526752     
822.679        0.85174        0.00526752     
822.98         0.856463       0.00526752     
823.281        0.853312       0.0070567      
823.581        0.859866       0.0070567      
823.882        0.852503       0.0070567      
824.183        0.861547       0.00509428     
824.483        0.851085       0.00509428     
824.784        0.855399       0.00509428     
825.084        0.858027       0.00908092     
825.385        0.858626       0.00908092     
825.685        0.868214       0.00908092     
825.985        0.870805       0.00908092     
826.286        0.874037       0.00685147     
826.586        0.876375       0.00685147     
826.886        0.862111       0.00685147     
827.186        0.852219       0.00669991     
827.486        0.871775       0.00669991     
827.786        0.864012       0.00669991     
828.086        0.863023       0.00720941     
828.386        0.852066       0.00720941     
828.685        0.870883       0.00720941     
828.985        0.868716       0.00720941     
829.285        0.852409       0.00615668     
829.584        0.865969       0.00615668     
829.884        0.857515       0.00615668     
830.183        0.869368       0.00720103     
830.482        0.871036       0.00720103     
830.782        0.874268       0.00720103     
831.081        0.852216       0.00686455     
831.38         0.859038       0.00686455     
831.679        0.872071       0.00686455     
831.978        0.863549       0.00686455     
832.277        0.854651       9.87775e-05    
832.576        0.873709       9.87775e-05    
832.875        0.874012       9.87775e-05    
833.174        0.887151       9.87775e-05    
833.472        0.869024       9.87775e-05    
833.771        0.868357       9.87775e-05    
834.07         0.880594       9.87775e-05    
834.368        0.859048       9.87775e-05    
834.667        0.864117       9.87775e-05    
834.965        0.846087       9.87775e-05    
835.263        0.861592       9.87775e-05    
835.562        0.85761        9.87775e-05    
835.86         0.852612       9.87775e-05    
836.158        0.862107       0.00757366     
836.456        0.849063       0.00757366     
836.754        0.857482       0.00757366     
837.052        0.839913       0.00616076     
837.35         0.874677       0.00616076     
837.648        0.845867       0.00616076     
837.946        0.868994       0.00616076     
838.243        0.870987       0.00546816     
838.541        0.85611        0.00546816     
838.839        0.878816       0.00546816     
839.136        0.868463       0.00687683     
839.434        0.857758       0.00687683     
839.731        0.84096        0.00687683     
840.028        0.846351       0.00687107     
840.326        0.85668        0.00687107     
840.623        0.846571       0.00687107     
840.92         0.875841       0.00687107     
841.217        0.87703        0.00594644     
841.514        0.857929       0.00594644     
841.811        0.879893       0.00594644     
842.108        0.85985        0.00563784     
842.405        0.867199       0.00563784     
842.701        0.869012       0.00563784     
842.998        0.866113       0.00563784     
843.295        0.885004       0.00705849     
843.591        0.854106       0.00705849     
843.888        0.851906       0.00705849     
844.184        0.886476       0.0055989      
844.481        0.883786       0.0055989      
844.777        0.875713       0.0055989      
845.073        0.867619       0.00854032     
845.369        0.847061       0.00854032     
845.665        0.864447       0.00854032     
845.962        0.854381       0.00854032     
846.258        0.888865       0.00741215     
846.553        0.858169       0.00741215     
846.849        0.887926       0.00741215     
847.145        0.864371       0.00718675     
847.441        0.911069       0.00718675     
847.737        0.854          0.00718675     
848.032        0.861374       0.00561489     
848.328        0.832664       0.00561489     
848.623        0.89219        0.00561489     
848.919        0.865413       0.00561489     
849.214        0.857345       0.00701553     
849.509        0.871816       0.00701553     
849.805        0.891341       0.00701553     
850.1          0.845727       0.00578382     
850.395        0.882952       0.00578382     
850.69         0.852825       0.00578382     
850.985        0.847039       0.00578382     
851.28         0.882761       0.0066473      
851.575        0.889625       0.0066473      
851.869        0.866546       0.0066473      
852.164        0.930698       0.00612532     
852.459        0.890128       0.00612532     
852.753        0.85813        0.00612532     
853.048        0.87749        0.00712488     
853.342        0.876214       0.00712488     
853.637        0.864489       0.00712488     
853.931        0.878731       0.00712488     
854.225        0.874318       0.0073315      
854.52         0.855912       0.0073315      
854.814        0.883923       0.0073315      
855.108        0.884037       0.0068157      
855.402        0.872194       0.0068157      
855.696        0.852875       0.0068157      
855.99         0.865337       0.0068157      
856.283        0.860971       0.00637846     
856.577        0.861467       0.00637846     
856.871        0.878677       0.00637846     
857.164        0.881318       0.00569202     
857.458        0.889238       0.00569202     
857.751        0.859087       0.00569202     
858.045        0.879106       0.00722592     
858.338        0.883729       0.00722592     
858.632        0.892253       0.00722592     
858.925        0.868393       0.00722592     
859.218        0.884893       0.00772915     
859.511        0.90463        0.00772915     
859.804        0.892866       0.00772915     
860.097        0.867395       0.0060789      
860.39         0.869367       0.0060789      
860.683        0.887552       0.0060789      
860.976        0.863674       0.0060789      
861.268        0.908267       0.00682125     
861.561        0.884043       0.00682125     
861.854        0.878971       0.00682125     
862.146        0.880027       0.00648645     
862.439        0.897995       0.00648645     
862.731        0.882683       0.00648645     
863.023        0.913964       0.00644634     
863.316        0.865795       0.00644634     
863.608        0.86177        0.00644634     
863.9          0.89755        0.00644634     
864.192        0.88705        0.00543669     
864.484        0.884599       0.00543669     
864.776        0.880649       0.00543669     
865.068        0.900382       0.00698295     
865.36         0.898528       0.00698295     
865.651        0.882523       0.00698295     
865.943        0.865839       0.00698295     
866.235        0.87945        0.00758267     
866.526        0.893264       0.00758267     
866.818        0.919755       0.00758267     
867.109        0.907793       0.00662433     
867.4          0.900723       0.00662433     
867.692        0.877297       0.00662433     
867.983        0.851426       0.00662433     
868.274        0.920198       0.00602327     
868.565        0.847046       0.00602327     
868.856        0.885993       0.00602327     
869.147        0.91739        0.00755907     
869.438        0.891143       0.00755907     
869.729        0.879579       0.00755907     
870.02         0.882002       0.00544395     
870.31         0.885497       0.00544395     
870.601        0.908607       0.00544395     
870.892        0.88984        0.00544395     
871.182        0.872807       0.00742478     
871.473        0.908004       0.00742478     
871.763        0.878501       0.00742478     
872.053        0.876007       0.00723755     
872.343        0.889319       0.00723755     
872.634        0.902058       0.00723755     
872.924        0.878009       0.00723755     
873.214        0.865193       0.00677441     
873.504        0.875502       0.00677441     
873.794        0.879345       0.00677441     
874.084        0.892929       0.00652969     
874.373        0.867815       0.00652969     
874.663        0.89648        0.00652969     
874.953        0.88392        0.00652969     
875.242        0.892366       0.0061346      
875.532        0.876062       0.0061346      
875.821        0.858788       0.0061346      
876.111        0.921249       0.00672687     
876.4          0.892944       0.00672687     
876.689        0.869485       0.00672687     
876.978        0.905568       0.00672687     
877.268        0.867426       0.00626464     
877.557        0.864851       0.00626464     
877.846        0.916541       0.00626464     
878.134        0.905851       0.00666532     
878.423        0.906018       0.00666532     
878.712        0.906185       0.00666532     
