178.41         0.527916       0.011436       
178.791        0.527916       0.011436       
179.172        0.527916       0.0113408      
179.553        0.887293       0.0113408      
179.934        0.870896       0.0113408      
180.316        0.810218       0.013069       
180.697        0.833646       0.013069       
181.078        0.770317       0.0115293      
181.459        1.01018        0.0115293      
181.84         0.928161       0.0115293      
182.221        0.8594         0.0114063      
182.602        1.03197        0.0114063      
182.983        0.777322       0.0114063      
183.364        0.192505       0.0124132      
183.744        0.92755        0.0124132      
184.125        0.806541       0.0126229      
184.506        0.741259       0.0126229      
184.887        0.866517       0.0126229      
185.268        0.935109       0.0110702      
185.648        0.827694       0.0110702      
186.029        0.859135       0.0122339      
186.41         0.910964       0.0122339      
186.791        0.8548         0.0122339      
187.171        0.772645       0.0125869      
187.552        0.538303       0.0125869      
187.932        0.560859       0.0125869      
188.313        0.551056       0.0115161      
188.694        0.555151       0.0115161      
189.074        0.566673       0.0121102      
189.455        0.567428       0.0121102      
189.835        0.564348       0.0121102      
190.216        0.565563       0.0129768      
190.596        0.580563       0.0129768      
190.977        0.566071       0.0129768      
191.357        0.574676       0.0119407      
191.737        0.590991       0.0119407      
192.118        0.550786       0.0124528      
192.498        0.562731       0.0124528      
192.878        0.572609       0.0124528      
193.258        0.541331       0.0123455      
193.639        0.549066       0.0123455      
194.019        0.539828       0.0122545      
194.399        0.539587       0.0122545      
194.779        0.539637       0.0122545      
195.159        0.530766       0.0124859      
195.54         0.530856       0.0124859      
195.92         0.527604       0.0124859      
196.3          0.510465       0.0124802      
196.68         0.506684       0.0124802      
197.06         0.502574       0.0116496      
197.44         0.500261       0.0116496      
197.82         0.488728       0.0116496      
198.2          0.483671       0.0120153      
198.58         0.480218       0.0120153      
198.959        0.485016       0.0120153      
199.339        0.471088       0.0123393      
199.719        0.471637       0.0123393      
200.099        0.466554       0.0125866      
200.479        0.44601        0.0125866      
200.858        0.450803       0.0125866      
201.238        0.441852       0.0121882      
201.618        0.435418       0.0121882      
201.998        0.428757       0.0121882      
202.377        0.423343       0.0117063      
202.757        0.418277       0.0117063      
203.136        0.422708       0.0130966      
203.516        0.408827       0.0130966      
203.896        0.397334       0.0130966      
204.275        0.39339        0.0130177      
204.655        0.385699       0.0130177      
205.034        0.391175       0.0123037      
205.414        0.379663       0.0123037      
205.793        0.377393       0.0123037      
206.172        0.377286       0.0127628      
206.552        0.369295       0.0127628      
206.931        0.365921       0.0127628      
207.31         0.362322       0.0116359      
207.69         0.35402        0.0116359      
208.069        0.34954        0.014166       
208.448        0.346785       0.014166       
208.827        0.347937       0.014166       
209.207        0.341051       0.0124782      
209.586        0.335645       0.0124782      
209.965        0.335154       0.0124782      
210.344        0.336949       0.0126357      
210.723        0.328578       0.0126357      
211.102        0.317921       0.0132297      
211.481        0.312149       0.0132297      
211.86         0.319714       0.0132297      
212.239        0.30905        0.0128467      
212.618        0.311021       0.0128467      
212.997        0.307193       0.0128467      
213.376        0.30017        0.0139369      
213.755        0.303364       0.0139369      
214.134        0.299645       0.0127054      
214.513        0.295479       0.0127054      
214.891        0.296696       0.0127054      
215.27         0.289651       0.0130703      
215.649        0.283332       0.0130703      
216.028        0.284303       0.012319       
216.406        0.284942       0.012319       
216.785        0.279039       0.012319       
217.164        0.278456       0.0133467      
217.542        0.274892       0.0133467      
217.921        0.272297       0.0133467      
218.3          0.270361       0.0133202      
218.678        0.27056        0.0133202      
219.057        0.268132       0.0135797      
219.435        0.267395       0.0135797      
219.814        0.265278       0.0135797      
220.192        0.264146       0.012768       
220.57         0.261375       0.012768       
220.949        0.260659       0.012768       
221.327        0.257518       0.0135325      
221.705        0.256429       0.0135325      
222.084        0.253445       0.0134581      
222.462        0.255352       0.0134581      
222.84         0.253453       0.0134581      
223.218        0.253433       0.0132268      
223.597        0.253308       0.0132268      
223.975        0.251602       0.0132268      
224.353        0.250237       0.0128004      
224.731        0.251767       0.0128004      
225.109        0.250966       0.0134768      
225.487        0.249167       0.0134768      
225.865        0.251616       0.0134768      
226.243        0.249456       0.0135005      
226.621        0.249172       0.0135005      
226.999        0.249177       0.0135005      
227.377        0.250004       0.0134575      
227.755        0.251012       0.0134575      
228.133        0.250008       0.0129006      
228.511        0.250978       0.0129006      
228.889        0.251399       0.0129006      
229.266        0.250832       0.0130077      
229.644        0.250902       0.0130077      
230.022        0.25342        0.0145059      
230.4          0.254419       0.0145059      
230.777        0.255293       0.0145059      
231.155        0.254439       0.0130153      
231.533        0.256745       0.0130153      
231.91         0.256258       0.0130153      
232.288        0.256944       0.0137046      
232.665        0.258545       0.0137046      
233.043        0.259418       0.0119956      
233.42         0.261184       0.0119956      
233.798        0.263151       0.0119956      
234.175        0.262792       0.0135926      
234.553        0.264606       0.0135926      
234.93         0.266102       0.0135926      
235.307        0.267027       0.0138254      
235.685        0.26897        0.0138254      
236.062        0.26929        0.0136829      
236.439        0.271907       0.0136829      
236.816        0.271397       0.0136829      
237.194        0.273846       0.0134251      
237.571        0.273228       0.0134251      
237.948        0.275253       0.0134251      
238.325        0.277443       0.013331       
238.702        0.277618       0.013331       
239.079        0.27957        0.0137175      
239.456        0.280522       0.0137175      
239.833        0.282063       0.0137175      
240.21         0.283699       0.0129834      
240.587        0.284016       0.0129834      
240.964        0.28518        0.0129834      
241.341        0.285789       0.0128377      
241.718        0.288979       0.0128377      
242.095        0.288703       0.0134583      
242.472        0.29077        0.0134583      
242.849        0.292155       0.0134583      
243.225        0.292005       0.0135486      
243.602        0.293848       0.0135486      
243.979        0.294937       0.0135486      
244.356        0.296013       0.0134388      
244.732        0.296968       0.0134388      
245.109        0.298177       0.0134905      
245.486        0.299027       0.0134905      
245.862        0.300925       0.0134905      
246.239        0.300945       0.0136961      
246.615        0.301456       0.0136961      
246.992        0.303699       0.0136961      
247.368        0.304081       0.0130912      
247.745        0.305905       0.0130912      
248.121        0.306661       0.0133497      
248.497        0.307785       0.0133497      
248.874        0.308267       0.0133497      
249.25         0.309207       0.0143316      
249.626        0.310691       0.0143316      
250.003        0.311171       0.0124298      
250.379        0.31243        0.0124298      
250.755        0.313702       0.0124298      
251.131        0.314171       0.0140366      
251.507        0.314546       0.0140366      
251.884        0.316507       0.0140366      
252.26         0.317525       0.013973       
252.636        0.318715       0.013973       
253.012        0.319962       0.0141257      
253.388        0.320758       0.0141257      
253.764        0.322317       0.0141257      
254.14         0.322442       0.0123025      
254.516        0.323456       0.0123025      
254.892        0.325545       0.0123025      
255.268        0.325658       0.0134711      
255.643        0.327146       0.0134711      
256.019        0.328121       0.0140292      
256.395        0.328135       0.0140292      
256.771        0.330846       0.0140292      
257.147        0.330946       0.013697       
257.522        0.331575       0.013697       
257.898        0.333677       0.013697       
258.274        0.334502       0.0135694      
258.649        0.334516       0.0135694      
259.025        0.335402       0.0135088      
259.4          0.336648       0.0135088      
259.776        0.338258       0.0135088      
260.151        0.338695       0.0131671      
260.527        0.339795       0.0131671      
260.902        0.340444       0.0131671      
261.278        0.34055        0.0142064      
261.653        0.342074       0.0142064      
262.028        0.342147       0.0134489      
262.404        0.342846       0.0134489      
262.779        0.343124       0.0134489      
263.154        0.345219       0.013055       
263.53         0.345265       0.013055       
263.905        0.345971       0.013055       
264.28         0.34721        0.0128282      
264.655        0.34768        0.0128282      
265.03         0.348138       0.0136194      
265.405        0.348959       0.0136194      
265.781        0.348689       0.0136194      
266.156        0.350238       0.0135681      
266.531        0.350917       0.0135681      
266.906        0.350697       0.0135681      
267.281        0.352128       0.0131539      
267.655        0.351121       0.0131539      
268.03         0.35239        0.0143653      
268.405        0.352763       0.0143653      
268.78         0.35332        0.0143653      
269.155        0.354559       0.0141996      
269.53         0.35419        0.0141996      
269.904        0.354243       0.0141996      
270.279        0.355383       0.0126336      
270.654        0.355262       0.0126336      
271.029        0.355749       0.0136638      
271.403        0.356498       0.0136638      
271.778        0.355781       0.0136638      
272.152        0.356117       0.013435       
272.527        0.355238       0.013435       
272.901        0.357641       0.013435       
273.276        0.357773       0.013771       
273.65         0.358161       0.013771       
274.025        0.357939       0.0137329      
274.399        0.35781        0.0137329      
274.774        0.359183       0.0137329      
275.148        0.359989       0.0137653      
275.522        0.359126       0.0137653      
275.897        0.359866       0.0137653      
276.271        0.359551       0.0139608      
276.645        0.360171       0.0139608      
277.019        0.361388       0.0134491      
277.393        0.361524       0.0134491      
277.768        0.360949       0.0134491      
278.142        0.360619       0.0136753      
278.516        0.361048       0.0136753      
278.89         0.362063       0.0136753      
279.264        0.360945       0.0136107      
279.638        0.362411       0.0136107      
280.012        0.362158       0.0134221      
280.386        0.361831       0.0134221      
280.76         0.361615       0.0134221      
281.133        0.362871       0.0130352      
281.507        0.363203       0.0130352      
281.881        0.362692       0.0130352      
282.255        0.362829       0.0136164      
282.629        0.362516       0.0136164      
283.002        0.361767       0.0139383      
283.376        0.36278        0.0139383      
283.75         0.362676       0.0139383      
284.123        0.362932       0.0137986      
284.497        0.362183       0.0137986      
284.87         0.363204       0.0137986      
285.244        0.363661       0.0129298      
285.618        0.363085       0.0129298      
285.991        0.361992       0.0129298      
286.364        0.362352       0.0144418      
286.738        0.360913       0.0144418      
287.111        0.363651       0.0131408      
287.485        0.362519       0.0131408      
287.858        0.362266       0.0131408      
288.231        0.361802       0.0131769      
288.605        0.361224       0.0131769      
288.978        0.363105       0.0131769      
289.351        0.361963       0.0135531      
289.724        0.361212       0.0135531      
290.097        0.360256       0.0129419      
290.47         0.360437       0.0129419      
290.843        0.360132       0.0129419      
291.217        0.359902       0.0140025      
291.59         0.359299       0.0140025      
291.963        0.359171       0.0140025      
292.336        0.358422       0.0138087      
292.708        0.358136       0.0138087      
293.081        0.357909       0.0129056      
293.454        0.358439       0.0129056      
293.827        0.358292       0.0129056      
294.2          0.356481       0.0130003      
294.573        0.355845       0.0130003      
294.945        0.355462       0.0130003      
295.318        0.355263       0.0132088      
295.691        0.355131       0.0132088      
296.064        0.353964       0.0137837      
296.436        0.353336       0.0137837      
296.809        0.354226       0.0137837      
297.181        0.353019       0.0131242      
297.554        0.353288       0.0131242      
297.926        0.352936       0.0131242      
298.299        0.353312       0.0139231      
298.671        0.353671       0.0139231      
299.044        0.352225       0.0139266      
299.416        0.352144       0.0139266      
299.788        0.351368       0.0139266      
300.161        0.351038       0.0144174      
300.533        0.351747       0.0144174      
300.905        0.352193       0.0144174      
301.278        0.351075       0.0144058      
301.65         0.350816       0.0144058      
302.022        0.35108        0.01398        
302.394        0.350421       0.01398        
302.766        0.350144       0.01398        
303.138        0.349819       0.0133082      
303.51         0.350462       0.0133082      
303.882        0.349852       0.0133082      
304.254        0.348701       0.0144615      
304.626        0.350099       0.0144615      
304.998        0.349048       0.0144615      
305.37         0.348792       0.0132682      
305.742        0.348185       0.0132682      
306.114        0.348082       0.0124403      
306.485        0.348314       0.0124403      
306.857        0.347771       0.0124403      
307.229        0.346726       0.0129957      
307.601        0.346819       0.0129957      
307.972        0.347048       0.0129957      
308.344        0.34605        0.0132443      
308.716        0.345891       0.0132443      
309.087        0.346625       0.0127738      
309.459        0.3465         0.0127738      
309.83         0.345032       0.0127738      
310.202        0.345467       0.0140106      
310.573        0.345512       0.0140106      
310.945        0.344651       0.0140106      
311.316        0.34324        0.0126133      
311.687        0.343357       0.0126133      
312.059        0.343086       0.0135286      
312.43         0.343331       0.0135286      
312.801        0.343137       0.0135286      
313.172        0.34235        0.0138202      
313.544        0.341371       0.0138202      
313.915        0.342618       0.0138202      
314.286        0.342346       0.0139134      
314.657        0.341149       0.0139134      
315.028        0.341075       0.0121486      
315.399        0.341113       0.0121486      
315.77         0.341375       0.0121486      
316.141        0.339486       0.0135983      
316.512        0.339703       0.0135983      
316.883        0.340617       0.0135983      
317.254        0.339279       0.0127717      
317.625        0.338156       0.0127717      
317.996        0.337778       0.0127717      
318.366        0.336985       0.0128473      
318.737        0.336942       0.0128473      
319.108        0.336578       0.0125893      
319.478        0.335882       0.0125893      
319.849        0.334945       0.0125893      
320.22         0.335298       0.0142851      
320.59         0.334613       0.0142851      
320.961        0.335101       0.0142851      
321.331        0.333801       0.0132486      
321.702        0.33379        0.0132486      
322.072        0.332651       0.0137911      
322.443        0.332323       0.0137911      
322.813        0.331073       0.0137911      
323.184        0.330783       0.0129535      
323.554        0.330197       0.0129535      
323.924        0.33106        0.0129535      
324.295        0.329531       0.0131638      
324.665        0.328875       0.0131638      
325.035        0.329016       0.0127665      
325.405        0.328342       0.0127665      
325.775        0.32733        0.0127665      
326.145        0.326568       0.012853       
326.515        0.325628       0.012853       
326.886        0.324143       0.012853       
327.256        0.322152       0.0129254      
327.626        0.319396       0.0129254      
327.995        0.318711       0.0129254      
328.365        0.31923        0.012583       
328.735        0.322458       0.012583       
329.105        0.324611       0.0141376      
329.475        0.326557       0.0141376      
329.845        0.330033       0.0141376      
330.215        0.333687       0.012981       
330.584        0.33358        0.012981       
330.954        0.330925       0.012981       
331.324        0.328439       0.0132648      
331.693        0.323395       0.0132648      
332.063        0.318867       0.0137986      
332.432        0.315826       0.0137986      
332.802        0.313225       0.0137986      
333.171        0.311787       0.0124471      
333.541        0.31608        0.0124471      
333.91         0.320865       0.0124471      
334.28         0.322037       0.013406       
334.649        0.319026       0.013406       
335.018        0.315902       0.0132591      
335.388        0.315251       0.0132591      
335.757        0.314951       0.0132591      
336.126        0.313395       0.0129419      
336.495        0.313769       0.0129419      
336.865        0.313637       0.0129419      
337.234        0.312138       0.0129387      
337.603        0.312          0.0129387      
337.972        0.310405       0.0129387      
338.341        0.311612       0.013826       
338.71         0.310454       0.013826       
339.079        0.309161       0.0130728      
339.448        0.309721       0.0130728      
339.817        0.309557       0.0130728      
340.186        0.308343       0.0133643      
340.554        0.308049       0.0133643      
340.923        0.307223       0.0133643      
341.292        0.306766       0.0126844      
341.661        0.306446       0.0126844      
342.029        0.30637        0.0131553      
342.398        0.305761       0.0131553      
342.767        0.304864       0.0131553      
343.135        0.304222       0.0132303      
343.504        0.304081       0.0132303      
343.872        0.302695       0.0132303      
344.241        0.302743       0.0136614      
344.609        0.30256        0.0136614      
344.978        0.301372       0.0136614      
345.346        0.301738       0.0135436      
345.715        0.301072       0.0135436      
346.083        0.299328       0.0130668      
346.451        0.300151       0.0130668      
346.82         0.299404       0.0130668      
347.188        0.299323       0.0133015      
347.556        0.298236       0.0133015      
347.924        0.298228       0.0133015      
348.292        0.297652       0.0131934      
348.66         0.297076       0.0131934      
349.028        0.296063       0.013055       
349.396        0.296489       0.013055       
349.764        0.294844       0.013055       
350.132        0.295887       0.0130634      
350.5          0.294892       0.0130634      
350.868        0.29327        0.0130634      
351.236        0.294915       0.0133389      
351.604        0.29329        0.0133389      
351.972        0.293041       0.0133389      
352.34         0.293374       0.0129085      
352.707        0.293083       0.0129085      
353.075        0.292994       0.0127126      
353.443        0.291958       0.0127126      
353.81         0.291274       0.0127126      
354.178        0.290791       0.0135493      
354.545        0.291125       0.0135493      
354.913        0.290285       0.0135493      
355.28         0.289319       0.0121841      
355.648        0.289996       0.0121841      
356.015        0.289756       0.0132763      
356.383        0.289069       0.0132763      
356.75         0.288989       0.0132763      
357.117        0.288012       0.0140855      
357.485        0.288438       0.0140855      
357.852        0.287631       0.0140855      
358.219        0.287137       0.0129336      
358.586        0.287781       0.0129336      
358.954        0.286416       0.0129336      
359.321        0.28723        0.0125077      
359.688        0.285791       0.0125077      
360.055        0.286032       0.0130423      
360.422        0.285604       0.0130423      
360.789        0.284937       0.0130423      
361.156        0.28406        0.0129105      
361.523        0.284836       0.0129105      
361.89         0.284608       0.0129105      
362.256        0.284133       0.0135143      
362.623        0.284003       0.0135143      
362.99         0.283856       0.0135143      
363.357        0.284251       0.0125937      
363.724        0.283944       0.0125937      
364.09         0.283574       0.013257       
364.457        0.283596       0.013257       
364.823        0.283488       0.013257       
365.19         0.283688       0.0128088      
365.557        0.283241       0.0128088      
365.923        0.283854       0.0128088      
366.29         0.282655       0.0124417      
366.656        0.282577       0.0124417      
367.022        0.283204       0.0123744      
367.389        0.282544       0.0123744      
367.755        0.283101       0.0123744      
368.121        0.283175       0.0131217      
368.488        0.283133       0.0131217      
368.854        0.282708       0.0131217      
369.22         0.283092       0.0127025      
369.586        0.283973       0.0127025      
369.952        0.283234       0.0127025      
370.318        0.283574       0.0121321      
370.684        0.28246        0.0121321      
371.051        0.282459       0.0129836      
371.416        0.282768       0.0129836      
371.782        0.28238        0.0129836      
372.148        0.283539       0.0118182      
372.514        0.28321        0.0118182      
372.88         0.28326        0.0118182      
373.246        0.282988       0.0119545      
373.612        0.283          0.0119545      
373.977        0.281909       0.0119545      
374.343        0.282406       0.0123868      
374.709        0.282656       0.0123868      
375.074        0.282412       0.0128248      
375.44         0.283739       0.0128248      
375.806        0.283531       0.0128248      
376.171        0.284426       0.0124541      
376.537        0.283047       0.0124541      
376.902        0.283075       0.0124541      
377.268        0.283387       0.0122352      
377.633        0.28305        0.0122352      
377.998        0.2832         0.0122352      
378.364        0.283232       0.0129346      
378.729        0.283195       0.0129346      
379.094        0.283519       0.0127455      
379.459        0.285879       0.0127455      
379.825        0.286784       0.0127455      
380.19         0.285471       0.0131727      
380.555        0.285525       0.0131727      
380.92         0.284709       0.0131727      
381.285        0.286296       0.0116167      
381.65         0.28567        0.0116167      
382.015        0.284247       0.0128485      
382.38         0.285275       0.0128485      
382.745        0.286212       0.0128485      
383.11         0.286542       0.0134252      
383.474        0.286385       0.0134252      
383.839        0.286433       0.0134252      
384.204        0.285626       0.0124496      
384.569        0.286737       0.0124496      
384.933        0.286811       0.0124496      
385.298        0.287377       0.013023       
385.663        0.287473       0.013023       
386.027        0.286525       0.0121149      
386.392        0.285965       0.0121149      
386.756        0.286186       0.0121149      
387.121        0.287103       0.0129882      
387.485        0.286721       0.0129882      
387.849        0.287222       0.0129882      
388.214        0.287264       0.0124073      
388.578        0.289779       0.0124073      
388.942        0.290028       0.0124073      
389.307        0.290908       0.0129362      
389.671        0.290503       0.0129362      
390.035        0.288954       0.0121282      
390.399        0.288862       0.0121282      
390.763        0.28868        0.0121282      
391.127        0.288752       0.0119714      
391.492        0.288157       0.0119714      
391.856        0.288388       0.0119714      
392.219        0.287906       0.0128853      
392.583        0.287622       0.0128853      
392.947        0.291536       0.0128853      
393.311        0.294308       0.0127775      
393.675        0.294877       0.0127775      
394.039        0.293373       0.0127912      
394.403        0.291616       0.0127912      
394.766        0.291465       0.0127912      
395.13         0.292951       0.0125263      
395.494        0.293459       0.0125263      
395.857        0.292517       0.0125263      
396.221        0.291668       0.0121608      
396.584        0.291893       0.0121608      
396.948        0.28985        0.0121608      
397.311        0.290271       0.0119557      
397.675        0.290322       0.0119557      
398.038        0.290165       0.0118579      
398.401        0.292668       0.0118579      
398.765        0.296026       0.0118579      
399.128        0.296636       0.0117926      
399.491        0.297091       0.0117926      
399.854        0.297267       0.0117926      
400.218        0.295693       0.011791       
400.581        0.294335       0.011791       
400.944        0.295675       0.011791       
401.307        0.296557       0.0130009      
401.67         0.296027       0.0130009      
402.033        0.296063       0.0125696      
402.396        0.296226       0.0125696      
402.759        0.296867       0.0125696      
403.122        0.295659       0.0122233      
403.485        0.2957         0.0122233      
403.847        0.295113       0.0122233      
404.21         0.296065       0.0123626      
404.573        0.294549       0.0123626      
404.936        0.294377       0.0123626      
405.298        0.295669       0.0125619      
405.661        0.299065       0.0125619      
406.023        0.300502       0.012216       
406.386        0.300432       0.012216       
406.749        0.300572       0.012216       
407.111        0.299199       0.012589       
407.473        0.29961        0.012589       
407.836        0.295649       0.012589       
408.198        0.295536       0.0111324      
408.561        0.296566       0.0111324      
408.923        0.29958        0.0111324      
409.285        0.298884       0.0118473      
409.647        0.299054       0.0118473      
410.009        0.299693       0.0118402      
410.372        0.301846       0.0118402      
410.734        0.301187       0.0118402      
411.096        0.300198       0.0111799      
411.458        0.300014       0.0111799      
411.82         0.298087       0.0111799      
412.182        0.298082       0.0114432      
412.544        0.298336       0.0114432      
412.906        0.299383       0.0114432      
413.267        0.300169       0.0137674      
413.629        0.302186       0.0137674      
413.991        0.302881       0.0137674      
414.353        0.302434       0.0130152      
414.714        0.30213        0.0130152      
415.076        0.301939       0.0127765      
415.438        0.301745       0.0127765      
415.799        0.300633       0.0127765      
416.161        0.301712       0.0121514      
416.522        0.302849       0.0121514      
416.884        0.302221       0.0121514      
417.245        0.301966       0.0108746      
417.607        0.30195        0.0108746      
417.968        0.302897       0.0108746      
418.329        0.301532       0.0126223      
418.691        0.302157       0.0126223      
419.052        0.30159        0.0127384      
419.413        0.303026       0.0127384      
419.774        0.300539       0.0127384      
420.135        0.301251       0.012736       
420.497        0.299774       0.012736       
420.858        0.299135       0.012736       
421.219        0.299334       0.0116643      
421.58         0.30236        0.0116643      
421.941        0.30619        0.0116643      
422.302        0.307006       0.0112244      
422.662        0.306149       0.0112244      
423.023        0.30582        0.0116191      
423.384        0.306677       0.0116191      
423.745        0.307241       0.0116191      
424.106        0.304517       0.0122335      
424.466        0.304359       0.0122335      
424.827        0.303859       0.0122335      
425.187        0.306813       0.0120346      
425.548        0.308963       0.0120346      
425.909        0.308414       0.0120346      
426.269        0.307246       0.0113454      
426.63         0.303806       0.0113454      
426.99         0.302092       0.0113454      
427.35         0.304898       0.0113807      
427.711        0.306516       0.0113807      
428.071        0.30671        0.011939       
428.431        0.303212       0.011939       
428.792        0.301251       0.011939       
429.152        0.297263       0.0109667      
429.512        0.297759       0.0109667      
429.872        0.302676       0.0109667      
430.232        0.306036       0.0110913      
430.592        0.309194       0.0110913      
430.952        0.312512       0.0110913      
431.312        0.313962       0.0118878      
431.672        0.313861       0.0118878      
432.032        0.310818       0.0115442      
432.392        0.308225       0.0115442      
432.752        0.307152       0.0115442      
433.111        0.294849       0.0114622      
433.471        0.298406       0.0114622      
433.831        0.30579        0.0114622      
434.19         0.316517       0.0121204      
434.55         0.310764       0.0121204      
434.91         0.307848       0.0121204      
435.269        0.308663       0.0116042      
435.629        0.306265       0.0116042      
435.988        0.306015       0.0116042      
436.348        0.3056         0.0122403      
436.707        0.308803       0.0122403      
437.066        0.311323       0.0123607      
437.426        0.30936        0.0123607      
437.785        0.307113       0.0123607      
438.144        0.305567       0.0115979      
438.503        0.307217       0.0115979      
438.862        0.308024       0.0115979      
439.222        0.309604       0.0119378      
439.581        0.310982       0.0119378      
439.94         0.309455       0.0119378      
440.299        0.306064       0.0111356      
440.658        0.300267       0.0111356      
441.017        0.299858       0.0114326      
441.376        0.304866       0.0114326      
441.734        0.310399       0.0114326      
442.093        0.311738       0.0124966      
442.452        0.310245       0.0124966      
442.811        0.3067         0.0124966      
443.169        0.305984       0.0109449      
443.528        0.308511       0.0109449      
443.887        0.311017       0.0109449      
444.245        0.310059       0.01161        
444.604        0.30946        0.01161        
444.962        0.310763       0.01161        
445.321        0.312024       0.0120644      
445.679        0.309417       0.0120644      
446.038        0.306905       0.011527       
446.396        0.308823       0.011527       
446.754        0.312356       0.011527       
447.112        0.310597       0.0113772      
447.471        0.312162       0.0113772      
447.829        0.311886       0.0113772      
448.187        0.310455       0.011664       
448.545        0.308351       0.011664       
448.903        0.307701       0.011664       
449.261        0.310478       0.0120116      
449.619        0.309897       0.0120116      
449.977        0.310751       0.0120116      
450.335        0.312329       0.0100546      
450.693        0.313722       0.0100546      
451.051        0.311415       0.0110823      
451.409        0.311107       0.0110823      
451.766        0.308672       0.0110823      
452.124        0.311623       0.0109008      
452.482        0.312561       0.0109008      
452.839        0.313989       0.0109008      
453.197        0.313613       0.0105591      
453.555        0.312578       0.0105591      
453.912        0.311729       0.0105591      
454.27         0.310833       0.0113221      
454.627        0.307458       0.0113221      
454.984        0.306295       0.0113221      
455.342        0.310057       0.0114505      
455.699        0.314455       0.0114505      
456.056        0.31379        0.0110891      
456.414        0.311354       0.0110891      
456.771        0.310082       0.0110891      
457.128        0.307676       0.0109814      
457.485        0.307785       0.0109814      
457.842        0.307935       0.0109814      
458.199        0.309764       0.0118047      
458.556        0.311404       0.0118047      
458.913        0.310617       0.0118047      
459.27         0.309485       0.0109647      
459.627        0.311618       0.0109647      
459.984        0.313976       0.0109647      
460.341        0.312311       0.0114538      
460.697        0.309678       0.0114538      
461.054        0.312888       0.0117306      
461.411        0.318756       0.0117306      
461.767        0.320574       0.0117306      
462.124        0.316264       0.0115245      
462.481        0.312342       0.0115245      
462.837        0.307814       0.0115245      
463.194        0.307316       0.0119642      
463.55         0.305286       0.0119642      
463.907        0.310843       0.0119642      
464.263        0.30492        0.0117658      
464.619        0.307996       0.0117658      
464.976        0.305566       0.0117658      
465.332        0.306627       0.0116378      
465.688        0.311075       0.0116378      
466.044        0.316442       0.0115955      
466.4          0.320612       0.0115955      
466.756        0.317201       0.0115955      
467.112        0.316593       0.0113592      
467.468        0.312281       0.0113592      
467.824        0.311725       0.0113592      
468.18         0.314807       0.0108377      
468.536        0.317602       0.0108377      
468.892        0.31688        0.0108377      
469.248        0.318526       0.0116472      
469.604        0.316617       0.0116472      
469.959        0.316038       0.0116472      
470.315        0.312602       0.0112245      
470.671        0.313622       0.0112245      
471.026        0.314084       0.0117544      
471.382        0.310232       0.0117544      
471.737        0.309616       0.0117544      
472.093        0.308584       0.0109277      
472.448        0.308853       0.0109277      
472.804        0.30512        0.0109277      
473.159        0.308743       0.0103275      
473.514        0.31029        0.0103275      
473.87         0.312745       0.0103275      
474.225        0.310029       0.0107231      
474.58         0.305226       0.0107231      
474.935        0.304544       0.0107231      
475.29         0.310278       0.0114827      
475.645        0.314457       0.0114827      
476            0.312773       0.0103593      
476.355        0.311294       0.0103593      
476.71         0.314242       0.0103593      
477.065        0.313517       0.0106793      
477.42         0.306471       0.0106793      
477.775        0.30472        0.0106793      
478.13         0.310333       0.0102842      
478.485        0.312958       0.0102842      
478.839        0.311258       0.0102842      
479.194        0.309276       0.0112254      
479.549        0.304653       0.0112254      
479.903        0.305832       0.0112254      
480.258        0.310026       0.0111544      
480.612        0.314773       0.0111544      
480.967        0.309742       0.0111544      
481.321        0.306261       0.011341       
481.675        0.309936       0.011341       
482.03         0.315798       0.0108709      
482.384        0.317149       0.0108709      
482.738        0.312723       0.0108709      
483.093        0.30984        0.010367       
483.447        0.309131       0.010367       
483.801        0.307508       0.010367       
484.155        0.303103       0.0115084      
484.509        0.30674        0.0115084      
484.863        0.294035       0.0115084      
485.217        0.353247       0.0110817      
490.168        0.31477        0.0110693      
490.522        0.310395       0.0110693      
490.875        0.312108       0.0110693      
491.228        0.311802       0.010842       
491.581        0.314722       0.010842       
491.935        0.31116        0.010842       
492.288        0.31233        0.0119166      
492.641        0.312855       0.0119166      
492.994        0.310902       0.0119166      
493.347        0.311504       0.0102588      
493.7          0.310322       0.0102588      
494.053        0.311707       0.0112706      
494.406        0.311717       0.0112706      
494.759        0.316936       0.0112706      
495.111        0.317238       0.0103741      
495.464        0.307013       0.0103741      
495.817        0.301179       0.0103741      
496.169        0.302943       0.0114892      
496.522        0.316293       0.0114892      
496.875        0.323232       0.0114892      
497.227        0.324679       0.0110416      
497.58         0.317498       0.0110416      
497.932        0.312363       0.0110416      
498.285        0.307667       0.0104808      
498.637        0.309663       0.0104808      
498.989        0.308536       0.0104808      
499.342        0.308206       0.0106875      
499.694        0.311711       0.0106875      
500.046        0.317902       0.0104763      
500.398        0.316471       0.0104763      
500.751        0.307308       0.0104763      
501.103        0.307614       0.0111542      
501.455        0.309355       0.0111542      
501.807        0.313512       0.0111542      
502.159        0.311044       0.010948       
502.511        0.313373       0.010948       
502.862        0.312496       0.010948       
503.214        0.311816       0.0104689      
503.566        0.315313       0.0104689      
503.918        0.318042       0.0104689      
504.27         0.315968       0.0116342      
504.621        0.311082       0.0116342      
504.973        0.310469       0.0116342      
505.324        0.312043       0.0103146      
505.676        0.310974       0.0103146      
506.027        0.308893       0.0108107      
506.379        0.309735       0.0108107      
506.73         0.321025       0.0108107      
507.082        0.31931        0.0107309      
507.433        0.311738       0.0107309      
507.784        0.306802       0.0107309      
508.136        0.309815       0.0106435      
508.487        0.314303       0.0106435      
508.838        0.316215       0.0106435      
509.189        0.315576       0.0108005      
509.54         0.312818       0.0108005      
509.891        0.309079       0.0108005      
510.242        0.312127       0.0116664      
510.593        0.312073       0.0116664      
510.944        0.312867       0.0116664      
511.295        0.31279        0.0118661      
511.646        0.316216       0.0118661      
511.996        0.317015       0.0118661      
512.347        0.312896       0.0114556      
512.698        0.309037       0.0114556      
513.049        0.313599       0.0109218      
513.399        0.313509       0.0109218      
513.75         0.314138       0.0109218      
514.1          0.312276       0.0103474      
514.451        0.316347       0.0103474      
514.801        0.317269       0.0103474      
515.152        0.314401       0.0110872      
515.502        0.309652       0.0110872      
515.852        0.307585       0.0110872      
516.202        0.309272       0.0107993      
516.553        0.311098       0.0107993      
516.903        0.31483        0.0107993      
517.253        0.318009       0.01215        
517.603        0.317391       0.01215        
517.953        0.314922       0.01215        
518.303        0.312196       0.0110708      
518.653        0.307849       0.0110708      
519.003        0.308233       0.011202       
519.353        0.313023       0.011202       
519.703        0.320563       0.011202       
520.052        0.321264       0.0108822      
520.402        0.317565       0.0108822      
520.752        0.311611       0.0108822      
521.102        0.310654       0.0111935      
521.451        0.314224       0.0111935      
521.801        0.317835       0.0111935      
522.15         0.315689       0.0101069      
522.5          0.310743       0.0101069      
522.849        0.311747       0.0101069      
523.199        0.31248        0.0114311      
523.548        0.310318       0.0114311      
523.897        0.308862       0.0114311      
524.246        0.314249       0.0111632      
524.596        0.317207       0.0111632      
524.945        0.316439       0.0111632      
525.294        0.314538       0.0111437      
525.643        0.314191       0.0111437      
525.992        0.311652       0.0111437      
526.341        0.313085       0.011388       
526.69         0.312289       0.011388       
527.039        0.312233       0.0105437      
527.388        0.315727       0.0105437      
527.737        0.317242       0.0105437      
528.086        0.307412       0.0114607      
528.434        0.30408        0.0114607      
528.783        0.304168       0.0114607      
529.132        0.314937       0.0116719      
529.48         0.317567       0.0116719      
529.829        0.318158       0.0116719      
530.177        0.316004       0.0108091      
530.526        0.314525       0.0108091      
530.874        0.315762       0.0108091      
531.223        0.311657       0.0108486      
531.571        0.312443       0.0108486      
531.919        0.312696       0.0108486      
532.268        0.312877       0.0116106      
532.616        0.305861       0.0116106      
532.964        0.302259       0.0116106      
533.312        0.305973       0.0115546      
533.66         0.309498       0.0115546      
534.008        0.31137        0.0109293      
534.356        0.311751       0.0109293      
534.704        0.312349       0.0109293      
535.052        0.312078       0.0113349      
535.4          0.314144       0.0113349      
535.748        0.317916       0.0113349      
536.095        0.319046       0.010584       
536.443        0.31891        0.010584       
536.791        0.315425       0.010584       
537.139        0.309477       0.0108674      
537.486        0.306471       0.0108674      
537.834        0.304609       0.0108674      
538.181        0.307562       0.0108638      
538.529        0.309829       0.0108638      
538.876        0.311588       0.0108638      
539.223        0.31093        0.0121809      
539.571        0.314548       0.0121809      
539.918        0.31616        0.0121809      
540.265        0.312407       0.0119792      
540.613        0.308427       0.0119792      
540.96         0.306557       0.0119792      
541.307        0.311008       0.0112655      
541.654        0.312374       0.0112655      
542.001        0.310448       0.0121166      
542.348        0.31013        0.0121166      
542.695        0.31357        0.0121166      
543.042        0.311615       0.0104354      
543.388        0.309036       0.0104354      
543.735        0.308325       0.0104354      
544.082        0.30819        0.0122532      
544.429        0.30933        0.0122532      
544.775        0.311693       0.0122532      
545.122        0.31627        0.0112353      
545.469        0.32011        0.0112353      
545.815        0.318952       0.0112353      
546.162        0.314744       0.0119047      
546.508        0.310592       0.0119047      
546.854        0.306353       0.0119047      
547.201        0.302319       0.0118042      
547.547        0.299192       0.0118042      
547.893        0.305197       0.0118042      
548.24         0.312188       0.0122479      
548.586        0.321954       0.0122479      
548.932        0.325763       0.0122479      
549.278        0.320024       0.0105424      
549.624        0.314925       0.0105424      
549.97         0.309448       0.0105424      
550.316        0.314877       0.0108626      
550.662        0.315715       0.0108626      
551.008        0.317796       0.0106373      
551.353        0.306715       0.0106373      
551.699        0.296073       0.0106373      
552.045        0.300145       0.0115954      
552.391        0.312108       0.0115954      
552.736        0.318148       0.0115954      
553.082        0.315204       0.0104127      
553.427        0.31012        0.0104127      
553.773        0.312012       0.0104127      
554.118        0.319132       0.0114341      
554.464        0.316099       0.0114341      
554.809        0.309076       0.0114341      
555.154        0.301106       0.0104478      
555.5          0.30279        0.0104478      
555.845        0.308283       0.0104478      
556.19         0.315399       0.010307       
556.535        0.318671       0.010307       
556.88         0.319339       0.010307       
557.225        0.310899       0.0109671      
557.57         0.309352       0.0109671      
557.915        0.312389       0.0109671      
558.26         0.317065       0.0113768      
558.605        0.317996       0.0113768      
558.95         0.314505       0.0113768      
559.295        0.309352       0.0116683      
559.639        0.300701       0.0116683      
559.984        0.298059       0.0116683      
560.329        0.296893       0.0117815      
560.673        0.306276       0.0117815      
561.018        0.306313       0.0112131      
561.362        0.314908       0.0112131      
561.707        0.315873       0.0112131      
562.051        0.316538       0.0111443      
562.395        0.310963       0.0111443      
562.74         0.309103       0.0111443      
563.084        0.303008       0.0119066      
563.428        0.306041       0.0119066      
563.772        0.303056       0.0119066      
564.117        0.30749        0.0109161      
564.461        0.308103       0.0109161      
564.805        0.307984       0.0109161      
565.149        0.311653       0.0121879      
565.493        0.307179       0.0121879      
565.836        0.310207       0.0121879      
566.18         0.302771       0.0117408      
566.524        0.304771       0.0117408      
566.868        0.293375       0.0117408      
567.212        0.29535        0.0106367      
567.555        0.299435       0.0106367      
567.899        0.304477       0.0106367      
568.242        0.299047       0.0110865      
568.586        0.299152       0.0110865      
568.929        0.297318       0.0110865      
569.273        0.302198       0.0111854      
569.616        0.319425       0.0111854      
569.96         0.337829       0.0111854      
601.008        0.330811       0.0128819      
601.347        0.325689       0.0128819      
601.686        0.322846       0.0128819      
602.025        0.311725       0.0112026      
602.364        0.315109       0.0112026      
602.702        0.307985       0.0112026      
603.041        0.320499       0.0116483      
603.38         0.326401       0.0116483      
603.719        0.3289         0.0116483      
604.057        0.324558       0.0117857      
604.396        0.319564       0.0117857      
604.734        0.311206       0.0117857      
605.073        0.3058         0.0112923      
605.411        0.29998        0.0112923      
605.75         0.316551       0.0112923      
606.088        0.316347       0.011499       
606.426        0.321947       0.011499       
606.764        0.312145       0.011499       
607.103        0.310923       0.0114021      
607.441        0.310471       0.0114021      
607.779        0.312074       0.0114021      
608.117        0.311898       0.0117073      
608.455        0.306857       0.0117073      
608.793        0.309915       0.0117073      
609.131        0.308672       0.0122415      
609.469        0.295216       0.0122415      
609.806        0.296527       0.0122415      
610.144        0.298666       0.0122594      
610.482        0.311828       0.0122594      
610.819        0.309908       0.0122594      
611.157        0.304998       0.0118756      
611.495        0.305526       0.0118756      
611.832        0.307113       0.0118756      
612.17         0.304096       0.0112994      
612.507        0.302791       0.0112994      
612.844        0.297025       0.0112994      
613.182        0.301209       0.0116656      
613.519        0.300046       0.0116656      
613.856        0.300348       0.0116656      
614.193        0.300133       0.0116725      
614.53         0.301625       0.0116725      
614.867        0.297865       0.0116725      
615.205        0.297899       0.0114873      
615.541        0.30534        0.0114873      
615.878        0.307787       0.0114873      
616.215        0.316155       0.0116231      
616.552        0.304725       0.0116231      
616.889        0.303048       0.0116231      
617.226        0.296824       0.0114676      
617.562        0.29538        0.0114676      
617.899        0.300632       0.0114676      
618.235        0.308946       0.011497       
618.572        0.313825       0.011497       
618.908        0.315439       0.011497       
619.245        0.302616       0.0113003      
619.581        0.291964       0.0113003      
619.918        0.290743       0.0113003      
620.254        0.302514       0.0117043      
620.59         0.323936       0.0117043      
620.926        0.324866       0.0117043      
621.262        0.3038         0.0116709      
621.599        0.289801       0.0116709      
621.935        0.290395       0.0116709      
622.271        0.294866       0.0120398      
622.606        0.291235       0.0120398      
622.942        0.292667       0.0120398      
623.278        0.297859       0.0126072      
623.614        0.306206       0.0126072      
623.95         0.29738        0.0126072      
624.285        0.297404       0.0122449      
624.621        0.299895       0.0122449      
624.957        0.308404       0.0122449      
625.292        0.311115       0.0123963      
625.628        0.307984       0.0123963      
625.963        0.310393       0.0123963      
626.299        0.30866        0.0118101      
626.634        0.301936       0.0118101      
626.969        0.297938       0.0118101      
627.304        0.297604       0.0107845      
627.64         0.309103       0.0107845      
627.975        0.323447       0.0107845      
628.31         0.314962       0.0104941      
628.645        0.302978       0.0104941      
628.98         0.291333       0.0104941      
629.315        0.299067       0.0118472      
629.65         0.302707       0.0118472      
629.985        0.306752       0.0118472      
630.319        0.306636       0.0111161      
630.654        0.31063        0.0111161      
630.989        0.312546       0.0111161      
631.323        0.306984       0.0123814      
631.658        0.306469       0.0123814      
631.993        0.310278       0.0123814      
632.327        0.319138       0.0122085      
632.662        0.31598        0.0122085      
632.996        0.312662       0.0122085      
633.33         0.306024       0.0120728      
633.665        0.303644       0.0120728      
633.999        0.310287       0.0120728      
634.333        0.316463       0.0117857      
634.667        0.314218       0.0117857      
635.001        0.312193       0.0110383      
635.335        0.306952       0.0110383      
635.669        0.302443       0.0110383      
636.003        0.296722       0.0117983      
636.337        0.301229       0.0117983      
636.671        0.310735       0.0117983      
637.005        0.319271       0.0117387      
637.339        0.325814       0.0117387      
637.672        0.320837       0.0117387      
638.006        0.309566       0.011587       
638.339        0.304353       0.011587       
638.673        0.303862       0.011587       
639.006        0.31422        0.0130622      
639.34         0.319996       0.0130622      
639.673        0.319303       0.0130622      
640.007        0.318808       0.0117411      
640.34         0.313996       0.0117411      
640.673        0.31808        0.0117411      
641.006        0.318429       0.0108145      
641.34         0.321081       0.0108145      
641.673        0.321449       0.0108145      
642.006        0.323469       0.0111699      
642.339        0.329386       0.0111699      
642.672        0.320944       0.0111699      
643.004        0.315084       0.0113388      
643.337        0.31813        0.0113388      
643.67         0.323564       0.0113388      
644.003        0.327786       0.0110318      
644.336        0.324828       0.0110318      
644.668        0.321241       0.0110318      
645.001        0.320267       0.0116631      
645.333        0.320962       0.0116631      
645.666        0.324582       0.0116631      
645.998        0.33039        0.0116631      
646.331        0.332421       0.0123427      
646.663        0.331968       0.0123427      
646.995        0.328263       0.0123427      
647.327        0.321457       0.0114121      
647.66         0.304864       0.0114121      
647.992        0.295924       0.0114121      
648.324        0.299713       0.0119382      
648.656        0.302535       0.0119382      
648.988        0.309436       0.0119382      
649.32         0.314641       0.0124508      
649.652        0.328228       0.0124508      
649.983        0.33689        0.0124508      
650.315        0.33854        0.0131584      
650.647        0.329292       0.0131584      
650.979        0.326854       0.0131584      
651.31         0.314596       0.0122083      
651.642        0.310884       0.0122083      
651.973        0.306372       0.0122083      
652.305        0.310698       0.0113552      
652.636        0.315334       0.0113552      
652.967        0.317874       0.0113552      
653.299        0.322429       0.011718       
653.63         0.325082       0.011718       
653.961        0.323776       0.011718       
660.244        0.338258       0.0118354      
660.575        0.339175       0.0118354      
660.905        0.340042       0.0118354      
661.235        0.335153       0.0110388      
661.565        0.331808       0.0110388      
661.895        0.32828        0.0110388      
662.225        0.331435       0.0110181      
662.555        0.331819       0.0110181      
662.884        0.333622       0.0110181      
663.214        0.336428       0.0120206      
663.544        0.334799       0.0120206      
663.873        0.328105       0.0120206      
664.203        0.328975       0.0121981      
664.533        0.327557       0.0121981      
664.862        0.320855       0.0121981      
665.192        0.323205       0.0125803      
665.521        0.329558       0.0125803      
665.85         0.340161       0.0125803      
666.18         0.348551       0.0111633      
666.509        0.34958        0.0111633      
666.838        0.34854        0.0111633      
667.167        0.34018        0.0117157      
667.496        0.330063       0.0117157      
667.825        0.337281       0.0117157      
668.154        0.339199       0.0115359      
668.483        0.340762       0.0115359      
668.812        0.33469        0.0115359      
669.141        0.333668       0.0116573      
669.47         0.331853       0.0116573      
669.798        0.328345       0.0116573      
670.127        0.332715       0.0117759      
670.456        0.336225       0.0117759      
670.784        0.335507       0.0117759      
671.113        0.305729       0.01264        
671.441        0.296223       0.01264        
671.77         0.291554       0.01264        
672.098        0.299856       0.0119749      
672.426        0.310177       0.0119749      
672.755        0.327822       0.0119749      
673.083        0.34438        0.013043       
673.411        0.343191       0.013043       
673.739        0.338511       0.013043       
674.067        0.332322       0.0134905      
674.395        0.339275       0.0134905      
674.723        0.338057       0.0134905      
675.051        0.33207        0.0122799      
675.379        0.32533        0.0122799      
675.706        0.325011       0.0122799      
676.034        0.327891       0.0114153      
676.362        0.332207       0.0114153      
676.689        0.335832       0.0114153      
677.017        0.327656       0.0117195      
677.344        0.306561       0.0117195      
677.672        0.304466       0.0117195      
677.999        0.309117       0.0117195      
678.327        0.31862        0.0122996      
678.654        0.317426       0.0122996      
678.981        0.309056       0.0122996      
679.308        0.302698       0.0128392      
679.636        0.305871       0.0128392      
679.963        0.314747       0.0128392      
680.29         0.32605        0.0120809      
680.617        0.331205       0.0120809      
680.944        0.319339       0.0120809      
681.271        0.319118       0.01235        
681.597        0.314637       0.01235        
681.924        0.329071       0.01235        
682.251        0.340284       0.0122123      
682.578        0.344075       0.0122123      
682.904        0.327618       0.0122123      
683.231        0.310869       0.0124268      
683.557        0.303673       0.0124268      
683.884        0.300704       0.0124268      
684.21         0.3014         0.0118339      
684.536        0.30006        0.0118339      
684.863        0.298119       0.0118339      
685.189        0.298086       0.0110395      
685.515        0.303211       0.0110395      
685.841        0.313666       0.0110395      
686.167        0.319253       0.0110622      
686.493        0.321918       0.0110622      
686.819        0.313205       0.0110622      
687.145        0.311848       0.0116203      
687.471        0.318017       0.0116203      
687.797        0.329068       0.0116203      
688.123        0.334601       0.0122467      
688.448        0.330617       0.0122467      
688.774        0.323031       0.0122467      
689.1          0.314097       0.0126282      
689.425        0.319372       0.0126282      
689.751        0.321147       0.0126282      
690.076        0.330778       0.0124456      
690.402        0.318863       0.0124456      
690.727        0.307638       0.0124456      
691.052        0.300502       0.0118009      
691.377        0.307743       0.0118009      
691.703        0.316234       0.0118009      
692.028        0.319671       0.0123644      
692.353        0.323692       0.0123644      
692.678        0.314157       0.0123644      
693.003        0.316557       0.0124269      
693.328        0.314886       0.0124269      
693.652        0.334348       0.0124269      
693.977        0.339862       0.0124269      
694.302        0.341429       0.0124654      
694.627        0.324511       0.0124654      
694.951        0.313656       0.0124654      
695.276        0.320476       0.0127248      
695.6          0.334335       0.0127248      
695.925        0.351761       0.0127248      
696.249        0.325015       0.0126658      
696.574        0.291138       0.0126658      
696.898        0.28713        0.0126658      
697.222        0.298138       0.0114684      
697.546        0.31637        0.0114684      
697.871        0.323048       0.0114684      
698.195        0.327666       0.0119477      
698.519        0.324283       0.0119477      
698.843        0.329215       0.0119477      
699.167        0.328144       0.011469       
699.491        0.333949       0.011469       
699.814        0.340661       0.011469       
700.138        0.338823       0.0111479      
700.462        0.337714       0.0111479      
700.786        0.33845        0.0111479      
701.109        0.335837       0.0115543      
701.433        0.332503       0.0115543      
701.756        0.322867       0.0115543      
702.08         0.317337       0.0120897      
702.403        0.318736       0.0120897      
702.726        0.323381       0.0120897      
703.05         0.330564       0.0119864      
703.373        0.337336       0.0119864      
703.696        0.337115       0.0119864      
704.019        0.334955       0.0130569      
704.342        0.340147       0.0130569      
704.665        0.348441       0.0130569      
704.988        0.358072       0.0130569      
705.311        0.35749        0.0122433      
705.634        0.34515        0.0122433      
705.957        0.321769       0.0122433      
706.28         0.298727       0.0120696      
706.602        0.289534       0.0120696      
706.925        0.292505       0.0120696      
707.247        0.302959       0.012092       
707.57         0.312113       0.012092       
707.892        0.319466       0.012092       
708.215        0.324917       0.0112193      
708.537        0.332178       0.0112193      
708.859        0.341657       0.0112193      
709.182        0.338483       0.0123888      
709.504        0.33418        0.0123888      
709.826        0.32437        0.0123888      
710.148        0.317631       0.0129924      
710.47         0.322722       0.0129924      
710.792        0.327237       0.0129924      
711.114        0.332529       0.0133678      
711.436        0.337702       0.0133678      
711.758        0.345534       0.0133678      
712.079        0.338799       0.0134919      
712.401        0.334396       0.0134919      
712.723        0.325124       0.0134919      
713.044        0.317772       0.0121244      
713.366        0.305656       0.0121244      
713.687        0.304485       0.0121244      
714.009        0.309467       0.0136673      
714.33         0.316379       0.0136673      
714.652        0.320938       0.0136673      
714.973        0.322659       0.0136673      
715.294        0.330746       0.0117658      
715.615        0.340516       0.0117658      
715.936        0.349916       0.0117658      
716.257        0.355676       0.0120518      
716.578        0.352949       0.0120518      
716.899        0.347756       0.0120518      
717.22         0.346335       0.0127305      
717.541        0.32593        0.0127305      
717.862        0.322155       0.0127305      
718.182        0.325341       0.00988825     
718.503        0.326353       0.00988825     
718.824        0.321781       0.00988825     
719.144        0.323484       0.0129706      
719.465        0.331633       0.0129706      
719.785        0.336479       0.0129706      
720.105        0.338959       0.0128912      
720.426        0.331714       0.0128912      
720.746        0.32766        0.0128912      
721.066        0.324668       0.0115405      
721.386        0.331926       0.0115405      
721.706        0.32968        0.0115405      
722.026        0.336566       0.0125641      
722.346        0.342744       0.0125641      
722.666        0.347701       0.0125641      
722.986        0.339991       0.0125641      
723.306        0.329694       0.0122076      
723.626        0.328403       0.0122076      
723.946        0.336192       0.0122076      
724.265        0.335984       0.0130495      
724.585        0.328543       0.0130495      
724.904        0.315217       0.0130495      
725.224        0.311802       0.0118899      
725.543        0.315773       0.0118899      
725.863        0.318685       0.0118899      
726.182        0.321581       0.0126882      
726.501        0.329011       0.0126882      
726.82         0.335108       0.0126882      
727.14         0.331554       0.0116229      
727.459        0.326346       0.0116229      
727.778        0.317198       0.0116229      
728.097        0.320675       0.0132325      
728.416        0.320263       0.0132325      
728.734        0.324584       0.0132325      
729.053        0.314944       0.012001       
729.372        0.314886       0.012001       
729.691        0.313899       0.012001       
730.009        0.317102       0.0122897      
730.328        0.299255       0.0122897      
730.647        0.298845       0.0122897      
730.965        0.296594       0.0122897      
731.283        0.306264       0.010828       
731.602        0.314431       0.010828       
731.92         0.318013       0.010828       
732.238        0.316346       0.0128342      
732.557        0.312965       0.0128342      
732.875        0.308404       0.0128342      
733.193        0.306678       0.0124579      
733.511        0.295404       0.0124579      
733.829        0.29191        0.0124579      
734.147        0.294301       0.0111794      
734.465        0.30748        0.0111794      
734.782        0.315463       0.0111794      
735.1          0.313238       0.0121613      
735.418        0.312802       0.0121613      
735.735        0.308761       0.0121613      
736.053        0.308162       0.0116015      
736.371        0.307986       0.0116015      
736.688        0.307762       0.0116015      
737.005        0.310316       0.0124096      
737.323        0.320266       0.0124096      
737.64         0.329016       0.0124096      
737.957        0.330233       0.0124096      
738.274        0.32044        0.0125463      
738.592        0.301709       0.0125463      
738.909        0.295915       0.0125463      
739.226        0.299081       0.0119446      
739.543        0.309639       0.0119446      
739.86         0.324937       0.0119446      
740.176        0.332486       0.0120426      
740.493        0.338041       0.0120426      
740.81         0.346262       0.0120426      
741.127        0.3451         0.0112206      
741.443        0.339782       0.0112206      
741.76         0.331754       0.0112206      
742.076        0.319665       0.0120088      
742.393        0.322619       0.0120088      
742.709        0.325892       0.0120088      
743.025        0.340567       0.0116195      
743.342        0.342563       0.0116195      
743.658        0.343447       0.0116195      
743.974        0.341111       0.0116195      
744.29         0.336578       0.0121708      
744.606        0.331526       0.0121708      
744.922        0.332521       0.0121708      
745.238        0.339411       0.0129064      
745.554        0.332234       0.0129064      
745.87         0.33922        0.0129064      
746.186        0.34258        0.0118654      
746.501        0.332515       0.0118654      
746.817        0.321782       0.0118654      
747.132        0.323061       0.0121045      
747.448        0.333991       0.0121045      
747.763        0.34571        0.0121045      
748.079        0.34724        0.0121356      
748.394        0.335715       0.0121356      
748.71         0.320841       0.0121356      
749.025        0.31123        0.0127035      
749.34         0.30209        0.0127035      
749.655        0.298118       0.0127035      
749.97         0.301773       0.0127035      
750.285        0.306783       0.0123495      
750.6          0.314691       0.0123495      
750.915        0.314528       0.0123495      
751.23         0.309311       0.0111875      
751.545        0.308479       0.0111875      
751.859        0.319615       0.0111875      
752.174        0.32455        0.0126752      
752.489        0.329677       0.0126752      
752.803        0.317249       0.0126752      
753.118        0.302702       0.0122012      
753.432        0.300133       0.0122012      
753.747        0.305604       0.0122012      
754.061        0.312946       0.0119623      
754.375        0.311055       0.0119623      
754.689        0.304429       0.0119623      
755.004        0.301558       0.0121354      
755.318        0.299639       0.0121354      
755.632        0.295715       0.0121354      
755.946        0.293211       0.0121354      
756.26         0.286938       0.0120864      
756.573        0.284915       0.0120864      
756.887        0.27668        0.0120864      
757.201        0.277683       0.0110442      
757.515        0.279224       0.0110442      
757.828        0.29324        0.0110442      
758.142        0.304685       0.0118993      
758.455        0.303608       0.0118993      
758.769        0.29579        0.0118993      
759.082        0.284473       0.0117811      
759.396        0.282074       0.0117811      
759.709        0.278328       0.0117811      
760.022        0.280092       0.0122988      
760.335        0.279901       0.0122988      
760.648        0.286412       0.0122988      
760.962        0.296288       0.0122988      
761.275        0.306487       0.0137493      
761.587        0.31993        0.0137493      
761.9          0.320031       0.0137493      
762.213        0.316463       0.0123404      
762.526        0.309775       0.0123404      
762.839        0.294121       0.0123404      
763.151        0.295434       0.0125226      
763.464        0.289922       0.0125226      
763.776        0.282034       0.0125226      
764.089        0.273593       0.0115686      
764.401        0.269443       0.0115686      
764.714        0.278796       0.0115686      
765.026        0.287345       0.0121907      
765.338        0.298077       0.0121907      
765.65         0.306627       0.0121907      
765.962        0.319586       0.0121907      
766.275        0.330728       0.0133638      
766.587        0.337903       0.0133638      
766.898        0.340041       0.0133638      
767.21         0.325772       0.0126745      
767.522        0.307544       0.0126745      
767.834        0.291141       0.0126745      
768.146        0.27989        0.011451       
768.457        0.284161       0.011451       
768.769        0.29189        0.011451       
769.08         0.300481       0.011241       
769.392        0.304465       0.011241       
769.703        0.300537       0.011241       
770.015        0.2957         0.0109586      
770.326        0.287364       0.0109586      
770.637        0.287846       0.0109586      
770.948        0.292261       0.0109586      
771.26         0.307032       0.0107838      
771.571        0.319764       0.0107838      
771.882        0.322699       0.0107838      
772.193        0.317852       0.0118755      
772.504        0.314322       0.0118755      
772.814        0.313516       0.0118755      
773.125        0.318403       0.0117856      
773.436        0.319701       0.0117856      
773.747        0.328301       0.0117856      
774.057        0.3309         0.0118479      
774.368        0.335281       0.0118479      
774.678        0.335243       0.0118479      
774.989        0.338855       0.0118479      
775.299        0.345007       0.0118118      
775.609        0.347937       0.0118118      
775.919        0.345069       0.0118118      
776.23         0.344145       0.0119102      
776.54         0.339254       0.0119102      
776.85         0.338663       0.0119102      
777.16         0.335794       0.0118077      
777.47         0.337459       0.0118077      
777.78         0.322422       0.0118077      
778.089        0.31397        0.0130949      
778.399        0.306612       0.0130949      
778.709        0.304191       0.0130949      
779.019        0.306336       0.0119633      
779.328        0.315007       0.0119633      
779.638        0.332034       0.0119633      
779.947        0.338573       0.0119633      
780.257        0.328122       0.0113363      
780.566        0.304658       0.0113363      
780.875        0.296147       0.0113363      
781.185        0.298165       0.0126186      
781.494        0.306152       0.0126186      
781.803        0.311946       0.0126186      
782.112        0.317224       0.0121174      
782.421        0.324339       0.0121174      
782.73         0.322217       0.0121174      
783.039        0.318674       0.0133219      
783.348        0.318061       0.0133219      
783.656        0.325345       0.0133219      
783.965        0.345702       0.0133219      
784.274        0.34787        0.0122269      
784.582        0.338659       0.0122269      
784.891        0.330693       0.0122269      
785.199        0.322942       0.0123248      
785.508        0.326659       0.0123248      
785.816        0.32942        0.0123248      
786.124        0.333342       0.0123751      
786.432        0.336828       0.0123751      
786.741        0.322791       0.0123751      
787.049        0.317455       0.0123487      
787.357        0.308152       0.0123487      
787.665        0.313016       0.0123487      
787.973        0.314723       0.0123487      
788.281        0.312623       0.0127614      
788.588        0.313939       0.0127614      
788.896        0.324153       0.0127614      
789.204        0.344593       0.0118864      
789.511        0.356813       0.0118864      
789.819        0.360721       0.0118864      
790.126        0.358755       0.0120069      
790.434        0.361498       0.0120069      
790.741        0.36161        0.0120069      
791.049        0.35386        0.0121653      
791.356        0.356881       0.0121653      
791.663        0.359125       0.0121653      
791.97         0.367813       0.0121653      
792.277        0.374832       0.0112582      
792.584        0.369669       0.0112582      
792.891        0.357888       0.0112582      
793.198        0.329281       0.0114869      
793.505        0.30407        0.0114869      
793.812        0.29486        0.0114869      
794.119        0.300676       0.0118163      
794.425        0.308734       0.0118163      
794.732        0.317666       0.0118163      
795.038        0.32749        0.0122483      
795.345        0.350691       0.0122483      
795.651        0.382751       0.0122483      
795.958        0.40876        0.0122483      
796.264        0.416084       0.0113127      
796.57         0.400536       0.0113127      
796.876        0.368252       0.0113127      
797.183        0.351393       0.0116035      
797.489        0.351257       0.0116035      
797.795        0.357449       0.0116035      
798.101        0.363041       0.0120633      
798.406        0.373459       0.0120633      
798.712        0.368543       0.0120633      
799.018        0.376397       0.012807       
799.324        0.390714       0.012807       
799.629        0.38743        0.012807       
799.935        0.393916       0.012807       
800.24         0.392596       0.0122868      
800.546        0.388151       0.0122868      
800.851        0.394916       0.0122868      
801.157        0.391517       0.0117193      
801.462        0.411724       0.0117193      
801.767        0.422409       0.0117193      
802.072        0.42502        0.0122175      
802.377        0.417829       0.0122175      
802.682        0.397007       0.0122175      
802.987        0.380973       0.0122175      
803.292        0.390721       0.0108903      
803.597        0.393142       0.0108903      
803.902        0.412935       0.0108903      
804.207        0.412438       0.0116022      
804.511        0.410621       0.0116022      
804.816        0.410109       0.0116022      
805.12         0.396676       0.0123424      
805.425        0.356867       0.0123424      
805.729        0.337373       0.0123424      
806.034        0.330962       0.0113937      
806.338        0.342343       0.0113937      
806.642        0.357428       0.0113937      
806.946        0.375763       0.0113937      
807.251        0.385633       0.0128295      
807.555        0.381586       0.0128295      
807.859        0.380252       0.0128295      
808.162        0.369238       0.0127774      
808.466        0.37561        0.0127774      
808.77         0.380093       0.0127774      
809.074        0.399325       0.0125081      
809.378        0.41072        0.0125081      
809.681        0.415135       0.0125081      
809.985        0.419991       0.0125081      
810.288        0.42212        0.0109234      
810.592        0.416698       0.0109234      
810.895        0.411946       0.0109234      
811.198        0.421209       0.0109311      
811.502        0.433321       0.0109311      
811.805        0.469059       0.0109311      
812.108        0.475638       0.0126608      
812.411        0.479533       0.0126608      
812.714        0.456831       0.0126608      
813.017        0.407499       0.0120841      
813.32         0.381103       0.0120841      
813.623        0.368484       0.0120841      
813.926        0.380454       0.0120841      
814.228        0.402097       0.0120057      
814.531        0.431472       0.0120057      
814.833        0.468855       0.0120057      
815.136        0.477365       0.0123242      
815.438        0.487213       0.0123242      
815.741        0.489893       0.0123242      
816.043        0.474542       0.0113809      
816.345        0.449129       0.0113809      
816.648        0.438771       0.0113809      
816.95         0.436303       0.0113809      
817.252        0.44647        0.0116632      
817.554        0.452889       0.0116632      
817.856        0.479206       0.0116632      
818.158        0.482906       0.0124528      
818.46         0.505834       0.0124528      
818.761        0.511013       0.0124528      
819.063        0.508685       0.0117943      
819.365        0.517624       0.0117943      
819.666        0.487942       0.0117943      
819.968        0.461952       0.0117943      
820.269        0.412253       0.0120813      
820.571        0.400214       0.0120813      
820.872        0.410575       0.0120813      
821.173        0.438316       0.0111642      
821.475        0.465729       0.0111642      
821.776        0.48933        0.0111642      
822.077        0.509219       0.0118445      
822.378        0.527382       0.0118445      
822.679        0.518036       0.0118445      
822.98         0.501106       0.0118445      
823.281        0.49749        0.0123574      
823.581        0.521341       0.0123574      
823.882        0.522096       0.0123574      
824.183        0.513684       0.0118592      
824.483        0.502141       0.0118592      
824.784        0.504915       0.0118592      
825.084        0.49052        0.0113633      
825.385        0.477023       0.0113633      
825.685        0.470666       0.0113633      
825.985        0.490043       0.0113633      
826.286        0.504264       0.0116304      
826.586        0.502049       0.0116304      
826.886        0.481852       0.0116304      
827.186        0.47315        0.0127866      
827.486        0.49046        0.0127866      
827.786        0.498318       0.0127866      
828.086        0.519313       0.0118238      
828.386        0.51918        0.0118238      
828.685        0.526142       0.0118238      
828.985        0.510978       0.0118238      
829.285        0.506716       0.0124234      
829.584        0.523898       0.0124234      
829.884        0.549025       0.0124234      
830.183        0.582686       0.0117456      
830.482        0.582957       0.0117456      
830.782        0.611173       0.0117456      
831.081        0.627323       0.0115717      
831.38         0.644582       0.0115717      
831.679        0.653075       0.0115717      
831.978        0.640516       0.0115717      
832.277        0.620498       0.0128815      
832.576        0.592032       0.0128815      
832.875        0.558759       0.0128815      
833.174        0.565412       0.0209295      
833.472        0.566885       0.0209295      
833.771        0.567976       0.0209295      
834.07         0.567939       0.0237795      
834.368        0.547078       0.0237795      
834.667        0.559494       0.0237795      
834.965        0.566571       0.0237795      
835.263        0.578075       0.0242537      
835.562        0.596026       0.0242537      
835.86         0.595687       0.0242537      
836.158        0.611911       0.0168507      
836.456        0.621149       0.0168507      
836.754        0.660504       0.0168507      
837.052        0.680019       0.0147142      
837.35         0.693497       0.0147142      
837.648        0.68269        0.0147142      
837.946        0.691237       0.0147142      
838.243        0.685461       0.0140056      
838.541        0.693774       0.0140056      
838.839        0.706446       0.0140056      
839.136        0.680109       0.0130886      
839.434        0.649386       0.0130886      
839.731        0.62967        0.0130886      
840.028        0.635488       0.0125334      
840.326        0.659717       0.0125334      
840.623        0.661577       0.0125334      
840.92         0.680308       0.0125334      
841.217        0.705076       0.0126043      
841.514        0.718462       0.0126043      
841.811        0.733843       0.0126043      
842.108        0.71213        0.0128425      
842.405        0.724801       0.0128425      
842.701        0.717483       0.0128425      
842.998        0.744766       0.0128425      
843.295        0.762529       0.0123732      
843.591        0.746956       0.0123732      
843.888        0.743641       0.0123732      
844.184        0.753002       0.0117568      
844.481        0.725961       0.0117568      
844.777        0.759948       0.0117568      
845.073        0.748818       0.0124599      
845.369        0.789773       0.0124599      
845.665        0.738819       0.0124599      
845.962        0.734168       0.0124599      
846.258        0.785663       0.012493       
846.553        0.764521       0.012493       
846.849        0.798679       0.012493       
847.145        0.781331       0.0134361      
847.441        0.782179       0.0134361      
847.737        0.735995       0.0134361      
848.032        0.743233       0.0121437      
848.328        0.739799       0.0121437      
848.623        0.779226       0.0121437      
848.919        0.770913       0.0121437      
849.214        0.778084       0.0120114      
849.509        0.79836        0.0120114      
849.805        0.814184       0.0120114      
850.1          0.784469       0.0119493      
850.395        0.794          0.0119493      
850.69         0.788093       0.0119493      
850.985        0.812737       0.0119493      
851.28         0.806918       0.0129804      
851.575        0.821953       0.0129804      
851.869        0.813221       0.0129804      
852.164        0.82684        0.0118045      
852.459        0.73975        0.0118045      
852.753        0.700925       0.0118045      
853.048        0.651247       0.0117423      
853.342        0.609533       0.0117423      
853.637        0.571892       0.0117423      
853.931        0.578957       0.0117423      
854.225        0.571609       0.0129168      
854.52         0.609663       0.0129168      
854.814        0.627183       0.0129168      
855.108        0.620056       0.0127937      
855.402        0.616693       0.0127937      
855.696        0.644016       0.0127937      
855.99         0.648498       0.0127937      
856.283        0.659943       0.01228        
856.577        0.66573        0.01228        
856.871        0.653185       0.01228        
857.164        0.672953       0.0128222      
857.458        0.699286       0.0128222      
857.751        0.712854       0.0128222      
858.045        0.734558       0.0125597      
858.338        0.73279        0.0125597      
858.632        0.739065       0.0125597      
858.925        0.741354       0.0125597      
859.218        0.760556       0.0121228      
859.511        0.759518       0.0121228      
859.804        0.789929       0.0121228      
860.097        0.776923       0.012173       
860.39         0.773418       0.012173       
860.683        0.78555        0.012173       
860.976        0.798426       0.012173       
861.268        0.816743       0.0120652      
861.561        0.813358       0.0120652      
861.854        0.808892       0.0120652      
862.146        0.849312       0.011252       
862.439        0.813734       0.011252       
862.731        0.813544       0.011252       
863.023        0.8604         0.0113967      
863.316        0.848335       0.0113967      
863.608        0.813063       0.0113967      
863.9          0.832469       0.0113967      
864.192        0.798946       0.0125232      
864.484        0.785309       0.0125232      
864.776        0.796222       0.0125232      
865.068        0.816915       0.0127395      
865.36         0.828833       0.0127395      
865.651        0.831684       0.0127395      
865.943        0.849197       0.0127395      
866.235        0.86077        0.0129669      
866.526        0.868909       0.0129669      
866.818        0.864941       0.0129669      
867.109        0.874787       0.0129704      
867.4          0.876682       0.0129704      
867.692        0.828465       0.0129704      
867.983        0.824518       0.0129704      
868.274        0.863554       0.0119249      
868.565        0.831274       0.0119249      
868.856        0.856499       0.0119249      
869.147        0.88161        0.0131346      
869.438        0.86747        0.0131346      
869.729        0.871919       0.0131346      
870.02         0.882326       0.0115094      
870.31         0.887911       0.0115094      
870.601        0.913362       0.0115094      
870.892        0.878707       0.0115094      
871.182        0.901463       0.0122616      
871.473        0.904196       0.0122616      
871.763        0.863236       0.0122616      
872.053        0.841345       0.0121404      
872.343        0.875054       0.0121404      
872.634        0.827138       0.0121404      
872.924        0.884129       0.0121404      
873.214        0.852645       0.0116061      
873.504        0.898922       0.0116061      
873.794        0.864122       0.0116061      
874.084        0.908884       0.0142373      
874.373        0.853806       0.0142373      
874.663        0.874951       0.0142373      
874.953        0.885832       0.0142373      
875.242        0.896365       0.0111086      
875.532        0.878697       0.0111086      
875.821        0.875567       0.0111086      
876.111        0.921368       0.0128958      
876.4          0.904438       0.0128958      
876.689        0.858841       0.0128958      
876.978        0.904718       0.0128958      
877.268        0.863812       0.0118332      
877.557        0.896684       0.0118332      
877.846        0.926557       0.0118332      
878.134        0.915994       0.013362       
878.423        0.916163       0.013362       
878.712        0.916332       0.013362       
