178.41         0.441572       0.0124801      
178.791        0.441572       0.0124801      
179.172        0.441572       0.0139203      
179.553        0.786338       0.0139203      
179.934        0.810553       0.0139203      
180.316        0.820244       0.0111609      
180.697        0.928027       0.0111609      
181.078        0.744808       0.0124852      
181.459        0.837486       0.0124852      
181.84         0.747397       0.0124852      
182.221        0.942126       0.0125644      
182.602        1.16689        0.0125644      
182.983        0.430748       0.0125644      
183.364        0.603948       0.013064       
183.744        0.697471       0.013064       
184.125        0.721651       0.0125209      
184.506        0.751225       0.0125209      
184.887        0.911156       0.0125209      
185.268        0.880273       0.0131999      
185.648        0.844359       0.0131999      
186.029        0.787378       0.0125471      
186.41         0.908956       0.0125471      
186.791        0.921973       0.0125471      
187.171        0.900592       0.0137904      
187.552        0.780752       0.0137904      
187.932        0.836746       0.0137904      
188.313        0.802482       0.0122025      
188.694        0.811044       0.0122025      
189.074        0.826151       0.0126846      
189.455        0.812153       0.0126846      
189.835        0.819176       0.0126846      
190.216        0.823009       0.0119359      
190.596        0.812979       0.0119359      
190.977        0.806909       0.0119359      
191.357        0.807674       0.01325        
191.737        0.828569       0.01325        
192.118        0.799074       0.0116867      
192.498        0.804591       0.0116867      
192.878        0.816118       0.0116867      
193.258        0.789522       0.0121758      
193.639        0.796861       0.0121758      
194.019        0.801254       0.0112969      
194.399        0.790079       0.0112969      
194.779        0.793358       0.0112969      
195.159        0.786261       0.0131951      
195.54         0.790325       0.0131951      
195.92         0.80039        0.0131951      
196.3          0.788993       0.012264       
196.68         0.791361       0.012264       
197.06         0.789598       0.0112624      
197.44         0.788373       0.0112624      
197.82         0.785521       0.0112624      
198.2          0.777553       0.0114993      
198.58         0.777618       0.0114993      
198.959        0.782036       0.0114993      
199.339        0.770927       0.0118868      
199.719        0.781846       0.0118868      
200.099        0.779075       0.0127682      
200.479        0.778614       0.0127682      
200.858        0.77123        0.0127682      
201.238        0.762667       0.0129102      
201.618        0.761592       0.0129102      
201.998        0.765277       0.0129102      
202.377        0.759677       0.0115323      
202.757        0.756744       0.0115323      
203.136        0.775182       0.0103843      
203.516        0.749831       0.0103843      
203.896        0.757586       0.0103843      
204.275        0.751704       0.0117426      
204.655        0.742357       0.0117426      
205.034        0.75052        0.0112177      
205.414        0.752134       0.0112177      
205.793        0.748867       0.0112177      
206.172        0.754496       0.0108913      
206.552        0.739353       0.0108913      
206.931        0.744356       0.0108913      
207.31         0.739856       0.0109227      
207.69         0.739139       0.0109227      
208.069        0.744334       0.00932567     
208.448        0.736029       0.00932567     
208.827        0.745107       0.00932567     
209.207        0.73588        0.00996768     
209.586        0.738073       0.00996768     
209.965        0.738597       0.00996768     
210.344        0.739931       0.0107415      
210.723        0.733462       0.0107415      
211.102        0.733365       0.0107378      
211.481        0.729927       0.0107378      
211.86         0.732583       0.0107378      
212.239        0.730226       0.00937898     
212.618        0.735537       0.00937898     
212.997        0.732011       0.00937898     
213.376        0.723239       0.0103831      
213.755        0.730881       0.0103831      
214.134        0.72715        0.0095901      
214.513        0.728661       0.0095901      
214.891        0.73315        0.0095901      
215.27         0.726123       0.00955271     
215.649        0.726002       0.00955271     
216.028        0.728426       0.0100242      
216.406        0.725711       0.0100242      
216.785        0.727523       0.0100242      
217.164        0.720406       0.0103164      
217.542        0.728589       0.0103164      
217.921        0.72507        0.0103164      
218.3          0.72547        0.00963082     
218.678        0.725594       0.00963082     
219.057        0.723001       0.0104266      
219.435        0.724988       0.0104266      
219.814        0.729354       0.0104266      
220.192        0.727901       0.00985976     
220.57         0.73067        0.00985976     
220.949        0.730865       0.00985976     
221.327        0.725631       0.0102584      
221.705        0.730742       0.0102584      
222.084        0.728333       0.00965984     
222.462        0.732176       0.00965984     
222.84         0.73111        0.00965984     
223.218        0.735578       0.00945649     
223.597        0.73728        0.00945649     
223.975        0.741438       0.00945649     
224.353        0.736458       0.00917375     
224.731        0.740661       0.00917375     
225.109        0.745503       0.00882436     
225.487        0.747327       0.00882436     
225.865        0.746074       0.00882436     
226.243        0.747535       0.00927017     
226.621        0.75149        0.00927017     
226.999        0.752924       0.00927017     
227.377        0.757858       0.00880611     
227.755        0.758098       0.00880611     
228.133        0.759701       0.00927525     
228.511        0.763442       0.00927525     
228.889        0.765434       0.00927525     
229.266        0.767282       0.00934448     
229.644        0.771132       0.00934448     
230.022        0.773998       0.00881983     
230.4          0.77585        0.00881983     
230.777        0.778252       0.00881983     
231.155        0.779253       0.00883211     
231.533        0.784017       0.00883211     
231.91         0.785351       0.00883211     
232.288        0.789808       0.00849424     
232.665        0.790169       0.00849424     
233.043        0.795928       0.00943576     
233.42         0.79443        0.00943576     
233.798        0.798939       0.00943576     
234.175        0.799036       0.00840059     
234.553        0.800466       0.00840059     
234.93         0.805459       0.00840059     
235.307        0.805344       0.00947965     
235.685        0.805143       0.00947965     
236.062        0.809182       0.00856378     
236.439        0.812286       0.00856378     
236.816        0.811428       0.00856378     
237.194        0.814925       0.00829716     
237.571        0.814863       0.00829716     
237.948        0.817386       0.00829716     
238.325        0.81891        0.00943931     
238.702        0.820157       0.00943931     
239.079        0.823171       0.00829987     
239.456        0.824431       0.00829987     
239.833        0.825138       0.00829987     
240.21         0.82592        0.00896733     
240.587        0.828948       0.00896733     
240.964        0.827601       0.00896733     
241.341        0.830473       0.00819748     
241.718        0.830881       0.00819748     
242.095        0.83036        0.00912829     
242.472        0.83487        0.00912829     
242.849        0.835943       0.00912829     
243.225        0.833506       0.00848475     
243.602        0.836745       0.00848475     
243.979        0.838747       0.00848475     
244.356        0.837188       0.00871199     
244.732        0.836777       0.00871199     
245.109        0.838684       0.00898474     
245.486        0.83791        0.00898474     
245.862        0.841108       0.00898474     
246.239        0.840647       0.00973737     
246.615        0.841209       0.00973737     
246.992        0.840943       0.00973737     
247.368        0.843454       0.00769531     
247.745        0.842735       0.00769531     
248.121        0.843143       0.00895327     
248.497        0.842573       0.00895327     
248.874        0.843884       0.00895327     
249.25         0.844326       0.00934646     
249.626        0.844935       0.00934646     
250.003        0.842188       0.00837734     
250.379        0.844963       0.00837734     
250.755        0.844319       0.00837734     
251.131        0.846812       0.00765102     
251.507        0.845985       0.00765102     
251.884        0.847331       0.00765102     
252.26         0.847675       0.00849552     
252.636        0.848247       0.00849552     
253.012        0.847409       0.00849753     
253.388        0.849171       0.00849753     
253.764        0.849711       0.00849753     
254.14         0.84931        0.00819866     
254.516        0.849478       0.00819866     
254.892        0.849942       0.00819866     
255.268        0.851422       0.00824508     
255.643        0.850466       0.00824508     
256.019        0.851906       0.00773192     
256.395        0.852673       0.00773192     
256.771        0.852127       0.00773192     
257.147        0.851742       0.00860476     
257.522        0.85278        0.00860476     
257.898        0.85414        0.00860476     
258.274        0.853298       0.00817363     
258.649        0.85379        0.00817363     
259.025        0.854158       0.00719111     
259.4          0.855462       0.00719111     
259.776        0.853976       0.00719111     
260.151        0.855212       0.00776361     
260.527        0.855357       0.00776361     
260.902        0.854887       0.00776361     
261.278        0.855578       0.00695701     
261.653        0.854068       0.00695701     
262.028        0.853848       0.00793706     
262.404        0.854969       0.00793706     
262.779        0.853302       0.00793706     
263.154        0.854313       0.0081469      
263.53         0.854278       0.0081469      
263.905        0.854998       0.0081469      
264.28         0.855212       0.008379       
264.655        0.855515       0.008379       
265.03         0.855971       0.00792149     
265.405        0.854472       0.00792149     
265.781        0.854763       0.00792149     
266.156        0.855565       0.00875461     
266.531        0.855991       0.00875461     
266.906        0.854834       0.00875461     
267.281        0.854468       0.00842244     
267.655        0.854918       0.00842244     
268.03         0.855681       0.00783105     
268.405        0.855634       0.00783105     
268.78         0.855525       0.00783105     
269.155        0.855618       0.00906919     
269.53         0.855032       0.00906919     
269.904        0.855005       0.00906919     
270.279        0.855133       0.00760786     
270.654        0.854141       0.00760786     
271.029        0.855013       0.00863176     
271.403        0.856009       0.00863176     
271.778        0.855791       0.00863176     
272.152        0.854228       0.00854778     
272.527        0.852733       0.00854778     
272.901        0.854273       0.00854778     
273.276        0.853848       0.00863365     
273.65         0.854158       0.00863365     
274.025        0.853582       0.00813188     
274.399        0.853454       0.00813188     
274.774        0.85479        0.00813188     
275.148        0.853706       0.00838975     
275.522        0.852832       0.00838975     
275.897        0.85359        0.00838975     
276.271        0.85259        0.00820259     
276.645        0.853593       0.00820259     
277.019        0.854057       0.00850351     
277.393        0.853855       0.00850351     
277.768        0.854267       0.00850351     
278.142        0.852738       0.00875093     
278.516        0.853499       0.00875093     
278.89         0.852885       0.00875093     
279.264        0.8524         0.0080695      
279.638        0.853359       0.0080695      
280.012        0.853065       0.00783127     
280.386        0.851413       0.00783127     
280.76         0.851895       0.00783127     
281.133        0.852344       0.008248       
281.507        0.851359       0.008248       
281.881        0.852226       0.008248       
282.255        0.851731       0.00782282     
282.629        0.85224        0.00782282     
283.002        0.852075       0.0071412      
283.376        0.851523       0.0071412      
283.75         0.852212       0.0071412      
284.123        0.850829       0.00797825     
284.497        0.85093        0.00797825     
284.87         0.850853       0.00797825     
285.244        0.850626       0.00891003     
285.618        0.849321       0.00891003     
285.991        0.849531       0.00891003     
286.364        0.849534       0.00828865     
286.738        0.849034       0.00828865     
287.111        0.849689       0.00828856     
287.485        0.849264       0.00828856     
287.858        0.848644       0.00828856     
288.231        0.848619       0.00813787     
288.605        0.849124       0.00813787     
288.978        0.848694       0.00813787     
289.351        0.847182       0.00878317     
289.724        0.847321       0.00878317     
290.097        0.846205       0.00852237     
290.47         0.84693        0.00852237     
290.843        0.845924       0.00852237     
291.217        0.84602        0.00875125     
291.59         0.847019       0.00875125     
291.963        0.84557        0.00875125     
292.336        0.843997       0.00894838     
292.708        0.844504       0.00894838     
293.081        0.844944       0.00852627     
293.454        0.844577       0.00852627     
293.827        0.84324        0.00852627     
294.2          0.841408       0.00871939     
294.573        0.840454       0.00871939     
294.945        0.840205       0.00871939     
295.318        0.840467       0.00904319     
295.691        0.838705       0.00904319     
296.064        0.840215       0.00881353     
296.436        0.838285       0.00881353     
296.809        0.83836        0.00881353     
297.181        0.835863       0.00872776     
297.554        0.838314       0.00872776     
297.926        0.836554       0.00872776     
298.299        0.837645       0.00955313     
298.671        0.836334       0.00955313     
299.044        0.836212       0.00755216     
299.416        0.83551        0.00755216     
299.788        0.835054       0.00755216     
300.161        0.83544        0.0101111      
300.533        0.834798       0.0101111      
300.905        0.834503       0.0101111      
301.278        0.833502       0.00912638     
301.65         0.832916       0.00912638     
302.022        0.831936       0.00830109     
302.394        0.831745       0.00830109     
302.766        0.831854       0.00830109     
303.138        0.831943       0.0101915      
303.51         0.830771       0.0101915      
303.882        0.829559       0.0101915      
304.254        0.830729       0.00936815     
304.626        0.830991       0.00936815     
304.998        0.82947        0.00936815     
305.37         0.827725       0.00983404     
305.742        0.827412       0.00983404     
306.114        0.828165       0.00939087     
306.485        0.828426       0.00939087     
306.857        0.827447       0.00939087     
307.229        0.825459       0.00957167     
307.601        0.825569       0.00957167     
307.972        0.825377       0.00957167     
308.344        0.825649       0.0096313      
308.716        0.824759       0.0096313      
309.087        0.824492       0.00991374     
309.459        0.82293        0.00991374     
309.83         0.822647       0.00991374     
310.202        0.823465       0.00998372     
310.573        0.823013       0.00998372     
310.945        0.821145       0.00998372     
311.316        0.819684       0.00906603     
311.687        0.819879       0.00906603     
312.059        0.820261       0.00975453     
312.43         0.819522       0.00975453     
312.801        0.81848        0.00975453     
313.172        0.818125       0.00909991     
313.544        0.817856       0.00909991     
313.915        0.819617       0.00909991     
314.286        0.817401       0.00902379     
314.657        0.816695       0.00902379     
315.028        0.815471       0.0097482      
315.399        0.815998       0.0097482      
315.77         0.816824       0.0097482      
316.141        0.814766       0.0104311      
316.512        0.814719       0.0104311      
316.883        0.814881       0.0104311      
317.254        0.814097       0.0106496      
317.625        0.812125       0.0106496      
317.996        0.811586       0.0106496      
318.366        0.810954       0.0093009      
318.737        0.811979       0.0093009      
319.108        0.810682       0.00910438     
319.478        0.809356       0.00910438     
319.849        0.80722        0.00910438     
320.22         0.80792        0.0106644      
320.59         0.807454       0.0106644      
320.961        0.806883       0.0106644      
321.331        0.806218       0.00985411     
321.702        0.80578        0.00985411     
322.072        0.804285       0.00959989     
322.443        0.805987       0.00959989     
322.813        0.801657       0.00959989     
323.184        0.803092       0.0101856      
323.554        0.799543       0.0101856      
323.924        0.801638       0.0101856      
324.295        0.800265       0.0107676      
324.665        0.798769       0.0107676      
325.035        0.799082       0.0101027      
325.405        0.799766       0.0101027      
325.775        0.798544       0.0101027      
326.145        0.799088       0.0101175      
326.515        0.79768        0.0101175      
326.886        0.794694       0.0101175      
327.256        0.794248       0.00874649     
327.626        0.789844       0.00874649     
327.995        0.784732       0.00874649     
328.365        0.773277       0.0106356      
328.735        0.764662       0.0106356      
329.105        0.766813       0.0107203      
329.475        0.782787       0.0107203      
329.845        0.807392       0.0107203      
330.215        0.827674       0.00937886     
330.584        0.831094       0.00937886     
330.954        0.82574        0.00937886     
331.324        0.818003       0.00986332     
331.693        0.806658       0.00986332     
332.063        0.796178       0.0106224      
332.432        0.791602       0.0106224      
332.802        0.789066       0.0106224      
333.171        0.785794       0.0104705      
333.541        0.782596       0.0104705      
333.91         0.78065        0.0104705      
334.28         0.778963       0.0104623      
334.649        0.778117       0.0104623      
335.018        0.779579       0.00844638     
335.388        0.782968       0.00844638     
335.757        0.782203       0.00844638     
336.126        0.781681       0.00913625     
336.495        0.782907       0.00913625     
336.865        0.782732       0.00913625     
337.234        0.781543       0.00968023     
337.603        0.779885       0.00968023     
337.972        0.779299       0.00968023     
338.341        0.781122       0.0115148      
338.71         0.780328       0.0115148      
339.079        0.777713       0.0108201      
339.448        0.777749       0.0108201      
339.817        0.778641       0.0108201      
340.186        0.777019       0.00987427     
340.554        0.777187       0.00987427     
340.923        0.777736       0.00987427     
341.292        0.776937       0.00969476     
341.661        0.776708       0.00969476     
342.029        0.77407        0.0118234      
342.398        0.774229       0.0118234      
342.767        0.774995       0.0118234      
343.135        0.77531        0.0113409      
343.504        0.773505       0.0113409      
343.872        0.772111       0.0113409      
344.241        0.771819       0.00983059     
344.609        0.770564       0.00983059     
344.978        0.770341       0.00983059     
345.346        0.770444       0.00999375     
345.715        0.769043       0.00999375     
346.083        0.768139       0.0104097      
346.451        0.768896       0.0104097      
346.82         0.768378       0.0104097      
347.188        0.768375       0.0115159      
347.556        0.766966       0.0115159      
347.924        0.766389       0.0115159      
348.292        0.766079       0.0114023      
348.66         0.768012       0.0114023      
349.028        0.763759       0.0105314      
349.396        0.764499       0.0105314      
349.764        0.763737       0.0105314      
350.132        0.764086       0.0107234      
350.5          0.762983       0.0107234      
350.868        0.762265       0.0107234      
351.236        0.761065       0.0102273      
351.604        0.759118       0.0102273      
351.972        0.760716       0.0102273      
352.34         0.760494       0.00945552     
352.707        0.760375       0.00945552     
353.075        0.759564       0.0103983      
353.443        0.757554       0.0103983      
353.81         0.756535       0.0103983      
354.178        0.758638       0.00947839     
354.545        0.757097       0.00947839     
354.913        0.756518       0.00947839     
355.28         0.754752       0.0106177      
355.648        0.75682        0.0106177      
356.015        0.753325       0.0103524      
356.383        0.754127       0.0103524      
356.75         0.753827       0.0103524      
357.117        0.753251       0.00967946     
357.485        0.75201        0.00967946     
357.852        0.750876       0.00967946     
358.219        0.751169       0.0104613      
358.586        0.751496       0.0104613      
358.954        0.75168        0.0104613      
359.321        0.751089       0.00971491     
359.688        0.74845        0.00971491     
360.055        0.748451       0.00965185     
360.422        0.747024       0.00965185     
360.789        0.747659       0.00965185     
361.156        0.747015       0.0106202      
361.523        0.746326       0.0106202      
361.89         0.745525       0.0106202      
362.256        0.745988       0.0101852      
362.623        0.743933       0.0101852      
362.99         0.746286       0.0101852      
363.357        0.744562       0.0107669      
363.724        0.743601       0.0107669      
364.09         0.74165        0.0101466      
364.457        0.742724       0.0101466      
364.823        0.742801       0.0101466      
365.19         0.741415       0.0100868      
365.557        0.740788       0.0100868      
365.923        0.741209       0.0100868      
366.29         0.740696       0.0101566      
366.656        0.739298       0.0101566      
367.022        0.741629       0.0103367      
367.389        0.739748       0.0103367      
367.755        0.739103       0.0103367      
368.121        0.740195       0.0111261      
368.488        0.737714       0.0111261      
368.854        0.738644       0.0111261      
369.22         0.73746        0.0103681      
369.586        0.737537       0.0103681      
369.952        0.736644       0.0103681      
370.318        0.735627       0.0107475      
370.684        0.734509       0.0107475      
371.051        0.733705       0.00974987     
371.416        0.735386       0.00974987     
371.782        0.734843       0.00974987     
372.148        0.733184       0.0104695      
372.514        0.732555       0.0104695      
372.88         0.73243        0.0104695      
373.246        0.732145       0.00991607     
373.612        0.731825       0.00991607     
373.977        0.731073       0.00991607     
374.343        0.729314       0.00982343     
374.709        0.729902       0.00982343     
375.074        0.731492       0.0108621      
375.44         0.730731       0.0108621      
375.806        0.729085       0.0108621      
376.171        0.729063       0.0101469      
376.537        0.726773       0.0101469      
376.902        0.726974       0.0101469      
377.268        0.726212       0.0106881      
377.633        0.72724        0.0106881      
377.998        0.725141       0.0106881      
378.364        0.726145       0.010364       
378.729        0.726531       0.010364       
379.094        0.725557       0.00964307     
379.459        0.727168       0.00964307     
379.825        0.726928       0.00964307     
380.19         0.724401       0.011507       
380.555        0.724481       0.011507       
380.92         0.72505        0.011507       
381.285        0.724801       0.0101756      
381.65         0.721755       0.0101756      
382.015        0.720221       0.0107292      
382.38         0.721638       0.0107292      
382.745        0.721466       0.0107292      
383.11         0.721901       0.0104751      
383.474        0.719081       0.0104751      
383.839        0.719018       0.0104751      
384.204        0.718534       0.00971265     
384.569        0.717816       0.00971265     
384.933        0.718205       0.00971265     
385.298        0.717919       0.0103933      
385.663        0.717023       0.0103933      
386.027        0.715899       0.0107551      
386.392        0.715075       0.0107551      
386.756        0.714022       0.0107551      
387.121        0.714884       0.0107264      
387.485        0.714061       0.0107264      
387.849        0.7137         0.0107264      
388.214        0.714383       0.0102306      
388.578        0.716683       0.0102306      
388.942        0.715299       0.0102306      
389.307        0.714528       0.00968728     
389.671        0.712894       0.00968728     
390.035        0.711077       0.00886914     
390.399        0.711288       0.00886914     
390.763        0.710023       0.00886914     
391.127        0.709496       0.0111969      
391.492        0.707064       0.0111969      
391.856        0.70741        0.0111969      
392.219        0.707405       0.0104471      
392.583        0.707937       0.0104471      
392.947        0.712889       0.0104471      
393.311        0.714305       0.0103842      
393.675        0.711526       0.0103842      
394.039        0.707632       0.0109952      
394.403        0.705975       0.0109952      
394.766        0.704901       0.0109952      
395.13         0.706408       0.0110738      
395.494        0.70718        0.0110738      
395.857        0.70632        0.0110738      
396.221        0.703208       0.00980653     
396.584        0.703892       0.00980653     
396.948        0.701892       0.00980653     
397.311        0.700754       0.0122941      
397.675        0.699098       0.0122941      
398.038        0.701483       0.0104533      
398.401        0.701439       0.0104533      
398.765        0.70566        0.0104533      
399.128        0.704456       0.0102106      
399.491        0.702996       0.0102106      
399.854        0.701305       0.0102106      
400.218        0.698744       0.0103397      
400.581        0.699973       0.0103397      
400.944        0.69832        0.0103397      
401.307        0.701118       0.0116747      
401.67         0.698772       0.0116747      
402.033        0.697066       0.0103469      
402.396        0.697799       0.0103469      
402.759        0.697423       0.0103469      
403.122        0.695002       0.0102075      
403.485        0.696085       0.0102075      
403.847        0.694563       0.0102075      
404.21         0.69573        0.0106429      
404.573        0.693147       0.0106429      
404.936        0.694207       0.0106429      
405.298        0.694263       0.0101214      
405.661        0.70024        0.0101214      
406.023        0.698727       0.0103495      
406.386        0.697363       0.0103495      
406.749        0.693364       0.0103495      
407.111        0.696566       0.0103113      
407.473        0.692915       0.0103113      
407.836        0.689378       0.0103113      
408.198        0.690169       0.0115413      
408.561        0.692815       0.0115413      
408.923        0.694996       0.0115413      
409.285        0.690436       0.0108968      
409.647        0.692382       0.0108968      
410.009        0.692629       0.00938601     
410.372        0.692618       0.00938601     
410.734        0.69136        0.00938601     
411.096        0.688309       0.0112462      
411.458        0.689417       0.0112462      
411.82         0.686116       0.0112462      
412.182        0.688111       0.00959111     
412.544        0.687185       0.00959111     
412.906        0.688323       0.00959111     
413.267        0.688684       0.00991332     
413.629        0.690259       0.00991332     
413.991        0.690605       0.00991332     
414.353        0.688809       0.00855911     
414.714        0.688051       0.00855911     
415.076        0.686376       0.00950833     
415.438        0.685588       0.00950833     
415.799        0.685283       0.00950833     
416.161        0.686408       0.0118659      
416.522        0.685867       0.0118659      
416.884        0.684481       0.0118659      
417.245        0.684167       0.0112192      
417.607        0.684254       0.0112192      
417.968        0.685167       0.0112192      
418.329        0.682962       0.0105969      
418.691        0.68194        0.0105969      
419.052        0.68286        0.0105857      
419.413        0.682615       0.0105857      
419.774        0.679727       0.0105857      
420.135        0.677853       0.0088669      
420.497        0.674984       0.0088669      
420.858        0.677174       0.0088669      
421.219        0.677264       0.0102818      
421.58         0.682593       0.0102818      
421.941        0.686083       0.0102818      
422.302        0.68514        0.00996462     
422.662        0.682393       0.00996462     
423.023        0.68154        0.0104698      
423.384        0.680603       0.0104698      
423.745        0.680661       0.0104698      
424.106        0.677381       0.0109598      
424.466        0.677033       0.0109598      
424.827        0.676775       0.0109598      
425.187        0.681541       0.0095289      
425.548        0.682022       0.0095289      
425.909        0.679878       0.0095289      
426.269        0.67611        0.00940786     
426.63         0.673881       0.00940786     
426.99         0.672851       0.00940786     
427.35         0.674834       0.00993382     
427.711        0.676232       0.00993382     
428.071        0.677152       0.0105929      
428.431        0.672541       0.0105929      
428.792        0.668361       0.0105929      
429.152        0.665556       0.00972124     
429.512        0.666722       0.00972124     
429.872        0.675142       0.00972124     
430.232        0.678585       0.0107522      
430.592        0.680039       0.0107522      
430.952        0.683062       0.0107522      
431.312        0.682728       0.0100682      
431.672        0.680591       0.0100682      
432.032        0.67477        0.0109121      
432.392        0.671324       0.0109121      
432.752        0.668824       0.0109121      
433.111        0.657975       0.0105167      
433.471        0.665161       0.0105167      
433.831        0.675258       0.0105167      
434.19         0.683814       0.00985969     
434.55         0.674982       0.00985969     
434.91         0.668495       0.00985969     
435.269        0.672554       0.010865       
435.629        0.667147       0.010865       
435.988        0.668344       0.010865       
436.348        0.668204       0.00934601     
436.707        0.672992       0.00934601     
437.066        0.674899       0.00973014     
437.426        0.667827       0.00973014     
437.785        0.668297       0.00973014     
438.144        0.666857       0.00999888     
438.503        0.669413       0.00999888     
438.862        0.668634       0.00999888     
439.222        0.67162        0.00993844     
439.581        0.669751       0.00993844     
439.94         0.668143       0.00993844     
440.299        0.663518       0.00959637     
440.658        0.655769       0.00959637     
441.017        0.656989       0.00992783     
441.376        0.665617       0.00992783     
441.734        0.671256       0.00992783     
442.093        0.674891       0.0112793      
442.452        0.666123       0.0112793      
442.811        0.663641       0.0112793      
443.169        0.661396       0.00881414     
443.528        0.666832       0.00881414     
443.887        0.668232       0.00881414     
444.245        0.666249       0.0112791      
444.604        0.664948       0.0112791      
444.962        0.666344       0.0112791      
445.321        0.666815       0.0113268      
445.679        0.66187        0.0113268      
446.038        0.660501       0.0098486      
446.396        0.662107       0.0098486      
446.754        0.666598       0.0098486      
447.112        0.663924       0.0103452      
447.471        0.664212       0.0103452      
447.829        0.663398       0.0103452      
448.187        0.661904       0.00981649     
448.545        0.661365       0.00981649     
448.903        0.660845       0.00981649     
449.261        0.66546        0.00989984     
449.619        0.662368       0.00989984     
449.977        0.660502       0.00989984     
450.335        0.663124       0.0103269      
450.693        0.663484       0.0103269      
451.051        0.661342       0.00946096     
451.409        0.659499       0.00946096     
451.766        0.657093       0.00946096     
452.124        0.661766       0.010225       
452.482        0.661241       0.010225       
452.839        0.66038        0.010225       
453.197        0.661813       0.00934812     
453.555        0.658776       0.00934812     
453.912        0.658007       0.00934812     
454.27         0.657813       0.00991198     
454.627        0.653067       0.00991198     
454.984        0.653651       0.00991198     
455.342        0.657384       0.00920256     
455.699        0.663143       0.00920256     
456.056        0.660921       0.00930239     
456.414        0.655608       0.00930239     
456.771        0.653716       0.00930239     
457.128        0.653887       0.00970096     
457.485        0.654794       0.00970096     
457.842        0.656123       0.00970096     
458.199        0.659375       0.00973692     
458.556        0.658306       0.00973692     
458.913        0.655627       0.00973692     
459.27         0.655461       0.00971048     
459.627        0.65763        0.00971048     
459.984        0.659626       0.00971048     
460.341        0.655017       0.0091965      
460.697        0.652949       0.0091965      
461.054        0.658417       0.00986928     
461.411        0.665026       0.00986928     
461.767        0.662553       0.00986928     
462.124        0.658534       0.00967254     
462.481        0.651474       0.00967254     
462.837        0.648096       0.00967254     
463.194        0.64907        0.00957086     
463.55         0.647897       0.00957086     
463.907        0.651905       0.00957086     
464.263        0.649911       0.0103973      
464.619        0.650764       0.0103973      
464.976        0.649796       0.0103973      
465.332        0.650918       0.00945492     
465.688        0.655488       0.00945492     
466.044        0.660504       0.00976442     
466.4          0.664658       0.00976442     
466.756        0.657572       0.00976442     
467.112        0.655907       0.00924517     
467.468        0.6528         0.00924517     
467.824        0.651788       0.00924517     
468.18         0.656674       0.00964562     
468.536        0.658463       0.00964562     
468.892        0.65788        0.00964562     
469.248        0.656701       0.0107848      
469.604        0.656268       0.0107848      
469.959        0.652413       0.0107848      
470.315        0.649979       0.00868611     
470.671        0.652351       0.00868611     
471.026        0.652658       0.00985492     
471.382        0.64688        0.00985492     
471.737        0.646626       0.00985492     
472.093        0.647001       0.00960282     
472.448        0.646674       0.00960282     
472.804        0.644505       0.00960282     
473.159        0.648622       0.0100137      
473.514        0.651019       0.0100137      
473.87         0.651824       0.0100137      
474.225        0.648102       0.0108078      
474.58         0.642056       0.0108078      
474.935        0.643348       0.0108078      
475.29         0.649419       0.0102511      
475.645        0.655599       0.0102511      
476            0.65216        0.010232       
476.355        0.647408       0.010232       
476.71         0.650309       0.010232       
477.065        0.650021       0.00995883     
477.42         0.642132       0.00995883     
477.775        0.64022        0.00995883     
478.13         0.6492         0.00944862     
478.485        0.653896       0.00944862     
478.839        0.649205       0.00944862     
479.194        0.644291       0.00996894     
479.549        0.640667       0.00996894     
479.903        0.643773       0.00996894     
480.258        0.648356       0.00948694     
480.612        0.653092       0.00948694     
480.967        0.645947       0.00948694     
481.321        0.640801       0.0097495      
481.675        0.648772       0.0097495      
482.03         0.654403       0.0103048      
482.384        0.654788       0.0103048      
482.738        0.645552       0.0103048      
483.093        0.642796       0.010211       
483.447        0.643196       0.010211       
483.801        0.641533       0.010211       
484.155        0.638792       0.0103656      
484.509        0.642557       0.0103656      
484.863        0.625851       0.0103656      
485.217        0.798493       0.0101807      
490.168        0.648004       0.010057       
490.522        0.642148       0.010057       
490.875        0.645823       0.010057       
491.228        0.645233       0.00949544     
491.581        0.647916       0.00949544     
491.935        0.643844       0.00949544     
492.288        0.644909       0.0101436      
492.641        0.643947       0.0101436      
492.994        0.642498       0.0101436      
493.347        0.644324       0.00948842     
493.7          0.641746       0.00948842     
494.053        0.643685       0.0103286      
494.406        0.644365       0.0103286      
494.759        0.652221       0.0103286      
495.111        0.649567       0.0111481      
495.464        0.63698        0.0111481      
495.817        0.630131       0.0111481      
496.169        0.637025       0.0106085      
496.522        0.653402       0.0106085      
496.875        0.658689       0.0106085      
497.227        0.655287       0.00986628     
497.58         0.644244       0.00986628     
497.932        0.638959       0.00986628     
498.285        0.635665       0.00933314     
498.637        0.639211       0.00933314     
498.989        0.638644       0.00933314     
499.342        0.638939       0.01076        
499.694        0.644831       0.01076        
500.046        0.65011        0.00974525     
500.398        0.643908       0.00974525     
500.751        0.633406       0.00974525     
501.103        0.635164       0.0113833      
501.455        0.640223       0.0113833      
501.807        0.642988       0.0113833      
502.159        0.640824       0.009406       
502.511        0.641921       0.009406       
502.862        0.642064       0.009406       
503.214        0.639193       0.0101829      
503.566        0.644766       0.0101829      
503.918        0.644444       0.0101829      
504.27         0.641291       0.00916038     
504.621        0.636439       0.00916038     
504.973        0.636774       0.00916038     
505.324        0.638907       0.0106282      
505.676        0.638943       0.0106282      
506.027        0.635923       0.00922419     
506.379        0.638992       0.00922419     
506.73         0.649269       0.00922419     
507.082        0.646289       0.00860167     
507.433        0.634494       0.00860167     
507.784        0.630472       0.00860167     
508.136        0.63666        0.00987477     
508.487        0.642505       0.00987477     
508.838        0.642291       0.00987477     
509.189        0.640107       0.0100154      
509.54         0.635384       0.0100154      
509.891        0.631531       0.0100154      
510.242        0.637674       0.00889368     
510.593        0.636326       0.00889368     
510.944        0.638611       0.00889368     
511.295        0.636442       0.0110261      
511.646        0.641081       0.0110261      
511.996        0.639944       0.0110261      
512.347        0.63407        0.00957102     
512.698        0.630311       0.00957102     
513.049        0.63752        0.0097939      
513.399        0.63676        0.0097939      
513.75         0.637762       0.0097939      
514.1          0.634239       0.0115712      
514.451        0.638444       0.0115712      
514.801        0.641334       0.0115712      
515.152        0.634715       0.0103319      
515.502        0.628041       0.0103319      
515.852        0.628356       0.0103319      
516.202        0.632932       0.0100482      
516.553        0.635727       0.0100482      
516.903        0.637918       0.0100482      
517.253        0.639599       0.0116649      
517.603        0.639077       0.0116649      
517.953        0.634773       0.0116649      
518.303        0.633167       0.0115562      
518.653        0.626835       0.0115562      
519.003        0.63053        0.00938407     
519.353        0.63685        0.00938407     
519.703        0.643614       0.00938407     
520.052        0.641252       0.0106016      
520.402        0.634912       0.0106016      
520.752        0.628946       0.0106016      
521.102        0.630888       0.0105163      
521.451        0.635351       0.0105163      
521.801        0.638645       0.0105163      
522.15         0.632774       0.0105199      
522.5          0.62911        0.0105199      
522.849        0.632261       0.0105199      
523.199        0.635854       0.00971025     
523.548        0.631865       0.00971025     
523.897        0.632726       0.00971025     
524.246        0.636953       0.0108221      
524.596        0.639977       0.0108221      
524.945        0.634354       0.0108221      
525.294        0.632089       0.0111112      
525.643        0.63301        0.0111112      
525.992        0.631098       0.0111112      
526.341        0.632219       0.00940179     
526.69         0.633758       0.00940179     
527.039        0.632985       0.00988136     
527.388        0.637243       0.00988136     
527.737        0.638129       0.00988136     
528.086        0.624718       0.00943576     
528.434        0.623315       0.00943576     
528.783        0.627605       0.00943576     
529.132        0.642274       0.0103307      
529.48         0.64188        0.0103307      
529.829        0.636961       0.0103307      
530.177        0.63447        0.00950024     
530.526        0.632606       0.00950024     
530.874        0.635216       0.00950024     
531.223        0.630823       0.0100751      
531.571        0.630467       0.0100751      
531.919        0.633789       0.0100751      
532.268        0.632814       0.0091095      
532.616        0.62462        0.0091095      
532.964        0.624525       0.0091095      
533.312        0.630572       0.0106654      
533.66         0.635855       0.0106654      
534.008        0.636167       0.00935889     
534.356        0.631771       0.00935889     
534.704        0.633469       0.00935889     
535.052        0.634025       0.00983462     
535.4          0.634232       0.00983462     
535.748        0.635996       0.00983462     
536.095        0.636349       0.00979597     
536.443        0.634122       0.00979597     
536.791        0.628134       0.00979597     
537.139        0.624653       0.00930461     
537.486        0.624323       0.00930461     
537.834        0.628108       0.00930461     
538.181        0.631955       0.0101681      
538.529        0.631692       0.0101681      
538.876        0.63389        0.0101681      
539.223        0.630817       0.010573       
539.571        0.635157       0.010573       
539.918        0.634504       0.010573       
540.265        0.6286         0.00888174     
540.613        0.624961       0.00888174     
540.96         0.625482       0.00888174     
541.307        0.633118       0.00924235     
541.654        0.632405       0.00924235     
542.001        0.62871        0.00928045     
542.348        0.630945       0.00928045     
542.695        0.631539       0.00928045     
543.042        0.63111        0.00957352     
543.388        0.626902       0.00957352     
543.735        0.628386       0.00957352     
544.082        0.629268       0.0101364      
544.429        0.63202        0.0101364      
544.775        0.631848       0.0101364      
545.122        0.63712        0.0093937      
545.469        0.636993       0.0093937      
545.815        0.630393       0.0093937      
546.162        0.626665       0.00979503     
546.508        0.624873       0.00979503     
546.854        0.622418       0.00979503     
547.201        0.623002       0.0086783      
547.547        0.622375       0.0086783      
547.893        0.629562       0.0086783      
548.24         0.636967       0.00982652     
548.586        0.643414       0.00982652     
548.932        0.638759       0.00982652     
549.278        0.626636       0.0106556      
549.624        0.624129       0.0106556      
549.97         0.624929       0.0106556      
550.316        0.631515       0.00895821     
550.662        0.633445       0.00895821     
551.008        0.632151       0.00964883     
551.353        0.620228       0.00964883     
551.699        0.614164       0.00964883     
552.045        0.627902       0.00887344     
552.391        0.640508       0.00887344     
552.736        0.63736        0.00887344     
553.082        0.628587       0.0103661      
553.427        0.624651       0.0103661      
553.773        0.629154       0.0103661      
554.118        0.635427       0.00914779     
554.464        0.629439       0.00914779     
554.809        0.619396       0.00914779     
555.154        0.617874       0.00992874     
555.5          0.62686        0.00992874     
555.845        0.630256       0.00992874     
556.19         0.635526       0.00935299     
556.535        0.634922       0.00935299     
556.88         0.628542       0.00935299     
557.225        0.619239       0.00840976     
557.57         0.625421       0.00840976     
557.915        0.629965       0.00840976     
558.26         0.632744       0.0117045      
558.605        0.628407       0.0117045      
558.95         0.62406        0.0117045      
559.295        0.621731       0.0102799      
559.639        0.615822       0.0102799      
559.984        0.621693       0.0102799      
560.329        0.622838       0.00945885     
560.673        0.632669       0.00945885     
561.018        0.630219       0.0105505      
561.362        0.633833       0.0105505      
561.707        0.630315       0.0105505      
562.051        0.627418       0.0114282      
562.395        0.619317       0.0114282      
562.74         0.622793       0.0114282      
563.084        0.621085       0.0111491      
563.428        0.625199       0.0111491      
563.772        0.623494       0.0111491      
564.117        0.629926       0.0103243      
564.461        0.626755       0.0103243      
564.805        0.626796       0.0103243      
565.149        0.628617       0.0107898      
565.493        0.623223       0.0107898      
565.836        0.624411       0.0107898      
566.18         0.61748        0.00918492     
566.524        0.625173       0.00918492     
566.868        0.612991       0.00918492     
567.212        0.622708       0.00856976     
567.555        0.62739        0.00856976     
567.899        0.627859       0.00856976     
568.242        0.619          0.00971735     
568.586        0.62357        0.00971735     
568.929        0.625728       0.00971735     
569.273        0.642919       0.00971906     
569.616        0.677771       0.00971906     
569.96         0.701911       0.00971906     
601.008        0.662943       0.00899246     
601.347        0.654607       0.00899246     
601.686        0.640706       0.00899246     
602.025        0.626343       0.00971419     
602.364        0.641073       0.00971419     
602.702        0.639502       0.00971419     
603.041        0.671239       0.0108198      
603.38         0.677582       0.0108198      
603.719        0.671299       0.0108198      
604.057        0.64341        0.00938352     
604.396        0.62426        0.00938352     
604.734        0.616652       0.00938352     
605.073        0.618889       0.00974097     
605.411        0.635447       0.00974097     
605.75         0.665942       0.00974097     
606.088        0.659731       0.0101532      
606.426        0.644475       0.0101532      
606.764        0.622789       0.0101532      
607.103        0.628885       0.0101932      
607.441        0.636327       0.0101932      
607.779        0.632926       0.0101932      
608.117        0.62334        0.00783696     
608.455        0.617328       0.00783696     
608.793        0.625195       0.00783696     
609.131        0.618483       0.00765065     
609.469        0.608297       0.00765065     
609.806        0.623281       0.00765065     
610.144        0.636333       0.0106217      
610.482        0.64015        0.0106217      
610.819        0.617944       0.0106217      
611.157        0.614172       0.00863821     
611.495        0.618564       0.00863821     
611.832        0.621716       0.00863821     
612.17         0.615616       0.00970813     
612.507        0.613247       0.00970813     
612.844        0.614015       0.00970813     
613.182        0.62047        0.0083032      
613.519        0.61994        0.0083032      
613.856        0.618304       0.0083032      
614.193        0.620333       0.0107706      
614.53         0.618118       0.0107706      
614.867        0.61792        0.0107706      
615.205        0.618258       0.00863493     
615.541        0.626663       0.00863493     
615.878        0.621554       0.00863493     
616.215        0.616037       0.00712316     
616.552        0.603147       0.00712316     
616.889        0.612222       0.00712316     
617.226        0.607809       0.00778751     
617.562        0.615994       0.00778751     
617.899        0.622915       0.00778751     
618.235        0.625625       0.00792212     
618.572        0.617136       0.00792212     
618.908        0.608877       0.00792212     
619.245        0.601446       0.00989347     
619.581        0.606657       0.00989347     
619.918        0.614004       0.00989347     
620.254        0.631831       0.00890662     
620.59         0.633985       0.00890662     
620.926        0.607864       0.00890662     
621.262        0.590316       0.00870084     
621.599        0.598655       0.00870084     
621.935        0.621352       0.00870084     
622.271        0.624046       0.00944768     
622.606        0.61689        0.00944768     
622.942        0.62077        0.00944768     
623.278        0.625984       0.0109094      
623.614        0.626131       0.0109094      
623.95         0.608687       0.0109094      
624.285        0.614142       0.0110545      
624.621        0.620353       0.0110545      
624.957        0.628225       0.0110545      
625.292        0.614393       0.00892274     
625.628        0.61062        0.00892274     
625.963        0.615479       0.00892274     
626.299        0.611285       0.00854781     
626.634        0.60561        0.00854781     
626.969        0.60981        0.00854781     
627.304        0.617306       0.00885203     
627.64         0.627931       0.00885203     
627.975        0.623747       0.00885203     
628.31         0.604281       0.00862396     
628.645        0.596059       0.00862396     
628.98         0.606018       0.00862396     
629.315        0.62304        0.00827937     
629.65         0.622127       0.00827937     
629.985        0.616431       0.00827937     
630.319        0.613895       0.0092095      
630.654        0.619307       0.0092095      
630.989        0.614787       0.0092095      
631.323        0.607503       0.00820398     
631.658        0.610376       0.00820398     
631.993        0.617715       0.00820398     
632.327        0.618543       0.00919422     
632.662        0.609247       0.00919422     
632.996        0.610648       0.00919422     
633.33         0.608865       0.00991034     
633.665        0.614707       0.00991034     
633.999        0.621894       0.00991034     
634.333        0.62293        0.00945291     
634.667        0.612469       0.00945291     
635.001        0.61284        0.0079375      
635.335        0.612294       0.0079375      
635.669        0.614406       0.0079375      
636.003        0.612233       0.00968167     
636.337        0.622541       0.00968167     
636.671        0.627875       0.00968167     
637.005        0.624407       0.0101912      
637.339        0.617588       0.0101912      
637.672        0.60947        0.0101912      
638.006        0.605428       0.0101882      
638.339        0.612733       0.0101882      
638.673        0.620201       0.0101882      
639.006        0.627089       0.00922962     
639.34         0.622759       0.00922962     
639.673        0.615721       0.00922962     
640.007        0.614933       0.00963041     
640.34         0.614246       0.00963041     
640.673        0.620743       0.00963041     
641.006        0.617678       0.00941766     
641.34         0.615185       0.00941766     
641.673        0.616553       0.00941766     
642.006        0.618255       0.00917193     
642.339        0.620491       0.00917193     
642.672        0.612273       0.00917193     
643.004        0.613927       0.00837908     
643.337        0.62185        0.00837908     
643.67         0.623656       0.00837908     
644.003        0.62254        0.0088996      
644.336        0.614537       0.0088996      
644.668        0.616461       0.0088996      
645.001        0.622714       0.00892714     
645.333        0.619435       0.00892714     
645.666        0.623844       0.00892714     
645.998        0.623592       0.00892714     
646.331        0.624972       0.00927527     
646.663        0.619639       0.00927527     
646.995        0.618885       0.00927527     
647.327        0.614998       0.00942408     
647.66         0.607336       0.00942408     
647.992        0.614772       0.00942408     
648.324        0.6267         0.00921102     
648.656        0.628555       0.00921102     
648.988        0.622711       0.00921102     
649.32         0.624714       0.00985844     
649.652        0.62861        0.00985844     
649.983        0.615          0.00985844     
650.315        0.606881       0.00813934     
650.647        0.603356       0.00813934     
650.979        0.605904       0.00813934     
651.31         0.604288       0.00814353     
651.642        0.610439       0.00814353     
651.973        0.616834       0.00814353     
652.305        0.622672       0.009723       
652.636        0.620746       0.009723       
652.967        0.619498       0.009723       
653.299        0.61236        0.00861548     
653.63         0.609111       0.00861548     
653.961        0.602682       0.00861548     
660.244        0.592979       0.00994799     
660.575        0.604996       0.00994799     
660.905        0.609369       0.00994799     
661.235        0.612646       0.0081258      
661.565        0.618926       0.0081258      
661.895        0.61654        0.0081258      
662.225        0.623606       0.00928171     
662.555        0.6304         0.00928171     
662.884        0.633362       0.00928171     
663.214        0.62825        0.00889235     
663.544        0.623379       0.00889235     
663.873        0.626818       0.00889235     
664.203        0.630777       0.00836959     
664.533        0.629711       0.00836959     
664.862        0.621855       0.00836959     
665.192        0.628112       0.0100676      
665.521        0.633972       0.0100676      
665.85         0.635944       0.0100676      
666.18         0.634122       0.00874377     
666.509        0.625296       0.00874377     
666.838        0.618691       0.00874377     
667.167        0.618119       0.00940556     
667.496        0.620204       0.00940556     
667.825        0.632546       0.00940556     
668.154        0.634467       0.00789181     
668.483        0.632732       0.00789181     
668.812        0.624175       0.00789181     
669.141        0.627046       0.00965369     
669.47         0.63128        0.00965369     
669.798        0.626469       0.00965369     
670.127        0.632202       0.00788879     
670.456        0.63475        0.00788879     
670.784        0.625054       0.00788879     
671.113        0.605853       0.00788532     
671.441        0.610597       0.00788532     
671.77         0.619983       0.00788532     
672.098        0.63012        0.0089355      
672.426        0.632368       0.0089355      
672.755        0.63671        0.0089355      
673.083        0.624824       0.00768618     
673.411        0.604376       0.00768618     
673.739        0.603469       0.00768618     
674.067        0.607348       0.00935971     
674.395        0.621584       0.00935971     
674.723        0.617515       0.00935971     
675.051        0.613473       0.00853106     
675.379        0.615879       0.00853106     
675.706        0.625875       0.00853106     
676.034        0.63021        0.00773155     
676.362        0.631455       0.00773155     
676.689        0.629692       0.00773155     
677.017        0.616591       0.00863489     
677.344        0.605743       0.00863489     
677.672        0.614976       0.00863489     
677.999        0.628221       0.00863489     
678.327        0.629818       0.0103243      
678.654        0.620362       0.0103243      
678.981        0.613027       0.0103243      
679.308        0.61202        0.0105962      
679.636        0.618283       0.0105962      
679.963        0.62748        0.0105962      
680.29         0.623116       0.00929124     
680.617        0.616055       0.00929124     
680.944        0.606663       0.00929124     
681.271        0.608301       0.00863397     
681.597        0.617957       0.00863397     
681.924        0.630129       0.00863397     
682.251        0.623352       0.00937508     
682.578        0.614857       0.00937508     
682.904        0.601097       0.00937508     
683.231        0.6027         0.00893903     
683.557        0.61084        0.00893903     
683.884        0.618362       0.00893903     
684.21         0.616853       0.00660205     
684.536        0.618207       0.00660205     
684.863        0.61602        0.00660205     
685.189        0.620398       0.0108436      
685.515        0.623843       0.0108436      
685.841        0.622978       0.0108436      
686.167        0.616018       0.00903639     
686.493        0.606485       0.00903639     
686.819        0.599799       0.00903639     
687.145        0.606322       0.0100877      
687.471        0.616475       0.0100877      
687.797        0.620284       0.0100877      
688.123        0.613116       0.010713       
688.448        0.602999       0.010713       
688.774        0.604725       0.010713       
689.1          0.606829       0.00910928     
689.425        0.615348       0.00910928     
689.751        0.627787       0.00910928     
690.076        0.621833       0.00845274     
690.402        0.610841       0.00845274     
690.727        0.605615       0.00845274     
691.052        0.615783       0.00924892     
691.377        0.626084       0.00924892     
691.703        0.627076       0.00924892     
692.028        0.618789       0.00808587     
692.353        0.615933       0.00808587     
692.678        0.610323       0.00808587     
693.003        0.614146       0.00810812     
693.328        0.61685        0.00810812     
693.652        0.626787       0.00810812     
693.977        0.616795       0.00810812     
694.302        0.602547       0.00892449     
694.627        0.599781       0.00892449     
694.951        0.605488       0.00892449     
695.276        0.62641        0.00821936     
695.6          0.629859       0.00821936     
695.925        0.623747       0.00821936     
696.249        0.595303       0.00779877     
696.574        0.590318       0.00779877     
696.898        0.607183       0.00779877     
697.222        0.633277       0.00898775     
697.546        0.640788       0.00898775     
697.871        0.622349       0.00898775     
698.195        0.613033       0.00968408     
698.519        0.60854        0.00968408     
698.843        0.6118         0.00968408     
699.167        0.607041       0.00923011     
699.491        0.610436       0.00923011     
699.814        0.616906       0.00923011     
700.138        0.606217       0.00968124     
700.462        0.608917       0.00968124     
700.786        0.614221       0.00968124     
701.109        0.617927       0.00846484     
701.433        0.615718       0.00846484     
701.756        0.614647       0.00846484     
702.08         0.621914       0.00967993     
702.403        0.62744        0.00967993     
702.726        0.629814       0.00967993     
703.05         0.627575       0.0080795      
703.373        0.624692       0.0080795      
703.696        0.61804        0.0080795      
704.019        0.611427       0.0102588      
704.342        0.620607       0.0102588      
704.665        0.624625       0.0102588      
704.988        0.62056        0.0102588      
705.311        0.611582       0.00927856     
705.634        0.614571       0.00927856     
705.957        0.608518       0.00927856     
706.28         0.609026       0.00938239     
706.602        0.616983       0.00938239     
706.925        0.629821       0.00938239     
707.247        0.632079       0.00967421     
707.57         0.627094       0.00967421     
707.892        0.622488       0.00967421     
708.215        0.612883       0.00923719     
708.537        0.613285       0.00923719     
708.859        0.609864       0.00923719     
709.182        0.600685       0.00938176     
709.504        0.59916        0.00938176     
709.826        0.604603       0.00938176     
710.148        0.608717       0.00976912     
710.47         0.616884       0.00976912     
710.792        0.624607       0.00976912     
711.114        0.621238       0.00851662     
711.436        0.620545       0.00851662     
711.758        0.614659       0.00851662     
712.079        0.606311       0.00820995     
712.401        0.607491       0.00820995     
712.723        0.61225        0.00820995     
713.044        0.612318       0.0100485      
713.366        0.610054       0.0100485      
713.687        0.618785       0.0100485      
714.009        0.62104        0.00944101     
714.33         0.624003       0.00944101     
714.652        0.618249       0.00944101     
714.973        0.611594       0.00944101     
715.294        0.614788       0.00839589     
715.615        0.613692       0.00839589     
715.936        0.612932       0.00839589     
716.257        0.606239       0.00916194     
716.578        0.606673       0.00916194     
716.899        0.609951       0.00916194     
717.22         0.616346       0.00921123     
717.541        0.610218       0.00921123     
717.862        0.619464       0.00921123     
718.182        0.629348       0.0102758      
718.503        0.631044       0.0102758      
718.824        0.620452       0.0102758      
719.144        0.622522       0.00885281     
719.465        0.630865       0.00885281     
719.785        0.620433       0.00885281     
720.105        0.619304       0.0089546      
720.426        0.612163       0.0089546      
720.746        0.613518       0.0089546      
721.066        0.62066        0.00861212     
721.386        0.624109       0.00861212     
721.706        0.615555       0.00861212     
722.026        0.619122       0.0090462      
722.346        0.622956       0.0090462      
722.666        0.610909       0.0090462      
722.986        0.614581       0.0090462      
723.306        0.610529       0.00867476     
723.626        0.619945       0.00867476     
723.946        0.623631       0.00867476     
724.265        0.617571       0.00884113     
724.585        0.611471       0.00884113     
724.904        0.611441       0.00884113     
725.224        0.614642       0.00865438     
725.543        0.624789       0.00865438     
725.863        0.624821       0.00865438     
726.182        0.623039       0.00958286     
726.501        0.622613       0.00958286     
726.82         0.616087       0.00958286     
727.14         0.609322       0.00695002     
727.459        0.602422       0.00695002     
727.778        0.602321       0.00695002     
728.097        0.616904       0.00887394     
728.416        0.61739        0.00887394     
728.734        0.617712       0.00887394     
729.053        0.613037       0.00925104     
729.372        0.610648       0.00925104     
729.691        0.616237       0.00925104     
730.009        0.614756       0.00781562     
730.328        0.600929       0.00781562     
730.647        0.602805       0.00781562     
730.965        0.609723       0.00781562     
731.283        0.611591       0.0100057      
731.602        0.607046       0.0100057      
731.92         0.607683       0.0100057      
732.238        0.596084       0.00921476     
732.557        0.595187       0.00921476     
732.875        0.600152       0.00921476     
733.193        0.601937       0.00938409     
733.511        0.594672       0.00938409     
733.829        0.601815       0.00938409     
734.147        0.610964       0.00961979     
734.465        0.613315       0.00961979     
734.782        0.604195       0.00961979     
735.1          0.588818       0.00877091     
735.418        0.592154       0.00877091     
735.735        0.59177        0.00877091     
736.053        0.595226       0.00968029     
736.371        0.597015       0.00968029     
736.688        0.598169       0.00968029     
737.005        0.601268       0.0109561      
737.323        0.607282       0.0109561      
737.64         0.599552       0.0109561      
737.957        0.589944       0.0109561      
738.274        0.587991       0.00922235     
738.592        0.585367       0.00922235     
738.909        0.596042       0.00922235     
739.226        0.606528       0.00804647     
739.543        0.607457       0.00804647     
739.86         0.607216       0.00804647     
740.176        0.595311       0.00726312     
740.493        0.592664       0.00726312     
740.81         0.593451       0.00726312     
741.127        0.591349       0.00871373     
741.443        0.588262       0.00871373     
741.76         0.589595       0.00871373     
742.076        0.599467       0.0101681      
742.393        0.61073        0.0101681      
742.709        0.612199       0.0101681      
743.025        0.613239       0.0091324      
743.342        0.606398       0.0091324      
743.658        0.606499       0.0091324      
743.974        0.605419       0.0091324      
744.29         0.601546       0.00863043     
744.606        0.605555       0.00863043     
744.922        0.609408       0.00863043     
745.238        0.604013       0.00817794     
745.554        0.601075       0.00817794     
745.87         0.605454       0.00817794     
746.186        0.606531       0.00882459     
746.501        0.596027       0.00882459     
746.817        0.596547       0.00882459     
747.132        0.603793       0.00969255     
747.448        0.608058       0.00969255     
747.763        0.601084       0.00969255     
748.079        0.58653        0.0118128      
748.394        0.584322       0.0118128      
748.71         0.586709       0.0118128      
749.025        0.590524       0.00874584     
749.34         0.59186        0.00874584     
749.655        0.592074       0.00874584     
749.97         0.593463       0.00874584     
750.285        0.596446       0.010237       
750.6          0.587809       0.010237       
750.915        0.576943       0.010237       
751.23         0.575865       0.00800569     
751.545        0.579431       0.00800569     
751.859        0.579965       0.00800569     
752.174        0.576897       0.00871233     
752.489        0.567543       0.00871233     
752.803        0.564945       0.00871233     
753.118        0.567188       0.0077701      
753.432        0.58061        0.0077701      
753.747        0.584504       0.0077701      
754.061        0.575317       0.00840026     
754.375        0.570311       0.00840026     
754.689        0.566645       0.00840026     
755.004        0.569415       0.00847814     
755.318        0.575267       0.00847814     
755.632        0.571509       0.00847814     
755.946        0.570762       0.00847814     
756.26         0.56771        0.010013       
756.573        0.568147       0.010013       
756.887        0.565756       0.010013       
757.201        0.56929        0.00930642     
757.515        0.568482       0.00930642     
757.828        0.569142       0.00930642     
758.142        0.562144       0.00888916     
758.455        0.542214       0.00888916     
758.769        0.541158       0.00888916     
759.082        0.543867       0.00894383     
759.396        0.554393       0.00894383     
759.709        0.554703       0.00894383     
760.022        0.554795       0.0113718      
760.335        0.557065       0.0113718      
760.648        0.558367       0.0113718      
760.962        0.554213       0.0113718      
761.275        0.547296       0.00979806     
761.587        0.540357       0.00979806     
761.9          0.533658       0.00979806     
762.213        0.536133       0.0088485      
762.526        0.542256       0.0088485      
762.839        0.54834        0.0088485      
763.151        0.553915       0.00899538     
763.464        0.553942       0.00899538     
763.776        0.552603       0.00899538     
764.089        0.552309       0.00847119     
764.401        0.56213        0.00847119     
764.714        0.564321       0.00847119     
765.026        0.562397       0.00735841     
765.338        0.552157       0.00735841     
765.65         0.54244        0.00735841     
765.962        0.540973       0.00735841     
766.275        0.531493       0.0085401      
766.587        0.532989       0.0085401      
766.898        0.527997       0.0085401      
767.21         0.532365       0.00903132     
767.522        0.539282       0.00903132     
767.834        0.548131       0.00903132     
768.146        0.558558       0.00808147     
768.457        0.566304       0.00808147     
768.769        0.567376       0.00808147     
769.08         0.562796       0.00953421     
769.392        0.549346       0.00953421     
769.703        0.544635       0.00953421     
770.015        0.546421       0.00882463     
770.326        0.544518       0.00882463     
770.637        0.551443       0.00882463     
770.948        0.553112       0.00882463     
771.26         0.555514       0.00879719     
771.571        0.543643       0.00879719     
771.882        0.533695       0.00879719     
772.193        0.532039       0.00829956     
772.504        0.540045       0.00829956     
772.814        0.546343       0.00829956     
773.125        0.547336       0.0104089      
773.436        0.545527       0.0104089      
773.747        0.545849       0.0104089      
774.057        0.544049       0.00883885     
774.368        0.544536       0.00883885     
774.678        0.544512       0.00883885     
774.989        0.548604       0.00883885     
775.299        0.550379       0.00867575     
775.609        0.556877       0.00867575     
775.919        0.555365       0.00867575     
776.23         0.560738       0.0076878      
776.54         0.560683       0.0076878      
776.85         0.561848       0.0076878      
777.16         0.563433       0.00881366     
777.47         0.559437       0.00881366     
777.78         0.562156       0.00881366     
778.089        0.559629       0.00917414     
778.399        0.55769        0.00917414     
778.709        0.563138       0.00917414     
779.019        0.558316       0.00809209     
779.328        0.55622        0.00809209     
779.638        0.548901       0.00809209     
779.947        0.543791       0.00809209     
780.257        0.535548       0.00960746     
780.566        0.540098       0.00960746     
780.875        0.54074        0.00960746     
781.185        0.555469       0.00779892     
781.494        0.545594       0.00779892     
781.803        0.540519       0.00779892     
782.112        0.536608       0.00908552     
782.421        0.537105       0.00908552     
782.73         0.53493        0.00908552     
783.039        0.531632       0.0106565      
783.348        0.535566       0.0106565      
783.656        0.534896       0.0106565      
783.965        0.542934       0.0106565      
784.274        0.529832       0.00977823     
784.582        0.52292        0.00977823     
784.891        0.532996       0.00977823     
785.199        0.538289       0.010451       
785.508        0.549892       0.010451       
785.816        0.545791       0.010451       
786.124        0.538699       0.0111821      
786.432        0.536682       0.0111821      
786.741        0.531037       0.0111821      
787.049        0.543398       0.00933568     
787.357        0.544121       0.00933568     
787.665        0.54641        0.00933568     
787.973        0.535919       0.00933568     
788.281        0.539629       0.00861987     
788.588        0.534571       0.00861987     
788.896        0.534902       0.00861987     
789.204        0.53124        0.00933109     
789.511        0.522268       0.00933109     
789.819        0.527886       0.00933109     
790.126        0.528718       0.00807638     
790.434        0.528114       0.00807638     
790.741        0.534736       0.00807638     
791.049        0.538455       0.00974896     
791.356        0.547912       0.00974896     
791.663        0.548602       0.00974896     
791.97         0.552491       0.00974896     
792.277        0.550467       0.0104415      
792.584        0.558885       0.0104415      
792.891        0.547389       0.0104415      
793.198        0.538791       0.00850267     
793.505        0.539391       0.00850267     
793.812        0.544827       0.00850267     
794.119        0.547855       0.00801294     
794.425        0.540069       0.00801294     
794.732        0.530581       0.00801294     
795.038        0.521416       0.00690806     
795.345        0.524513       0.00690806     
795.651        0.518516       0.00690806     
795.958        0.513785       0.00690806     
796.264        0.512168       0.00865034     
796.57         0.51257        0.00865034     
796.876        0.532225       0.00865034     
797.183        0.532918       0.00983819     
797.489        0.55157        0.00983819     
797.795        0.547264       0.00983819     
798.101        0.543173       0.00933022     
798.406        0.550837       0.00933022     
798.712        0.549439       0.00933022     
799.018        0.562317       0.00855104     
799.324        0.557888       0.00855104     
799.629        0.550763       0.00855104     
799.935        0.555385       0.00855104     
800.24         0.549931       0.00878504     
800.546        0.550118       0.00878504     
800.851        0.554467       0.00878504     
801.157        0.556981       0.00802951     
801.462        0.570639       0.00802951     
801.767        0.56542        0.00802951     
802.072        0.557098       0.00922918     
802.377        0.559651       0.00922918     
802.682        0.560237       0.00922918     
802.987        0.560534       0.00922918     
803.292        0.575037       0.00952212     
803.597        0.571218       0.00952212     
803.902        0.568028       0.00952212     
804.207        0.57003        0.00824329     
804.511        0.562097       0.00824329     
804.816        0.57012        0.00824329     
805.12         0.562295       0.00921339     
805.425        0.544893       0.00921339     
805.729        0.541616       0.00921339     
806.034        0.543697       0.00828936     
806.338        0.549848       0.00828936     
806.642        0.547406       0.00828936     
806.946        0.541239       0.00828936     
807.251        0.531008       0.00843369     
807.555        0.532686       0.00843369     
807.859        0.526124       0.00843369     
808.162        0.529788       0.00803097     
808.466        0.534949       0.00803097     
808.77         0.538477       0.00803097     
809.074        0.540575       0.00963297     
809.378        0.533694       0.00963297     
809.681        0.535983       0.00963297     
809.985        0.549403       0.00963297     
810.288        0.55496        0.00943674     
810.592        0.555716       0.00943674     
810.895        0.556208       0.00943674     
811.198        0.556052       0.00825868     
811.502        0.568481       0.00825868     
811.805        0.576214       0.00825868     
812.108        0.578616       0.00872913     
812.411        0.566787       0.00872913     
812.714        0.576942       0.00872913     
813.017        0.561274       0.00906323     
813.32         0.554258       0.00906323     
813.623        0.553756       0.00906323     
813.926        0.569602       0.00906323     
814.228        0.565472       0.00989929     
814.531        0.566863       0.00989929     
814.833        0.55988        0.00989929     
815.136        0.562985       0.00899948     
815.438        0.57684        0.00899948     
815.741        0.5735         0.00899948     
816.043        0.568413       0.00749133     
816.345        0.571383       0.00749133     
816.648        0.570637       0.00749133     
816.95         0.574651       0.00749133     
817.252        0.585731       0.00854388     
817.554        0.583099       0.00854388     
817.856        0.599049       0.00854388     
818.158        0.596014       0.00876959     
818.46         0.593412       0.00876959     
818.761        0.599728       0.00876959     
819.063        0.59908        0.00828647     
819.365        0.600582       0.00828647     
819.666        0.595937       0.00828647     
819.968        0.581878       0.00828647     
820.269        0.568446       0.00911008     
820.571        0.568964       0.00911008     
820.872        0.575898       0.00911008     
821.173        0.571522       0.00889378     
821.475        0.571185       0.00889378     
821.776        0.578649       0.00889378     
822.077        0.582166       0.00720715     
822.378        0.586662       0.00720715     
822.679        0.584826       0.00720715     
822.98         0.58245        0.00720715     
823.281        0.589802       0.0096386      
823.581        0.603434       0.0096386      
823.882        0.605371       0.0096386      
824.183        0.616444       0.00808352     
824.483        0.608069       0.00808352     
824.784        0.596587       0.00808352     
825.084        0.593838       0.00712572     
825.385        0.59188        0.00712572     
825.685        0.604223       0.00712572     
825.985        0.598527       0.00712572     
826.286        0.59606        0.00887242     
826.586        0.598997       0.00887242     
826.886        0.579224       0.00887242     
827.186        0.577278       0.00767974     
827.486        0.59196        0.00767974     
827.786        0.588142       0.00767974     
828.086        0.598467       0.00816814     
828.386        0.59032        0.00816814     
828.685        0.593415       0.00816814     
828.985        0.589252       0.00816814     
829.285        0.591144       0.00771178     
829.584        0.60522        0.00771178     
829.884        0.619996       0.00771178     
830.183        0.626951       0.00877444     
830.482        0.620143       0.00877444     
830.782        0.644844       0.00877444     
831.081        0.659063       0.00807953     
831.38         0.679895       0.00807953     
831.679        0.683289       0.00807953     
831.978        0.689166       0.00807953     
832.277        0.66839        0.00967808     
832.576        0.665981       0.00967808     
832.875        0.646255       0.00967808     
833.174        0.658296       0.000121758    
833.472        0.635484       0.000121758    
833.771        0.648204       0.000121758    
834.07         0.646054       0.000121758    
834.368        0.632962       0.000121758    
834.667        0.627594       0.000121758    
834.965        0.62212        0.000121758    
835.263        0.642549       0.000121758    
835.562        0.643759       0.000121758    
835.86         0.630653       0.000121758    
836.158        0.64897        0.00765142     
836.456        0.660571       0.00765142     
836.754        0.676528       0.00765142     
837.052        0.671642       0.00942595     
837.35         0.714436       0.00942595     
837.648        0.695679       0.00942595     
837.946        0.696487       0.00942595     
838.243        0.716196       0.0086226      
838.541        0.727082       0.0086226      
838.839        0.720541       0.0086226      
839.136        0.70879        0.00836324     
839.434        0.702869       0.00836324     
839.731        0.685676       0.00836324     
840.028        0.670442       0.00936329     
840.326        0.683233       0.00936329     
840.623        0.69603        0.00936329     
840.92         0.701504       0.00936329     
841.217        0.709443       0.00827239     
841.514        0.709558       0.00827239     
841.811        0.741094       0.00827239     
842.108        0.724222       0.00825876     
842.405        0.728824       0.00825876     
842.701        0.729507       0.00825876     
842.998        0.751534       0.00825876     
843.295        0.757509       0.00786437     
843.591        0.728368       0.00786437     
843.888        0.740283       0.00786437     
844.184        0.757985       0.00925491     
844.481        0.749742       0.00925491     
844.777        0.750536       0.00925491     
845.073        0.770503       0.00900384     
845.369        0.760714       0.00900384     
845.665        0.730596       0.00900384     
845.962        0.742158       0.00900384     
846.258        0.774794       0.00946069     
846.553        0.735262       0.00946069     
846.849        0.778854       0.00946069     
847.145        0.76447        0.00868547     
847.441        0.798339       0.00868547     
847.737        0.745878       0.00868547     
848.032        0.745638       0.0086048      
848.328        0.73241        0.0086048      
848.623        0.749419       0.0086048      
848.919        0.756529       0.0086048      
849.214        0.756697       0.00909563     
849.509        0.756398       0.00909563     
849.805        0.792086       0.00909563     
850.1          0.763434       0.0078013      
850.395        0.763461       0.0078013      
850.69         0.778875       0.0078013      
850.985        0.77968        0.0078013      
851.28         0.786583       0.00832609     
851.575        0.813599       0.00832609     
851.869        0.785401       0.00832609     
852.164        0.817902       0.00898665     
852.459        0.75845        0.00898665     
852.753        0.729159       0.00898665     
853.048        0.69038        0.00757543     
853.342        0.679569       0.00757543     
853.637        0.623294       0.00757543     
853.931        0.635134       0.00757543     
854.225        0.613792       0.0090761      
854.52         0.622738       0.0090761      
854.814        0.635323       0.0090761      
855.108        0.625862       0.0078479      
855.402        0.636536       0.0078479      
855.696        0.619588       0.0078479      
855.99         0.653419       0.0078479      
856.283        0.66921        0.00808358     
856.577        0.661693       0.00808358     
856.871        0.657436       0.00808358     
857.164        0.672724       0.008625       
857.458        0.69696        0.008625       
857.751        0.707013       0.008625       
858.045        0.720448       0.00879341     
858.338        0.730828       0.00879341     
858.632        0.759851       0.00879341     
858.925        0.727841       0.00879341     
859.218        0.749933       0.00805237     
859.511        0.757566       0.00805237     
859.804        0.759598       0.00805237     
860.097        0.7443         0.0082911      
860.39         0.753202       0.0082911      
860.683        0.785448       0.0082911      
860.976        0.768018       0.0082911      
861.268        0.772156       0.00885013     
861.561        0.764665       0.00885013     
861.854        0.793289       0.00885013     
862.146        0.816569       0.00915157     
862.439        0.814818       0.00915157     
862.731        0.786573       0.00915157     
863.023        0.806609       0.00993235     
863.316        0.781539       0.00993235     
863.608        0.799778       0.00993235     
863.9          0.793716       0.00993235     
864.192        0.7776         0.00731165     
864.484        0.764011       0.00731165     
864.776        0.7768         0.00731165     
865.068        0.798959       0.00830892     
865.36         0.786233       0.00830892     
865.651        0.788039       0.00830892     
865.943        0.785123       0.00830892     
866.235        0.790146       0.00832366     
866.526        0.848937       0.00832366     
866.818        0.848596       0.00832366     
867.109        0.812936       0.00813571     
867.4          0.836195       0.00813571     
867.692        0.832415       0.00813571     
867.983        0.796672       0.00813571     
868.274        0.835378       0.00952896     
868.565        0.802415       0.00952896     
868.856        0.823205       0.00952896     
869.147        0.823409       0.00853039     
869.438        0.809938       0.00853039     
869.729        0.809616       0.00853039     
870.02         0.827378       0.00817879     
870.31         0.838305       0.00817879     
870.601        0.832056       0.00817879     
870.892        0.838173       0.00817879     
871.182        0.829978       0.00873151     
871.473        0.866707       0.00873151     
871.763        0.839328       0.00873151     
872.053        0.784299       0.00799709     
872.343        0.810879       0.00799709     
872.634        0.831713       0.00799709     
872.924        0.820323       0.00799709     
873.214        0.804092       0.00807356     
873.504        0.828886       0.00807356     
873.794        0.823371       0.00807356     
874.084        0.857148       0.00797568     
874.373        0.828892       0.00797568     
874.663        0.811957       0.00797568     
874.953        0.842653       0.00797568     
875.242        0.837922       0.00862631     
875.532        0.838349       0.00862631     
875.821        0.833567       0.00862631     
876.111        0.86637        0.00977164     
876.4          0.849724       0.00977164     
876.689        0.80822        0.00977164     
876.978        0.854565       0.00977164     
877.268        0.789246       0.00889449     
877.557        0.835689       0.00889449     
877.846        0.827714       0.00889449     
878.134        0.862526       0.00707934     
878.423        0.862685       0.00707934     
878.712        0.862844       0.00707934     
