178.41         0.709945       0.00879763     
178.791        0.709945       0.00879763     
179.172        0.709945       0.0088731      
179.553        0.735257       0.0088731      
179.934        0.790163       0.0088731      
180.316        0.837835       0.00888077     
180.697        0.94391        0.00888077     
181.078        0.847048       0.00998813     
181.459        1.01632        0.00998813     
181.84         0.786404       0.00998813     
182.221        1.00456        0.0107113      
182.602        0.834319       0.0107113      
182.983        0.625897       0.0107113      
183.364        -0.436213      0.00930319     
183.744        1.06585        0.00930319     
184.125        0.845993       0.00858697     
184.506        0.656734       0.00858697     
184.887        0.825959       0.00858697     
185.268        0.83437        0.0100036      
185.648        0.902293       0.0100036      
186.029        0.898249       0.00962372     
186.41         0.838043       0.00962372     
186.791        0.847696       0.00962372     
187.171        0.873882       0.00853526     
187.552        0.750876       0.00853526     
187.932        0.778407       0.00853526     
188.313        0.747351       0.00854466     
188.694        0.743877       0.00854466     
189.074        0.774364       0.00801688     
189.455        0.775362       0.00801688     
189.835        0.765377       0.00801688     
190.216        0.786209       0.00795762     
190.596        0.788642       0.00795762     
190.977        0.76371        0.00795762     
191.357        0.763619       0.0101362      
191.737        0.805496       0.0101362      
192.118        0.774931       0.00865445     
192.498        0.774742       0.00865445     
192.878        0.801973       0.00865445     
193.258        0.76668        0.00858479     
193.639        0.768271       0.00858479     
194.019        0.757988       0.00783232     
194.399        0.765659       0.00783232     
194.779        0.759553       0.00783232     
195.159        0.754421       0.00896281     
195.54         0.776047       0.00896281     
195.92         0.759018       0.00896281     
196.3          0.749085       0.0092757      
196.68         0.760617       0.0092757      
197.06         0.75005        0.0090419      
197.44         0.75582        0.0090419      
197.82         0.754173       0.0090419      
198.2          0.747229       0.00814222     
198.58         0.742532       0.00814222     
198.959        0.752147       0.00814222     
199.339        0.747536       0.00888426     
199.719        0.744572       0.00888426     
200.099        0.739732       0.007886       
200.479        0.737846       0.007886       
200.858        0.734405       0.007886       
201.238        0.734349       0.00877207     
201.618        0.732259       0.00877207     
201.998        0.73745        0.00877207     
202.377        0.729085       0.00932509     
202.757        0.728539       0.00932509     
203.136        0.738002       0.00856485     
203.516        0.72208        0.00856485     
203.896        0.720813       0.00856485     
204.275        0.70933        0.0100371      
204.655        0.703384       0.0100371      
205.034        0.711982       0.00917878     
205.414        0.706355       0.00917878     
205.793        0.703828       0.00917878     
206.172        0.708764       0.00878336     
206.552        0.70382        0.00878336     
206.931        0.702689       0.00878336     
207.31         0.699495       0.00939328     
207.69         0.696966       0.00939328     
208.069        0.703181       0.00879357     
208.448        0.692178       0.00879357     
208.827        0.697233       0.00879357     
209.207        0.683134       0.00858354     
209.586        0.68577        0.00858354     
209.965        0.68566        0.00858354     
210.344        0.686416       0.00790743     
210.723        0.681422       0.00790743     
211.102        0.682992       0.0100269      
211.481        0.678171       0.0100269      
211.86         0.677428       0.0100269      
212.239        0.675308       0.00879714     
212.618        0.676954       0.00879714     
212.997        0.669198       0.00879714     
213.376        0.677696       0.00854711     
213.755        0.676663       0.00854711     
214.134        0.671784       0.0103221      
214.513        0.670397       0.0103221      
214.891        0.672413       0.0103221      
215.27         0.665386       0.00839717     
215.649        0.66689        0.00839717     
216.028        0.66884        0.0100369      
216.406        0.661684       0.0100369      
216.785        0.669318       0.0100369      
217.164        0.657073       0.00820582     
217.542        0.660813       0.00820582     
217.921        0.660747       0.00820582     
218.3          0.660551       0.00859524     
218.678        0.662828       0.00859524     
219.057        0.661069       0.00908864     
219.435        0.656298       0.00908864     
219.814        0.659711       0.00908864     
220.192        0.661468       0.00877644     
220.57         0.661402       0.00877644     
220.949        0.657963       0.00877644     
221.327        0.656916       0.00847435     
221.705        0.659348       0.00847435     
222.084        0.655801       0.00848228     
222.462        0.658038       0.00848228     
222.84         0.658002       0.00848228     
223.218        0.664474       0.00860677     
223.597        0.660222       0.00860677     
223.975        0.659911       0.00860677     
224.353        0.660022       0.00836164     
224.731        0.664393       0.00836164     
225.109        0.667276       0.00823721     
225.487        0.668089       0.00823721     
225.865        0.668814       0.00823721     
226.243        0.669264       0.00787329     
226.621        0.670569       0.00787329     
226.999        0.672428       0.00787329     
227.377        0.675212       0.00787321     
227.755        0.678032       0.00787321     
228.133        0.676663       0.00923007     
228.511        0.678715       0.00923007     
228.889        0.681871       0.00923007     
229.266        0.680643       0.00852294     
229.644        0.68382        0.00852294     
230.022        0.685425       0.00960737     
230.4          0.687573       0.00960737     
230.777        0.692056       0.00960737     
231.155        0.693072       0.0087174      
231.533        0.6931         0.0087174      
231.91         0.695637       0.0087174      
232.288        0.697771       0.00923133     
232.665        0.698153       0.00923133     
233.043        0.702513       0.0091468      
233.42         0.704007       0.0091468      
233.798        0.707717       0.0091468      
234.175        0.707435       0.0081346      
234.553        0.709952       0.0081346      
234.93         0.713272       0.0081346      
235.307        0.711123       0.00900245     
235.685        0.711625       0.00900245     
236.062        0.715505       0.00836505     
236.439        0.71792        0.00836505     
236.816        0.716026       0.00836505     
237.194        0.720058       0.0092255      
237.571        0.719841       0.0092255      
237.948        0.722133       0.0092255      
238.325        0.722469       0.00804899     
238.702        0.72411        0.00804899     
239.079        0.726007       0.00858258     
239.456        0.727092       0.00858258     
239.833        0.726988       0.00858258     
240.21         0.727174       0.0091329      
240.587        0.731232       0.0091329      
240.964        0.729211       0.0091329      
241.341        0.731121       0.00832072     
241.718        0.73294        0.00832072     
242.095        0.730996       0.00960085     
242.472        0.734657       0.00960085     
242.849        0.735347       0.00960085     
243.225        0.734861       0.00779235     
243.602        0.737209       0.00779235     
243.979        0.738162       0.00779235     
244.356        0.738522       0.00939976     
244.732        0.737187       0.00939976     
245.109        0.738165       0.00835152     
245.486        0.737952       0.00835152     
245.862        0.739738       0.00835152     
246.239        0.740564       0.00850571     
246.615        0.74012        0.00850571     
246.992        0.74178        0.00850571     
247.368        0.742434       0.0089518      
247.745        0.740861       0.0089518      
248.121        0.741753       0.00871125     
248.497        0.741058       0.00871125     
248.874        0.742582       0.00871125     
249.25         0.74327        0.008646       
249.626        0.742814       0.008646       
250.003        0.741343       0.00863702     
250.379        0.744809       0.00863702     
250.755        0.744504       0.00863702     
251.131        0.74546        0.00897158     
251.507        0.745901       0.00897158     
251.884        0.745981       0.00897158     
252.26         0.746252       0.00891389     
252.636        0.747723       0.00891389     
253.012        0.746717       0.00905167     
253.388        0.749585       0.00905167     
253.764        0.751144       0.00905167     
254.14         0.750102       0.00805285     
254.516        0.748529       0.00805285     
254.892        0.750646       0.00805285     
255.268        0.751715       0.00925286     
255.643        0.752014       0.00925286     
256.019        0.753555       0.00934467     
256.395        0.753807       0.00934467     
256.771        0.754654       0.00934467     
257.147        0.755623       0.00929775     
257.522        0.755174       0.00929775     
257.898        0.756452       0.00929775     
258.274        0.756229       0.00945216     
258.649        0.757705       0.00945216     
259.025        0.75878        0.00949541     
259.4          0.759021       0.00949541     
259.776        0.758705       0.00949541     
260.151        0.759213       0.009144       
260.527        0.761482       0.009144       
260.902        0.761741       0.009144       
261.278        0.761827       0.00969404     
261.653        0.761075       0.00969404     
262.028        0.760422       0.00798983     
262.404        0.763993       0.00798983     
262.779        0.761984       0.00798983     
263.154        0.76391        0.00946173     
263.53         0.764829       0.00946173     
263.905        0.76454        0.00946173     
264.28         0.765147       0.00901183     
264.655        0.764566       0.00901183     
265.03         0.764201       0.00969116     
265.405        0.765033       0.00969116     
265.781        0.765772       0.00969116     
266.156        0.766327       0.00972398     
266.531        0.766335       0.00972398     
266.906        0.765373       0.00972398     
267.281        0.766701       0.0089876      
267.655        0.765496       0.0089876      
268.03         0.766183       0.00801851     
268.405        0.766515       0.00801851     
268.78         0.767015       0.00801851     
269.155        0.767059       0.00964829     
269.53         0.766122       0.00964829     
269.904        0.765877       0.00964829     
270.279        0.767206       0.00899728     
270.654        0.764911       0.00899728     
271.029        0.76652        0.0103489      
271.403        0.766469       0.0103489      
271.778        0.764861       0.0103489      
272.152        0.765217       0.00967397     
272.527        0.764237       0.00967397     
272.901        0.76685        0.00967397     
273.276        0.765503       0.00829516     
273.65         0.765516       0.00829516     
274.025        0.76579        0.00887205     
274.399        0.765454       0.00887205     
274.774        0.765569       0.00887205     
275.148        0.765658       0.00918919     
275.522        0.765111       0.00918919     
275.897        0.764799       0.00918919     
276.271        0.764572       0.00958755     
276.645        0.766546       0.00958755     
277.019        0.765631       0.00945482     
277.393        0.767732       0.00945482     
277.768        0.766359       0.00945482     
278.142        0.76597        0.00884469     
278.516        0.762959       0.00884469     
278.89         0.765572       0.00884469     
279.264        0.764157       0.00837052     
279.638        0.764696       0.00837052     
280.012        0.764613       0.0102377      
280.386        0.763051       0.0102377      
280.76         0.764524       0.0102377      
281.133        0.764053       0.00968007     
281.507        0.764184       0.00968007     
281.881        0.763874       0.00968007     
282.255        0.762873       0.00898577     
282.629        0.762987       0.00898577     
283.002        0.763244       0.00834637     
283.376        0.762558       0.00834637     
283.75         0.761671       0.00834637     
284.123        0.762381       0.0102154      
284.497        0.760142       0.0102154      
284.87         0.7623         0.0102154      
285.244        0.761672       0.00906612     
285.618        0.760911       0.00906612     
285.991        0.758627       0.00906612     
286.364        0.758769       0.00955334     
286.738        0.758693       0.00955334     
287.111        0.758628       0.0082097      
287.485        0.757538       0.0082097      
287.858        0.757852       0.0082097      
288.231        0.756708       0.0093287      
288.605        0.758235       0.0093287      
288.978        0.758128       0.0093287      
289.351        0.755247       0.00901375     
289.724        0.755356       0.00901375     
290.097        0.754416       0.00937966     
290.47         0.753211       0.00937966     
290.843        0.752985       0.00937966     
291.217        0.751252       0.00804863     
291.59         0.751234       0.00804863     
291.963        0.750592       0.00804863     
292.336        0.750796       0.00969325     
292.708        0.748447       0.00969325     
293.081        0.748132       0.00915059     
293.454        0.748125       0.00915059     
293.827        0.746622       0.00915059     
294.2          0.744202       0.00942763     
294.573        0.743642       0.00942763     
294.945        0.743249       0.00942763     
295.318        0.742888       0.0100012      
295.691        0.741035       0.0100012      
296.064        0.741197       0.00929956     
296.436        0.739485       0.00929956     
296.809        0.740871       0.00929956     
297.181        0.738202       0.00993539     
297.554        0.739574       0.00993539     
297.926        0.737393       0.00993539     
298.299        0.737628       0.00919968     
298.671        0.736842       0.00919968     
299.044        0.73636        0.00915185     
299.416        0.734464       0.00915185     
299.788        0.73498        0.00915185     
300.161        0.733725       0.00977434     
300.533        0.733894       0.00977434     
300.905        0.735187       0.00977434     
301.278        0.732974       0.0102643      
301.65         0.733484       0.0102643      
302.022        0.731759       0.0100208      
302.394        0.732202       0.0100208      
302.766        0.731345       0.0100208      
303.138        0.73095        0.00899731     
303.51         0.730158       0.00899731     
303.882        0.729691       0.00899731     
304.254        0.729364       0.0101452      
304.626        0.73049        0.0101452      
304.998        0.730795       0.0101452      
305.37         0.726942       0.00953727     
305.742        0.726102       0.00953727     
306.114        0.726539       0.010281       
306.485        0.7273         0.010281       
306.857        0.727031       0.010281       
307.229        0.725187       0.00865908     
307.601        0.724255       0.00865908     
307.972        0.723823       0.00865908     
308.344        0.724593       0.00860966     
308.716        0.724292       0.00860966     
309.087        0.724147       0.00917231     
309.459        0.723947       0.00917231     
309.83         0.723527       0.00917231     
310.202        0.721886       0.0104648      
310.573        0.722216       0.0104648      
310.945        0.721389       0.0104648      
311.316        0.719899       0.0102325      
311.687        0.719456       0.0102325      
312.059        0.718948       0.00933928     
312.43         0.718805       0.00933928     
312.801        0.717631       0.00933928     
313.172        0.71678        0.00943832     
313.544        0.715948       0.00943832     
313.915        0.718015       0.00943832     
314.286        0.71709        0.00992343     
314.657        0.716577       0.00992343     
315.028        0.715026       0.00884585     
315.399        0.715649       0.00884585     
315.77         0.71642        0.00884585     
316.141        0.714981       0.00995056     
316.512        0.713292       0.00995056     
316.883        0.712826       0.00995056     
317.254        0.713741       0.00996642     
317.625        0.710992       0.00996642     
317.996        0.711337       0.00996642     
318.366        0.711204       0.0101244      
318.737        0.710974       0.0101244      
319.108        0.709385       0.00990675     
319.478        0.708722       0.00990675     
319.849        0.707514       0.00990675     
320.22         0.708685       0.00942088     
320.59         0.706535       0.00942088     
320.961        0.706869       0.00942088     
321.331        0.705072       0.0100383      
321.702        0.705151       0.0100383      
322.072        0.704945       0.00858539     
322.443        0.70375        0.00858539     
322.813        0.70203        0.00858539     
323.184        0.702739       0.00972346     
323.554        0.700383       0.00972346     
323.924        0.69995        0.00972346     
324.295        0.698892       0.00983971     
324.665        0.699237       0.00983971     
325.035        0.698808       0.0100301      
325.405        0.698622       0.0100301      
325.775        0.698238       0.0100301      
326.145        0.699519       0.0100802      
326.515        0.695501       0.0100802      
326.886        0.695377       0.0100802      
327.256        0.695523       0.010687       
327.626        0.692402       0.010687       
327.995        0.688085       0.010687       
328.365        0.680405       0.0095439      
328.735        0.670804       0.0095439      
329.105        0.667489       0.00906807     
329.475        0.673433       0.00906807     
329.845        0.690277       0.00906807     
330.215        0.707517       0.0106015      
330.584        0.716622       0.0106015      
330.954        0.718296       0.0106015      
331.324        0.719492       0.0108459      
331.693        0.71389        0.0108459      
332.063        0.706202       0.0106742      
332.432        0.698827       0.0106742      
332.802        0.693274       0.0106742      
333.171        0.686571       0.0113056      
333.541        0.679208       0.0113056      
333.91         0.67925        0.0113056      
334.28         0.679788       0.0104819      
334.649        0.680068       0.0104819      
335.018        0.681384       0.0106314      
335.388        0.683239       0.0106314      
335.757        0.68354        0.0106314      
336.126        0.681614       0.00942306     
336.495        0.682785       0.00942306     
336.865        0.681935       0.00942306     
337.234        0.680517       0.0110822      
337.603        0.681206       0.0110822      
337.972        0.680952       0.0110822      
338.341        0.68074        0.0109721      
338.71         0.680786       0.0109721      
339.079        0.67799        0.00938287     
339.448        0.679718       0.00938287     
339.817        0.67909        0.00938287     
340.186        0.67777        0.0103876      
340.554        0.676893       0.0103876      
340.923        0.677489       0.0103876      
341.292        0.677023       0.00976237     
341.661        0.676134       0.00976237     
342.029        0.674335       0.0103173      
342.398        0.675619       0.0103173      
342.767        0.675171       0.0103173      
343.135        0.67475        0.010752       
343.504        0.673243       0.010752       
343.872        0.672275       0.010752       
344.241        0.673001       0.0107365      
344.609        0.672138       0.0107365      
344.978        0.671549       0.0107365      
345.346        0.671547       0.00970015     
345.715        0.670333       0.00970015     
346.083        0.668143       0.00962608     
346.451        0.670411       0.00962608     
346.82         0.669186       0.00962608     
347.188        0.667869       0.00934373     
347.556        0.666369       0.00934373     
347.924        0.667072       0.00934373     
348.292        0.668486       0.0101184      
348.66         0.666957       0.0101184      
349.028        0.665791       0.00921777     
349.396        0.666606       0.00921777     
349.764        0.664392       0.00921777     
350.132        0.665707       0.00946339     
350.5          0.663781       0.00946339     
350.868        0.663575       0.00946339     
351.236        0.663277       0.00837144     
351.604        0.661886       0.00837144     
351.972        0.662865       0.00837144     
352.34         0.661517       0.00998715     
352.707        0.66088        0.00998715     
353.075        0.659972       0.0111316      
353.443        0.659717       0.0111316      
353.81         0.658913       0.0111316      
354.178        0.659299       0.0100924      
354.545        0.658201       0.0100924      
354.913        0.657765       0.0100924      
355.28         0.65594        0.0101217      
355.648        0.658654       0.0101217      
356.015        0.656402       0.0100449      
356.383        0.656026       0.0100449      
356.75         0.654829       0.0100449      
357.117        0.655351       0.00971738     
357.485        0.65471        0.00971738     
357.852        0.65434        0.00971738     
358.219        0.653441       0.00994012     
358.586        0.655372       0.00994012     
358.954        0.653649       0.00994012     
359.321        0.653597       0.00952789     
359.688        0.651883       0.00952789     
360.055        0.65162        0.0107046      
360.422        0.650074       0.0107046      
360.789        0.651688       0.0107046      
361.156        0.650266       0.0103         
361.523        0.649916       0.0103         
361.89         0.649535       0.0103         
362.256        0.647989       0.0108531      
362.623        0.649177       0.0108531      
362.99         0.64943        0.0108531      
363.357        0.647537       0.0106051      
363.724        0.64753        0.0106051      
364.09         0.646118       0.00910372     
364.457        0.64637        0.00910372     
364.823        0.646305       0.00910372     
365.19         0.645904       0.0113127      
365.557        0.64525        0.0113127      
365.923        0.647002       0.0113127      
366.29         0.645155       0.00901301     
366.656        0.644599       0.00901301     
367.022        0.643923       0.0100923      
367.389        0.643444       0.0100923      
367.755        0.643942       0.0100923      
368.121        0.643842       0.00966947     
368.488        0.642993       0.00966947     
368.854        0.643286       0.00966947     
369.22         0.642623       0.00987186     
369.586        0.643179       0.00987186     
369.952        0.641952       0.00987186     
370.318        0.640836       0.0103016      
370.684        0.640412       0.0103016      
371.051        0.638378       0.00949868     
371.416        0.639373       0.00949868     
371.782        0.639213       0.00949868     
372.148        0.638762       0.00970647     
372.514        0.638767       0.00970647     
372.88         0.637679       0.00970647     
373.246        0.637414       0.0102523      
373.612        0.636231       0.0102523      
373.977        0.636772       0.0102523      
374.343        0.633939       0.00992307     
374.709        0.634803       0.00992307     
375.074        0.636546       0.00982565     
375.44         0.637524       0.00982565     
375.806        0.635652       0.00982565     
376.171        0.63474        0.010882       
376.537        0.633877       0.010882       
376.902        0.633721       0.010882       
377.268        0.634067       0.00990213     
377.633        0.633368       0.00990213     
377.998        0.632739       0.00990213     
378.364        0.632627       0.0101068      
378.729        0.631982       0.0101068      
379.094        0.631554       0.0104863      
379.459        0.635237       0.0104863      
379.825        0.633386       0.0104863      
380.19         0.629765       0.0103839      
380.555        0.630711       0.0103839      
380.92         0.632112       0.0103839      
381.285        0.631239       0.00931907     
381.65         0.627097       0.00931907     
382.015        0.627745       0.00988468     
382.38         0.628339       0.00988468     
382.745        0.629008       0.00988468     
383.11         0.629593       0.009273       
383.474        0.624851       0.009273       
383.839        0.626945       0.009273       
384.204        0.62627        0.00958376     
384.569        0.626078       0.00958376     
384.933        0.626863       0.00958376     
385.298        0.625467       0.0109545      
385.663        0.626005       0.0109545      
386.027        0.623725       0.0113352      
386.392        0.623064       0.0113352      
386.756        0.621359       0.0113352      
387.121        0.624079       0.0113572      
387.485        0.622929       0.0113572      
387.849        0.622748       0.0113572      
388.214        0.623239       0.0087035      
388.578        0.624975       0.0087035      
388.942        0.624377       0.0087035      
389.307        0.623825       0.0103523      
389.671        0.621388       0.0103523      
390.035        0.620757       0.0100965      
390.399        0.619737       0.0100965      
390.763        0.618534       0.0100965      
391.127        0.618518       0.0104043      
391.492        0.617128       0.0104043      
391.856        0.615954       0.0104043      
392.219        0.617952       0.010559       
392.583        0.61822        0.010559       
392.947        0.622067       0.010559       
393.311        0.623084       0.0110342      
393.675        0.620521       0.0110342      
394.039        0.617675       0.00844757     
394.403        0.61699        0.00844757     
394.766        0.616316       0.00844757     
395.13         0.61713        0.0096566      
395.494        0.61708        0.0096566      
395.857        0.617232       0.0096566      
396.221        0.615179       0.0098748      
396.584        0.613694       0.0098748      
396.948        0.610524       0.0098748      
397.311        0.611346       0.0107148      
397.675        0.61166        0.0107148      
398.038        0.613268       0.00993441     
398.401        0.615752       0.00993441     
398.765        0.617271       0.00993441     
399.128        0.614741       0.01027        
399.491        0.614624       0.01027        
399.854        0.613432       0.01027        
400.218        0.610832       0.0108987      
400.581        0.609376       0.0108987      
400.944        0.61117        0.0108987      
401.307        0.614318       0.0108785      
401.67         0.610981       0.0108785      
402.033        0.609275       0.0116041      
402.396        0.610892       0.0116041      
402.759        0.608687       0.0116041      
403.122        0.608377       0.0108727      
403.485        0.607989       0.0108727      
403.847        0.60803        0.0108727      
404.21         0.608817       0.01115        
404.573        0.605567       0.01115        
404.936        0.605972       0.01115        
405.298        0.608328       0.00974598     
405.661        0.612477       0.00974598     
406.023        0.611771       0.0108695      
406.386        0.610099       0.0108695      
406.749        0.606267       0.0108695      
407.111        0.609022       0.0105777      
407.473        0.607215       0.0105777      
407.836        0.602163       0.0105777      
408.198        0.603868       0.0101124      
408.561        0.604877       0.0101124      
408.923        0.609028       0.0101124      
409.285        0.604426       0.00981896     
409.647        0.60536        0.00981896     
410.009        0.604851       0.00996524     
410.372        0.606093       0.00996524     
410.734        0.604164       0.00996524     
411.096        0.602663       0.00989881     
411.458        0.604182       0.00989881     
411.82         0.601667       0.00989881     
412.182        0.601777       0.0090753      
412.544        0.602341       0.0090753      
412.906        0.604182       0.0090753      
413.267        0.603525       0.00974267     
413.629        0.60514        0.00974267     
413.991        0.605366       0.00974267     
414.353        0.603384       0.009662       
414.714        0.601068       0.009662       
415.076        0.601799       0.0104044      
415.438        0.601269       0.0104044      
415.799        0.598686       0.0104044      
416.161        0.600839       0.0115119      
416.522        0.599653       0.0115119      
416.884        0.599982       0.0115119      
417.245        0.599157       0.0105496      
417.607        0.599893       0.0105496      
417.968        0.600622       0.0105496      
418.329        0.597945       0.0107908      
418.691        0.598118       0.0107908      
419.052        0.599227       0.0102942      
419.413        0.598941       0.0102942      
419.774        0.595871       0.0102942      
420.135        0.59551        0.0105549      
420.497        0.593023       0.0105549      
420.858        0.593907       0.0105549      
421.219        0.595812       0.0111131      
421.58         0.600419       0.0111131      
421.941        0.60265        0.0111131      
422.302        0.60061        0.0114471      
422.662        0.598256       0.0114471      
423.023        0.597045       0.00989635     
423.384        0.597608       0.00989635     
423.745        0.598742       0.00989635     
424.106        0.594322       0.00994139     
424.466        0.594636       0.00994139     
424.827        0.595702       0.00994139     
425.187        0.598434       0.0105766      
425.548        0.599869       0.0105766      
425.909        0.598266       0.0105766      
426.269        0.593696       0.0101282      
426.63         0.590842       0.0101282      
426.99         0.591165       0.0101282      
427.35         0.595253       0.0103016      
427.711        0.596276       0.0103016      
428.071        0.593926       0.010376       
428.431        0.591328       0.010376       
428.792        0.588273       0.010376       
429.152        0.586873       0.0109179      
429.512        0.588217       0.0109179      
429.872        0.595112       0.0109179      
430.232        0.598935       0.0108752      
430.592        0.598821       0.0108752      
430.952        0.601437       0.0108752      
431.312        0.600321       0.00996706     
431.672        0.598323       0.00996706     
432.032        0.593031       0.0108871      
432.392        0.591869       0.0108871      
432.752        0.588368       0.0108871      
433.111        0.575329       0.0104754      
433.471        0.586901       0.0104754      
433.831        0.59721        0.0104754      
434.19         0.604953       0.0108046      
434.55         0.592673       0.0108046      
434.91         0.58795        0.0108046      
435.269        0.594259       0.00927379     
435.629        0.586276       0.00927379     
435.988        0.588692       0.00927379     
436.348        0.590256       0.00971625     
436.707        0.593858       0.00971625     
437.066        0.594841       0.0109197      
437.426        0.58857        0.0109197      
437.785        0.587523       0.0109197      
438.144        0.588239       0.0108808      
438.503        0.590741       0.0108808      
438.862        0.589866       0.0108808      
439.222        0.591518       0.0114225      
439.581        0.5911         0.0114225      
439.94         0.588526       0.0114225      
440.299        0.584095       0.0110958      
440.658        0.576896       0.0110958      
441.017        0.582053       0.00928463     
441.376        0.589362       0.00928463     
441.734        0.593874       0.00928463     
442.093        0.594623       0.00987585     
442.452        0.588128       0.00987585     
442.811        0.582402       0.00987585     
443.169        0.584792       0.0109939      
443.528        0.58846        0.0109939      
443.887        0.590361       0.0109939      
444.245        0.586595       0.0101906      
444.604        0.585089       0.0101906      
444.962        0.587266       0.0101906      
445.321        0.587705       0.00993742     
445.679        0.584068       0.00993742     
446.038        0.583658       0.0112231      
446.396        0.584711       0.0112231      
446.754        0.59033        0.0112231      
447.112        0.585702       0.0107632      
447.471        0.586332       0.0107632      
447.829        0.585411       0.0107632      
448.187        0.584617       0.0112076      
448.545        0.583056       0.0112076      
448.903        0.582107       0.0112076      
449.261        0.587409       0.0100298      
449.619        0.583891       0.0100298      
449.977        0.582855       0.0100298      
450.335        0.586087       0.0111786      
450.693        0.587445       0.0111786      
451.051        0.584835       0.0103035      
451.409        0.584394       0.0103035      
451.766        0.580675       0.0103035      
452.124        0.584692       0.00978807     
452.482        0.585745       0.00978807     
452.839        0.584891       0.00978807     
453.197        0.584447       0.0114623      
453.555        0.583822       0.0114623      
453.912        0.582852       0.0114623      
454.27         0.580604       0.0115614      
454.627        0.577184       0.0115614      
454.984        0.579672       0.0115614      
455.342        0.582141       0.0101961      
455.699        0.586111       0.0101961      
456.056        0.584576       0.010942       
456.414        0.580701       0.010942       
456.771        0.577621       0.010942       
457.128        0.579539       0.0109367      
457.485        0.580289       0.0109367      
457.842        0.581462       0.0109367      
458.199        0.583359       0.0105317      
458.556        0.58412        0.0105317      
458.913        0.580173       0.0105317      
459.27         0.581175       0.00971083     
459.627        0.582507       0.00971083     
459.984        0.585061       0.00971083     
460.341        0.579747       0.00997006     
460.697        0.578095       0.00997006     
461.054        0.582942       0.00954374     
461.411        0.590311       0.00954374     
461.767        0.587486       0.00954374     
462.124        0.583875       0.0105471      
462.481        0.577448       0.0105471      
462.837        0.573825       0.0105471      
463.194        0.574152       0.00994784     
463.55         0.576088       0.00994784     
463.907        0.580519       0.00994784     
464.263        0.575271       0.011211       
464.619        0.579271       0.011211       
464.976        0.576251       0.011211       
465.332        0.57844        0.0106468      
465.688        0.582202       0.0106468      
466.044        0.58857        0.0100784      
466.4          0.589654       0.0100784      
466.756        0.581542       0.0100784      
467.112        0.580312       0.0102729      
467.468        0.577568       0.0102729      
467.824        0.57956        0.0102729      
468.18         0.582267       0.0103387      
468.536        0.584943       0.0103387      
468.892        0.581946       0.0103387      
469.248        0.583111       0.0118982      
469.604        0.581131       0.0118982      
469.959        0.579742       0.0118982      
470.315        0.576511       0.0109567      
470.671        0.57772        0.0109567      
471.026        0.577794       0.0104665      
471.382        0.572929       0.0104665      
471.737        0.575006       0.0104665      
472.093        0.57459        0.0103104      
472.448        0.57662        0.0103104      
472.804        0.572401       0.0103104      
473.159        0.575882       0.0118128      
473.514        0.579684       0.0118128      
473.87         0.580467       0.0118128      
474.225        0.574527       0.010496       
474.58         0.570601       0.010496       
474.935        0.573464       0.010496       
475.29         0.579752       0.0102769      
475.645        0.583156       0.0102769      
476            0.577384       0.0113049      
476.355        0.575497       0.0113049      
476.71         0.578641       0.0113049      
477.065        0.577254       0.0105451      
477.42         0.569989       0.0105451      
477.775        0.570682       0.0105451      
478.13         0.579244       0.0106368      
478.485        0.581258       0.0106368      
478.839        0.575291       0.0106368      
479.194        0.571273       0.0110453      
479.549        0.569127       0.0110453      
479.903        0.574456       0.0110453      
480.258        0.577115       0.0111486      
480.612        0.58118        0.0111486      
480.967        0.571779       0.0111486      
481.321        0.569765       0.0107137      
481.675        0.577109       0.0107137      
482.03         0.581945       0.00998101     
482.384        0.582024       0.00998101     
482.738        0.573361       0.00998101     
483.093        0.572771       0.0104772      
483.447        0.571987       0.0104772      
483.801        0.570199       0.0104772      
484.155        0.567069       0.0100483      
484.509        0.573486       0.0100483      
484.863        0.551724       0.0100483      
485.217        0.711855       0.0102655      
490.168        0.576088       0.0101873      
490.522        0.570792       0.0101873      
490.875        0.574362       0.0101873      
491.228        0.574876       0.0101348      
491.581        0.577827       0.0101348      
491.935        0.573967       0.0101348      
492.288        0.574395       0.0112658      
492.641        0.575159       0.0112658      
492.994        0.574869       0.0112658      
493.347        0.575709       0.00943998     
493.7          0.572437       0.00943998     
494.053        0.57485        0.011005       
494.406        0.573984       0.011005       
494.759        0.580783       0.011005       
495.111        0.57977        0.0123129      
495.464        0.56493        0.0123129      
495.817        0.561649       0.0123129      
496.169        0.569498       0.00979063     
496.522        0.584948       0.00979063     
496.875        0.588082       0.00979063     
497.227        0.582735       0.0113202      
497.58         0.570623       0.0113202      
497.932        0.569247       0.0113202      
498.285        0.56715        0.00967497     
498.637        0.570977       0.00967497     
498.989        0.569944       0.00967497     
499.342        0.56999        0.0108985      
499.694        0.577089       0.0108985      
500.046        0.580921       0.0105147      
500.398        0.574197       0.0105147      
500.751        0.563954       0.0105147      
501.103        0.569509       0.00961517     
501.455        0.572263       0.00961517     
501.807        0.575938       0.00961517     
502.159        0.572139       0.0112774      
502.511        0.572791       0.0112774      
502.862        0.572366       0.0112774      
503.214        0.572152       0.0108495      
503.566        0.575857       0.0108495      
503.918        0.577567       0.0108495      
504.27         0.57338        0.0108129      
504.621        0.568784       0.0108129      
504.973        0.56944        0.0108129      
505.324        0.572144       0.0110171      
505.676        0.569123       0.0110171      
506.027        0.568027       0.0116193      
506.379        0.571229       0.0116193      
506.73         0.582658       0.0116193      
507.082        0.574547       0.0105005      
507.433        0.564705       0.0105005      
507.784        0.564696       0.0105005      
508.136        0.570587       0.0102976      
508.487        0.575137       0.0102976      
508.838        0.575148       0.0102976      
509.189        0.571888       0.0111852      
509.54         0.56767        0.0111852      
509.891        0.56495        0.0111852      
510.242        0.570834       0.0102767      
510.593        0.570814       0.0102767      
510.944        0.570299       0.0102767      
511.295        0.569876       0.0127683      
511.646        0.575322       0.0127683      
511.996        0.57174        0.0127683      
512.347        0.56631        0.0108419      
512.698        0.564069       0.0108419      
513.049        0.570355       0.0103442      
513.399        0.570294       0.0103442      
513.75         0.571685       0.0103442      
514.1          0.567994       0.0117371      
514.451        0.572406       0.0117371      
514.801        0.573561       0.0117371      
515.152        0.566659       0.0098401      
515.502        0.561246       0.0098401      
515.852        0.564262       0.0098401      
516.202        0.566399       0.0121214      
516.553        0.567977       0.0121214      
516.903        0.571023       0.0121214      
517.253        0.573841       0.0108667      
517.603        0.571889       0.0108667      
517.953        0.566612       0.0108667      
518.303        0.566636       0.011033       
518.653        0.561687       0.011033       
519.003        0.565796       0.0107841      
519.353        0.572943       0.0107841      
519.703        0.578537       0.0107841      
520.052        0.573095       0.0113092      
520.402        0.567866       0.0113092      
520.752        0.562782       0.0113092      
521.102        0.565991       0.0113793      
521.451        0.571363       0.0113793      
521.801        0.572357       0.0113793      
522.15         0.565589       0.0122783      
522.5          0.561794       0.0122783      
522.849        0.568309       0.0122783      
523.199        0.5693         0.0112245      
523.548        0.566541       0.0112245      
523.897        0.567859       0.0112245      
524.246        0.572014       0.0107375      
524.596        0.574718       0.0107375      
524.945        0.570193       0.0107375      
525.294        0.565397       0.0112341      
525.643        0.568084       0.0112341      
525.992        0.567301       0.0112341      
526.341        0.567085       0.0111908      
526.69         0.568843       0.0111908      
527.039        0.569666       0.00916861     
527.388        0.572586       0.00916861     
527.737        0.570934       0.00916861     
528.086        0.55877        0.0114947      
528.434        0.560021       0.0114947      
528.783        0.563621       0.0114947      
529.132        0.577769       0.0106345      
529.48         0.573928       0.0106345      
529.829        0.569452       0.0106345      
530.177        0.567144       0.0109748      
530.526        0.567319       0.0109748      
530.874        0.567601       0.0109748      
531.223        0.566036       0.0111916      
531.571        0.565674       0.0111916      
531.919        0.568719       0.0111916      
532.268        0.566808       0.0111167      
532.616        0.55956        0.0111167      
532.964        0.560365       0.0111167      
533.312        0.565691       0.0104394      
533.66         0.571678       0.0104394      
534.008        0.569918       0.0100667      
534.356        0.564954       0.0100667      
534.704        0.566706       0.0100667      
535.052        0.568975       0.0109608      
535.4          0.571577       0.0109608      
535.748        0.571008       0.0109608      
536.095        0.571301       0.00973602     
536.443        0.56972        0.00973602     
536.791        0.564106       0.00973602     
537.139        0.559448       0.0110046      
537.486        0.559668       0.0110046      
537.834        0.563659       0.0110046      
538.181        0.567685       0.0109807      
538.529        0.566511       0.0109807      
538.876        0.567917       0.0109807      
539.223        0.567985       0.0115753      
539.571        0.569696       0.0115753      
539.918        0.57005        0.0115753      
540.265        0.56329        0.0108978      
540.613        0.5603         0.0108978      
540.96         0.562177       0.0108978      
541.307        0.569989       0.0125684      
541.654        0.568101       0.0125684      
542.001        0.565204       0.0108609      
542.348        0.564798       0.0108609      
542.695        0.568472       0.0108609      
543.042        0.565225       0.0122338      
543.388        0.562691       0.0122338      
543.735        0.564099       0.0122338      
544.082        0.566152       0.00866599     
544.429        0.564661       0.00866599     
544.775        0.56662        0.00866599     
545.122        0.572845       0.0103075      
545.469        0.571824       0.0103075      
545.815        0.567071       0.0103075      
546.162        0.561369       0.0122897      
546.508        0.56202        0.0122897      
546.854        0.560627       0.0122897      
547.201        0.560487       0.011399       
547.547        0.558999       0.011399       
547.893        0.568215       0.011399       
548.24         0.574629       0.0121545      
548.586        0.576893       0.0121545      
548.932        0.571145       0.0121545      
549.278        0.562395       0.0117218      
549.624        0.560429       0.0117218      
549.97         0.56036        0.0117218      
550.316        0.56944        0.010981       
550.662        0.56972        0.010981       
551.008        0.567732       0.0118284      
551.353        0.554072       0.0118284      
551.699        0.553676       0.0118284      
552.045        0.565209       0.010704       
552.391        0.577593       0.010704       
552.736        0.573024       0.010704       
553.082        0.563941       0.0116699      
553.427        0.560292       0.0116699      
553.773        0.567292       0.0116699      
554.118        0.573168       0.0108049      
554.464        0.564142       0.0108049      
554.809        0.555966       0.0108049      
555.154        0.555053       0.0110469      
555.5          0.56564        0.0110469      
555.845        0.567468       0.0110469      
556.19         0.573444       0.0120033      
556.535        0.568948       0.0120033      
556.88         0.566438       0.0120033      
557.225        0.554884       0.01091        
557.57         0.562413       0.01091        
557.915        0.568198       0.01091        
558.26         0.569497       0.0102962      
558.605        0.565173       0.0102962      
558.95         0.560262       0.0102962      
559.295        0.560498       0.0116644      
559.639        0.552285       0.0116644      
559.984        0.560037       0.0116644      
560.329        0.558628       0.010584       
560.673        0.569673       0.010584       
561.018        0.56502        0.0106356      
561.362        0.570046       0.0106356      
561.707        0.56465        0.0106356      
562.051        0.562995       0.0108825      
562.395        0.556824       0.0108825      
562.74         0.558894       0.0108825      
563.084        0.558848       0.0114757      
563.428        0.56267        0.0114757      
563.772        0.560325       0.0114757      
564.117        0.565843       0.0109941      
564.461        0.562575       0.0109941      
564.805        0.564405       0.0109941      
565.149        0.564744       0.011818       
565.493        0.557881       0.011818       
565.836        0.564039       0.011818       
566.18         0.55531        0.0127593      
566.524        0.561721       0.0127593      
566.868        0.54935        0.0127593      
567.212        0.561294       0.0114761      
567.555        0.566659       0.0114761      
567.899        0.566484       0.0114761      
568.242        0.555585       0.0114381      
568.586        0.561063       0.0114381      
568.929        0.560869       0.0114381      
569.273        0.578463       0.012151       
569.616        0.612266       0.012151       
569.96         0.637286       0.012151       
601.008        0.600154       0.010124       
601.347        0.588964       0.010124       
601.686        0.57692        0.010124       
602.025        0.562015       0.0105076      
602.364        0.581043       0.0105076      
602.702        0.573756       0.0105076      
603.041        0.608936       0.0112079      
603.38         0.61405        0.0112079      
603.719        0.607503       0.0112079      
604.057        0.578796       0.0109587      
604.396        0.560963       0.0109587      
604.734        0.553677       0.0109587      
605.073        0.557115       0.0107722      
605.411        0.572874       0.0107722      
605.75         0.607253       0.0107722      
606.088        0.59547        0.0115677      
606.426        0.578976       0.0115677      
606.764        0.557265       0.0115677      
607.103        0.568654       0.0111993      
607.441        0.57551        0.0111993      
607.779        0.568014       0.0111993      
608.117        0.561287       0.0117752      
608.455        0.552626       0.0117752      
608.793        0.563829       0.0117752      
609.131        0.554483       0.0110206      
609.469        0.544912       0.0110206      
609.806        0.564557       0.0110206      
610.144        0.575495       0.0104172      
610.482        0.577571       0.0104172      
610.819        0.552669       0.0104172      
611.157        0.551425       0.0122447      
611.495        0.557379       0.0122447      
611.832        0.560993       0.0122447      
612.17         0.551834       0.0124101      
612.507        0.55286        0.0124101      
612.844        0.553017       0.0124101      
613.182        0.560354       0.0116901      
613.519        0.557169       0.0116901      
613.856        0.556125       0.0116901      
614.193        0.55813        0.0116654      
614.53         0.556824       0.0116654      
614.867        0.556258       0.0116654      
615.205        0.559385       0.0135738      
615.541        0.567617       0.0135738      
615.878        0.55761        0.0135738      
616.215        0.55381        0.0120709      
616.552        0.54078        0.0120709      
616.889        0.553224       0.0120709      
617.226        0.548819       0.0107673      
617.562        0.556853       0.0107673      
617.899        0.561766       0.0107673      
618.235        0.564104       0.0108612      
618.572        0.552284       0.0108612      
618.908        0.548235       0.0108612      
619.245        0.539466       0.0115682      
619.581        0.54835        0.0115682      
619.918        0.55615        0.0115682      
620.254        0.573718       0.0106179      
620.59         0.571081       0.0106179      
620.926        0.53804        0.0106179      
621.262        0.528719       0.0129593      
621.599        0.543339       0.0129593      
621.935        0.56139        0.0129593      
622.271        0.560307       0.0128268      
622.606        0.554467       0.0128268      
622.942        0.560092       0.0128268      
623.278        0.565652       0.012543       
623.614        0.561504       0.012543       
623.95         0.541863       0.012543       
624.285        0.554739       0.0104282      
624.621        0.561621       0.0104282      
624.957        0.564192       0.0104282      
625.292        0.550012       0.0116932      
625.628        0.550171       0.0116932      
625.963        0.553364       0.0116932      
626.299        0.548618       0.0117504      
626.634        0.544524       0.0117504      
626.969        0.551774       0.0117504      
627.304        0.55791        0.00997214     
627.64         0.567256       0.00997214     
627.975        0.55698        0.00997214     
628.31         0.538297       0.0106955      
628.645        0.538342       0.0106955      
628.98         0.550512       0.0106955      
629.315        0.566753       0.0125903      
629.65         0.557744       0.0125903      
629.985        0.552578       0.0125903      
630.319        0.551628       0.0116025      
630.654        0.559169       0.0116025      
630.989        0.549685       0.0116025      
631.323        0.548102       0.0117594      
631.658        0.554833       0.0117594      
631.993        0.560702       0.0117594      
632.327        0.557838       0.0101554      
632.662        0.548206       0.0101554      
632.996        0.551181       0.0101554      
633.33         0.551119       0.010831       
633.665        0.558313       0.010831       
633.999        0.561539       0.010831       
634.333        0.562945       0.0128713      
634.667        0.552192       0.0128713      
635.001        0.55369        0.0129133      
635.335        0.554272       0.0129133      
635.669        0.554792       0.0129133      
636.003        0.554628       0.0123156      
636.337        0.56459        0.0123156      
636.671        0.567985       0.0123156      
637.005        0.561712       0.0113976      
637.339        0.554758       0.0113976      
637.672        0.548564       0.0113976      
638.006        0.550101       0.0113152      
638.339        0.556285       0.0113152      
638.673        0.563344       0.0113152      
639.006        0.567508       0.0115723      
639.34         0.562837       0.0115723      
639.673        0.555327       0.0115723      
640.007        0.558468       0.0112039      
640.34         0.553884       0.0112039      
640.673        0.561478       0.0112039      
641.006        0.560507       0.0116084      
641.34         0.559781       0.0116084      
641.673        0.558338       0.0116084      
642.006        0.561486       0.0116226      
642.339        0.562851       0.0116226      
642.672        0.554781       0.0116226      
643.004        0.560494       0.0107992      
643.337        0.567856       0.0107992      
643.67         0.567422       0.0107992      
644.003        0.567211       0.0118923      
644.336        0.558455       0.0118923      
644.668        0.559846       0.0118923      
645.001        0.56348        0.013099       
645.333        0.56394        0.013099       
645.666        0.56487        0.013099       
645.998        0.566412       0.013099       
646.331        0.562906       0.0106128      
646.663        0.562341       0.0106128      
646.995        0.561147       0.0106128      
647.327        0.556897       0.0111843      
647.66         0.552271       0.0111843      
647.992        0.559212       0.0111843      
648.324        0.570578       0.011938       
648.656        0.567425       0.011938       
648.988        0.56651        0.011938       
649.32         0.566778       0.0108127      
649.652        0.569586       0.0108127      
649.983        0.555613       0.0108127      
650.315        0.548251       0.0121135      
650.647        0.548966       0.0121135      
650.979        0.548681       0.0121135      
651.31         0.550908       0.0120195      
651.642        0.559594       0.0120195      
651.973        0.55956        0.0120195      
652.305        0.564949       0.0121757      
652.636        0.560488       0.0121757      
652.967        0.558544       0.0121757      
653.299        0.55842        0.0122788      
653.63         0.551069       0.0122788      
653.961        0.543941       0.0122788      
660.244        0.542324       0.0105559      
660.575        0.549313       0.0105559      
660.905        0.554626       0.0105559      
661.235        0.560388       0.0126491      
661.565        0.562181       0.0126491      
661.895        0.564497       0.0126491      
662.225        0.572708       0.0119298      
662.555        0.575407       0.0119298      
662.884        0.573774       0.0119298      
663.214        0.569763       0.0134188      
663.544        0.569122       0.0134188      
663.873        0.573755       0.0134188      
664.203        0.575884       0.0111498      
664.533        0.574022       0.0111498      
664.862        0.56868        0.0111498      
665.192        0.577254       0.0125726      
665.521        0.579264       0.0125726      
665.85         0.58186        0.0125726      
666.18         0.574047       0.011852       
666.509        0.568213       0.011852       
666.838        0.560811       0.011852       
667.167        0.567075       0.0114798      
667.496        0.572691       0.0114798      
667.825        0.57771        0.0114798      
668.154        0.574894       0.0102247      
668.483        0.576109       0.0102247      
668.812        0.572034       0.0102247      
669.141        0.575662       0.0117296      
669.47         0.576087       0.0117296      
669.798        0.573593       0.0117296      
670.127        0.57681        0.0119006      
670.456        0.582527       0.0119006      
670.784        0.569621       0.0119006      
671.113        0.552839       0.0103816      
671.441        0.562172       0.0103816      
671.77         0.567888       0.0103816      
672.098        0.577515       0.0130576      
672.426        0.575281       0.0130576      
672.755        0.580537       0.0130576      
673.083        0.561843       0.0118251      
673.411        0.545901       0.0118251      
673.739        0.545791       0.0118251      
674.067        0.555935       0.0118188      
674.395        0.567842       0.0118188      
674.723        0.559229       0.0118188      
675.051        0.55895        0.010938       
675.379        0.564126       0.010938       
675.706        0.57587        0.010938       
676.034        0.575189       0.0113499      
676.362        0.575731       0.0113499      
676.689        0.575192       0.0113499      
677.017        0.558339       0.011515       
677.344        0.554059       0.011515       
677.672        0.566782       0.011515       
677.999        0.573761       0.011515       
678.327        0.574042       0.0124776      
678.654        0.564471       0.0124776      
678.981        0.559179       0.0124776      
679.308        0.560182       0.0117351      
679.636        0.566362       0.0117351      
679.963        0.57138        0.0117351      
680.29         0.565696       0.0132324      
680.617        0.556706       0.0132324      
680.944        0.548822       0.0132324      
681.271        0.55427        0.0120958      
681.597        0.566568       0.0120958      
681.924        0.572785       0.0120958      
682.251        0.564211       0.0116921      
682.578        0.553516       0.0116921      
682.904        0.546595       0.0116921      
683.231        0.549596       0.0122724      
683.557        0.558717       0.0122724      
683.884        0.566317       0.0122724      
684.21         0.560035       0.0104056      
684.536        0.563406       0.0104056      
684.863        0.562104       0.0104056      
685.189        0.563534       0.0124254      
685.515        0.567823       0.0124254      
685.841        0.565864       0.0124254      
686.167        0.559541       0.0124481      
686.493        0.546541       0.0124481      
686.819        0.546134       0.0124481      
687.145        0.554404       0.0113569      
687.471        0.563087       0.0113569      
687.797        0.563547       0.0113569      
688.123        0.55282        0.00953451     
688.448        0.549732       0.00953451     
688.774        0.552101       0.00953451     
689.1          0.554231       0.0125888      
689.425        0.564685       0.0125888      
689.751        0.573204       0.0125888      
690.076        0.566512       0.0127252      
690.402        0.551962       0.0127252      
690.727        0.55575        0.0127252      
691.052        0.565902       0.0114907      
691.377        0.574487       0.0114907      
691.703        0.572506       0.0114907      
692.028        0.561584       0.011759       
692.353        0.561202       0.011759       
692.678        0.553676       0.011759       
693.003        0.564698       0.0125141      
693.328        0.564058       0.0125141      
693.652        0.575288       0.0125141      
693.977        0.55788        0.0125141      
694.302        0.548254       0.012006       
694.627        0.546773       0.012006       
694.951        0.560475       0.012006       
695.276        0.575853       0.0112502      
695.6          0.577774       0.0112502      
695.925        0.5663         0.0112502      
696.249        0.541632       0.0126447      
696.574        0.541102       0.0126447      
696.898        0.562155       0.0126447      
697.222        0.581949       0.0132003      
697.546        0.579759       0.0132003      
697.871        0.564306       0.0132003      
698.195        0.56005        0.0108742      
698.519        0.556095       0.0108742      
698.843        0.55537        0.0108742      
699.167        0.553998       0.0126208      
699.491        0.560968       0.0126208      
699.814        0.56365        0.0126208      
700.138        0.556177       0.0112187      
700.462        0.562219       0.0112187      
700.786        0.566779       0.0112187      
701.109        0.566978       0.0135268      
701.433        0.56108        0.0135268      
701.756        0.566563       0.0135268      
702.08         0.568177       0.0105849      
702.403        0.576548       0.0105849      
702.726        0.578121       0.0105849      
703.05         0.579045       0.0112615      
703.373        0.568154       0.0112615      
703.696        0.565674       0.0112615      
704.019        0.561845       0.00989962     
704.342        0.570157       0.00989962     
704.665        0.572591       0.00989962     
704.988        0.57368        0.00989962     
705.311        0.566938       0.011517       
705.634        0.568198       0.011517       
705.957        0.557665       0.011517       
706.28         0.563423       0.010896       
706.602        0.568476       0.010896       
706.925        0.576959       0.010896       
707.247        0.579092       0.0119599      
707.57         0.573095       0.0119599      
707.892        0.5673         0.0119599      
708.215        0.559746       0.012042       
708.537        0.561024       0.012042       
708.859        0.558497       0.012042       
709.182        0.553598       0.0116797      
709.504        0.553011       0.0116797      
709.826        0.553797       0.0116797      
710.148        0.563037       0.0115423      
710.47         0.567205       0.0115423      
710.792        0.573949       0.0115423      
711.114        0.573738       0.0116655      
711.436        0.570143       0.0116655      
711.758        0.568376       0.0116655      
712.079        0.560788       0.0129516      
712.401        0.56196        0.0129516      
712.723        0.562476       0.0129516      
713.044        0.565993       0.0126145      
713.366        0.561947       0.0126145      
713.687        0.570269       0.0126145      
714.009        0.572986       0.0123893      
714.33         0.572644       0.0123893      
714.652        0.56759        0.0123893      
714.973        0.559428       0.0123893      
715.294        0.569114       0.00996202     
715.615        0.568425       0.00996202     
715.936        0.562634       0.00996202     
716.257        0.557374       0.0120394      
716.578        0.559404       0.0120394      
716.899        0.56081        0.0120394      
717.22         0.565933       0.0127116      
717.541        0.563285       0.0127116      
717.862        0.573384       0.0127116      
718.182        0.583014       0.0115826      
718.503        0.583115       0.0115826      
718.824        0.568146       0.0115826      
719.144        0.570317       0.0125763      
719.465        0.579671       0.0125763      
719.785        0.57239        0.0125763      
720.105        0.567246       0.0115667      
720.426        0.565506       0.0115667      
720.746        0.569175       0.0115667      
721.066        0.573258       0.0111961      
721.386        0.572826       0.0111961      
721.706        0.56877        0.0111961      
722.026        0.571971       0.0120886      
722.346        0.570461       0.0120886      
722.666        0.568291       0.0120886      
722.986        0.569006       0.0120886      
723.306        0.564012       0.013163       
723.626        0.57299        0.013163       
723.946        0.575402       0.013163       
724.265        0.573923       0.0125507      
724.585        0.558896       0.0125507      
724.904        0.567242       0.0125507      
725.224        0.57475        0.0135362      
725.543        0.576597       0.0135362      
725.863        0.571541       0.0135362      
726.182        0.570504       0.0119677      
726.501        0.571574       0.0119677      
726.82         0.569673       0.0119677      
727.14         0.56317        0.0133273      
727.459        0.554078       0.0133273      
727.778        0.555892       0.0133273      
728.097        0.567319       0.0119764      
728.416        0.56871        0.0119764      
728.734        0.573668       0.0119764      
729.053        0.560001       0.0116215      
729.372        0.56686        0.0116215      
729.691        0.570675       0.0116215      
730.009        0.562976       0.0121586      
730.328        0.551284       0.0121586      
730.647        0.561058       0.0121586      
730.965        0.562564       0.0121586      
731.283        0.567937       0.013816       
731.602        0.55997        0.013816       
731.92         0.553949       0.013816       
732.238        0.547028       0.0124983      
732.557        0.553799       0.0124983      
732.875        0.553228       0.0124983      
733.193        0.554503       0.0121952      
733.511        0.54386        0.0121952      
733.829        0.557001       0.0121952      
734.147        0.565149       0.0123775      
734.465        0.564343       0.0123775      
734.782        0.553437       0.0123775      
735.1          0.545225       0.0109744      
735.418        0.545849       0.0109744      
735.735        0.550442       0.0109744      
736.053        0.551302       0.0119286      
736.371        0.547757       0.0119286      
736.688        0.556233       0.0119286      
737.005        0.559103       0.0112263      
737.323        0.56064        0.0112263      
737.64         0.553836       0.0112263      
737.957        0.545089       0.0112263      
738.274        0.540693       0.0124837      
738.592        0.540873       0.0124837      
738.909        0.554668       0.0124837      
739.226        0.56566        0.0121871      
739.543        0.567874       0.0121871      
739.86         0.560676       0.0121871      
740.176        0.550156       0.0119153      
740.493        0.550131       0.0119153      
740.81         0.558109       0.0119153      
741.127        0.549292       0.011903       
741.443        0.546938       0.011903       
741.76         0.54846        0.011903       
742.076        0.56097        0.0120346      
742.393        0.570972       0.0120346      
742.709        0.573345       0.0120346      
743.025        0.575078       0.0128747      
743.342        0.563027       0.0128747      
743.658        0.56758        0.0128747      
743.974        0.566005       0.0128747      
744.29         0.567843       0.0120897      
744.606        0.572825       0.0120897      
744.922        0.56963        0.0120897      
745.238        0.563477       0.0105303      
745.554        0.55989        0.0105303      
745.87         0.569661       0.0105303      
746.186        0.562017       0.0115443      
746.501        0.557119       0.0115443      
746.817        0.555343       0.0115443      
747.132        0.568491       0.0120291      
747.448        0.569383       0.0120291      
747.763        0.560917       0.0120291      
748.079        0.549765       0.0125933      
748.394        0.544464       0.0125933      
748.71         0.543985       0.0125933      
749.025        0.554449       0.0105404      
749.34         0.553191       0.0105404      
749.655        0.554708       0.0105404      
749.97         0.558844       0.0105404      
750.285        0.55854        0.0116399      
750.6          0.547383       0.0116399      
750.915        0.538761       0.0116399      
751.23         0.536785       0.011884       
751.545        0.541846       0.011884       
751.859        0.543358       0.011884       
752.174        0.539329       0.0104958      
752.489        0.531144       0.0104958      
752.803        0.522487       0.0104958      
753.118        0.531971       0.0115589      
753.432        0.548163       0.0115589      
753.747        0.550763       0.0115589      
754.061        0.540078       0.012018       
754.375        0.531277       0.012018       
754.689        0.532582       0.012018       
755.004        0.536151       0.011223       
755.318        0.53838        0.011223       
755.632        0.535308       0.011223       
755.946        0.534648       0.011223       
756.26         0.534887       0.0112052      
756.573        0.532061       0.0112052      
756.887        0.528477       0.0112052      
757.201        0.532506       0.0134052      
757.515        0.532763       0.0134052      
757.828        0.536715       0.0134052      
758.142        0.526576       0.0131839      
758.455        0.508178       0.0131839      
758.769        0.502751       0.0131839      
759.082        0.513108       0.0118896      
759.396        0.521734       0.0118896      
759.709        0.521749       0.0118896      
760.022        0.521966       0.0123337      
760.335        0.522286       0.0123337      
760.648        0.524925       0.0123337      
760.962        0.523684       0.0123337      
761.275        0.518088       0.0121054      
761.587        0.507235       0.0121054      
761.9          0.498317       0.0121054      
762.213        0.502439       0.0114714      
762.526        0.508919       0.0114714      
762.839        0.513326       0.0114714      
763.151        0.522676       0.0127289      
763.464        0.523386       0.0127289      
763.776        0.520359       0.0127289      
764.089        0.520219       0.0114488      
764.401        0.531756       0.0114488      
764.714        0.534353       0.0114488      
765.026        0.529325       0.0123852      
765.338        0.523533       0.0123852      
765.65         0.51054        0.0123852      
765.962        0.510748       0.0123852      
766.275        0.496675       0.0125233      
766.587        0.498724       0.0125233      
766.898        0.499302       0.0125233      
767.21         0.501436       0.0109685      
767.522        0.50471        0.0109685      
767.834        0.51879        0.0109685      
768.146        0.524822       0.013427       
768.457        0.537187       0.013427       
768.769        0.53719        0.013427       
769.08         0.532717       0.0123084      
769.392        0.518752       0.0123084      
769.703        0.512224       0.0123084      
770.015        0.512885       0.0107265      
770.326        0.516486       0.0107265      
770.637        0.52323        0.0107265      
770.948        0.523039       0.0107265      
771.26         0.525068       0.0124941      
771.571        0.515997       0.0124941      
771.882        0.500205       0.0124941      
772.193        0.505647       0.0111064      
772.504        0.515389       0.0111064      
772.814        0.518506       0.0111064      
773.125        0.522752       0.0118623      
773.436        0.51626        0.0118623      
773.747        0.521241       0.0118623      
774.057        0.517384       0.0122127      
774.368        0.519845       0.0122127      
774.678        0.5157         0.0122127      
774.989        0.526236       0.0122127      
775.299        0.527245       0.0121607      
775.609        0.526802       0.0121607      
775.919        0.530903       0.0121607      
776.23         0.535594       0.0117658      
776.54         0.534231       0.0117658      
776.85         0.537284       0.0117658      
777.16         0.541236       0.010645       
777.47         0.538849       0.010645       
777.78         0.530877       0.010645       
778.089        0.535429       0.0114981      
778.399        0.531995       0.0114981      
778.709        0.533045       0.0114981      
779.019        0.535226       0.0108206      
779.328        0.530489       0.0108206      
779.638        0.525098       0.0108206      
779.947        0.515286       0.0108206      
780.257        0.509478       0.0106763      
780.566        0.512676       0.0106763      
780.875        0.52105        0.0106763      
781.185        0.531102       0.0126755      
781.494        0.525719       0.0126755      
781.803        0.513455       0.0126755      
782.112        0.507359       0.0131039      
782.421        0.512239       0.0131039      
782.73         0.507929       0.0131039      
783.039        0.509247       0.0122811      
783.348        0.518567       0.0122811      
783.656        0.519406       0.0122811      
783.965        0.514637       0.0122811      
784.274        0.500577       0.0140927      
784.582        0.49596        0.0140927      
784.891        0.511467       0.0140927      
785.199        0.514526       0.0130087      
785.508        0.524712       0.0130087      
785.816        0.522603       0.0130087      
786.124        0.514691       0.0102074      
786.432        0.518525       0.0102074      
786.741        0.507728       0.0102074      
787.049        0.519001       0.0120401      
787.357        0.518847       0.0120401      
787.665        0.522963       0.0120401      
787.973        0.514124       0.0120401      
788.281        0.510439       0.0110295      
788.588        0.512379       0.0110295      
788.896        0.513499       0.0110295      
789.204        0.50977        0.0129761      
789.511        0.502511       0.0129761      
789.819        0.500912       0.0129761      
790.126        0.507498       0.012573       
790.434        0.511784       0.012573       
790.741        0.515501       0.012573       
791.049        0.518326       0.011552       
791.356        0.527792       0.011552       
791.663        0.528752       0.011552       
791.97         0.530716       0.011552       
792.277        0.534139       0.0121699      
792.584        0.535623       0.0121699      
792.891        0.521905       0.0121699      
793.198        0.513686       0.0129461      
793.505        0.515969       0.0129461      
793.812        0.525911       0.0129461      
794.119        0.526151       0.0109811      
794.425        0.515648       0.0109811      
794.732        0.508057       0.0109811      
795.038        0.505025       0.0121308      
795.345        0.50092        0.0121308      
795.651        0.494143       0.0121308      
795.958        0.495557       0.0121308      
796.264        0.491743       0.0118279      
796.57         0.493126       0.0118279      
796.876        0.505322       0.0118279      
797.183        0.524786       0.0126047      
797.489        0.528377       0.0126047      
797.795        0.532906       0.0126047      
798.101        0.526338       0.0115357      
798.406        0.527201       0.0115357      
798.712        0.528934       0.0115357      
799.018        0.534972       0.0114834      
799.324        0.537273       0.0114834      
799.629        0.530036       0.0114834      
799.935        0.532584       0.0114834      
800.24         0.528215       0.0108224      
800.546        0.528559       0.0108224      
800.851        0.538706       0.0108224      
801.157        0.540361       0.0118851      
801.462        0.553534       0.0118851      
801.767        0.549315       0.0118851      
802.072        0.541973       0.0121317      
802.377        0.540525       0.0121317      
802.682        0.537663       0.0121317      
802.987        0.536257       0.0121317      
803.292        0.555329       0.0131762      
803.597        0.541693       0.0131762      
803.902        0.547461       0.0131762      
804.207        0.544283       0.0106141      
804.511        0.547906       0.0106141      
804.816        0.549032       0.0106141      
805.12         0.538212       0.0125341      
805.425        0.51842        0.0125341      
805.729        0.51486        0.0125341      
806.034        0.521999       0.0121835      
806.338        0.52789        0.0121835      
806.642        0.522962       0.0121835      
806.946        0.516096       0.0121835      
807.251        0.511641       0.013236       
807.555        0.514384       0.013236       
807.859        0.51023        0.013236       
808.162        0.503758       0.011951       
808.466        0.516187       0.011951       
808.77         0.51653        0.011951       
809.074        0.513455       0.0119772      
809.378        0.513621       0.0119772      
809.681        0.520648       0.0119772      
809.985        0.525114       0.0119772      
810.288        0.533363       0.0105714      
810.592        0.536882       0.0105714      
810.895        0.53353        0.0105714      
811.198        0.533656       0.012416       
811.502        0.545802       0.012416       
811.805        0.552292       0.012416       
812.108        0.556539       0.0125957      
812.411        0.565362       0.0125957      
812.714        0.54832        0.0125957      
813.017        0.538075       0.0118591      
813.32         0.540565       0.0118591      
813.623        0.53751        0.0118591      
813.926        0.538595       0.0118591      
814.228        0.5434         0.0128088      
814.531        0.53732        0.0128088      
814.833        0.537619       0.0128088      
815.136        0.544757       0.0106563      
815.438        0.550308       0.0106563      
815.741        0.561138       0.0106563      
816.043        0.562954       0.0126637      
816.345        0.541928       0.0126637      
816.648        0.554734       0.0126637      
816.95         0.55364        0.0126637      
817.252        0.560647       0.0129675      
817.554        0.558402       0.0129675      
817.856        0.574817       0.0129675      
818.158        0.570032       0.0112952      
818.46         0.578205       0.0112952      
818.761        0.587263       0.0112952      
819.063        0.583488       0.0116246      
819.365        0.593609       0.0116246      
819.666        0.57912        0.0116246      
819.968        0.563811       0.0116246      
820.269        0.546136       0.0101856      
820.571        0.54925        0.0101856      
820.872        0.548151       0.0101856      
821.173        0.555109       0.0127416      
821.475        0.549041       0.0127416      
821.776        0.562969       0.0127416      
822.077        0.562087       0.0125494      
822.378        0.579465       0.0125494      
822.679        0.573148       0.0125494      
822.98         0.566571       0.0125494      
823.281        0.572982       0.0127211      
823.581        0.582433       0.0127211      
823.882        0.575759       0.0127211      
824.183        0.58464        0.0119375      
824.483        0.57804        0.0119375      
824.784        0.593089       0.0119375      
825.084        0.584478       0.0115592      
825.385        0.570463       0.0115592      
825.685        0.575352       0.0115592      
825.985        0.572583       0.0115592      
826.286        0.582461       0.0133578      
826.586        0.576283       0.0133578      
826.886        0.561521       0.0133578      
827.186        0.561326       0.0106786      
827.486        0.577164       0.0106786      
827.786        0.558699       0.0106786      
828.086        0.575718       0.0120888      
828.386        0.57516        0.0120888      
828.685        0.577239       0.0120888      
828.985        0.576548       0.0120888      
829.285        0.572801       0.0117626      
829.584        0.587399       0.0117626      
829.884        0.589547       0.0117626      
830.183        0.60885        0.0116375      
830.482        0.612189       0.0116375      
830.782        0.633363       0.0116375      
831.081        0.636832       0.0114779      
831.38         0.658312       0.0114779      
831.679        0.666951       0.0114779      
831.978        0.666674       0.0114779      
832.277        0.645456       0.0143443      
832.576        0.658205       0.0143443      
832.875        0.650457       0.0143443      
833.174        0.643493       0.000103718    
833.472        0.637002       0.000103718    
833.771        0.636547       0.000103718    
834.07         0.631619       0.000103718    
834.368        0.604536       0.000103718    
834.667        0.608776       0.000103718    
834.965        0.612057       0.000103718    
835.263        0.619427       0.000103718    
835.562        0.613536       0.000103718    
835.86         0.622123       0.000103718    
836.158        0.636397       0.0141625      
836.456        0.641275       0.0141625      
836.754        0.665735       0.0141625      
837.052        0.67924        0.016074       
837.35         0.703637       0.016074       
837.648        0.699649       0.016074       
837.946        0.721878       0.016074       
838.243        0.691596       0.0147641      
838.541        0.710013       0.0147641      
838.839        0.713423       0.0147641      
839.136        0.696636       0.0133798      
839.434        0.686742       0.0133798      
839.731        0.665281       0.0133798      
840.028        0.676267       0.0132765      
840.326        0.685714       0.0132765      
840.623        0.674634       0.0132765      
840.92         0.699453       0.0132765      
841.217        0.710364       0.0121683      
841.514        0.69676        0.0121683      
841.811        0.723032       0.0121683      
842.108        0.724235       0.0121818      
842.405        0.732871       0.0121818      
842.701        0.731858       0.0121818      
842.998        0.740615       0.0121818      
843.295        0.744513       0.0117747      
843.591        0.749261       0.0117747      
843.888        0.736427       0.0117747      
844.184        0.736651       0.0118749      
844.481        0.754057       0.0118749      
844.777        0.767858       0.0118749      
845.073        0.751814       0.0123832      
845.369        0.747612       0.0123832      
845.665        0.755853       0.0123832      
845.962        0.719705       0.0123832      
846.258        0.737348       0.0128236      
846.553        0.775555       0.0128236      
846.849        0.774421       0.0128236      
847.145        0.758747       0.0123766      
847.441        0.771867       0.0123766      
847.737        0.734346       0.0123766      
848.032        0.715595       0.0124414      
848.328        0.719869       0.0124414      
848.623        0.755749       0.0124414      
848.919        0.766547       0.0124414      
849.214        0.762493       0.0120848      
849.509        0.7819         0.0120848      
849.805        0.779495       0.0120848      
850.1          0.764383       0.0121786      
850.395        0.771976       0.0121786      
850.69         0.771675       0.0121786      
850.985        0.792645       0.0121786      
851.28         0.789318       0.0119652      
851.575        0.810031       0.0119652      
851.869        0.780194       0.0119652      
852.164        0.814035       0.0126025      
852.459        0.755266       0.0126025      
852.753        0.702449       0.0126025      
853.048        0.661947       0.0129265      
853.342        0.65169        0.0129265      
853.637        0.607092       0.0129265      
853.931        0.605168       0.0129265      
854.225        0.597223       0.0121696      
854.52         0.587324       0.0121696      
854.814        0.619455       0.0121696      
855.108        0.603619       0.012767       
855.402        0.601177       0.012767       
855.696        0.604601       0.012767       
855.99         0.632214       0.012767       
856.283        0.640498       0.0135429      
856.577        0.633803       0.0135429      
856.871        0.655838       0.0135429      
857.164        0.655465       0.011811       
857.458        0.691424       0.011811       
857.751        0.704561       0.011811       
858.045        0.70268        0.0115158      
858.338        0.708763       0.0115158      
858.632        0.731509       0.0115158      
858.925        0.708597       0.0115158      
859.218        0.741748       0.0123894      
859.511        0.753336       0.0123894      
859.804        0.756571       0.0123894      
860.097        0.733499       0.0127574      
860.39         0.747594       0.0127574      
860.683        0.760482       0.0127574      
860.976        0.772488       0.0127574      
861.268        0.78642        0.0139137      
861.561        0.780937       0.0139137      
861.854        0.797488       0.0139137      
862.146        0.800815       0.0122407      
862.439        0.773743       0.0122407      
862.731        0.783461       0.0122407      
863.023        0.80965        0.0125627      
863.316        0.782342       0.0125627      
863.608        0.78143        0.0125627      
863.9          0.793927       0.0125627      
864.192        0.768942       0.0118619      
864.484        0.769485       0.0118619      
864.776        0.767021       0.0118619      
865.068        0.773451       0.0125956      
865.36         0.809937       0.0125956      
865.651        0.803664       0.0125956      
865.943        0.794681       0.0125956      
866.235        0.797341       0.0132396      
866.526        0.814398       0.0132396      
866.818        0.861078       0.0132396      
867.109        0.833134       0.0121818      
867.4          0.835776       0.0121818      
867.692        0.815006       0.0121818      
867.983        0.788224       0.0121818      
868.274        0.86345        0.0129707      
868.565        0.790168       0.0129707      
868.856        0.81113        0.0129707      
869.147        0.812965       0.0123735      
869.438        0.818015       0.0123735      
869.729        0.820342       0.0123735      
870.02         0.814007       0.0117501      
870.31         0.867          0.0117501      
870.601        0.860456       0.0117501      
870.892        0.840695       0.0117501      
871.182        0.853885       0.0142365      
871.473        0.848309       0.0142365      
871.763        0.798089       0.0142365      
872.053        0.791329       0.0124489      
872.343        0.809459       0.0124489      
872.634        0.8096         0.0124489      
872.924        0.816433       0.0124489      
873.214        0.816656       0.0117756      
873.504        0.846788       0.0117756      
873.794        0.840776       0.0117756      
874.084        0.839773       0.0123962      
874.373        0.837966       0.0123962      
874.663        0.847976       0.0123962      
874.953        0.866035       0.0123962      
875.242        0.85889        0.013275       
875.532        0.845376       0.013275       
875.821        0.858027       0.013275       
876.111        0.855013       0.012155       
876.4          0.823209       0.012155       
876.689        0.805831       0.012155       
876.978        0.838036       0.012155       
877.268        0.794324       0.0128836      
877.557        0.818446       0.0128836      
877.846        0.859971       0.0128836      
878.134        0.849618       0.0103438      
878.423        0.849774       0.0103438      
878.712        0.849931       0.0103438      
