178.41         0.648308       0.00816477     
178.791        0.648308       0.00816477     
179.172        0.648308       0.00829057     
179.553        0.719034       0.00829057     
179.934        0.903922       0.00829057     
180.316        0.744989       0.00794473     
180.697        0.878036       0.00794473     
181.078        0.74592        0.0085595      
181.459        0.916855       0.0085595      
181.84         0.918103       0.0085595      
182.221        0.979616       0.00818522     
182.602        1.06979        0.00818522     
182.983        0.669467       0.00818522     
183.364        0.069405       0.00841358     
183.744        0.969471       0.00841358     
184.125        0.879085       0.00741142     
184.506        0.845793       0.00741142     
184.887        0.771638       0.00741142     
185.268        0.833458       0.00721272     
185.648        0.828015       0.00721272     
186.029        0.845881       0.00780599     
186.41         0.875989       0.00780599     
186.791        0.836428       0.00780599     
187.171        0.836686       0.00748238     
187.552        0.738579       0.00748238     
187.932        0.783312       0.00748238     
188.313        0.756554       0.00791117     
188.694        0.75567        0.00791117     
189.074        0.776592       0.00768725     
189.455        0.778892       0.00768725     
189.835        0.756469       0.00768725     
190.216        0.776046       0.00781944     
190.596        0.781975       0.00781944     
190.977        0.762524       0.00781944     
191.357        0.771118       0.00838729     
191.737        0.797853       0.00838729     
192.118        0.775757       0.00706001     
192.498        0.766986       0.00706001     
192.878        0.773529       0.00706001     
193.258        0.764262       0.00750722     
193.639        0.775986       0.00750722     
194.019        0.776954       0.00719847     
194.399        0.7673         0.00719847     
194.779        0.762123       0.00719847     
195.159        0.765943       0.0081525      
195.54         0.773727       0.0081525      
195.92         0.77139        0.0081525      
196.3          0.759339       0.0080613      
196.68         0.770164       0.0080613      
197.06         0.757398       0.00599551     
197.44         0.758185       0.00599551     
197.82         0.749441       0.00599551     
198.2          0.752931       0.00716889     
198.58         0.746646       0.00716889     
198.959        0.761797       0.00716889     
199.339        0.743717       0.00745896     
199.719        0.754699       0.00745896     
200.099        0.756266       0.00679351     
200.479        0.746568       0.00679351     
200.858        0.740388       0.00679351     
201.238        0.735773       0.00745509     
201.618        0.736533       0.00745509     
201.998        0.737967       0.00745509     
202.377        0.733124       0.00613265     
202.757        0.724165       0.00613265     
203.136        0.733282       0.00832855     
203.516        0.717566       0.00832855     
203.896        0.715669       0.00832855     
204.275        0.714789       0.00709547     
204.655        0.708284       0.00709547     
205.034        0.711515       0.00658993     
205.414        0.700078       0.00658993     
205.793        0.712808       0.00658993     
206.172        0.705032       0.00711867     
206.552        0.699855       0.00711867     
206.931        0.703206       0.00711867     
207.31         0.689383       0.00633263     
207.69         0.690618       0.00633263     
208.069        0.693051       0.00820041     
208.448        0.68784        0.00820041     
208.827        0.692927       0.00820041     
209.207        0.687252       0.00671152     
209.586        0.681651       0.00671152     
209.965        0.681095       0.00671152     
210.344        0.681262       0.00716964     
210.723        0.678551       0.00716964     
211.102        0.676465       0.00709295     
211.481        0.670077       0.00709295     
211.86         0.673949       0.00709295     
212.239        0.672214       0.00741466     
212.618        0.669448       0.00741466     
212.997        0.661744       0.00741466     
213.376        0.667805       0.00731776     
213.755        0.6678         0.00731776     
214.134        0.661143       0.00569941     
214.513        0.657329       0.00569941     
214.891        0.657792       0.00569941     
215.27         0.657737       0.00736056     
215.649        0.65472        0.00736056     
216.028        0.65561        0.00682753     
216.406        0.655489       0.00682753     
216.785        0.658167       0.00682753     
217.164        0.652856       0.00639409     
217.542        0.652797       0.00639409     
217.921        0.650427       0.00639409     
218.3          0.650387       0.00655819     
218.678        0.649034       0.00655819     
219.057        0.647372       0.00696085     
219.435        0.647397       0.00696085     
219.814        0.650643       0.00696085     
220.192        0.649645       0.00633908     
220.57         0.649737       0.00633908     
220.949        0.650852       0.00633908     
221.327        0.645281       0.00710744     
221.705        0.647251       0.00710744     
222.084        0.648619       0.00592142     
222.462        0.648489       0.00592142     
222.84         0.644491       0.00592142     
223.218        0.650369       0.00582685     
223.597        0.650918       0.00582685     
223.975        0.651838       0.00582685     
224.353        0.649691       0.00678945     
224.731        0.649787       0.00678945     
225.109        0.656401       0.00627976     
225.487        0.653804       0.00627976     
225.865        0.65708        0.00627976     
226.243        0.657141       0.00636701     
226.621        0.660188       0.00636701     
226.999        0.659895       0.00636701     
227.377        0.66347        0.00694422     
227.755        0.667591       0.00694422     
228.133        0.665413       0.00594952     
228.511        0.667974       0.00594952     
228.889        0.670723       0.00594952     
229.266        0.670806       0.00575987     
229.644        0.673478       0.00575987     
230.022        0.676569       0.00609329     
230.4          0.67945        0.00609329     
230.777        0.680532       0.00609329     
231.155        0.681921       0.00660889     
231.533        0.683322       0.00660889     
231.91         0.685865       0.00660889     
232.288        0.68814        0.0052838      
232.665        0.689779       0.0052838      
233.043        0.691684       0.00648763     
233.42         0.692301       0.00648763     
233.798        0.69878        0.00648763     
234.175        0.697171       0.00708819     
234.553        0.699695       0.00708819     
234.93         0.702932       0.00708819     
235.307        0.702876       0.00625053     
235.685        0.704286       0.00625053     
236.062        0.705674       0.00616367     
236.439        0.709385       0.00616367     
236.816        0.707821       0.00616367     
237.194        0.71055        0.0061058      
237.571        0.70995        0.0061058      
237.948        0.712735       0.0061058      
238.325        0.713548       0.00643937     
238.702        0.714572       0.00643937     
239.079        0.716097       0.0063128      
239.456        0.718278       0.0063128      
239.833        0.719422       0.0063128      
240.21         0.719592       0.00704428     
240.587        0.723472       0.00704428     
240.964        0.721049       0.00704428     
241.341        0.722306       0.00560782     
241.718        0.724587       0.00560782     
242.095        0.724412       0.0061601      
242.472        0.72626        0.0061601      
242.849        0.728334       0.0061601      
243.225        0.72708        0.00667091     
243.602        0.729522       0.00667091     
243.979        0.730667       0.00667091     
244.356        0.730253       0.00681825     
244.732        0.729596       0.00681825     
245.109        0.731399       0.00591182     
245.486        0.731423       0.00591182     
245.862        0.731041       0.00591182     
246.239        0.733086       0.00611975     
246.615        0.732711       0.00611975     
246.992        0.73499        0.00611975     
247.368        0.735898       0.00631994     
247.745        0.73651        0.00631994     
248.121        0.735658       0.00626421     
248.497        0.734569       0.00626421     
248.874        0.736294       0.00626421     
249.25         0.736735       0.00530251     
249.626        0.737134       0.00530251     
250.003        0.73648        0.00527311     
250.379        0.738751       0.00527311     
250.755        0.738387       0.00527311     
251.131        0.738429       0.00576872     
251.507        0.739186       0.00576872     
251.884        0.740912       0.00576872     
252.26         0.741435       0.00588672     
252.636        0.742832       0.00588672     
253.012        0.741761       0.00618871     
253.388        0.743481       0.00618871     
253.764        0.745286       0.00618871     
254.14         0.744774       0.00572519     
254.516        0.74363        0.00572519     
254.892        0.746447       0.00572519     
255.268        0.746737       0.00678229     
255.643        0.746591       0.00678229     
256.019        0.748467       0.00651843     
256.395        0.749201       0.00651843     
256.771        0.750576       0.00651843     
257.147        0.750106       0.00643844     
257.522        0.750047       0.00643844     
257.898        0.752522       0.00643844     
258.274        0.752565       0.00572165     
258.649        0.753316       0.00572165     
259.025        0.754987       0.00622752     
259.4          0.756882       0.00622752     
259.776        0.754745       0.00622752     
260.151        0.755159       0.00547153     
260.527        0.75611        0.00547153     
260.902        0.75703        0.00547153     
261.278        0.757679       0.00612158     
261.653        0.757816       0.00612158     
262.028        0.75666        0.00555741     
262.404        0.75955        0.00555741     
262.779        0.758152       0.00555741     
263.154        0.760262       0.00588929     
263.53         0.75999        0.00588929     
263.905        0.760267       0.00588929     
264.28         0.760896       0.0055404      
264.655        0.760963       0.0055404      
265.03         0.760342       0.0057657      
265.405        0.762373       0.0057657      
265.781        0.762877       0.0057657      
266.156        0.7636         0.00579145     
266.531        0.763336       0.00579145     
266.906        0.7625         0.00579145     
267.281        0.764026       0.00586387     
267.655        0.762306       0.00586387     
268.03         0.763044       0.00557958     
268.405        0.764033       0.00557958     
268.78         0.76386        0.00557958     
269.155        0.764695       0.00572598     
269.53         0.763114       0.00572598     
269.904        0.763468       0.00572598     
270.279        0.763821       0.00508409     
270.654        0.763394       0.00508409     
271.029        0.763183       0.0066438      
271.403        0.764566       0.0066438      
271.778        0.763546       0.0066438      
272.152        0.762142       0.00463605     
272.527        0.761068       0.00463605     
272.901        0.764497       0.00463605     
273.276        0.763922       0.00520426     
273.65         0.76477        0.00520426     
274.025        0.765525       0.00563257     
274.399        0.762898       0.00563257     
274.774        0.76316        0.00563257     
275.148        0.7643         0.00646789     
275.522        0.76321        0.00646789     
275.897        0.763273       0.00646789     
276.271        0.761642       0.00673383     
276.645        0.764564       0.00673383     
277.019        0.7645         0.00536973     
277.393        0.765581       0.00536973     
277.768        0.764388       0.00536973     
278.142        0.763493       0.00633618     
278.516        0.763143       0.00633618     
278.89         0.763426       0.00633618     
279.264        0.763254       0.00520659     
279.638        0.764085       0.00520659     
280.012        0.764797       0.00625458     
280.386        0.762025       0.00625458     
280.76         0.763375       0.00625458     
281.133        0.764082       0.00552523     
281.507        0.76267        0.00552523     
281.881        0.763256       0.00552523     
282.255        0.76289        0.00507259     
282.629        0.761677       0.00507259     
283.002        0.762659       0.00504802     
283.376        0.762142       0.00504802     
283.75         0.760379       0.00504802     
284.123        0.762067       0.00557529     
284.497        0.760485       0.00557529     
284.87         0.761194       0.00557529     
285.244        0.760599       0.00491512     
285.618        0.759722       0.00491512     
285.991        0.757861       0.00491512     
286.364        0.758412       0.00602198     
286.738        0.75777        0.00602198     
287.111        0.759136       0.00502302     
287.485        0.756164       0.00502302     
287.858        0.756157       0.00502302     
288.231        0.756553       0.00602047     
288.605        0.756206       0.00602047     
288.978        0.755938       0.00602047     
289.351        0.754602       0.00532728     
289.724        0.754313       0.00532728     
290.097        0.753747       0.00715276     
290.47         0.753406       0.00715276     
290.843        0.752255       0.00715276     
291.217        0.751143       0.00560725     
291.59         0.751418       0.00560725     
291.963        0.750211       0.00560725     
292.336        0.749291       0.00660815     
292.708        0.748425       0.00660815     
293.081        0.747651       0.00539804     
293.454        0.748197       0.00539804     
293.827        0.746168       0.00539804     
294.2          0.743413       0.00582064     
294.573        0.744146       0.00582064     
294.945        0.742121       0.00582064     
295.318        0.742558       0.00596806     
295.691        0.741569       0.00596806     
296.064        0.740495       0.00555685     
296.436        0.739747       0.00555685     
296.809        0.739982       0.00555685     
297.181        0.738187       0.00508935     
297.554        0.73881        0.00508935     
297.926        0.73722        0.00508935     
298.299        0.737358       0.00562083     
298.671        0.737514       0.00562083     
299.044        0.736536       0.00597923     
299.416        0.735559       0.00597923     
299.788        0.735607       0.00597923     
300.161        0.733634       0.00532881     
300.533        0.733969       0.00532881     
300.905        0.735696       0.00532881     
301.278        0.733709       0.00573976     
301.65         0.733348       0.00573976     
302.022        0.732308       0.00573792     
302.394        0.73165        0.00573792     
302.766        0.732246       0.00573792     
303.138        0.730267       0.00504119     
303.51         0.731773       0.00504119     
303.882        0.729149       0.00504119     
304.254        0.728985       0.00580561     
304.626        0.730438       0.00580561     
304.998        0.729768       0.00580561     
305.37         0.726901       0.0051617      
305.742        0.727287       0.0051617      
306.114        0.726503       0.00578847     
306.485        0.727759       0.00578847     
306.857        0.726947       0.00578847     
307.229        0.725264       0.0059079      
307.601        0.724214       0.0059079      
307.972        0.724564       0.0059079      
308.344        0.724417       0.00695054     
308.716        0.724479       0.00695054     
309.087        0.724074       0.00569034     
309.459        0.723212       0.00569034     
309.83         0.722281       0.00569034     
310.202        0.722616       0.00639054     
310.573        0.722272       0.00639054     
310.945        0.720552       0.00639054     
311.316        0.718505       0.00596795     
311.687        0.7193         0.00596795     
312.059        0.718565       0.00631415     
312.43         0.71917        0.00631415     
312.801        0.718273       0.00631415     
313.172        0.716481       0.0059911      
313.544        0.716292       0.0059911      
313.915        0.717304       0.0059911      
314.286        0.716634       0.00513269     
314.657        0.7148         0.00513269     
315.028        0.714095       0.00476972     
315.399        0.714119       0.00476972     
315.77         0.714223       0.00476972     
316.141        0.713115       0.0054563      
316.512        0.713115       0.0054563      
316.883        0.713313       0.0054563      
317.254        0.712731       0.00589139     
317.625        0.710608       0.00589139     
317.996        0.710405       0.00589139     
318.366        0.710408       0.00603859     
318.737        0.709604       0.00603859     
319.108        0.708058       0.00617938     
319.478        0.706873       0.00617938     
319.849        0.707141       0.00617938     
320.22         0.706734       0.00505111     
320.59         0.704954       0.00505111     
320.961        0.705831       0.00505111     
321.331        0.703265       0.00593155     
321.702        0.703098       0.00593155     
322.072        0.702793       0.00486215     
322.443        0.703216       0.00486215     
322.813        0.700142       0.00486215     
323.184        0.701114       0.00565672     
323.554        0.698525       0.00565672     
323.924        0.699231       0.00565672     
324.295        0.697537       0.00537447     
324.665        0.696914       0.00537447     
325.035        0.697347       0.00578693     
325.405        0.695948       0.00578693     
325.775        0.69562        0.00578693     
326.145        0.69639        0.00631536     
326.515        0.693923       0.00631536     
326.886        0.692013       0.00631536     
327.256        0.691071       0.00601002     
327.626        0.68724        0.00601002     
327.995        0.682842       0.00601002     
328.365        0.671889       0.00544023     
328.735        0.660617       0.00544023     
329.105        0.663989       0.00547956     
329.475        0.681256       0.00547956     
329.845        0.70492        0.00547956     
330.215        0.723479       0.00598401     
330.584        0.724706       0.00598401     
330.954        0.716774       0.00598401     
331.324        0.70855        0.00589378     
331.693        0.698548       0.00589378     
332.063        0.690469       0.00484672     
332.432        0.690612       0.00484672     
332.802        0.692051       0.00484672     
333.171        0.690287       0.0055781      
333.541        0.684343       0.0055781      
333.91         0.679707       0.0055781      
334.28         0.675289       0.00479308     
334.649        0.674106       0.00479308     
335.018        0.675383       0.00450779     
335.388        0.678802       0.00450779     
335.757        0.680623       0.00450779     
336.126        0.67894        0.00528268     
336.495        0.679705       0.00528268     
336.865        0.679774       0.00528268     
337.234        0.677818       0.00571956     
337.603        0.677944       0.00571956     
337.972        0.67766        0.00571956     
338.341        0.676707       0.00528417     
338.71         0.677751       0.00528417     
339.079        0.674714       0.00544511     
339.448        0.676036       0.00544511     
339.817        0.675503       0.00544511     
340.186        0.673951       0.00513892     
340.554        0.673557       0.00513892     
340.923        0.674657       0.00513892     
341.292        0.673726       0.00524523     
341.661        0.673516       0.00524523     
342.029        0.67119        0.00576167     
342.398        0.67136        0.00576167     
342.767        0.671867       0.00576167     
343.135        0.671075       0.00490024     
343.504        0.670059       0.00490024     
343.872        0.669218       0.00490024     
344.241        0.669002       0.00548473     
344.609        0.667964       0.00548473     
344.978        0.667776       0.00548473     
345.346        0.667122       0.00525664     
345.715        0.666221       0.00525664     
346.083        0.665079       0.00556388     
346.451        0.66612        0.00556388     
346.82         0.665491       0.00556388     
347.188        0.664562       0.00543911     
347.556        0.663274       0.00543911     
347.924        0.663093       0.00543911     
348.292        0.662942       0.00594353     
348.66         0.663035       0.00594353     
349.028        0.661202       0.00525849     
349.396        0.661725       0.00525849     
349.764        0.660985       0.00525849     
350.132        0.661215       0.0062065      
350.5          0.659028       0.0062065      
350.868        0.658955       0.0062065      
351.236        0.658299       0.00518668     
351.604        0.656983       0.00518668     
351.972        0.657574       0.00518668     
352.34         0.656414       0.00610292     
352.707        0.656412       0.00610292     
353.075        0.656907       0.00451668     
353.443        0.655363       0.00451668     
353.81         0.654881       0.00451668     
354.178        0.655521       0.00650786     
354.545        0.653775       0.00650786     
354.913        0.653457       0.00650786     
355.28         0.65198        0.00594416     
355.648        0.654299       0.00594416     
356.015        0.649708       0.0049613      
356.383        0.652047       0.0049613      
356.75         0.649977       0.0049613      
357.117        0.649523       0.00485741     
357.485        0.650073       0.00485741     
357.852        0.649357       0.00485741     
358.219        0.648866       0.00586013     
358.586        0.648743       0.00586013     
358.954        0.648667       0.00586013     
359.321        0.648861       0.0056353      
359.688        0.645636       0.0056353      
360.055        0.64756        0.00599136     
360.422        0.64566        0.00599136     
360.789        0.645903       0.00599136     
361.156        0.644455       0.00499315     
361.523        0.644849       0.00499315     
361.89         0.644199       0.00499315     
362.256        0.643148       0.00531351     
362.623        0.64316        0.00531351     
362.99         0.643694       0.00531351     
363.357        0.643581       0.0050232      
363.724        0.643106       0.0050232      
364.09         0.640645       0.00550504     
364.457        0.641388       0.00550504     
364.823        0.640775       0.00550504     
365.19         0.641789       0.00572895     
365.557        0.640384       0.00572895     
365.923        0.639692       0.00572895     
366.29         0.638442       0.00612373     
366.656        0.639574       0.00612373     
367.022        0.639431       0.00522532     
367.389        0.637201       0.00522532     
367.755        0.637795       0.00522532     
368.121        0.638738       0.00420125     
368.488        0.637167       0.00420125     
368.854        0.636625       0.00420125     
369.22         0.63705        0.00523253     
369.586        0.637599       0.00523253     
369.952        0.635844       0.00523253     
370.318        0.635749       0.00503853     
370.684        0.634622       0.00503853     
371.051        0.633008       0.00537013     
371.416        0.633126       0.00537013     
371.782        0.633464       0.00537013     
372.148        0.633886       0.0056216      
372.514        0.632036       0.0056216      
372.88         0.632098       0.0056216      
373.246        0.632524       0.00497383     
373.612        0.630843       0.00497383     
373.977        0.630826       0.00497383     
374.343        0.630631       0.00547325     
374.709        0.629519       0.00547325     
375.074        0.631226       0.00647245     
375.44         0.632197       0.00647245     
375.806        0.628706       0.00647245     
376.171        0.629521       0.00480282     
376.537        0.626761       0.00480282     
376.902        0.62745        0.00480282     
377.268        0.626668       0.0060445      
377.633        0.627183       0.0060445      
377.998        0.626881       0.0060445      
378.364        0.626899       0.00496973     
378.729        0.624966       0.00496973     
379.094        0.627376       0.00528388     
379.459        0.629151       0.00528388     
379.825        0.628504       0.00528388     
380.19         0.625378       0.00495692     
380.555        0.625584       0.00495692     
380.92         0.625916       0.00495692     
381.285        0.625242       0.00577137     
381.65         0.622413       0.00577137     
382.015        0.622372       0.00574443     
382.38         0.622383       0.00574443     
382.745        0.623423       0.00574443     
383.11         0.624859       0.00499386     
383.474        0.620831       0.00499386     
383.839        0.621674       0.00499386     
384.204        0.618866       0.00540765     
384.569        0.620754       0.00540765     
384.933        0.621338       0.00540765     
385.298        0.620362       0.00541077     
385.663        0.62045        0.00541077     
386.027        0.617721       0.00536874     
386.392        0.617709       0.00536874     
386.756        0.616649       0.00536874     
387.121        0.617956       0.00544352     
387.485        0.617896       0.00544352     
387.849        0.616827       0.00544352     
388.214        0.617054       0.00551727     
388.578        0.620398       0.00551727     
388.942        0.619662       0.00551727     
389.307        0.618832       0.00531775     
389.671        0.615596       0.00531775     
390.035        0.614215       0.00570619     
390.399        0.61531        0.00570619     
390.763        0.615135       0.00570619     
391.127        0.613137       0.00603235     
391.492        0.611321       0.00603235     
391.856        0.611843       0.00603235     
392.219        0.612966       0.00542426     
392.583        0.613305       0.00542426     
392.947        0.617165       0.00542426     
393.311        0.619859       0.00495712     
393.675        0.617516       0.00495712     
394.039        0.613258       0.0048302      
394.403        0.611664       0.0048302      
394.766        0.611878       0.0048302      
395.13         0.613133       0.00633693     
395.494        0.614334       0.00633693     
395.857        0.611786       0.00633693     
396.221        0.610447       0.0058646      
396.584        0.610113       0.0058646      
396.948        0.607471       0.0058646      
397.311        0.607411       0.00581771     
397.675        0.606186       0.00581771     
398.038        0.608154       0.00627029     
398.401        0.610488       0.00627029     
398.765        0.614655       0.00627029     
399.128        0.612035       0.0052467      
399.491        0.611992       0.0052467      
399.854        0.610173       0.0052467      
400.218        0.607996       0.0054513      
400.581        0.606078       0.0054513      
400.944        0.607564       0.0054513      
401.307        0.610421       0.00542079     
401.67         0.60719        0.00542079     
402.033        0.605194       0.00482952     
402.396        0.607868       0.00482952     
402.759        0.606045       0.00482952     
403.122        0.605409       0.00562002     
403.485        0.604515       0.00562002     
403.847        0.604505       0.00562002     
404.21         0.60333        0.00424559     
404.573        0.601142       0.00424559     
404.936        0.60297        0.00424559     
405.298        0.60417        0.00552996     
405.661        0.60882        0.00552996     
406.023        0.60983        0.00560527     
406.386        0.607645       0.00560527     
406.749        0.604993       0.00560527     
407.111        0.604915       0.00547671     
407.473        0.603316       0.00547671     
407.836        0.598578       0.00547671     
408.198        0.60056        0.00610062     
408.561        0.603602       0.00610062     
408.923        0.606307       0.00610062     
409.285        0.601138       0.00537592     
409.647        0.603626       0.00537592     
410.009        0.604079       0.00702968     
410.372        0.605029       0.00702968     
410.734        0.602504       0.00702968     
411.096        0.600286       0.00651129     
411.458        0.60011        0.00651129     
411.82         0.597742       0.00651129     
412.182        0.598659       0.00519525     
412.544        0.598752       0.00519525     
412.906        0.600825       0.00519525     
413.267        0.601596       0.00438791     
413.629        0.602155       0.00438791     
413.991        0.604006       0.00438791     
414.353        0.602095       0.0051276      
414.714        0.600876       0.0051276      
415.076        0.598785       0.00488797     
415.438        0.59861        0.00488797     
415.799        0.598142       0.00488797     
416.161        0.59817        0.00568461     
416.522        0.59937        0.00568461     
416.884        0.597897       0.00568461     
417.245        0.598484       0.00534258     
417.607        0.598053       0.00534258     
417.968        0.59849        0.00534258     
418.329        0.597376       0.00470261     
418.691        0.596581       0.00470261     
419.052        0.59792        0.00473139     
419.413        0.597201       0.00473139     
419.774        0.594914       0.00473139     
420.135        0.594632       0.00553834     
420.497        0.590311       0.00553834     
420.858        0.593284       0.00553834     
421.219        0.593727       0.00492254     
421.58         0.599367       0.00492254     
421.941        0.603234       0.00492254     
422.302        0.602373       0.00532516     
422.662        0.599738       0.00532516     
423.023        0.598079       0.00536071     
423.384        0.598449       0.00536071     
423.745        0.599314       0.00536071     
424.106        0.595334       0.00558486     
424.466        0.595122       0.00558486     
424.827        0.594236       0.00558486     
425.187        0.599819       0.00551616     
425.548        0.598416       0.00551616     
425.909        0.597652       0.00551616     
426.269        0.595245       0.00552095     
426.63         0.590468       0.00552095     
426.99         0.591804       0.00552095     
427.35         0.593874       0.00430357     
427.711        0.596536       0.00430357     
428.071        0.593831       0.0052902      
428.431        0.591617       0.0052902      
428.792        0.587243       0.0052902      
429.152        0.586391       0.0044532      
429.512        0.585586       0.0044532      
429.872        0.594347       0.0044532      
430.232        0.598936       0.00586745     
430.592        0.60093        0.00586745     
430.952        0.603603       0.00586745     
431.312        0.602462       0.00436383     
431.672        0.600371       0.00436383     
432.032        0.594945       0.0050172      
432.392        0.591761       0.0050172      
432.752        0.589939       0.0050172      
433.111        0.575538       0.00493103     
433.471        0.586272       0.00493103     
433.831        0.595811       0.00493103     
434.19         0.608646       0.00516918     
434.55         0.596998       0.00516918     
434.91         0.589872       0.00516918     
435.269        0.595253       0.00481987     
435.629        0.588508       0.00481987     
435.988        0.589409       0.00481987     
436.348        0.590525       0.00551659     
436.707        0.596549       0.00551659     
437.066        0.597023       0.00469119     
437.426        0.591222       0.00469119     
437.785        0.589587       0.00469119     
438.144        0.589147       0.0053786      
438.503        0.591729       0.0053786      
438.862        0.593129       0.0053786      
439.222        0.593269       0.0052471      
439.581        0.593751       0.0052471      
439.94         0.591476       0.0052471      
440.299        0.58513        0.00514008     
440.658        0.578173       0.00514008     
441.017        0.58117        0.00541434     
441.376        0.59069        0.00541434     
441.734        0.596289       0.00541434     
442.093        0.595252       0.00564981     
442.452        0.589923       0.00564981     
442.811        0.585398       0.00564981     
443.169        0.58685        0.00528295     
443.528        0.590439       0.00528295     
443.887        0.592974       0.00528295     
444.245        0.590132       0.00503548     
444.604        0.589434       0.00503548     
444.962        0.591104       0.00503548     
445.321        0.591759       0.00454327     
445.679        0.587326       0.00454327     
446.038        0.58483        0.00445324     
446.396        0.587892       0.00445324     
446.754        0.593433       0.00445324     
447.112        0.588878       0.00364977     
447.471        0.591234       0.00364977     
447.829        0.589708       0.00364977     
448.187        0.587698       0.00544629     
448.545        0.586832       0.00544629     
448.903        0.586295       0.00544629     
449.261        0.590674       0.00475511     
449.619        0.588763       0.00475511     
449.977        0.587971       0.00475511     
450.335        0.589102       0.0049391      
450.693        0.591794       0.0049391      
451.051        0.587535       0.00581455     
451.409        0.588131       0.00581455     
451.766        0.584226       0.00581455     
452.124        0.589354       0.00550972     
452.482        0.589159       0.00550972     
452.839        0.591015       0.00550972     
453.197        0.589495       0.00487134     
453.555        0.587939       0.00487134     
453.912        0.586725       0.00487134     
454.27         0.586283       0.00547036     
454.627        0.580823       0.00547036     
454.984        0.581401       0.00547036     
455.342        0.585127       0.00540834     
455.699        0.591084       0.00540834     
456.056        0.589488       0.00545454     
456.414        0.585859       0.00545454     
456.771        0.5815         0.00545454     
457.128        0.582155       0.00604476     
457.485        0.583434       0.00604476     
457.842        0.584654       0.00604476     
458.199        0.58652        0.00588516     
458.556        0.587978       0.00588516     
458.913        0.58519        0.00588516     
459.27         0.584146       0.00480523     
459.627        0.586315       0.00480523     
459.984        0.590357       0.00480523     
460.341        0.585894       0.00496323     
460.697        0.583217       0.00496323     
461.054        0.58828        0.00457377     
461.411        0.595705       0.00457377     
461.767        0.593203       0.00457377     
462.124        0.588229       0.00509951     
462.481        0.582897       0.00509951     
462.837        0.577401       0.00509951     
463.194        0.578569       0.00581563     
463.55         0.578729       0.00581563     
463.907        0.584711       0.00581563     
464.263        0.578035       0.00461346     
464.619        0.582119       0.00461346     
464.976        0.579259       0.00461346     
465.332        0.582091       0.00481171     
465.688        0.588126       0.00481171     
466.044        0.593742       0.00527589     
466.4          0.596556       0.00527589     
466.756        0.588373       0.00527589     
467.112        0.586306       0.00501866     
467.468        0.582869       0.00501866     
467.824        0.58363        0.00501866     
468.18         0.586299       0.00565757     
468.536        0.590889       0.00565757     
468.892        0.588788       0.00565757     
469.248        0.588399       0.00518559     
469.604        0.58659        0.00518559     
469.959        0.58521        0.00518559     
470.315        0.582874       0.00440265     
470.671        0.58264        0.00440265     
471.026        0.582672       0.00508935     
471.382        0.579638       0.00508935     
471.737        0.579428       0.00508935     
472.093        0.579755       0.00352781     
472.448        0.580598       0.00352781     
472.804        0.577087       0.00352781     
473.159        0.580813       0.00520412     
473.514        0.582102       0.00520412     
473.87         0.586619       0.00520412     
474.225        0.580039       0.00463788     
474.58         0.576225       0.00463788     
474.935        0.577344       0.00463788     
475.29         0.584867       0.00542686     
475.645        0.589015       0.00542686     
476            0.584908       0.00512885     
476.355        0.58165        0.00512885     
476.71         0.584915       0.00512885     
477.065        0.584361       0.00458367     
477.42         0.575881       0.00458367     
477.775        0.574587       0.00458367     
478.13         0.582531       0.00518244     
478.485        0.58739        0.00518244     
478.839        0.582958       0.00518244     
479.194        0.579101       0.00622201     
479.549        0.573936       0.00622201     
479.903        0.57862        0.00622201     
480.258        0.582354       0.00514856     
480.612        0.587088       0.00514856     
480.967        0.579074       0.00514856     
481.321        0.575865       0.00537504     
481.675        0.582843       0.00537504     
482.03         0.588627       0.00517624     
482.384        0.590585       0.00517624     
482.738        0.580435       0.00517624     
483.093        0.577635       0.00490884     
483.447        0.577317       0.00490884     
483.801        0.576874       0.00490884     
484.155        0.572206       0.00504691     
484.509        0.578527       0.00504691     
484.863        0.555099       0.00504691     
485.217        0.706582       0.00513739     
490.168        0.583784       0.00549078     
490.522        0.579187       0.00549078     
490.875        0.581736       0.00549078     
491.228        0.581786       0.00512325     
491.581        0.585216       0.00512325     
491.935        0.58055        0.00512325     
492.288        0.581192       0.00392305     
492.641        0.580698       0.00392305     
492.994        0.580343       0.00392305     
493.347        0.580374       0.00441951     
493.7          0.579002       0.00441951     
494.053        0.581791       0.00527999     
494.406        0.580433       0.00527999     
494.759        0.589163       0.00527999     
495.111        0.586037       0.00450079     
495.464        0.571152       0.00450079     
495.817        0.566922       0.00450079     
496.169        0.573996       0.00530703     
496.522        0.591644       0.00530703     
496.875        0.599584       0.00530703     
497.227        0.594228       0.00375241     
497.58         0.580125       0.00375241     
497.932        0.576509       0.00375241     
498.285        0.572365       0.00619527     
498.637        0.577657       0.00619527     
498.989        0.575869       0.00619527     
499.342        0.577586       0.00525528     
499.694        0.582514       0.00525528     
500.046        0.589359       0.00502014     
500.398        0.583086       0.00502014     
500.751        0.571184       0.00502014     
501.103        0.576178       0.00527753     
501.455        0.578618       0.00527753     
501.807        0.582617       0.00527753     
502.159        0.580425       0.00442462     
502.511        0.58047        0.00442462     
502.862        0.579879       0.00442462     
503.214        0.57987        0.00579715     
503.566        0.582417       0.00579715     
503.918        0.586814       0.00579715     
504.27         0.581032       0.00529943     
504.621        0.57513        0.00529943     
504.973        0.575636       0.00529943     
505.324        0.579693       0.004327       
505.676        0.57598        0.004327       
506.027        0.575048       0.00495658     
506.379        0.578156       0.00495658     
506.73         0.590515       0.00495658     
507.082        0.583274       0.00473514     
507.433        0.572903       0.00473514     
507.784        0.568834       0.00473514     
508.136        0.57584        0.00583387     
508.487        0.582681       0.00583387     
508.838        0.582339       0.00583387     
509.189        0.579649       0.00364465     
509.54         0.573675       0.00364465     
509.891        0.572478       0.00364465     
510.242        0.578989       0.00541862     
510.593        0.576708       0.00541862     
510.944        0.577523       0.00541862     
511.295        0.577926       0.00470208     
511.646        0.583458       0.00470208     
511.996        0.579613       0.00470208     
512.347        0.574465       0.00466017     
512.698        0.570284       0.00466017     
513.049        0.576951       0.00470378     
513.399        0.577646       0.00470378     
513.75         0.579476       0.00470378     
514.1          0.574928       0.00604622     
514.451        0.579013       0.00604622     
514.801        0.581225       0.00604622     
515.152        0.575115       0.00530742     
515.502        0.568592       0.00530742     
515.852        0.56932        0.00530742     
516.202        0.573886       0.00376632     
516.553        0.575544       0.00376632     
516.903        0.579747       0.00376632     
517.253        0.581011       0.00478666     
517.603        0.580822       0.00478666     
517.953        0.575474       0.00478666     
518.303        0.573019       0.00526281     
518.653        0.567417       0.00526281     
519.003        0.5734         0.00494246     
519.353        0.579565       0.00494246     
519.703        0.58597        0.00494246     
520.052        0.583804       0.00595956     
520.402        0.574123       0.00595956     
520.752        0.569712       0.00595956     
521.102        0.571314       0.00527431     
521.451        0.578077       0.00527431     
521.801        0.580132       0.00527431     
522.15         0.574636       0.00406278     
522.5          0.57068        0.00406278     
522.849        0.575611       0.00406278     
523.199        0.576694       0.00473203     
523.548        0.572974       0.00473203     
523.897        0.574049       0.00473203     
524.246        0.579552       0.00553633     
524.596        0.582977       0.00553633     
524.945        0.578801       0.00553633     
525.294        0.573204       0.00490279     
525.643        0.57392        0.00490279     
525.992        0.573647       0.00490279     
526.341        0.576101       0.00515346     
526.69         0.575983       0.00515346     
527.039        0.576961       0.00472581     
527.388        0.579989       0.00472581     
527.737        0.578987       0.00472581     
528.086        0.564842       0.00417365     
528.434        0.566062       0.00417365     
528.783        0.568785       0.00417365     
529.132        0.585146       0.00435587     
529.48         0.583373       0.00435587     
529.829        0.580742       0.00435587     
530.177        0.575203       0.00456427     
530.526        0.574047       0.00456427     
530.874        0.575137       0.00456427     
531.223        0.571769       0.00510797     
531.571        0.574545       0.00510797     
531.919        0.576072       0.00510797     
532.268        0.575548       0.00415014     
532.616        0.564742       0.00415014     
532.964        0.566122       0.00415014     
533.312        0.574151       0.00505077     
533.66         0.578995       0.00505077     
534.008        0.579378       0.00515587     
534.356        0.573496       0.00515587     
534.704        0.574176       0.00515587     
535.052        0.575587       0.00458423     
535.4          0.577362       0.00458423     
535.748        0.580076       0.00458423     
536.095        0.581383       0.00409425     
536.443        0.57708        0.00409425     
536.791        0.570691       0.00409425     
537.139        0.566357       0.00482102     
537.486        0.565412       0.00482102     
537.834        0.570076       0.00482102     
538.181        0.575685       0.00582697     
538.529        0.573988       0.00582697     
538.876        0.575277       0.00582697     
539.223        0.574967       0.00570309     
539.571        0.57873        0.00570309     
539.918        0.579205       0.00570309     
540.265        0.570737       0.0043105      
540.613        0.566812       0.0043105      
540.96         0.567633       0.0043105      
541.307        0.578249       0.00474285     
541.654        0.574943       0.00474285     
542.001        0.570705       0.00384901     
542.348        0.570265       0.00384901     
542.695        0.574455       0.00384901     
543.042        0.572524       0.00447177     
543.388        0.56846        0.00447177     
543.735        0.570189       0.00447177     
544.082        0.573479       0.00460577     
544.429        0.573571       0.00460577     
544.775        0.573916       0.00460577     
545.122        0.580687       0.00559096     
545.469        0.581706       0.00559096     
545.815        0.57574        0.00559096     
546.162        0.56845        0.00306135     
546.508        0.567583       0.00306135     
546.854        0.565408       0.00306135     
547.201        0.564103       0.00403612     
547.547        0.563607       0.00403612     
547.893        0.574854       0.00403612     
548.24         0.58203        0.00441837     
548.586        0.586682       0.00441837     
548.932        0.582402       0.00441837     
549.278        0.569982       0.00553137     
549.624        0.565911       0.00553137     
549.97         0.565661       0.00553137     
550.316        0.575746       0.00500328     
550.662        0.576732       0.00500328     
551.008        0.573816       0.00454079     
551.353        0.558354       0.00454079     
551.699        0.554339       0.00454079     
552.045        0.569423       0.0044922      
552.391        0.585263       0.0044922      
552.736        0.581507       0.0044922      
553.082        0.571799       0.0055987      
553.427        0.566556       0.0055987      
553.773        0.573703       0.0055987      
554.118        0.581712       0.00615812     
554.464        0.571947       0.00615812     
554.809        0.559322       0.00615812     
555.154        0.558651       0.00484321     
555.5          0.56932        0.00484321     
555.845        0.574442       0.00484321     
556.19         0.582786       0.00471487     
556.535        0.576459       0.00471487     
556.88         0.572692       0.00471487     
557.225        0.559738       0.00485181     
557.57         0.566949       0.00485181     
557.915        0.572635       0.00485181     
558.26         0.576258       0.00456764     
558.605        0.572871       0.00456764     
558.95         0.565337       0.00456764     
559.295        0.563674       0.00599837     
559.639        0.556094       0.00599837     
559.984        0.563434       0.00599837     
560.329        0.562111       0.00437501     
560.673        0.575571       0.00437501     
561.018        0.570923       0.00526146     
561.362        0.578741       0.00526146     
561.707        0.572957       0.00526146     
562.051        0.569323       0.00556052     
562.395        0.561632       0.00556052     
562.74         0.563588       0.00556052     
563.084        0.561321       0.00397421     
563.428        0.568463       0.00397421     
563.772        0.564151       0.00397421     
564.117        0.573353       0.00549186     
564.461        0.568483       0.00549186     
564.805        0.570222       0.00549186     
565.149        0.572825       0.0051391      
565.493        0.564837       0.0051391      
565.836        0.568818       0.0051391      
566.18         0.559393       0.00415996     
566.524        0.568511       0.00415996     
566.868        0.552965       0.00415996     
567.212        0.566057       0.00525928     
567.555        0.570753       0.00525928     
567.899        0.573751       0.00525928     
568.242        0.558394       0.0039951      
568.586        0.564867       0.0039951      
568.929        0.566434       0.0039951      
569.273        0.581492       0.00482222     
569.616        0.616766       0.00482222     
569.96         0.645704       0.00482222     
601.008        0.605751       0.00405247     
601.347        0.597332       0.00405247     
601.686        0.585328       0.00405247     
602.025        0.565274       0.006243       
602.364        0.582255       0.006243       
602.702        0.576709       0.006243       
603.041        0.611932       0.00479654     
603.38         0.618812       0.00479654     
603.719        0.619382       0.00479654     
604.057        0.590934       0.00458945     
604.396        0.570453       0.00458945     
604.734        0.557382       0.00458945     
605.073        0.55769        0.00474181     
605.411        0.569312       0.00474181     
605.75         0.610146       0.00474181     
606.088        0.606321       0.0045205      
606.426        0.595543       0.0045205      
606.764        0.562556       0.0045205      
607.103        0.570511       0.00435327     
607.441        0.579225       0.00435327     
607.779        0.579419       0.00435327     
608.117        0.568978       0.00563267     
608.455        0.557475       0.00563267     
608.793        0.568067       0.00563267     
609.131        0.563801       0.00471643     
609.469        0.544655       0.00471643     
609.806        0.560851       0.00471643     
610.144        0.579974       0.0047137      
610.482        0.591918       0.0047137      
610.819        0.563764       0.0047137      
611.157        0.555166       0.00535302     
611.495        0.559999       0.00535302     
611.832        0.566849       0.00535302     
612.17         0.560107       0.0046305      
612.507        0.555751       0.0046305      
612.844        0.554958       0.0046305      
613.182        0.567334       0.00334575     
613.519        0.563586       0.00334575     
613.856        0.56228        0.00334575     
614.193        0.562336       0.00570064     
614.53         0.56323        0.00570064     
614.867        0.559338       0.00570064     
615.205        0.560091       0.00458756     
615.541        0.573913       0.00458756     
615.878        0.569148       0.00458756     
616.215        0.564434       0.00450606     
616.552        0.542827       0.00450606     
616.889        0.554234       0.00450606     
617.226        0.54899        0.00447655     
617.562        0.556653       0.00447655     
617.899        0.56714        0.00447655     
618.235        0.575645       0.00431191     
618.572        0.564912       0.00431191     
618.908        0.555424       0.00431191     
619.245        0.53907        0.00399532     
619.581        0.544202       0.00399532     
619.918        0.553043       0.00399532     
620.254        0.581624       0.0051357      
620.59         0.59183        0.0051357      
620.926        0.554569       0.0051357      
621.262        0.525171       0.00371238     
621.599        0.533853       0.00371238     
621.935        0.562339       0.00371238     
622.271        0.567816       0.00407829     
622.606        0.556434       0.00407829     
622.942        0.561395       0.00407829     
623.278        0.571353       0.00399873     
623.614        0.574758       0.00399873     
623.95         0.54854        0.00399873     
624.285        0.554989       0.00484141     
624.621        0.565375       0.00484141     
624.957        0.577168       0.00484141     
625.292        0.560619       0.00408157     
625.628        0.554445       0.00408157     
625.963        0.561413       0.00408157     
626.299        0.555314       0.00486088     
626.634        0.545782       0.00486088     
626.969        0.550097       0.00486088     
627.304        0.55922        0.00410727     
627.64         0.577837       0.00410727     
627.975        0.576636       0.00410727     
628.31         0.546425       0.00424884     
628.645        0.533149       0.00424884     
628.98         0.541935       0.00424884     
629.315        0.568871       0.00597973     
629.65         0.568145       0.00597973     
629.985        0.56284        0.00597973     
630.319        0.554498       0.00551317     
630.654        0.564352       0.00551317     
630.989        0.5609         0.00551317     
631.323        0.547675       0.00480188     
631.658        0.555813       0.00480188     
631.993        0.563039       0.00480188     
632.327        0.569293       0.00473155     
632.662        0.549338       0.00473155     
632.996        0.553696       0.00473155     
633.33         0.549052       0.00463559     
633.665        0.55515        0.00463559     
633.999        0.569663       0.00463559     
634.333        0.570362       0.00471295     
634.667        0.558618       0.00471295     
635.001        0.554303       0.00450714     
635.335        0.55582        0.00450714     
635.669        0.556855       0.00450714     
636.003        0.554167       0.00403158     
636.337        0.564943       0.00403158     
636.671        0.578611       0.00403158     
637.005        0.576622       0.00422614     
637.339        0.564925       0.00422614     
637.672        0.549736       0.00422614     
638.006        0.546775       0.00467395     
638.339        0.550394       0.00467395     
638.673        0.56402        0.00467395     
639.006        0.574909       0.00516094     
639.34         0.570809       0.00516094     
639.673        0.560366       0.00516094     
640.007        0.559321       0.0057166      
640.34         0.556717       0.0057166      
640.673        0.564317       0.0057166      
641.006        0.565538       0.0050979      
641.34         0.564757       0.0050979      
641.673        0.563042       0.0050979      
642.006        0.566082       0.00503971     
642.339        0.565441       0.00503971     
642.672        0.556813       0.00503971     
643.004        0.557374       0.0034164      
643.337        0.568386       0.0034164      
643.67         0.575877       0.0034164      
644.003        0.572897       0.00398164     
644.336        0.560445       0.00398164     
644.668        0.561809       0.00398164     
645.001        0.567193       0.00487756     
645.333        0.570318       0.00487756     
645.666        0.568717       0.00487756     
645.998        0.574248       0.00487756     
646.331        0.572549       0.00553334     
646.663        0.564177       0.00553334     
646.995        0.562455       0.00553334     
647.327        0.557227       0.00519421     
647.66         0.544382       0.00519421     
647.992        0.551488       0.00519421     
648.324        0.572136       0.00421259     
648.656        0.574384       0.00421259     
648.988        0.574051       0.00421259     
649.32         0.574335       0.00465875     
649.652        0.58134        0.00465875     
649.983        0.568547       0.00465875     
650.315        0.551389       0.00429457     
650.647        0.545634       0.00429457     
650.979        0.545272       0.00429457     
651.31         0.542321       0.0060183      
651.642        0.552261       0.0060183      
651.973        0.558852       0.0060183      
652.305        0.570073       0.00435094     
652.636        0.567878       0.00435094     
652.967        0.562992       0.00435094     
653.299        0.559755       0.00442672     
653.63         0.554038       0.00442672     
653.961        0.549426       0.00442672     
660.244        0.534218       0.00356015     
660.575        0.545264       0.00356015     
660.905        0.549817       0.00356015     
661.235        0.556507       0.00429615     
661.565        0.558135       0.00429615     
661.895        0.563601       0.00429615     
662.225        0.568331       0.00469518     
662.555        0.576167       0.00469518     
662.884        0.577948       0.00469518     
663.214        0.572848       0.00607157     
663.544        0.568282       0.00607157     
663.873        0.569225       0.00607157     
664.203        0.573385       0.00580406     
664.533        0.573449       0.00580406     
664.862        0.565194       0.00580406     
665.192        0.570864       0.00483003     
665.521        0.586118       0.00483003     
665.85         0.590919       0.00483003     
666.18         0.584597       0.00520098     
666.509        0.574262       0.00520098     
666.838        0.566888       0.00520098     
667.167        0.561688       0.00454043     
667.496        0.561694       0.00454043     
667.825        0.577666       0.00454043     
668.154        0.57964        0.00487565     
668.483        0.582051       0.00487565     
668.812        0.570968       0.00487565     
669.141        0.574581       0.00511266     
669.47         0.57815        0.00511266     
669.798        0.574915       0.00511266     
670.127        0.581104       0.00343531     
670.456        0.580632       0.00343531     
670.784        0.572796       0.00343531     
671.113        0.544079       0.00455781     
671.441        0.547022       0.00455781     
671.77         0.558944       0.00455781     
672.098        0.580421       0.00396739     
672.426        0.583603       0.00396739     
672.755        0.595252       0.00396739     
673.083        0.583931       0.00548697     
673.411        0.554183       0.00548697     
673.739        0.544355       0.00548697     
674.067        0.550324       0.00552931     
674.395        0.568147       0.00552931     
674.723        0.564795       0.00552931     
675.051        0.560177       0.00468732     
675.379        0.558372       0.00468732     
675.706        0.57382        0.00468732     
676.034        0.574673       0.00573127     
676.362        0.581619       0.00573127     
676.689        0.576391       0.00573127     
677.017        0.561236       0.00515299     
677.344        0.542754       0.00515299     
677.672        0.555629       0.00515299     
677.999        0.575647       0.00515299     
678.327        0.586242       0.00411201     
678.654        0.567703       0.00411201     
678.981        0.552769       0.00411201     
679.308        0.552795       0.00488496     
679.636        0.565749       0.00488496     
679.963        0.578552       0.00488496     
680.29         0.57649        0.00508771     
680.617        0.566323       0.00508771     
680.944        0.547684       0.00508771     
681.271        0.548067       0.00482937     
681.597        0.557967       0.00482937     
681.924        0.581071       0.00482937     
682.251        0.579931       0.00323666     
682.578        0.564516       0.00323666     
682.904        0.5429         0.00323666     
683.231        0.535847       0.00296289     
683.557        0.552293       0.00296289     
683.884        0.562846       0.00296289     
684.21         0.561028       0.00502787     
684.536        0.563802       0.00502787     
684.863        0.557943       0.00502787     
685.189        0.564278       0.0049106      
685.515        0.568391       0.0049106      
685.841        0.576428       0.0049106      
686.167        0.568942       0.00461065     
686.493        0.554066       0.00461065     
686.819        0.542988       0.00461065     
687.145        0.548215       0.00594819     
687.471        0.562933       0.00594819     
687.797        0.574167       0.00594819     
688.123        0.560797       0.00480186     
688.448        0.550586       0.00480186     
688.774        0.542636       0.00480186     
689.1          0.546312       0.00582132     
689.425        0.563826       0.00582132     
689.751        0.575737       0.00582132     
690.076        0.573504       0.00422257     
690.402        0.553585       0.00422257     
690.727        0.543131       0.00422257     
691.052        0.555253       0.00429697     
691.377        0.573614       0.00429697     
691.703        0.58125        0.00429697     
692.028        0.568078       0.00484793     
692.353        0.56492        0.00484793     
692.678        0.549818       0.00484793     
693.003        0.556778       0.00435644     
693.328        0.56409        0.00435644     
693.652        0.582263       0.00435644     
693.977        0.570699       0.00435644     
694.302        0.552522       0.00541103     
694.627        0.536019       0.00541103     
694.951        0.544406       0.00541103     
695.276        0.575428       0.00319936     
695.6          0.588848       0.00319936     
695.925        0.5833         0.00319936     
696.249        0.536227       0.00512425     
696.574        0.519221       0.00512425     
696.898        0.545466       0.00512425     
697.222        0.583174       0.00421289     
697.546        0.596124       0.00421289     
697.871        0.578774       0.00421289     
698.195        0.563718       0.00509629     
698.519        0.551719       0.00509629     
698.843        0.555827       0.00509629     
699.167        0.550962       0.00395243     
699.491        0.559144       0.00395243     
699.814        0.562065       0.00395243     
700.138        0.557717       0.00316851     
700.462        0.556674       0.00316851     
700.786        0.558502       0.00316851     
701.109        0.564896       0.0035846      
701.433        0.556368       0.0035846      
701.756        0.555972       0.0035846      
702.08         0.563462       0.00495383     
702.403        0.570394       0.00495383     
702.726        0.578663       0.00495383     
703.05         0.584104       0.00388875     
703.373        0.574794       0.00388875     
703.696        0.569981       0.00388875     
704.019        0.559926       0.0059988      
704.342        0.565389       0.0059988      
704.665        0.571532       0.0059988      
704.988        0.576748       0.0059988      
705.311        0.560441       0.00633195     
705.634        0.555021       0.00633195     
705.957        0.540343       0.00633195     
706.28         0.53914        0.00452779     
706.602        0.555837       0.00452779     
706.925        0.571828       0.00452779     
707.247        0.583252       0.00662151     
707.57         0.582501       0.00662151     
707.892        0.576558       0.00662151     
708.215        0.565526       0.00473852     
708.537        0.56203        0.00473852     
708.859        0.558806       0.00473852     
709.182        0.546622       0.00570317     
709.504        0.544789       0.00570317     
709.826        0.545171       0.00570317     
710.148        0.552869       0.0040458      
710.47         0.56343        0.0040458      
710.792        0.571711       0.0040458      
711.114        0.574864       0.00432037     
711.436        0.568619       0.00432037     
711.758        0.566286       0.00432037     
712.079        0.55606        0.00407424     
712.401        0.551955       0.00407424     
712.723        0.551197       0.00407424     
713.044        0.559951       0.0035365      
713.366        0.552719       0.0035365      
713.687        0.565312       0.0035365      
714.009        0.570261       0.00415996     
714.33         0.575021       0.00415996     
714.652        0.569398       0.00415996     
714.973        0.561422       0.00415996     
715.294        0.565014       0.00430732     
715.615        0.564423       0.00430732     
715.936        0.565871       0.00430732     
716.257        0.555299       0.00485543     
716.578        0.549394       0.00485543     
716.899        0.548222       0.00485543     
717.22         0.554387       0.00553793     
717.541        0.548872       0.00553793     
717.862        0.55853        0.00553793     
718.182        0.570397       0.00402242     
718.503        0.584217       0.00402242     
718.824        0.565604       0.00402242     
719.144        0.570456       0.00433555     
719.465        0.579272       0.00433555     
719.785        0.577208       0.00433555     
720.105        0.567999       0.00491786     
720.426        0.556317       0.00491786     
720.746        0.558775       0.00491786     
721.066        0.565969       0.005541       
721.386        0.572841       0.005541       
721.706        0.565503       0.005541       
722.026        0.573525       0.00519418     
722.346        0.574291       0.00519418     
722.666        0.566194       0.00519418     
722.986        0.562777       0.00519418     
723.306        0.55468        0.00509136     
723.626        0.563931       0.00509136     
723.946        0.571627       0.00509136     
724.265        0.574821       0.0041979      
724.585        0.552944       0.0041979      
724.904        0.552227       0.0041979      
725.224        0.563866       0.00369876     
725.543        0.569223       0.00369876     
725.863        0.572847       0.00369876     
726.182        0.571578       0.00553319     
726.501        0.572113       0.00553319     
726.82         0.570781       0.00553319     
727.14         0.55486        0.00447577     
727.459        0.54788        0.00447577     
727.778        0.54584        0.00447577     
728.097        0.558264       0.00498396     
728.416        0.561936       0.00498396     
728.734        0.564729       0.00498396     
729.053        0.553958       0.00538786     
729.372        0.556592       0.00538786     
729.691        0.563031       0.00538786     
730.009        0.562383       0.00442864     
730.328        0.543639       0.00442864     
730.647        0.547148       0.00442864     
730.965        0.555072       0.00442864     
731.283        0.567147       0.00516398     
731.602        0.563706       0.00516398     
731.92         0.560996       0.00516398     
732.238        0.542734       0.00505286     
732.557        0.539771       0.00505286     
732.875        0.540296       0.00505286     
733.193        0.54604        0.00436553     
733.511        0.533273       0.00436553     
733.829        0.540953       0.00436553     
734.147        0.556302       0.00535589     
734.465        0.565757       0.00535589     
734.782        0.56042        0.00535589     
735.1          0.53965        0.00429244     
735.418        0.533477       0.00429244     
735.735        0.53794        0.00429244     
736.053        0.541976       0.00487082     
736.371        0.540132       0.00487082     
736.688        0.542713       0.00487082     
737.005        0.55017        0.00384235     
737.323        0.556009       0.00384235     
737.64         0.551949       0.00384235     
737.957        0.540168       0.00384235     
738.274        0.528449       0.0060791      
738.592        0.518113       0.0060791      
738.909        0.533195       0.0060791      
739.226        0.553957       0.0044654      
739.543        0.565228       0.0044654      
739.86         0.565467       0.0044654      
740.176        0.550273       0.00498037     
740.493        0.541485       0.00498037     
740.81         0.542738       0.00498037     
741.127        0.539855       0.00358032     
741.443        0.533205       0.00358032     
741.76         0.52768        0.00358032     
742.076        0.537051       0.00479345     
742.393        0.557759       0.00479345     
742.709        0.563927       0.00479345     
743.025        0.572957       0.00574727     
743.342        0.561716       0.00574727     
743.658        0.551385       0.00574727     
743.974        0.551186       0.00574727     
744.29         0.551225       0.00488743     
744.606        0.553738       0.00488743     
744.922        0.557413       0.00488743     
745.238        0.557043       0.00558641     
745.554        0.550637       0.00558641     
745.87         0.5562         0.00558641     
746.186        0.556047       0.00471075     
746.501        0.548028       0.00471075     
746.817        0.538296       0.00471075     
747.132        0.554488       0.00382452     
747.448        0.565743       0.00382452     
747.763        0.560563       0.00382452     
748.079        0.540485       0.00441991     
748.394        0.530804       0.00441991     
748.71         0.526508       0.00441991     
749.025        0.531439       0.00536651     
749.34         0.53221        0.00536651     
749.655        0.542332       0.00536651     
749.97         0.546931       0.00536651     
750.285        0.550435       0.00374107     
750.6          0.544497       0.00374107     
750.915        0.528617       0.00374107     
751.23         0.520188       0.00532943     
751.545        0.527403       0.00532943     
751.859        0.531457       0.00532943     
752.174        0.530438       0.00512463     
752.489        0.518894       0.00512463     
752.803        0.504399       0.00512463     
753.118        0.50575        0.00549323     
753.432        0.521816       0.00549323     
753.747        0.53517        0.00549323     
754.061        0.533659       0.00409933     
754.375        0.516819       0.00409933     
754.689        0.513656       0.00409933     
755.004        0.51341        0.0042192      
755.318        0.5195         0.0042192      
755.632        0.518306       0.0042192      
755.946        0.51425        0.0042192      
756.26         0.513148       0.00359696     
756.573        0.514267       0.00359696     
756.887        0.508975       0.00359696     
757.201        0.51226        0.00457755     
757.515        0.515687       0.00457755     
757.828        0.52868        0.00457755     
758.142        0.521855       0.00449102     
758.455        0.497817       0.00449102     
758.769        0.481657       0.00449102     
759.082        0.485515       0.00482265     
759.396        0.495465       0.00482265     
759.709        0.50042        0.00482265     
760.022        0.502012       0.00405285     
760.335        0.501548       0.00405285     
760.648        0.508117       0.00405285     
760.962        0.509629       0.00405285     
761.275        0.506367       0.00503979     
761.587        0.496074       0.00503979     
761.9          0.478501       0.00503979     
762.213        0.476169       0.00449774     
762.526        0.482219       0.00449774     
762.839        0.485639       0.00449774     
763.151        0.499949       0.00482895     
763.464        0.501862       0.00482895     
763.776        0.499247       0.00482895     
764.089        0.49459        0.00488363     
764.401        0.504619       0.00488363     
764.714        0.516887       0.00488363     
765.026        0.517132       0.00487658     
765.338        0.513238       0.00487658     
765.65         0.500997       0.00487658     
765.962        0.496298       0.00487658     
766.275        0.482072       0.00522503     
766.587        0.47969        0.00522503     
766.898        0.474708       0.00522503     
767.21         0.470794       0.00427863     
767.522        0.473631       0.00427863     
767.834        0.486989       0.00427863     
768.146        0.499082       0.00501476     
768.457        0.512445       0.00501476     
768.769        0.521002       0.00501476     
769.08         0.524683       0.00592115     
769.392        0.508288       0.00592115     
769.703        0.494369       0.00592115     
770.015        0.488798       0.00414687     
770.326        0.489615       0.00414687     
770.637        0.497973       0.00414687     
770.948        0.50699        0.00414687     
771.26         0.513028       0.00442336     
771.571        0.50661        0.00442336     
771.882        0.4885         0.00442336     
772.193        0.478168       0.00520445     
772.504        0.485062       0.00520445     
772.814        0.493253       0.00520445     
773.125        0.499359       0.00551394     
773.436        0.495165       0.00551394     
773.747        0.497495       0.00551394     
774.057        0.49928        0.00456431     
774.368        0.499261       0.00456431     
774.678        0.490844       0.00456431     
774.989        0.504396       0.00456431     
775.299        0.50562        0.0060221      
775.609        0.504936       0.0060221      
775.919        0.507788       0.0060221      
776.23         0.505701       0.0050429      
776.54         0.506958       0.0050429      
776.85         0.512912       0.0050429      
777.16         0.514462       0.00460984     
777.47         0.517873       0.00460984     
777.78         0.50641        0.00460984     
778.089        0.504608       0.00613506     
778.399        0.507913       0.00613506     
778.709        0.513233       0.00613506     
779.019        0.518999       0.00490528     
779.328        0.518156       0.00490528     
779.638        0.517008       0.00490528     
779.947        0.503461       0.00490528     
780.257        0.482205       0.00506799     
780.566        0.477273       0.00506799     
780.875        0.488027       0.00506799     
781.185        0.508273       0.00503861     
781.494        0.507932       0.00503861     
781.803        0.501842       0.00503861     
782.112        0.490793       0.00522767     
782.421        0.492084       0.00522767     
782.73         0.48569        0.00522767     
783.039        0.485882       0.004951       
783.348        0.487373       0.004951       
783.656        0.495229       0.004951       
783.965        0.503958       0.004951       
784.274        0.490278       0.00496111     
784.582        0.469697       0.00496111     
784.891        0.478726       0.00496111     
785.199        0.486845       0.004647       
785.508        0.502056       0.004647       
785.816        0.500899       0.004647       
786.124        0.500019       0.00481662     
786.432        0.497809       0.00481662     
786.741        0.481285       0.00481662     
787.049        0.488554       0.00503794     
787.357        0.494505       0.00503794     
787.665        0.503344       0.00503794     
787.973        0.498029       0.00503794     
788.281        0.492321       0.00333264     
788.588        0.493135       0.00333264     
788.896        0.498637       0.00333264     
789.204        0.498809       0.0055215      
789.511        0.486893       0.0055215      
789.819        0.481618       0.0055215      
790.126        0.484591       0.0036085      
790.434        0.486878       0.0036085      
790.741        0.493163       0.0036085      
791.049        0.498559       0.00411454     
791.356        0.503377       0.00411454     
791.663        0.511223       0.00411454     
791.97         0.504549       0.00411454     
792.277        0.507391       0.00439685     
792.584        0.505442       0.00439685     
792.891        0.499799       0.00439685     
793.198        0.488203       0.00505605     
793.505        0.484857       0.00505605     
793.812        0.494575       0.00505605     
794.119        0.509451       0.00602696     
794.425        0.510188       0.00602696     
794.732        0.49872        0.00602696     
795.038        0.494549       0.00452082     
795.345        0.498217       0.00452082     
795.651        0.487425       0.00452082     
795.958        0.481036       0.00452082     
796.264        0.465283       0.00443529     
796.57         0.456137       0.00443529     
796.876        0.464611       0.00443529     
797.183        0.488409       0.00609342     
797.489        0.503952       0.00609342     
797.795        0.516476       0.00609342     
798.101        0.51279        0.00342738     
798.406        0.508392       0.00342738     
798.712        0.513385       0.00342738     
799.018        0.522014       0.00540472     
799.324        0.518278       0.00540472     
799.629        0.513026       0.00540472     
799.935        0.514709       0.00540472     
800.24         0.511057       0.00416848     
800.546        0.516968       0.00416848     
800.851        0.522832       0.00416848     
801.157        0.523874       0.00384383     
801.462        0.539057       0.00384383     
801.767        0.534938       0.00384383     
802.072        0.518875       0.00477953     
802.377        0.528604       0.00477953     
802.682        0.515774       0.00477953     
802.987        0.519303       0.00477953     
803.292        0.542891       0.00473586     
803.597        0.541369       0.00473586     
803.902        0.539108       0.00473586     
804.207        0.534726       0.00495399     
804.511        0.525482       0.00495399     
804.816        0.535402       0.00495399     
805.12         0.522529       0.00561375     
805.425        0.500726       0.00561375     
805.729        0.505696       0.00561375     
806.034        0.507941       0.00467352     
806.338        0.521636       0.00467352     
806.642        0.524033       0.00467352     
806.946        0.511201       0.00467352     
807.251        0.502026       0.00447955     
807.555        0.496765       0.00447955     
807.859        0.493835       0.00447955     
808.162        0.494879       0.00454485     
808.466        0.501654       0.00454485     
808.77         0.50337        0.00454485     
809.074        0.507029       0.00529792     
809.378        0.508424       0.00529792     
809.681        0.506886       0.00529792     
809.985        0.509625       0.00529792     
810.288        0.517114       0.0049745      
810.592        0.513542       0.0049745      
810.895        0.523122       0.0049745      
811.198        0.524631       0.0053755      
811.502        0.534601       0.0053755      
811.805        0.545346       0.0053755      
812.108        0.54463        0.00445586     
812.411        0.550916       0.00445586     
812.714        0.530988       0.00445586     
813.017        0.516574       0.00413942     
813.32         0.521142       0.00413942     
813.623        0.525584       0.00413942     
813.926        0.542094       0.00413942     
814.228        0.545437       0.00511427     
814.531        0.540748       0.00511427     
814.833        0.53711        0.00511427     
815.136        0.539377       0.00449228     
815.438        0.535237       0.00449228     
815.741        0.540934       0.00449228     
816.043        0.534142       0.00440284     
816.345        0.530211       0.00440284     
816.648        0.534068       0.00440284     
816.95         0.543171       0.00440284     
817.252        0.556895       0.00457806     
817.554        0.554847       0.00457806     
817.856        0.577425       0.00457806     
818.158        0.565536       0.0038777      
818.46         0.559048       0.0038777      
818.761        0.574469       0.0038777      
819.063        0.561032       0.00500123     
819.365        0.563594       0.00500123     
819.666        0.563069       0.00500123     
819.968        0.551721       0.00500123     
820.269        0.537842       0.00431486     
820.571        0.542874       0.00431486     
820.872        0.549448       0.00431486     
821.173        0.556856       0.00446062     
821.475        0.557925       0.00446062     
821.776        0.563031       0.00446062     
822.077        0.558465       0.00612696     
822.378        0.562784       0.00612696     
822.679        0.549907       0.00612696     
822.98         0.552278       0.00612696     
823.281        0.558555       0.00527291     
823.581        0.574854       0.00527291     
823.882        0.577755       0.00527291     
824.183        0.574095       0.00464764     
824.483        0.573043       0.00464764     
824.784        0.583618       0.00464764     
825.084        0.574941       0.00551028     
825.385        0.56833        0.00551028     
825.685        0.572967       0.00551028     
825.985        0.578787       0.00551028     
826.286        0.592115       0.00451785     
826.586        0.573997       0.00451785     
826.886        0.564335       0.00451785     
827.186        0.555948       0.00403916     
827.486        0.571322       0.00403916     
827.786        0.56999        0.00403916     
828.086        0.568662       0.00448417     
828.386        0.569049       0.00448417     
828.685        0.568724       0.00448417     
828.985        0.56903        0.00448417     
829.285        0.572548       0.00469006     
829.584        0.57748        0.00469006     
829.884        0.595112       0.00469006     
830.183        0.594364       0.00521199     
830.482        0.593632       0.00521199     
830.782        0.633094       0.00521199     
831.081        0.624773       0.00459613     
831.38         0.652284       0.00459613     
831.679        0.652565       0.00459613     
831.978        0.645133       0.00459613     
832.277        0.6389         0.00830642     
832.576        0.648135       0.00830642     
832.875        0.637763       0.00830642     
833.174        0.648035       9.79291e-05    
833.472        0.647466       9.79291e-05    
833.771        0.642283       9.79291e-05    
834.07         0.64517        9.79291e-05    
834.368        0.612879       9.79291e-05    
834.667        0.604527       9.79291e-05    
834.965        0.611353       9.79291e-05    
835.263        0.624089       9.79291e-05    
835.562        0.615707       9.79291e-05    
835.86         0.617445       9.79291e-05    
836.158        0.619421       0.00406357     
836.456        0.6342         0.00406357     
836.754        0.640649       0.00406357     
837.052        0.659753       0.00461599     
837.35         0.680473       0.00461599     
837.648        0.668594       0.00461599     
837.946        0.689421       0.00461599     
838.243        0.700083       0.00363166     
838.541        0.712293       0.00363166     
838.839        0.704788       0.00363166     
839.136        0.686861       0.00348186     
839.434        0.679968       0.00348186     
839.731        0.673633       0.00348186     
840.028        0.666243       0.00573        
840.326        0.679878       0.00573        
840.623        0.675759       0.00573        
840.92         0.685747       0.00573        
841.217        0.712169       0.00441939     
841.514        0.700828       0.00441939     
841.811        0.702993       0.00441939     
842.108        0.721423       0.00444325     
842.405        0.718426       0.00444325     
842.701        0.731223       0.00444325     
842.998        0.736245       0.00444325     
843.295        0.763364       0.0047093      
843.591        0.74643        0.0047093      
843.888        0.735254       0.0047093      
844.184        0.752662       0.00525409     
844.481        0.743322       0.00525409     
844.777        0.752116       0.00525409     
845.073        0.752499       0.00346124     
845.369        0.73274        0.00346124     
845.665        0.737355       0.00346124     
845.962        0.730068       0.00346124     
846.258        0.751779       0.00371169     
846.553        0.75223        0.00371169     
846.849        0.759159       0.00371169     
847.145        0.739144       0.00503182     
847.441        0.774564       0.00503182     
847.737        0.727224       0.00503182     
848.032        0.7466         0.00414837     
848.328        0.72478        0.00414837     
848.623        0.749143       0.00414837     
848.919        0.749759       0.00414837     
849.214        0.766045       0.00526955     
849.509        0.757326       0.00526955     
849.805        0.771475       0.00526955     
850.1          0.751928       0.00451278     
850.395        0.768565       0.00451278     
850.69         0.766378       0.00451278     
850.985        0.77456        0.00451278     
851.28         0.785478       0.00556453     
851.575        0.800494       0.00556453     
851.869        0.780895       0.00556453     
852.164        0.813976       0.00466997     
852.459        0.755079       0.00466997     
852.753        0.724919       0.00466997     
853.048        0.667801       0.0051628      
853.342        0.660253       0.0051628      
853.637        0.629374       0.0051628      
853.931        0.633777       0.0051628      
854.225        0.598039       0.00420799     
854.52         0.581613       0.00420799     
854.814        0.607267       0.00420799     
855.108        0.594944       0.0040545      
855.402        0.595608       0.0040545      
855.696        0.586338       0.0040545      
855.99         0.61419        0.0040545      
856.283        0.616183       0.00502904     
856.577        0.614705       0.00502904     
856.871        0.64288        0.00502904     
857.164        0.657191       0.00452101     
857.458        0.686106       0.00452101     
857.751        0.667169       0.00452101     
858.045        0.672267       0.00392185     
858.338        0.691238       0.00392185     
858.632        0.723076       0.00392185     
858.925        0.710727       0.00392185     
859.218        0.724333       0.00503163     
859.511        0.729358       0.00503163     
859.804        0.737358       0.00503163     
860.097        0.736426       0.00492783     
860.39         0.731578       0.00492783     
860.683        0.740706       0.00492783     
860.976        0.750572       0.00492783     
861.268        0.767821       0.00459031     
861.561        0.754571       0.00459031     
861.854        0.758881       0.00459031     
862.146        0.797205       0.00547917     
862.439        0.794202       0.00547917     
862.731        0.785058       0.00547917     
863.023        0.795552       0.00431301     
863.316        0.796421       0.00431301     
863.608        0.774049       0.00431301     
863.9          0.796797       0.00431301     
864.192        0.764142       0.0049687      
864.484        0.764246       0.0049687      
864.776        0.758301       0.0049687      
865.068        0.760565       0.00507824     
865.36         0.764122       0.00507824     
865.651        0.783652       0.00507824     
865.943        0.789309       0.00507824     
866.235        0.79464        0.0042933      
866.526        0.816869       0.0042933      
866.818        0.818871       0.0042933      
867.109        0.836354       0.00406766     
867.4          0.847799       0.00406766     
867.692        0.823359       0.00406766     
867.983        0.790238       0.00406766     
868.274        0.818076       0.00406716     
868.565        0.785459       0.00406716     
868.856        0.795682       0.00406716     
869.147        0.829006       0.00504589     
869.438        0.81449        0.00504589     
869.729        0.804241       0.00504589     
870.02         0.808244       0.00484738     
870.31         0.845201       0.00484738     
870.601        0.8415         0.00484738     
870.892        0.822023       0.00484738     
871.182        0.822325       0.00570063     
871.473        0.854548       0.00570063     
871.763        0.809417       0.00570063     
872.053        0.781009       0.00479613     
872.343        0.797468       0.00479613     
872.634        0.807553       0.00479613     
872.924        0.803908       0.00479613     
873.214        0.794414       0.00521373     
873.504        0.818295       0.00521373     
873.794        0.803039       0.00521373     
874.084        0.82091        0.00466539     
874.373        0.80421        0.00466539     
874.663        0.82349        0.00466539     
874.953        0.832139       0.00466539     
875.242        0.825139       0.00540109     
875.532        0.817928       0.00540109     
875.821        0.828854       0.00540109     
876.111        0.842437       0.00506117     
876.4          0.839081       0.00506117     
876.689        0.804499       0.00506117     
876.978        0.799101       0.00506117     
877.268        0.794812       0.00524199     
877.557        0.822898       0.00524199     
877.846        0.821415       0.00524199     
878.134        0.845366       0.0038995      
878.423        0.845522       0.0038995      
878.712        0.845677       0.0038995      
