178.41 1.05018 0.158519
178.791 1.05683 0.159522
179.172 1.06343 0.160519
179.553 0.474793 0.474793
179.934 0.961448 0.961448
180.316 0.625743 0.625743
180.697 0.660952 0.660952
181.078 0.832965 0.832965
181.459 0.61083 0.61083
181.84 0.656547 0.656547
182.221 3.0748 3.0748
182.602 0.290916 0.290916
182.983 2.61623 0.732404
183.364 1.4267 0.211952
183.744 0.769422 0.098273
184.125 0.702982 0.0814837
184.506 0.515177 0.0571432
184.887 0.488744 0.0496321
185.268 0.482637 0.0424609
185.648 0.524137 0.0428342
186.029 0.572175 0.0426877
186.41 0.612355 0.0430065
186.791 0.619576 0.0415738
187.171 0.47596 0.0311671
187.552 0.333907 0.0212391
187.932 0.4036 0.0237766
188.313 0.367028 0.0211769
188.694 0.36418 0.0210826
189.074 0.401419 0.02134
189.455 0.402912 0.0207864
189.835 0.389251 0.0210078
190.216 0.402619 0.0208025
190.596 0.362872 0.0189001
190.977 0.367725 0.0188783
191.357 0.390119 0.019502
191.737 0.37179 0.0188005
192.118 0.390878 0.0191826
192.498 0.383318 0.0184069
192.878 0.38924 0.0186912
193.258 0.387486 0.0183272
193.639 0.375296 0.017813
194.019 0.395131 0.0184387
194.399 0.368173 0.0176451
194.779 0.340142 0.0162803
195.159 0.362488 0.0172937
195.54 0.360041 0.0167188
195.92 0.341337 0.0163269
196.3 0.356063 0.0164338
196.68 0.360056 0.0166081
197.06 0.334289 0.0159073
197.44 0.330643 0.0156685
197.82 0.325886 0.0154332
198.2 0.345684 0.0158877
198.58 0.308621 0.0146156
198.959 0.288313 0.014101
199.339 0.305046 0.0145674
199.719 0.283399 0.013772
200.099 0.305953 0.0143439
200.479 0.291887 0.0139707
200.858 0.267857 0.013186
201.238 0.256338 0.0126978
201.618 0.280392 0.0134293
201.998 0.254251 0.0124818
202.377 0.263984 0.0127182
202.757 0.242349 0.0120258
203.136 0.236706 0.0118079
203.516 0.232955 0.0115395
203.896 0.218699 0.0110432
204.275 0.227504 0.011041
204.655 0.228062 0.0110756
205.034 0.202738 0.0103198
205.414 0.213409 0.0104553
205.793 0.201169 0.0100601
206.172 0.209554 0.0102769
206.552 0.201221 0.00989882
206.931 0.186248 0.00937742
207.31 0.178847 0.00909023
207.69 0.189559 0.00928376
208.069 0.186336 0.00908263
208.448 0.168308 0.00852337
208.827 0.181045 0.00878919
209.207 0.170332 0.00850291
209.586 0.159821 0.0080209
209.965 0.160516 0.0080129
210.344 0.152337 0.00769223
210.723 0.152494 0.00760165
211.102 0.144665 0.00727587
211.481 0.150442 0.00738056
211.86 0.145446 0.00718474
212.239 0.145784 0.00712041
212.618 0.135553 0.00676674
212.997 0.126525 0.00643088
213.376 0.127281 0.00642702
213.755 0.13287 0.0064744
214.134 0.130081 0.00631931
214.513 0.125565 0.00610814
214.891 0.126143 0.0060813
215.27 0.113829 0.00566826
215.649 0.118589 0.00573798
216.028 0.112397 0.0054897
216.406 0.110364 0.00538315
216.785 0.10904 0.0052637
217.164 0.100218 0.00499577
217.542 0.0911095 0.00466346
217.921 0.0954005 0.00471092
218.3 0.0949869 0.00468405
218.678 0.0939938 0.00458621
219.057 0.0923321 0.00446456
219.435 0.0862379 0.0042438
219.814 0.0871342 0.00423436
220.192 0.0857042 0.00413177
220.57 0.0822705 0.0040007
220.949 0.0780377 0.00383104
221.327 0.0760824 0.00371984
221.705 0.073875 0.00362795
222.084 0.0738521 0.0035487
222.462 0.068462 0.00337603
222.84 0.0700347 0.0033864
223.218 0.0667229 0.00322306
223.597 0.0639077 0.00312247
223.975 0.0640503 0.00306967
224.353 0.0585239 0.00290203
224.731 0.0583538 0.00285111
225.109 0.0564389 0.0027473
225.487 0.0543284 0.00265713
225.865 0.0517129 0.00255274
226.243 0.050025 0.00247886
226.621 0.0527244 0.00251134
226.999 0.0490221 0.00237196
227.377 0.0443347 0.00223381
227.755 0.0450536 0.00222246
228.133 0.0433704 0.00215286
228.511 0.0425518 0.00210707
228.889 0.0447025 0.00211836
229.266 0.0415928 0.00202396
229.644 0.0399173 0.00194374
230.022 0.0403309 0.0019285
230.4 0.0411415 0.00192942
230.777 0.0368079 0.00180761
231.155 0.0366675 0.00178071
231.533 0.036019 0.0017399
231.91 0.0355378 0.00170485
232.288 0.034594 0.00166612
232.665 0.032999 0.00160631
233.043 0.0320521 0.00156815
233.42 0.0323996 0.00155532
233.798 0.0315309 0.00152311
234.175 0.0301042 0.00146887
234.553 0.0295459 0.00143969
234.93 0.030363 0.00144484
235.307 0.0290856 0.00140267
235.685 0.0283099 0.00137254
236.062 0.028243 0.0013549
236.439 0.0269778 0.00131765
236.816 0.0252871 0.0012601
237.194 0.0274777 0.00129963
237.571 0.027293 0.00128398
237.948 0.0263096 0.00125398
238.325 0.0255481 0.00122202
238.702 0.0237709 0.00117179
239.079 0.0251186 0.0011926
239.456 0.0240544 0.00115927
239.833 0.0235411 0.00113943
240.21 0.0239078 0.00113767
240.587 0.0219351 0.00108467
240.964 0.0216087 0.00106779
241.341 0.0210386 0.00104471
241.718 0.0224202 0.00106826
242.095 0.0222191 0.00106314
242.472 0.0220814 0.00105144
242.849 0.020815 0.00101322
243.225 0.0205496 0.000997964
243.602 0.0217738 0.00102209
243.979 0.0204601 0.000987351
244.356 0.0202656 0.000978614
244.732 0.0187372 0.000931406
245.109 0.0195651 0.000945095
245.486 0.0206219 0.000968934
245.862 0.0193053 0.000932864
246.239 0.0186002 0.000906335
246.615 0.0196201 0.000929166
246.992 0.0189765 0.000907106
247.368 0.0186072 0.00089823
247.745 0.0185971 0.000890413
248.121 0.0186909 0.000886573
248.497 0.0183091 0.000876052
248.874 0.0175355 0.000852153
249.25 0.0175862 0.000845874
249.626 0.018357 0.000862783
250.003 0.0178236 0.000845166
250.379 0.016217 0.000798326
250.755 0.0169498 0.000816871
251.131 0.0170652 0.000813894
251.507 0.0164042 0.000796912
251.884 0.0167651 0.000800099
252.26 0.0173486 0.000814111
252.636 0.0172577 0.000804585
253.012 0.0163077 0.000779274
253.388 0.0158313 0.000765496
253.764 0.0160563 0.000767763
254.14 0.0151291 0.000743491
254.516 0.0154296 0.000749816
254.892 0.0161648 0.000763589
255.268 0.0159873 0.000758577
255.643 0.015985 0.000755339
256.019 0.0159817 0.000754701
256.395 0.0166203 0.000768025
256.771 0.0155548 0.000737582
257.147 0.0155393 0.000736378
257.522 0.0155294 0.000734978
257.898 0.01539 0.000730469
258.274 0.0155554 0.000732484
258.649 0.0146169 0.000709609
259.025 0.0160722 0.000740008
259.4 0.0143346 0.000698484
259.776 0.015197 0.000716968
260.151 0.0154833 0.000726122
260.527 0.0146267 0.000702606
260.902 0.0140804 0.000687485
261.278 0.0144956 0.000696074
261.653 0.0152444 0.000713808
262.028 0.0139711 0.000684005
262.404 0.0147289 0.000699089
262.779 0.0146272 0.000694926
263.154 0.014174 0.00068287
263.53 0.0147099 0.000693763
263.905 0.0151211 0.000704759
264.28 0.0147984 0.000696836
264.655 0.0141379 0.000679128
265.03 0.0147101 0.000694873
265.405 0.0136495 0.000667123
265.781 0.014313 0.000683957
266.156 0.0142823 0.00068249
266.531 0.0143975 0.00068162
266.906 0.0151867 0.00070392
267.281 0.0146333 0.000687557
267.655 0.0144198 0.000685072
268.03 0.0146854 0.000691738
268.405 0.0145726 0.00068816
268.78 0.0135294 0.000663056
269.155 0.0138368 0.000669054
269.53 0.0139416 0.000673898
269.904 0.0135409 0.000663394
270.279 0.0147778 0.000693472
270.654 0.0150611 0.000698097
271.029 0.0144177 0.000684317
271.403 0.0148679 0.000692955
271.778 0.0142149 0.000679492
272.152 0.01451 0.000687163
272.527 0.0140604 0.000675839
272.901 0.0145362 0.00068449
273.276 0.0144879 0.000681795
273.65 0.0145885 0.000686307
274.025 0.0150598 0.000695494
274.399 0.0146707 0.00068974
274.774 0.013879 0.000669319
275.148 0.0143193 0.000677702
275.522 0.0153663 0.000703922
275.897 0.0143073 0.000678866
276.271 0.0154262 0.000705614
276.645 0.0139161 0.000668247
277.019 0.0143843 0.000677554
277.393 0.014586 0.000680448
277.768 0.0144424 0.000680293
278.142 0.0147674 0.000687214
278.516 0.0143096 0.000677671
278.89 0.014008 0.000669169
279.264 0.0141347 0.000674345
279.638 0.0142694 0.000674273
280.012 0.0145195 0.000681351
280.386 0.0149011 0.000693856
280.76 0.0145694 0.000683482
281.133 0.0150795 0.000696619
281.507 0.0142621 0.000676931
281.881 0.014787 0.000687699
282.255 0.0141912 0.000674646
282.629 0.0146582 0.000687647
283.002 0.0146924 0.000688821
283.376 0.0147216 0.000687619
283.75 0.0142342 0.000678436
284.123 0.014618 0.000685123
284.497 0.0152843 0.00070184
284.87 0.0146006 0.000686664
285.244 0.015314 0.000701944
285.618 0.0152828 0.000703031
285.991 0.0152363 0.000704923
286.364 0.014827 0.000695133
286.738 0.0147567 0.000693354
287.111 0.0148804 0.000696549
287.485 0.0148881 0.000697122
287.858 0.0154474 0.000712747
288.231 0.0149747 0.000700527
288.605 0.0152906 0.000709818
288.978 0.0153 0.000708523
289.351 0.0149891 0.000704933
289.724 0.0142915 0.00068831
290.097 0.0151275 0.000709001
290.47 0.0152254 0.00071359
290.843 0.0152622 0.0007142
291.217 0.0151071 0.000710703
291.59 0.0155673 0.000726446
291.963 0.0151153 0.000714243
292.336 0.0144696 0.000701052
292.708 0.0155217 0.000727478
293.081 0.0148835 0.000715642
293.454 0.0161954 0.000743228
293.827 0.0152693 0.000723811
294.2 0.0154986 0.000733981
294.573 0.0164292 0.000753283
294.945 0.0154632 0.000735121
295.318 0.0161354 0.000750638
295.691 0.0154172 0.00073553
296.064 0.0157636 0.000745112
296.436 0.0158114 0.000745715
296.809 0.0158654 0.000744979
297.181 0.0162971 0.000759099
297.554 0.0163168 0.000760718
297.926 0.0164134 0.000763572
298.299 0.0160947 0.000756928
298.671 0.0159347 0.000749878
299.044 0.0160794 0.000757403
299.416 0.0163314 0.00076447
299.788 0.0165643 0.000768706
300.161 0.0161688 0.000762813
300.533 0.016409 0.000767389
300.905 0.0149192 0.000728939
301.278 0.0157946 0.000751594
301.65 0.0169139 0.000776898
302.022 0.0165197 0.000769465
302.394 0.0159506 0.000757316
302.766 0.0158444 0.000753725
303.138 0.0168925 0.000781313
303.51 0.0164167 0.000768227
303.882 0.0167524 0.000775069
304.254 0.0162052 0.000763802
304.626 0.0161892 0.000761132
304.998 0.0161592 0.000760199
305.37 0.0162069 0.000765575
305.742 0.015474 0.000745261
306.114 0.0167539 0.000775136
306.485 0.0168733 0.000778067
306.857 0.0157203 0.000750477
307.229 0.0163834 0.00076882
307.601 0.0171216 0.000785733
307.972 0.0162487 0.000764654
308.344 0.0162898 0.000764662
308.716 0.0166709 0.000776745
309.087 0.0157579 0.000754226
309.459 0.0171111 0.000787137
309.83 0.0162522 0.000767227
310.202 0.0164759 0.000771233
310.573 0.0172028 0.000788524
310.945 0.0169126 0.000781301
311.316 0.0167232 0.000780631
311.687 0.0166819 0.00077654
312.059 0.0174707 0.000797476
312.43 0.01786 0.000804846
312.801 0.0162863 0.000771282
313.172 0.0159845 0.000764571
313.544 0.0173382 0.000797111
313.915 0.016934 0.000782756
314.286 0.0169467 0.00078645
314.657 0.0172427 0.000791531
315.028 0.0157725 0.000758634
315.399 0.0164556 0.00077463
315.77 0.0171934 0.000790687
316.141 0.0176385 0.000804189
316.512 0.0169676 0.00078863
316.883 0.0172136 0.00079593
317.254 0.0161888 0.000771095
317.625 0.0174125 0.000804636
317.996 0.0166795 0.000783205
318.366 0.0180419 0.000816587
318.737 0.016666 0.00078404
319.108 0.0171609 0.000798344
319.478 0.0174569 0.000805468
319.849 0.0171032 0.000796889
320.22 0.0170417 0.000796235
320.59 0.0173388 0.000802688
320.961 0.0174089 0.000805691
321.331 0.0174134 0.000805902
321.702 0.0177723 0.000818287
322.072 0.0166534 0.000794505
322.443 0.0171662 0.000805047
322.813 0.017903 0.000820618
323.184 0.017757 0.000819556
323.554 0.0174162 0.000814231
323.924 0.0183044 0.000834305
324.295 0.0181123 0.000833941
324.665 0.0177783 0.000826819
325.035 0.0186351 0.0008454
325.405 0.0179551 0.000833246
325.775 0.017587 0.000828671
326.145 0.0176971 0.000830467
326.515 0.0181732 0.000843116
326.886 0.0174265 0.000829787
327.256 0.0185385 0.000856667
327.626 0.0184843 0.000860705
327.995 0.0182554 0.000857468
328.365 0.019166 0.000879821
328.735 0.018954 0.000879338
329.105 0.0184794 0.000877667
329.475 0.0187348 0.000890652
329.845 0.0207526 0.000950946
330.215 0.0208546 0.000949703
330.584 0.0197567 0.000915458
330.954 0.0183519 0.00086146
331.324 0.0178858 0.000826507
331.693 0.0177587 0.000809431
332.063 0.0159745 0.000759424
332.432 0.0165913 0.000769957
332.802 0.0167925 0.00078097
333.171 0.0181141 0.000821764
333.541 0.0176106 0.00082538
333.91 0.0185442 0.000851278
334.28 0.0184209 0.000853304
334.649 0.0183811 0.000854853
335.018 0.0191884 0.0008764
335.388 0.0201238 0.000900405
335.757 0.0185059 0.000863575
336.126 0.0185352 0.000867364
336.495 0.0184448 0.000862322
336.865 0.0195897 0.000892361
337.234 0.0182834 0.00086697
337.603 0.0194871 0.000893229
337.972 0.0187601 0.000878427
338.341 0.018559 0.000872275
338.71 0.0184989 0.00087027
339.079 0.0190428 0.000886173
339.448 0.0188196 0.000879573
339.817 0.0197101 0.000902367
340.186 0.019371 0.000895139
340.554 0.0194375 0.000895498
340.923 0.0194127 0.000896798
341.292 0.0195909 0.000901754
341.661 0.0196754 0.000904829
342.029 0.0198309 0.000906825
342.398 0.0192119 0.000893758
342.767 0.0202037 0.000920065
343.135 0.0207672 0.000932107
343.504 0.0194992 0.000906019
343.872 0.019817 0.000909974
344.241 0.0191114 0.000895719
344.609 0.0201285 0.000922898
344.978 0.020663 0.000934126
345.346 0.019152 0.000895942
345.715 0.0207504 0.000936186
346.083 0.0193021 0.000904936
346.451 0.0194688 0.000907394
346.82 0.0193943 0.000908687
347.188 0.0195017 0.000909479
347.556 0.0199709 0.000925102
347.924 0.0190124 0.000901538
348.292 0.0198303 0.000922818
348.66 0.020209 0.000930767
349.028 0.0201503 0.000930583
349.396 0.0186249 0.000898192
349.764 0.0202583 0.000935571
350.132 0.0203108 0.000936299
350.5 0.0210285 0.000954254
350.868 0.0194273 0.000918871
351.236 0.020985 0.000954238
351.604 0.0199821 0.000934777
351.972 0.0214204 0.000968929
352.34 0.0212207 0.000965805
352.707 0.0199534 0.000936934
353.075 0.0198266 0.000934199
353.443 0.0198795 0.000937578
353.81 0.0204704 0.000953774
354.178 0.0210487 0.000967696
354.545 0.020305 0.00094812
354.913 0.0203009 0.000952054
355.28 0.0210795 0.000970273
355.648 0.0206498 0.000958301
356.015 0.0206713 0.00096048
356.383 0.0214202 0.000976608
356.75 0.020844 0.000965838
357.117 0.0210449 0.00097102
357.485 0.0204248 0.000957279
357.852 0.0214698 0.00098824
358.219 0.0207587 0.000966912
358.586 0.0217485 0.00098953
358.954 0.0210682 0.000978025
359.321 0.0224923 0.0010081
359.688 0.0221316 0.0010049
360.055 0.0197441 0.000947804
360.422 0.0221587 0.00100554
360.789 0.0202988 0.000964076
361.156 0.0219368 0.00100134
361.523 0.0218793 0.00100407
361.89 0.021852 0.00100223
362.256 0.0219753 0.00100103
362.623 0.0214119 0.000997957
362.99 0.0202008 0.000964683
363.357 0.0207749 0.000982289
363.724 0.0216104 0.00100228
364.09 0.0214711 0.000997031
364.457 0.0220862 0.00101876
364.823 0.0222905 0.00101689
365.19 0.0211685 0.000992438
365.557 0.0218663 0.0010071
365.923 0.0217332 0.00100735
366.29 0.0222835 0.00102323
366.656 0.0223518 0.00102059
367.022 0.0228765 0.00103121
367.389 0.0214844 0.00100381
367.755 0.0224285 0.00103051
368.121 0.0226654 0.00103552
368.488 0.0209839 0.000995024
368.854 0.0219265 0.00102099
369.22 0.0219019 0.00102523
369.586 0.022792 0.00104941
369.952 0.0217756 0.00102798
370.318 0.0238913 0.00107727
370.684 0.0225059 0.00104862
371.051 0.0218384 0.00103323
371.416 0.0234578 0.00107747
371.782 0.0225916 0.00105423
372.148 0.0232034 0.00107061
372.514 0.0225288 0.0010572
372.88 0.0236953 0.00108741
373.246 0.0232841 0.00107694
373.612 0.0230647 0.00107135
373.977 0.0230732 0.00106913
374.343 0.023025 0.00106464
374.709 0.0230842 0.00106255
375.074 0.0236276 0.0010782
375.44 0.0226613 0.00106045
375.806 0.0234249 0.00108412
376.171 0.0234285 0.00107872
376.537 0.0228652 0.0010647
376.902 0.0245691 0.0011056
377.268 0.0230237 0.00106586
377.633 0.0221439 0.00104339
377.998 0.022764 0.00105384
378.364 0.0223339 0.00103933
378.729 0.0236763 0.00107191
379.094 0.0234394 0.0010712
379.459 0.0236151 0.00108961
379.825 0.0234063 0.00107997
380.19 0.0235354 0.00108463
380.555 0.0246013 0.00111671
380.92 0.0250283 0.00114043
381.285 0.0246547 0.00112975
381.65 0.0250966 0.00113096
382.015 0.0231254 0.00108723
382.38 0.0240508 0.00111308
382.745 0.0230884 0.00109727
383.11 0.0244785 0.00113288
383.474 0.0242456 0.00112415
383.839 0.0250309 0.00114426
384.204 0.0260287 0.00117061
384.569 0.0254038 0.00115789
384.933 0.0230962 0.00110726
385.298 0.0258435 0.00117309
385.663 0.0235633 0.00111697
386.027 0.0254412 0.00115822
386.392 0.0245271 0.00113237
386.756 0.0241491 0.00111796
387.121 0.0245609 0.00112713
387.485 0.0249787 0.00113319
387.849 0.0244277 0.00111537
388.214 0.025357 0.001149
388.578 0.024523 0.00113563
388.942 0.0237933 0.0011243
389.307 0.0253605 0.00115968
389.671 0.0253959 0.00116476
390.035 0.0250152 0.00115073
390.399 0.024479 0.00113566
390.763 0.0240142 0.0011182
391.127 0.024428 0.00112372
391.492 0.0226902 0.00106812
391.856 0.0222537 0.0010456
392.219 0.023173 0.00105902
392.583 0.0222986 0.00104477
392.947 0.0249817 0.0011297
393.311 0.0253419 0.00114832
393.675 0.0251384 0.00114714
394.039 0.0245635 0.00114097
394.403 0.0245274 0.0011407
394.766 0.0252818 0.00116126
395.13 0.0259176 0.00117888
395.494 0.0248935 0.00115489
395.857 0.0247519 0.00114657
396.221 0.0241546 0.00112753
396.584 0.0238828 0.00111277
396.948 0.0234992 0.00109188
397.311 0.0232175 0.00106933
397.675 0.0233961 0.00106764
398.038 0.0228239 0.00105501
398.401 0.0243457 0.00110511
398.765 0.0240767 0.00111598
399.128 0.0256151 0.00116753
399.491 0.0257152 0.0011787
399.854 0.0253274 0.00117145
400.218 0.0240362 0.00114451
400.581 0.0267712 0.00121132
400.944 0.0256205 0.0011908
401.307 0.0252432 0.00119623
401.67 0.0262165 0.00121553
402.033 0.0260959 0.00121626
402.396 0.0265602 0.00122772
402.759 0.0277064 0.00125546
403.122 0.0260937 0.00121243
403.485 0.0271349 0.00123606
403.847 0.0250196 0.00117703
404.21 0.0253217 0.001178
404.573 0.0258249 0.00118835
404.936 0.0260935 0.00118863
405.298 0.0251305 0.00117929
405.661 0.0261792 0.00122052
406.023 0.027658 0.00127231
406.386 0.0289911 0.00130722
406.749 0.0277889 0.00128568
407.111 0.0270608 0.0012671
407.473 0.0267883 0.00124053
407.836 0.0274256 0.00125337
408.198 0.0268516 0.00123263
408.561 0.025068 0.00119442
408.923 0.0283174 0.00127135
409.285 0.0263247 0.00122806
409.647 0.0266726 0.00124698
410.009 0.0283427 0.00129759
410.372 0.0291173 0.00131328
410.734 0.0270165 0.00127138
411.096 0.028157 0.00129566
411.458 0.0278563 0.00128841
411.82 0.0268409 0.00125642
412.182 0.026764 0.00124509
412.544 0.0289308 0.00129741
412.906 0.0271176 0.00125387
413.267 0.0280412 0.0012796
413.629 0.0286694 0.00130404
413.991 0.0278863 0.00129216
414.353 0.0274929 0.00128654
414.714 0.0296453 0.00135003
415.076 0.0287176 0.00132543
415.438 0.0281698 0.0013113
415.799 0.0287872 0.0013203
416.161 0.0293645 0.00134517
416.522 0.0292892 0.00134897
416.884 0.0277369 0.00131355
417.245 0.0310007 0.00139381
417.607 0.0296625 0.00136004
417.968 0.0292604 0.00134927
418.329 0.0297862 0.00135963
418.691 0.0288156 0.00133685
419.052 0.0282831 0.00132352
419.413 0.0275349 0.00129415
419.774 0.0271239 0.00128046
420.135 0.0281105 0.00127451
420.497 0.0275321 0.00124143
420.858 0.025403 0.00117601
421.219 0.0260725 0.00119543
421.58 0.0266297 0.00122354
421.941 0.028597 0.00129019
422.302 0.0279787 0.00129329
422.662 0.0285107 0.00131114
423.023 0.0298505 0.00134752
423.384 0.0282781 0.00131594
423.745 0.0259969 0.00125414
424.106 0.0282497 0.00130661
424.466 0.0271147 0.0012776
424.827 0.0289395 0.00133811
425.187 0.0304329 0.00138957
425.548 0.0296348 0.00138419
425.909 0.0315988 0.00143687
426.269 0.0296197 0.00138134
426.63 0.0294895 0.00136896
426.99 0.0300188 0.00136985
427.35 0.0292852 0.00135905
427.711 0.0292595 0.00134882
428.071 0.0275048 0.00129681
428.431 0.0264474 0.00124734
428.792 0.0254934 0.00118272
429.152 0.0244203 0.00112574
429.512 0.0250331 0.00113764
429.872 0.0245341 0.00113406
430.232 0.0260244 0.00118863
430.592 0.0265118 0.00123375
430.952 0.0285326 0.0013177
431.312 0.029208 0.00136637
431.672 0.0321115 0.00144917
432.032 0.03151 0.00143115
432.392 0.0299816 0.00137713
432.752 0.0254808 0.00120711
433.111 0.0251782 0.00117312
433.471 0.0257964 0.00120602
433.831 0.028824 0.00132476
434.19 0.0294192 0.00133854
434.55 0.0288211 0.00132462
434.91 0.029356 0.00135245
435.269 0.0276238 0.00129387
435.629 0.027965 0.00129897
435.988 0.0285744 0.00130743
436.348 0.029053 0.00133849
436.707 0.0291679 0.00136154
437.066 0.0302535 0.00138589
437.426 0.0291347 0.00134388
437.785 0.0280969 0.00131603
438.144 0.0283935 0.00132131
438.503 0.0291837 0.00135725
438.862 0.0295796 0.00136896
439.222 0.0284455 0.00135317
439.581 0.0332596 0.00146948
439.94 0.0297735 0.00137086
440.299 0.0278667 0.00128153
440.658 0.0269111 0.00122731
441.017 0.0264037 0.00121608
441.376 0.0258686 0.00121774
441.734 0.0263366 0.00124133
442.093 0.0269607 0.0012554
442.452 0.0277032 0.00126343
442.811 0.0274921 0.00125308
443.169 0.0272775 0.00124771
443.528 0.0276275 0.00128173
443.887 0.0278659 0.00128808
444.245 0.0275135 0.00128551
444.604 0.0293603 0.00133901
444.962 0.029535 0.00134937
445.321 0.0294153 0.00134789
445.679 0.0294015 0.0013405
446.038 0.0276546 0.00129532
446.396 0.0297843 0.00136279
446.754 0.0298053 0.00138192
447.112 0.0303464 0.00140146
447.471 0.0307475 0.00141231
447.829 0.0309022 0.00142326
448.187 0.0307924 0.00141821
448.545 0.0321149 0.00144391
448.903 0.0312818 0.00142875
449.261 0.0304768 0.00141435
449.619 0.031626 0.00145441
449.977 0.0320497 0.00147125
450.335 0.0320897 0.0014883
450.693 0.0334302 0.00152283
451.051 0.0336309 0.00152437
451.409 0.0336981 0.00153188
451.766 0.0323578 0.00150302
452.124 0.0326805 0.00153168
452.482 0.0327704 0.00154898
452.839 0.0357163 0.00163517
453.197 0.0362046 0.00164921
453.555 0.03601 0.00165157
453.912 0.0331906 0.00158144
454.27 0.0342444 0.00158101
454.627 0.0325703 0.00152366
454.984 0.0343092 0.0015675
455.342 0.0331279 0.00156389
455.699 0.0348783 0.00162258
456.056 0.0344863 0.00160386
456.414 0.0352865 0.00160785
456.771 0.0329458 0.0015252
457.128 0.03339 0.00152958
457.485 0.0329216 0.00151354
457.842 0.0339305 0.00154607
458.199 0.0337122 0.00153931
458.556 0.0318909 0.00148271
458.913 0.0326567 0.00150046
459.27 0.0319014 0.00147461
459.627 0.0340704 0.00154609
459.984 0.0328301 0.00150662
460.341 0.0320995 0.00148784
460.697 0.0325886 0.001517
461.054 0.0320725 0.00154927
461.411 0.0372576 0.00170421
461.767 0.0363069 0.00170217
462.124 0.037523 0.00172611
462.481 0.0359704 0.00166981
462.837 0.0350119 0.00162184
463.194 0.0314767 0.0015056
463.55 0.0345329 0.00158714
463.907 0.0311534 0.0014679
464.263 0.033337 0.00149757
464.619 0.0307639 0.00141138
464.976 0.0286312 0.00134272
465.332 0.0299029 0.00137188
465.688 0.0305327 0.00142879
466.044 0.0338643 0.00155875
466.4 0.0374038 0.00166367
466.756 0.0354071 0.00162928
467.112 0.0328748 0.00156992
467.468 0.0339235 0.00159241
467.824 0.0369393 0.00167873
468.18 0.0365998 0.00169282
468.536 0.036305 0.0016874
468.892 0.037794 0.00174912
469.248 0.038014 0.00176198
469.604 0.0369006 0.00174643
469.959 0.0409068 0.00183814
470.315 0.0392703 0.00180003
470.671 0.0396127 0.00180605
471.026 0.0386255 0.00176835
471.382 0.0360419 0.00169185
471.737 0.0378149 0.00171902
472.093 0.036021 0.00165157
472.448 0.0335346 0.00156296
472.804 0.0329859 0.0015369
473.159 0.0331459 0.00152798
473.514 0.0318479 0.00150538
473.87 0.0335368 0.00152277
474.225 0.0327215 0.00146116
474.58 0.0293447 0.00135643
474.935 0.0310583 0.00140734
475.29 0.0295964 0.00139235
475.645 0.0311096 0.00142894
476 0.0323848 0.00145981
476.355 0.0290534 0.00139514
476.71 0.0322293 0.00146855
477.065 0.031918 0.00141887
477.42 0.0286592 0.00132676
477.775 0.0287979 0.00133157
478.13 0.0298699 0.00136832
478.485 0.0283341 0.00132303
478.839 0.0267357 0.00126979
479.194 0.0272031 0.00124802
479.549 0.0248597 0.00117842
479.903 0.026092 0.0012105
480.258 0.0263748 0.00122662
480.612 0.0271578 0.00122846
480.967 0.0245319 0.00114056
481.321 0.0242807 0.00113834
481.675 0.0264683 0.00121142
482.03 0.0276549 0.00126012
482.384 0.0273782 0.00125906
482.738 0.0265524 0.0012281
483.093 0.0264201 0.0012161
483.447 0.0255282 0.00116943
483.801 0.022803 0.00107074
484.155 0.0235875 0.00107511
484.509 0.0164829 0.000782587
484.863 0.00838231 0.000380382
485.217 0.00645061 0.000303274
485.571 0.00714155 0.000327346
485.925 0.0119272 0.000538888
486.279 0.0151823 0.000705001
486.632 0.0176733 0.00082269
486.986 0.0211715 0.000973342
487.34 0.0250382 0.00112996
487.694 0.025003 0.00116068
488.047 0.0249465 0.00116593
488.401 0.0262347 0.00119717
488.754 0.026082 0.00120126
489.108 0.0254967 0.00120709
489.461 0.0273818 0.00125697
489.815 0.0265686 0.00125108
490.168 0.026967 0.00124652
490.522 0.0269974 0.00124192
490.875 0.0262815 0.00122718
491.228 0.0271886 0.00125677
491.581 0.0278894 0.00126413
491.935 0.0271136 0.00125103
492.288 0.0279154 0.00127462
492.641 0.0256808 0.00121387
492.994 0.0275123 0.00125547
493.347 0.0253619 0.00118867
493.7 0.0274116 0.00123671
494.053 0.0269781 0.0012311
494.406 0.0269854 0.00125118
494.759 0.0281315 0.00130352
495.111 0.0259995 0.00121402
495.464 0.0243997 0.00112446
495.817 0.0238524 0.00109169
496.169 0.0249701 0.00114832
496.522 0.0268168 0.00124375
496.875 0.0286558 0.00132862
497.227 0.028672 0.00134213
497.58 0.0287857 0.00134244
497.932 0.0293801 0.00134031
498.285 0.0288124 0.00131518
498.637 0.0264556 0.00122886
498.989 0.024903 0.00117898
499.342 0.0256918 0.00120638
499.694 0.0279659 0.00128647
500.046 0.0273888 0.00128406
500.398 0.0267633 0.00123823
500.751 0.0263887 0.00121832
501.103 0.0262369 0.00121094
501.455 0.0266034 0.00122124
501.807 0.0263646 0.00121757
502.159 0.0262175 0.00121483
502.511 0.025785 0.00120177
502.862 0.0259437 0.00121066
503.214 0.028404 0.00128408
503.566 0.0283839 0.00130964
503.918 0.0284934 0.00132636
504.27 0.0292895 0.00134334
504.621 0.0311544 0.00138883
504.973 0.0306366 0.00138501
505.324 0.0287334 0.00133264
505.676 0.0287911 0.00131073
506.027 0.0269543 0.00127166
506.379 0.0291812 0.00136724
506.73 0.0304899 0.00141887
507.082 0.0309088 0.00141845
507.433 0.0294007 0.00135779
507.784 0.0281934 0.0013185
508.136 0.029385 0.00136956
508.487 0.0299912 0.00139782
508.838 0.0322329 0.0014627
509.189 0.0316548 0.00144793
509.54 0.0293687 0.00137603
509.891 0.0309507 0.00142894
510.242 0.0316393 0.00144636
510.593 0.030789 0.00143587
510.944 0.0313455 0.00145689
511.295 0.0328248 0.00152192
511.646 0.032471 0.00153046
511.996 0.0328278 0.00152299
512.347 0.0333429 0.00152335
512.698 0.0326094 0.00151148
513.049 0.0319053 0.00150428
513.399 0.0322836 0.00152019
513.75 0.0319691 0.00150825
514.1 0.0339067 0.00158275
514.451 0.0366865 0.00168059
514.801 0.0347403 0.00162822
515.152 0.0347039 0.00161298
515.502 0.0349357 0.00159328
515.852 0.0337249 0.00155702
516.202 0.0352419 0.00158952
516.553 0.0346466 0.00159908
516.903 0.0370062 0.00167784
517.253 0.0370855 0.00170498
517.603 0.035671 0.00167184
517.953 0.0360305 0.00167208
518.303 0.0355977 0.001623
518.653 0.0340457 0.00157422
519.003 0.0355988 0.00162209
519.353 0.037448 0.00172319
519.703 0.0386314 0.00178732
520.052 0.0388624 0.00180185
520.402 0.0383181 0.00177933
520.752 0.038775 0.00176942
521.102 0.0393083 0.00181042
521.451 0.0386217 0.00180732
521.801 0.0413847 0.0018655
522.15 0.0384084 0.00176738
522.5 0.038215 0.00176007
522.849 0.0369006 0.0017241
523.199 0.0350181 0.00166368
523.548 0.0358442 0.00166701
523.897 0.0379837 0.00173588
524.246 0.0389562 0.00178722
524.596 0.0417179 0.00187567
524.945 0.0386782 0.00179551
525.294 0.0397809 0.00182072
525.643 0.0390861 0.00180073
525.992 0.0378266 0.00176845
526.341 0.0367072 0.00173122
526.69 0.0388176 0.00179431
527.039 0.0380896 0.00179472
527.388 0.0392812 0.00183533
527.737 0.037431 0.00173707
528.086 0.0371461 0.00166678
528.434 0.0346133 0.00157951
528.783 0.0364015 0.00166406
529.132 0.0377325 0.00172646
529.48 0.0385492 0.0017675
529.829 0.0407188 0.00182656
530.177 0.0387825 0.0018009
530.526 0.040118 0.00183615
530.874 0.0376024 0.0017607
531.223 0.0385435 0.00178002
531.571 0.0388541 0.00180257
531.919 0.037489 0.00175322
532.268 0.0373998 0.00169766
532.616 0.0350469 0.00159086
532.964 0.0315086 0.00148604
533.312 0.0319594 0.00149741
533.66 0.0326102 0.0015194
534.008 0.0348812 0.00156784
534.356 0.0332253 0.00153119
534.704 0.0335877 0.0015535
535.052 0.0331777 0.00156476
535.4 0.0353155 0.00164851
535.748 0.036926 0.00172581
536.095 0.0376896 0.00178774
536.443 0.0417885 0.00188479
536.791 0.0374272 0.001746
537.139 0.0357461 0.00166705
537.486 0.0343855 0.0015972
537.834 0.0322714 0.00153913
538.181 0.0324991 0.00153568
538.529 0.0347413 0.00159671
538.876 0.0335671 0.00156543
539.223 0.0346046 0.00161632
539.571 0.0367941 0.00170232
539.918 0.0357345 0.00167168
540.265 0.0342327 0.00160392
540.613 0.0339305 0.00156936
540.96 0.0346912 0.0016065
541.307 0.035793 0.00163479
541.654 0.0339325 0.00159134
542.001 0.0375106 0.00167835
542.348 0.0364321 0.00165373
542.695 0.0356272 0.00163743
543.042 0.0339205 0.00157321
543.388 0.0328261 0.00152805
543.735 0.0314057 0.00149255
544.082 0.0312903 0.00148754
544.429 0.0317211 0.00150464
544.775 0.0331761 0.00157264
545.122 0.0367651 0.00170461
545.469 0.0384171 0.00177098
545.815 0.0377906 0.00174631
546.162 0.0400085 0.00178253
546.508 0.03488 0.00163019
546.854 0.0322222 0.00150878
547.201 0.0316363 0.00144026
547.547 0.029714 0.00139178
547.893 0.0317598 0.0014712
548.24 0.0343723 0.00161248
548.586 0.0371978 0.0017472
548.932 0.0368488 0.00176486
549.278 0.0388471 0.00181337
549.624 0.0399549 0.00182922
549.97 0.040173 0.00185137
550.316 0.0413146 0.00191497
550.662 0.0427862 0.00196883
551.008 0.0367627 0.00173057
551.353 0.0330634 0.0015535
551.699 0.0346475 0.00155511
552.045 0.0335517 0.00157153
552.391 0.0363502 0.00166966
552.736 0.035409 0.00165542
553.082 0.0337938 0.0016196
553.427 0.0375553 0.00173754
553.773 0.0408624 0.00187243
554.118 0.0405508 0.0018654
554.464 0.0384036 0.00176876
554.809 0.0361387 0.00164766
555.154 0.0331802 0.00155752
555.5 0.0341644 0.00158403
555.845 0.035748 0.00168333
556.19 0.0404671 0.00183959
556.535 0.0400967 0.00187227
556.88 0.0388621 0.0018135
557.225 0.0385268 0.00179896
557.57 0.040912 0.00188999
557.915 0.0425857 0.00198054
558.26 0.0432671 0.00202092
558.605 0.0450883 0.0020557
558.95 0.0417226 0.00193388
559.295 0.0379157 0.00174523
559.639 0.0331936 0.00157148
559.984 0.0319553 0.00148296
560.329 0.0303425 0.00143971
560.673 0.0312373 0.00146586
561.018 0.0340903 0.00157628
561.362 0.0358452 0.00165943
561.707 0.0386497 0.00176632
562.051 0.0363277 0.00169156
562.395 0.0358966 0.00165929
562.74 0.0318711 0.00153246
563.084 0.0331288 0.0015431
563.428 0.0331289 0.00151088
563.772 0.0316209 0.00148293
564.117 0.0306735 0.00144986
564.461 0.031794 0.00147144
564.805 0.0329794 0.00151167
565.149 0.0325984 0.00149599
565.493 0.0343787 0.00153865
565.836 0.0313786 0.00144174
566.18 0.0305962 0.00140284
566.524 0.0263357 0.00121368
566.868 0.024687 0.00114357
567.212 0.0236649 0.00110059
567.555 0.024614 0.00110825
567.899 0.0206087 0.000967097
568.242 0.0197658 0.000908437
568.586 0.0172674 0.000794569
568.929 0.0150655 0.000694705
569.273 0.0134667 0.000620982
569.616 0.0135536 0.00062386
569.96 0.013215 0.000603576
570.303 0.0111282 0.000536663
570.646 0.0126015 0.000563992
570.989 0.0111604 0.000514325
571.333 0.0110055 0.000517102
571.676 0.0120441 0.000561171
572.019 0.0140478 0.00065534
572.362 0.012924 0.000593102
572.705 0.0111537 0.000511399
573.048 0.00964708 0.000452705
573.391 0.00924208 0.000428642
573.733 0.00875124 0.00041131
574.076 0.00887553 0.000409642
574.419 0.00935073 0.000433281
574.762 0.0101712 0.000475967
575.104 0.0120316 0.000554141
575.447 0.0111379 0.000525963
575.789 0.0100835 0.000470403
576.132 0.00899402 0.000419704
576.474 0.00917971 0.00041927
576.817 0.00755786 0.000351924
577.159 0.0066898 0.000313052
577.501 0.00680012 0.000318114
577.844 0.00779906 0.000364617
578.186 0.0101531 0.000466639
578.528 0.0110389 0.000506443
578.87 0.0106632 0.000499923
579.212 0.00975858 0.000462295
579.554 0.00891199 0.000427671
579.896 0.00925083 0.000438379
580.238 0.00900035 0.000407477
580.58 0.00665703 0.000307902
580.922 0.00625322 0.0002868
581.264 0.00602155 0.00028143
581.606 0.00673838 0.000310818
581.947 0.00752354 0.000348615
582.289 0.00932579 0.000431209
582.631 0.0112163 0.000524546
582.972 0.012248 0.000584896
583.314 0.0128246 0.000591909
583.655 0.0119628 0.000552637
583.997 0.0101489 0.000464637
584.338 0.00877447 0.000401836
584.679 0.00833219 0.000375701
585.021 0.00788302 0.00037548
585.362 0.00993345 0.000452893
585.703 0.0107596 0.000506974
586.044 0.0109425 0.000513171
586.385 0.0102077 0.000469008
586.726 0.00926134 0.000426676
587.067 0.00988196 0.000458038
587.408 0.0106299 0.000502295
587.749 0.0122604 0.000565021
588.09 0.0132078 0.000610888
588.431 0.0146391 0.000681448
588.772 0.015445 0.000727972
589.113 0.0152264 0.000710322
589.453 0.0141963 0.000682154
589.794 0.0163497 0.000757135
590.134 0.0180749 0.000838555
590.475 0.0191909 0.000884137
590.815 0.0180885 0.000850425
591.156 0.0190731 0.000874506
591.496 0.0176927 0.000816591
591.837 0.0132682 0.000608351
592.177 0.0109749 0.000502604
592.517 0.0097007 0.000452401
592.857 0.0108436 0.000504302
593.198 0.0130361 0.000588311
593.538 0.0142227 0.000677887
593.878 0.0156833 0.000734592
594.218 0.0149714 0.000694572
594.558 0.0129041 0.000620869
594.898 0.015138 0.000691407
595.237 0.0159207 0.000753016
595.577 0.0186172 0.000866893
595.917 0.0212681 0.000972833
596.257 0.018422 0.000867466
596.596 0.0178271 0.000831897
596.936 0.0174745 0.000809962
597.276 0.0188561 0.00087426
597.615 0.0190258 0.00086262
597.955 0.0138582 0.000647494
598.294 0.0122062 0.000570126
598.633 0.0125762 0.000580621
598.973 0.0135831 0.000626164
599.312 0.0135655 0.000623848
599.651 0.0136657 0.000631112
599.991 0.0148563 0.000672402
600.33 0.0146511 0.000678061
600.669 0.0155502 0.000718577
601.008 0.0165329 0.000766547
601.347 0.0184984 0.000838464
601.686 0.0166205 0.000771556
602.025 0.0172141 0.000790451
602.364 0.0160622 0.000725505
602.702 0.0155776 0.000704226
603.041 0.0147868 0.000690663
603.38 0.0156317 0.000744089
603.719 0.0178468 0.000831282
604.057 0.0185968 0.000872416
604.396 0.0184341 0.00086722
604.734 0.0171319 0.000798474
605.073 0.0139578 0.000666769
605.411 0.0147649 0.000692432
605.75 0.0159813 0.000746692
606.088 0.018389 0.000842894
606.426 0.0167161 0.000783937
606.764 0.0158434 0.000752711
607.103 0.0173606 0.000812895
607.441 0.0189609 0.000878858
607.779 0.0198068 0.000920024
608.117 0.0188067 0.000890362
608.455 0.0214889 0.000992108
608.793 0.0222369 0.00101896
609.131 0.0177509 0.000849343
609.469 0.0164099 0.000796927
609.806 0.0196299 0.000883335
610.144 0.0217711 0.00100332
610.482 0.0218373 0.00101528
610.819 0.0218753 0.00101394
611.157 0.0213785 0.00100764
611.495 0.0232498 0.00108764
611.832 0.0235778 0.00109856
612.17 0.0227064 0.00107022
612.507 0.0234475 0.0010754
612.844 0.0228996 0.00107393
613.182 0.0232642 0.00108494
613.519 0.0227656 0.00106665
613.856 0.023705 0.0010856
614.193 0.0228497 0.00105239
614.53 0.022079 0.00101294
614.867 0.0199779 0.000962492
615.205 0.0240606 0.00110916
615.541 0.024787 0.00116646
615.878 0.0283587 0.00130065
616.215 0.026622 0.00124733
616.552 0.028252 0.00129808
616.889 0.0246102 0.00118372
617.226 0.0258336 0.00120034
617.562 0.0275698 0.00127944
617.899 0.0305457 0.00142805
618.235 0.036539 0.00164235
618.572 0.0340916 0.00164517
618.908 0.0335518 0.00157546
619.245 0.0315068 0.00146439
619.581 0.0303559 0.00141219
619.918 0.0366803 0.00168131
620.254 0.0450638 0.00210225
620.59 0.0464025 0.00216536
620.926 0.0403909 0.00188367
621.262 0.036162 0.00168334
621.599 0.0359751 0.00168661
621.935 0.0346373 0.00163412
622.271 0.031825 0.00150765
622.606 0.0338215 0.00152064
622.942 0.0334413 0.00154956
623.278 0.0349873 0.00163117
623.614 0.0325204 0.0014987
623.95 0.0304524 0.00144446
624.285 0.0330109 0.00153195
624.621 0.0390493 0.0017567
624.957 0.0391796 0.00181436
625.292 0.0428504 0.00195483
625.628 0.0429306 0.00201586
625.963 0.0413511 0.00199156
626.299 0.0435054 0.00200072
626.634 0.0418729 0.00193203
626.969 0.04501 0.00204014
627.304 0.0491853 0.00231172
627.64 0.0572615 0.00267542
627.975 0.0593531 0.00266934
628.31 0.0492269 0.00229789
628.645 0.0483966 0.00222631
628.98 0.0492719 0.00229572
629.315 0.051683 0.00239628
629.65 0.0554901 0.00250278
629.985 0.0514832 0.00240395
630.319 0.0549045 0.0025911
630.654 0.0569796 0.00266969
630.989 0.0543481 0.00259454
631.323 0.0590495 0.00275128
631.658 0.0628566 0.00295427
631.993 0.0722356 0.00330415
632.327 0.07041 0.00327456
632.662 0.0715308 0.00328264
632.996 0.0697815 0.00317035
633.33 0.0669772 0.00306001
633.665 0.0677985 0.00318654
633.999 0.0707161 0.00335324
634.333 0.0722676 0.00338915
634.667 0.0682697 0.00330547
635.001 0.0695674 0.00325544
635.335 0.0681346 0.00309914
635.669 0.0612803 0.00283005
636.003 0.0626548 0.00290146
636.337 0.0734463 0.00329844
636.671 0.0728026 0.00345548
637.005 0.0819675 0.00376612
637.339 0.0794932 0.00369245
637.672 0.0736127 0.00342352
638.006 0.0709966 0.0032758
638.339 0.0731254 0.00337302
638.673 0.0766815 0.00356404
639.006 0.0816238 0.0037926
639.34 0.0798349 0.00374874
639.673 0.0860359 0.00394714
640.007 0.0835589 0.00388013
640.34 0.0822114 0.00391585
640.673 0.0878759 0.00407936
641.006 0.0884307 0.00415236
641.34 0.0894627 0.004222
641.673 0.09675 0.00449543
642.006 0.10085 0.00466877
642.339 0.098735 0.00453787
642.672 0.0975826 0.00448358
643.004 0.0950345 0.00444991
643.337 0.104468 0.00481584
643.67 0.103781 0.00479868
644.003 0.0959529 0.00456893
644.336 0.101886 0.00468833
644.668 0.102009 0.00468275
645.001 0.100452 0.00472721
645.333 0.105521 0.00496415
645.666 0.105984 0.0050777
645.998 0.112541 0.00535186
646.331 0.12291 0.00567798
646.663 0.118279 0.00551267
646.995 0.103072 0.00483229
647.327 0.0911 0.00417202
647.66 0.0763143 0.0036095
647.992 0.0753166 0.00353105
648.324 0.0764866 0.00354523
648.656 0.0767582 0.0036009
648.988 0.0791543 0.00380224
649.32 0.095022 0.00445627
649.652 0.107397 0.00495983
649.983 0.11431 0.00522715
650.315 0.10809 0.0051157
650.647 0.109029 0.00502
650.979 0.104027 0.00467984
651.31 0.0880038 0.0041388
651.642 0.0860493 0.00400069
651.973 0.0876232 0.00403442
652.305 0.0839764 0.00393458
652.636 0.0880936 0.00408573
652.967 0.0973494 0.00439207
653.299 0.0962888 0.0044699
653.63 0.091017 0.0042967
653.961 0.0798358 0.00373824
654.292 0.0464483 0.00218857
654.623 0.00636363 0.00029362
654.955 0.00632469 0.000287347
655.286 0.00646881 0.000290593
655.616 0.00638696 0.00028874
655.947 0.00588273 0.000277099
656.278 0.00590467 0.000277607
656.609 0.00670976 0.000309683
656.94 0.0118552 0.000544703
657.27 0.0162458 0.00074756
657.601 0.0217289 0.00099717
657.932 0.0305102 0.00141331
658.262 0.0449431 0.00208954
658.593 0.0663368 0.00304522
658.923 0.0879834 0.00410069
659.254 0.105967 0.00497114
659.584 0.118338 0.00557762
659.914 0.132875 0.00618912
660.244 0.132286 0.00632962
660.575 0.136712 0.00638759
660.905 0.145698 0.00660396
661.235 0.133805 0.00624012
661.565 0.134655 0.00621487
661.895 0.133604 0.00615523
662.225 0.140336 0.00640777
662.555 0.140762 0.00650658
662.884 0.127615 0.00612605
663.214 0.13094 0.00611974
663.544 0.123697 0.0058862
663.873 0.128856 0.00591867
664.203 0.121761 0.00569078
664.533 0.115469 0.00539167
664.862 0.110414 0.00523567
665.192 0.121483 0.00564981
665.521 0.13329 0.00623928
665.85 0.144578 0.00669114
666.18 0.145204 0.00698183
666.509 0.149418 0.00704035
666.838 0.143066 0.00672619
667.167 0.151657 0.00683626
667.496 0.148422 0.0068795
667.825 0.145349 0.00684216
668.154 0.154069 0.00703271
668.483 0.148747 0.00686321
668.812 0.145246 0.00665559
669.141 0.139902 0.00646685
669.47 0.130767 0.00617519
669.798 0.139792 0.00645006
670.127 0.137178 0.00639547
670.456 0.121799 0.00568552
670.784 0.0992092 0.00460265
671.113 0.0791014 0.0037726
671.441 0.0773084 0.00356381
671.77 0.0793199 0.00366982
672.098 0.0857356 0.00396546
672.426 0.106424 0.00491189
672.755 0.115949 0.00545133
673.083 0.125234 0.00574546
673.411 0.122873 0.0056797
673.739 0.120663 0.00571073
674.067 0.141738 0.00651629
674.395 0.13261 0.00630225
674.723 0.129587 0.00606778
675.051 0.126568 0.00590995
675.379 0.132693 0.00604625
675.706 0.133229 0.00612508
676.034 0.141232 0.00644867
676.362 0.131121 0.00624352
676.689 0.125003 0.0057263
677.017 0.102366 0.00484168
677.344 0.10064 0.00461162
677.672 0.100086 0.00467775
677.999 0.105398 0.00485872
678.327 0.100384 0.00464722
678.654 0.0924513 0.00426573
678.981 0.0862376 0.00399595
679.308 0.085536 0.0040114
679.636 0.0951228 0.00442796
679.963 0.0981743 0.00472358
680.29 0.107335 0.00495246
680.617 0.0981287 0.00464715
680.944 0.103847 0.00470973
681.271 0.100293 0.00476179
681.597 0.118853 0.00553427
681.924 0.137721 0.00634493
682.251 0.128818 0.00611228
682.578 0.109426 0.00533739
682.904 0.108854 0.00496733
683.231 0.096096 0.00448152
683.557 0.0955236 0.0043681
683.884 0.0877437 0.00406701
684.21 0.0827139 0.00385626
684.536 0.0729547 0.00350327
684.863 0.0722608 0.00343419
685.189 0.0780258 0.00362875
685.515 0.0883515 0.00407042
685.841 0.0921886 0.00429402
686.167 0.0955003 0.00437481
686.493 0.0906214 0.00421067
686.819 0.0922702 0.00427291
687.145 0.101972 0.00468806
687.471 0.116792 0.00539536
687.797 0.122797 0.00571793
688.123 0.130411 0.00585667
688.448 0.112151 0.00525303
688.774 0.111294 0.00507566
689.1 0.110406 0.00514097
689.425 0.120231 0.00558993
689.751 0.124613 0.00578295
690.076 0.109761 0.00512517
690.402 0.0961066 0.00448065
690.727 0.0933271 0.00427908
691.052 0.0954707 0.00444141
691.377 0.100354 0.00469027
691.703 0.102622 0.00486304
692.028 0.103326 0.00488247
692.353 0.0971224 0.00463355
692.678 0.10015 0.0047414
693.003 0.117519 0.00533137
693.328 0.126175 0.00593208
693.652 0.140765 0.00654854
693.977 0.134693 0.00625269
694.302 0.128171 0.00575117
694.627 0.115999 0.0053948
694.951 0.125638 0.00581634
695.276 0.149883 0.00696424
695.6 0.144425 0.00695124
695.925 0.116225 0.0054729
696.249 0.0929246 0.00431503
696.574 0.0873444 0.00396476
696.898 0.091456 0.00424167
697.222 0.099497 0.00467638
697.546 0.11239 0.00517011
697.871 0.116402 0.00537242
698.195 0.116969 0.00542496
698.519 0.124466 0.00573772
698.843 0.133521 0.00611284
699.167 0.140409 0.00650412
699.491 0.151768 0.00701962
699.814 0.149923 0.00703322
700.138 0.146976 0.00698503
700.462 0.163369 0.00748602
700.786 0.150147 0.0070814
701.109 0.151222 0.00693153
701.433 0.134121 0.00630178
701.756 0.125889 0.00588737
702.08 0.125911 0.00588838
702.403 0.122382 0.00592354
702.726 0.146789 0.00676267
703.05 0.151907 0.00704746
703.373 0.159174 0.00729817
703.696 0.15364 0.00717622
704.019 0.162918 0.00764756
704.342 0.183774 0.00841859
704.665 0.199024 0.00912265
704.988 0.18882 0.0088276
705.311 0.171173 0.00788848
705.634 0.133165 0.00624706
705.957 0.107733 0.00508905
706.28 0.0987199 0.00451289
706.602 0.0963957 0.00441319
706.925 0.0962486 0.00450257
707.247 0.105493 0.00490166
707.57 0.117678 0.00538119
707.892 0.132568 0.0059064
708.215 0.132697 0.00619804
708.537 0.147674 0.00669939
708.859 0.148759 0.00676241
709.182 0.139117 0.00647188
709.504 0.135453 0.006218
709.826 0.131995 0.00606109
710.148 0.13123 0.00606786
710.47 0.131217 0.00624003
710.792 0.157664 0.00709276
711.114 0.159611 0.00737566
711.436 0.162647 0.00761115
711.758 0.162417 0.00748265
712.079 0.162071 0.00738928
712.401 0.138781 0.00650035
712.723 0.133061 0.00613394
713.044 0.110911 0.00527607
713.366 0.112077 0.00524468
713.687 0.11412 0.00533527
714.009 0.126891 0.00577855
714.33 0.12976 0.00597452
714.652 0.128815 0.00612189
714.973 0.139756 0.00659753
715.294 0.150785 0.00720535
715.615 0.194356 0.00870352
715.936 0.190195 0.00873611
716.257 0.190506 0.00882738
716.578 0.197191 0.00904127
716.899 0.170274 0.00821432
717.22 0.170077 0.00767992
717.541 0.148407 0.0069817
717.862 0.148707 0.00696528
718.182 0.143696 0.00683343
718.503 0.1429 0.00666638
718.824 0.144277 0.00679383
719.144 0.153613 0.00712226
719.465 0.152865 0.00726716
719.785 0.156875 0.00721
720.105 0.150399 0.00696687
720.426 0.137667 0.00658278
720.746 0.146537 0.00690675
721.066 0.148363 0.00696219
721.386 0.159084 0.00728319
721.706 0.157345 0.00745394
722.026 0.168977 0.00792952
722.346 0.171046 0.00804428
722.666 0.171413 0.00794753
722.986 0.164205 0.00758569
723.306 0.168094 0.00773493
723.626 0.169046 0.00791059
723.946 0.162199 0.00773324
724.265 0.147474 0.00697964
724.585 0.136289 0.00635597
724.904 0.140568 0.006407
725.224 0.13932 0.00639553
725.543 0.141178 0.00643668
725.863 0.135067 0.00635617
726.182 0.14681 0.00689573
726.501 0.150048 0.0070812
726.82 0.150395 0.00713605
727.14 0.140395 0.0066277
727.459 0.137983 0.00637233
727.778 0.134368 0.00625097
728.097 0.130093 0.00623485
728.416 0.130155 0.00616584
728.734 0.12341 0.00581307
729.053 0.126184 0.00582041
729.372 0.116404 0.00557877
729.691 0.119194 0.00550298
730.009 0.103697 0.00488603
730.328 0.104576 0.00476231
730.647 0.101052 0.00468675
730.965 0.113744 0.00514656
731.283 0.112348 0.00530703
731.602 0.115852 0.00545192
731.92 0.11676 0.00537599
732.238 0.103241 0.00493343
732.557 0.104248 0.00491202
732.875 0.100882 0.00471492
733.193 0.0896516 0.00417971
733.511 0.0830648 0.00393129
733.829 0.0871705 0.00414806
734.147 0.106395 0.00488411
734.465 0.113236 0.00526787
734.782 0.110044 0.00518838
735.1 0.111441 0.00507495
735.418 0.107659 0.004984
735.735 0.108967 0.00502929
736.053 0.109269 0.00498042
736.371 0.106017 0.00495645
736.688 0.114377 0.00533577
737.005 0.126989 0.00596474
737.323 0.13843 0.00646581
737.64 0.138229 0.00646849
737.957 0.12603 0.0058559
738.274 0.105649 0.00492097
738.592 0.106945 0.00483055
738.909 0.103029 0.00486072
739.226 0.126626 0.00586924
739.543 0.15143 0.00691844
739.86 0.169451 0.00774403
740.176 0.170226 0.00796325
740.493 0.167416 0.00813573
740.81 0.172651 0.00828798
741.127 0.175438 0.00826636
741.443 0.158101 0.00743548
741.76 0.151693 0.00704189
742.076 0.152125 0.00711431
742.393 0.17968 0.0081466
742.709 0.189266 0.00882388
743.025 0.192669 0.00906689
743.342 0.199252 0.00913579
743.658 0.184223 0.00861544
743.974 0.179362 0.0082659
744.29 0.178998 0.00824908
744.606 0.176122 0.00827
744.922 0.172217 0.00819243
745.238 0.166588 0.00808194
745.554 0.177197 0.00853698
745.87 0.190131 0.00893621
746.186 0.183664 0.00842106
746.501 0.165011 0.00768835
746.817 0.178599 0.00812601
747.132 0.204565 0.00933494
747.448 0.198755 0.00956293
747.763 0.210604 0.00969683
748.079 0.191226 0.00885544
748.394 0.155664 0.00744819
748.71 0.145528 0.00670456
749.025 0.126823 0.00589275
749.34 0.120898 0.00567866
749.655 0.122845 0.00584943
749.97 0.135753 0.00637043
750.285 0.134546 0.00636166
750.6 0.133922 0.00621124
750.915 0.126261 0.00588106
751.23 0.132818 0.00615062
751.545 0.143957 0.00666649
751.859 0.16265 0.00735302
752.174 0.162221 0.00742906
752.489 0.13759 0.0064974
752.803 0.130801 0.00595478
753.118 0.128164 0.00585024
753.432 0.126866 0.00601578
753.747 0.148635 0.00675285
754.061 0.131501 0.00613647
754.375 0.130495 0.0058571
754.689 0.112064 0.0052588
755.004 0.109957 0.00520074
755.318 0.107487 0.00502988
755.632 0.099374 0.00460045
755.946 0.0969219 0.00446124
756.26 0.0804177 0.00388202
756.573 0.0796549 0.00369657
756.887 0.073413 0.00344075
757.201 0.073555 0.00351716
757.515 0.0906087 0.00427609
757.828 0.108831 0.00502604
758.142 0.100191 0.00480645
758.455 0.0982663 0.00442067
758.769 0.0852441 0.00389918
759.082 0.0774594 0.00361577
759.396 0.0740334 0.00348178
759.709 0.0792496 0.00357441
760.022 0.0772552 0.0035603
760.335 0.0848673 0.00392769
760.648 0.097443 0.00452348
760.962 0.109382 0.00514422
761.275 0.119809 0.00565054
761.587 0.119144 0.00570818
761.9 0.133477 0.00605709
762.213 0.117237 0.00549127
762.526 0.109473 0.00511489
762.839 0.110081 0.00510857
763.151 0.102606 0.00478961
763.464 0.0924156 0.00429928
763.776 0.0788049 0.00368771
764.089 0.0765449 0.00355769
764.401 0.0799156 0.00376433
764.714 0.0982788 0.00441998
765.026 0.106183 0.00490376
765.338 0.115647 0.00544911
765.65 0.143683 0.0065374
765.962 0.152176 0.00704058
766.275 0.166034 0.00761729
766.587 0.16913 0.00771334
766.898 0.159944 0.00726021
767.21 0.12818 0.00611526
767.522 0.111844 0.00530005
767.834 0.108894 0.0050381
768.146 0.11376 0.00518664
768.457 0.123027 0.00572335
768.769 0.136979 0.00636071
769.08 0.137542 0.00640258
769.392 0.124395 0.00586873
769.703 0.112279 0.00528708
770.015 0.108449 0.00499785
770.326 0.102901 0.00487779
770.637 0.116185 0.00537054
770.948 0.127035 0.00602571
771.26 0.148811 0.00693143
771.571 0.151249 0.00706456
771.882 0.142204 0.0066836
772.193 0.142007 0.00674666
772.504 0.147577 0.00704981
772.814 0.163072 0.00755853
773.125 0.172275 0.00792971
773.436 0.177819 0.0082877
773.747 0.190272 0.00876597
774.057 0.197784 0.00912853
774.368 0.201216 0.0093522
774.678 0.219765 0.0100286
774.989 0.214259 0.0100575
775.299 0.223767 0.0106242
775.609 0.218381 0.0103785
775.919 0.219359 0.0103164
776.23 0.228999 0.0105534
776.54 0.220796 0.0102749
776.85 0.206059 0.0100305
777.16 0.211223 0.00985367
777.47 0.187382 0.00879875
777.78 0.169195 0.00799238
778.089 0.166434 0.00752846
778.399 0.153646 0.00718765
778.709 0.176815 0.00806628
779.019 0.183967 0.00876827
779.328 0.213637 0.00996013
779.638 0.201863 0.00955376
779.947 0.167001 0.00792142
780.257 0.146073 0.00675824
780.566 0.130903 0.00615823
780.875 0.134975 0.00639622
781.185 0.145242 0.00705582
781.494 0.16627 0.00767401
781.803 0.169021 0.007944
782.112 0.183274 0.00839322
782.421 0.161915 0.00778535
782.73 0.168007 0.00772164
783.039 0.160936 0.00765328
783.348 0.188733 0.0089494
783.656 0.219023 0.0101705
783.965 0.219564 0.0103358
784.274 0.209971 0.00972348
784.582 0.189094 0.00894083
784.891 0.192205 0.00896094
785.199 0.19893 0.00925447
785.508 0.207716 0.00971708
785.816 0.220286 0.0101887
786.124 0.217572 0.00990225
786.432 0.189907 0.00879699
786.741 0.168928 0.00797977
787.049 0.170745 0.00797516
787.357 0.176226 0.00822613
787.665 0.178632 0.00823225
787.973 0.189351 0.00855271
788.281 0.184637 0.00862143
788.588 0.214958 0.00979768
788.896 0.228086 0.0107201
789.204 0.244361 0.0115468
789.511 0.246158 0.0116206
789.819 0.264734 0.0122707
790.126 0.264472 0.0122697
790.434 0.261927 0.0122078
790.741 0.24711 0.0118275
791.049 0.255888 0.012023
791.356 0.284052 0.0130786
791.663 0.293508 0.0135344
791.97 0.291473 0.0135224
792.277 0.269251 0.0127553
792.584 0.239141 0.011387
792.891 0.188888 0.00895105
793.198 0.168254 0.00784192
793.505 0.168118 0.00768535
793.812 0.168906 0.00792122
794.119 0.181283 0.008395
794.425 0.185778 0.00875084
794.732 0.199265 0.00947605
795.038 0.244616 0.0115993
795.345 0.289014 0.0135583
795.651 0.319035 0.0150088
795.958 0.328783 0.0152673
796.264 0.286473 0.0132986
796.57 0.243772 0.0118187
796.876 0.252078 0.0119151
797.183 0.270441 0.0125697
797.489 0.300461 0.0137928
797.795 0.276406 0.0133475
798.101 0.286481 0.0135285
798.406 0.304376 0.0140187
798.712 0.32107 0.0148233
799.018 0.331385 0.0152948
799.324 0.320836 0.0150889
799.629 0.328822 0.0153444
799.935 0.329175 0.0154665
800.24 0.357672 0.0164288
800.546 0.348696 0.0162269
800.851 0.362932 0.0167055
801.157 0.374044 0.0176858
801.462 0.393434 0.0183143
801.767 0.402557 0.0186136
802.072 0.374864 0.0172651
802.377 0.338563 0.0157892
802.682 0.325113 0.0152231
802.987 0.333799 0.0158536
803.292 0.340521 0.0164218
803.597 0.37104 0.0172878
803.902 0.371218 0.0172484
804.207 0.392411 0.017623
804.511 0.358491 0.0165859
804.816 0.304751 0.0143685
805.12 0.256655 0.0123206
805.425 0.251967 0.011498
805.729 0.252301 0.0115958
806.034 0.263723 0.0123142
806.338 0.302477 0.0139396
806.642 0.314051 0.0145655
806.946 0.307921 0.0142767
807.251 0.322406 0.014743
807.555 0.290735 0.0137774
807.859 0.299659 0.013881
808.162 0.288504 0.0140155
808.466 0.320052 0.0152643
808.77 0.35422 0.0164839
809.074 0.364659 0.017297
809.378 0.369439 0.0174403
809.681 0.373766 0.0174041
809.985 0.373127 0.0176704
810.288 0.379306 0.0180149
810.592 0.389434 0.0181169
810.895 0.39862 0.0187647
811.198 0.433835 0.0204416
811.502 0.465114 0.0214735
811.805 0.484783 0.0225251
812.108 0.4292 0.0202295
812.411 0.416126 0.019329
812.714 0.357278 0.0166878
813.017 0.319981 0.0149457
813.32 0.313303 0.0147669
813.623 0.349594 0.0160915
813.926 0.376689 0.0179134
814.228 0.43496 0.0202786
814.531 0.469019 0.0217327
814.833 0.444663 0.0209983
815.136 0.410189 0.0202905
815.438 0.475866 0.0221039
815.741 0.423299 0.0199829
816.043 0.416976 0.0195919
816.345 0.425827 0.0196656
816.648 0.417332 0.0196271
816.95 0.433489 0.0203104
817.252 0.458267 0.021352
817.554 0.442643 0.0210297
817.856 0.474176 0.0222307
818.158 0.480645 0.0225762
818.46 0.486657 0.023293
818.761 0.500393 0.0235334
819.063 0.47802 0.022602
819.365 0.479041 0.0219577
819.666 0.418415 0.0194951
819.968 0.390778 0.0182187
820.269 0.381671 0.0178106
820.571 0.380327 0.0182454
820.872 0.416057 0.0198048
821.173 0.474941 0.0220005
821.475 0.511568 0.0237117
821.776 0.496103 0.0232296
822.077 0.526031 0.0237806
822.378 0.478632 0.0228423
822.679 0.511376 0.0239971
822.98 0.522932 0.0240414
823.281 0.585819 0.0262712
823.581 0.531803 0.0247782
823.882 0.545501 0.0254164
824.183 0.52625 0.0247107
824.483 0.483361 0.0228402
824.784 0.451235 0.0211617
825.084 0.454415 0.0216168
825.385 0.473903 0.0223649
825.685 0.532954 0.0242274
825.985 0.489463 0.0230193
826.286 0.465654 0.0221442
826.586 0.424853 0.0207369
826.886 0.488729 0.0222825
827.186 0.486855 0.0225662
827.486 0.549289 0.0247747
827.786 0.534127 0.0248026
828.086 0.527608 0.0244031
828.386 0.53481 0.024248
828.685 0.491266 0.0231113
828.985 0.522046 0.0245363
829.285 0.502727 0.0242442
829.584 0.543092 0.0256059
829.884 0.594383 0.0271961
830.183 0.631393 0.0294912
830.482 0.631838 0.0291796
830.782 0.604045 0.0286519
831.081 0.666008 0.0312243
831.38 0.613519 0.0289996
831.679 0.63272 0.0295168
831.978 0.636701 0.0296567
832.277 0.579801 0.0273884
832.576 0.570562 0.0266583
832.875 0.571994 0.0266754
833.174 0.579481 0.026681
833.472 0.578368 0.026857
833.771 0.602209 0.0277778
834.07 0.539614 0.0256697
834.368 0.605361 0.0274546
834.667 0.596802 0.0279797
834.965 0.606802 0.0286367
835.263 0.631516 0.0292535
835.562 0.612068 0.0288125
835.86 0.611781 0.0285399
836.158 0.617281 0.0289941
836.456 0.648192 0.0304938
836.754 0.630806 0.0299979
837.052 0.684002 0.0322291
837.35 0.674306 0.0313794
837.648 0.714859 0.0327376
837.946 0.740512 0.0336038
838.243 0.739195 0.0335835
838.541 0.668852 0.0311064
838.839 0.669581 0.0311689
839.136 0.665536 0.0310092
839.434 0.639229 0.0302054
839.731 0.700172 0.0324634
840.028 0.654992 0.0306792
840.326 0.679932 0.0316508
840.623 0.669089 0.0313688
840.92 0.708416 0.0325882
841.217 0.695669 0.0332002
841.514 0.733492 0.0342813
841.811 0.67481 0.031796
842.108 0.740293 0.034282
842.405 0.745908 0.0346687
842.701 0.774022 0.0354787
842.998 0.662494 0.0318128
843.295 0.712148 0.0337046
843.591 0.708456 0.0336906
843.888 0.715709 0.0334711
844.184 0.751437 0.034495
844.481 0.740901 0.0336905
844.777 0.695499 0.0328018
845.073 0.713594 0.0334762
845.369 0.747082 0.0345964
845.665 0.754582 0.0352778
845.962 0.711312 0.0335794
846.258 0.756887 0.0353092
846.553 0.770334 0.0356732
846.849 0.727357 0.0347236
847.145 0.710798 0.0332105
847.441 0.736738 0.0340139
847.737 0.708791 0.0330861
848.032 0.698339 0.0334685
848.328 0.724086 0.0342366
848.623 0.756751 0.0354677
848.919 0.733337 0.0341368
849.214 0.709649 0.0331978
849.509 0.701465 0.0334982
849.805 0.758708 0.0355372
850.1 0.765855 0.0365024
850.395 0.787284 0.036887
850.69 0.766437 0.0366486
850.985 0.756045 0.0351076
851.28 0.752078 0.03487
851.575 0.760205 0.035486
851.869 0.762507 0.0354183
852.164 0.715931 0.0338083
852.459 0.662618 0.0316329
852.753 0.614279 0.0300335
853.048 0.59905 0.0281201
853.342 0.61219 0.0282295
853.637 0.613706 0.0287723
853.931 0.59649 0.0280615
854.225 0.580487 0.0275608
854.52 0.658511 0.0304485
854.814 0.623069 0.0297162
855.108 0.598366 0.0281763
855.402 0.620065 0.0292075
855.696 0.658563 0.0309622
855.99 0.673574 0.031818
856.283 0.63739 0.0302724
856.577 0.670722 0.0317639
856.871 0.681585 0.031767
857.164 0.696929 0.0324719
857.458 0.717398 0.0340397
857.751 0.712661 0.0333387
858.045 0.678182 0.0321276
858.338 0.699187 0.0331543
858.632 0.701629 0.0324519
858.925 0.731762 0.0340112
859.218 0.70863 0.0333267
859.511 0.758575 0.0359244
859.804 0.782278 0.0361165
860.097 0.676781 0.0327031
860.39 0.749416 0.0354232
860.683 0.768999 0.0357311
860.976 0.759827 0.0358019
861.268 0.765299 0.0353752
861.561 0.822059 0.0377143
861.854 0.796781 0.0382362
862.146 0.806595 0.0371045
862.439 0.793568 0.0366045
862.731 0.761574 0.034981
863.023 0.737336 0.0355348
863.316 0.746588 0.0351119
863.608 0.746838 0.0353013
863.9 0.782405 0.0361551
864.192 0.727656 0.0340402
864.484 0.770936 0.0358761
864.776 0.795772 0.0367728
865.068 0.738792 0.0352125
865.36 0.743465 0.0352314
865.651 0.840429 0.0384423
865.943 0.771176 0.0361438
866.235 0.795527 0.036896
866.526 0.803147 0.0380715
866.818 0.811393 0.0369829
867.109 0.78684 0.0361958
867.4 0.758001 0.03621
867.692 0.781203 0.0369608
867.983 0.765174 0.0362255
868.274 0.765025 0.0366764
868.565 0.786007 0.0367017
868.856 0.772678 0.0366272
869.147 0.801824 0.0372105
869.438 0.789712 0.0368289
869.729 0.80658 0.0374429
870.02 0.842667 0.0397803
870.31 0.785914 0.0372191
870.601 0.782861 0.0366115
870.892 0.746407 0.0353819
871.182 0.753341 0.0353962
871.473 0.790899 0.0370563
871.763 0.727607 0.0346904
872.053 0.778493 0.0363057
872.343 0.765071 0.0359359
872.634 0.795187 0.0370046
872.924 0.744657 0.035098
873.214 0.779358 0.0366413
873.504 0.828041 0.0382754
873.794 0.837738 0.0394607
874.084 0.816129 0.038836
874.373 0.808972 0.0376923
874.663 0.813864 0.0369108
874.953 0.823766 0.0383699
875.242 0.80568 0.0374354
875.532 0.815319 0.0373493
875.821 0.825971 0.0378261
876.111 0.767507 0.0363246
876.4 0.815855 0.0379197
876.689 0.783326 0.0369091
876.978 0.850578 0.0384751
877.268 0.84122 0.0383308
877.557 0.773499 0.0371797
877.846 0.782936 0.0372806
878.134 0.807479 0.038204
878.423 0.807628 0.038211
878.712 0.807776 0.0382181
