178.41 1.21863 0.170759
178.791 1.22635 0.171841
179.172 1.23401 0.172914
179.553 0.259985 0.259985
179.934 0.891216 0.891216
180.316 0.72174 0.72174
180.697 0.322526 0.322526
181.078 0.872477 0.872477
181.459 0.480415 0.480415
181.84 1.00509 1.00509
182.221 3.51094 3.51094
182.602 0.587983 0.587983
182.983 2.24512 0.678473
183.364 1.60366 0.224712
183.744 0.503074 0.0794635
184.125 0.34351 0.0569598
184.506 0.523607 0.0576088
184.887 0.50699 0.0505501
185.268 0.492948 0.0429121
185.648 0.535794 0.0433079
186.029 0.526473 0.0409474
186.41 0.564724 0.0413
186.791 0.635225 0.0420956
187.171 0.557106 0.0337194
187.552 0.489417 0.0257136
187.932 0.518585 0.0269516
188.313 0.504794 0.0248354
188.694 0.477868 0.0241502
189.074 0.456429 0.0227553
189.455 0.444553 0.0218341
189.835 0.525056 0.0243988
190.216 0.51727 0.0235791
190.596 0.46146 0.0213135
190.977 0.454049 0.0209774
191.357 0.483291 0.0217063
191.737 0.496093 0.0217172
192.118 0.518466 0.0220926
192.498 0.460482 0.0201747
192.878 0.460469 0.0203296
193.258 0.451354 0.0197801
193.639 0.47786 0.0201001
194.019 0.490709 0.0205481
194.399 0.48659 0.0202852
194.779 0.436883 0.0184508
195.159 0.482922 0.0199609
195.54 0.450454 0.0187006
195.92 0.449577 0.0187376
196.3 0.427831 0.018014
196.68 0.448614 0.0185384
197.06 0.455713 0.018573
197.44 0.443644 0.0181495
197.82 0.420966 0.0175407
198.2 0.441464 0.0179543
198.58 0.412196 0.016891
198.959 0.409727 0.0168099
199.339 0.431809 0.0173318
199.719 0.405191 0.0164675
200.099 0.389233 0.0161788
200.479 0.40882 0.0165339
200.858 0.385639 0.0158216
201.238 0.389004 0.0156422
201.618 0.391046 0.0158593
201.998 0.363518 0.0149247
202.377 0.36003 0.0148527
202.757 0.376831 0.0149957
203.136 0.370126 0.0147653
203.516 0.32858 0.0137048
203.896 0.348658 0.0139434
204.275 0.326537 0.0132276
204.655 0.34392 0.0136009
205.034 0.321896 0.0130035
205.414 0.334484 0.0130894
205.793 0.32695 0.0128251
206.172 0.321553 0.0127304
206.552 0.30806 0.012248
206.931 0.302433 0.0119496
207.31 0.297126 0.0117167
207.69 0.30823 0.0118383
208.069 0.314649 0.0118026
208.448 0.286136 0.0111134
208.827 0.301085 0.0113345
209.207 0.295069 0.0111913
209.586 0.279606 0.0106091
209.965 0.27422 0.0104732
210.344 0.277155 0.0103755
210.723 0.279603 0.0102932
211.102 0.27084 0.0099554
211.481 0.26809 0.00985246
211.86 0.273917 0.00985983
212.239 0.269293 0.00967749
212.618 0.25803 0.00933598
212.997 0.25827 0.00918797
213.376 0.26028 0.0091907
213.755 0.26763 0.00918868
214.134 0.26069 0.00894592
214.513 0.258187 0.00875874
214.891 0.258642 0.00870792
215.27 0.243989 0.00829867
215.649 0.253386 0.00838742
216.028 0.240021 0.00802225
216.406 0.236973 0.0078881
216.785 0.238781 0.00778929
217.164 0.229952 0.00756742
217.542 0.228553 0.00738618
217.921 0.226477 0.00725842
218.3 0.230146 0.00729107
218.678 0.222082 0.00704954
219.057 0.220811 0.00690417
219.435 0.221256 0.00679757
219.814 0.219396 0.00671905
220.192 0.222523 0.00665768
220.57 0.209729 0.00638767
220.949 0.216925 0.00638733
221.327 0.214678 0.0062485
221.705 0.215861 0.00620155
222.084 0.212677 0.0060221
222.462 0.207826 0.0058821
222.84 0.20726 0.00582558
223.218 0.207332 0.00568152
223.597 0.210775 0.00567063
223.975 0.204697 0.00548766
224.353 0.209536 0.00549116
224.731 0.202252 0.00530793
225.109 0.201312 0.00518862
225.487 0.198101 0.00507391
225.865 0.201423 0.00503803
226.243 0.195071 0.00489502
226.621 0.198152 0.00486855
226.999 0.196235 0.00474569
227.377 0.20007 0.0047453
227.755 0.199252 0.00467381
228.133 0.192556 0.00453626
228.511 0.195177 0.00451267
228.889 0.194013 0.00441316
229.266 0.192978 0.00435961
229.644 0.190111 0.00424192
230.022 0.192648 0.00421485
230.4 0.186849 0.00411181
230.777 0.191439 0.0041224
231.155 0.188245 0.00403473
231.533 0.187937 0.00397435
231.91 0.188137 0.00392264
232.288 0.185545 0.00385861
232.665 0.187979 0.00383383
233.043 0.191123 0.00382927
233.42 0.187187 0.00373842
233.798 0.187567 0.00371484
234.175 0.188444 0.00367502
234.553 0.186502 0.0036171
234.93 0.18678 0.00358355
235.307 0.188085 0.00356691
235.685 0.186308 0.00352104
236.062 0.18709 0.00348719
236.439 0.185403 0.00345426
236.816 0.186792 0.00342479
237.194 0.185691 0.00337852
237.571 0.186115 0.00335292
237.948 0.185103 0.00332613
238.325 0.184951 0.00328796
238.702 0.18456 0.0032651
239.079 0.187682 0.00325993
239.456 0.183824 0.0032047
239.833 0.186839 0.00321003
240.21 0.186122 0.00317427
240.587 0.186187 0.00316013
240.964 0.187793 0.00314783
241.341 0.185579 0.00310278
241.718 0.183816 0.00305878
242.095 0.186766 0.0030823
242.472 0.187287 0.00306213
242.849 0.187397 0.00304017
243.225 0.18825 0.00302051
243.602 0.18529 0.00298159
243.979 0.188536 0.0029972
244.356 0.190847 0.00300313
244.732 0.187518 0.00294651
245.109 0.188239 0.0029315
245.486 0.188577 0.00293005
245.862 0.188024 0.0029113
246.239 0.185547 0.00286258
246.615 0.190403 0.00289454
246.992 0.189228 0.00286446
247.368 0.189611 0.00286733
247.745 0.190083 0.0028467
248.121 0.189019 0.00281937
248.497 0.190948 0.00282914
248.874 0.191596 0.00281677
249.25 0.191115 0.00278848
249.626 0.191563 0.00278713
250.003 0.190387 0.00276225
250.379 0.190274 0.00273454
250.755 0.190477 0.00273837
251.131 0.191572 0.00272695
251.507 0.193624 0.00273787
251.884 0.191271 0.0027025
252.26 0.193066 0.00271584
252.636 0.192187 0.00268499
253.012 0.193427 0.00268382
253.388 0.194223 0.00268123
253.764 0.194412 0.00267156
254.14 0.19497 0.00266903
254.516 0.193369 0.00265442
254.892 0.192986 0.00263838
255.268 0.194478 0.00264574
255.643 0.197214 0.00265311
256.019 0.19566 0.00264067
256.395 0.195118 0.00263152
256.771 0.194016 0.00260494
257.147 0.196575 0.00261908
257.522 0.196406 0.00261381
257.898 0.195743 0.0026051
258.274 0.197776 0.00261183
258.649 0.197241 0.00260669
259.025 0.197877 0.00259655
259.4 0.198403 0.00259859
259.776 0.199316 0.00259652
260.151 0.199529 0.00260664
260.527 0.199626 0.00259566
260.902 0.19913 0.00258538
261.278 0.198112 0.00257332
261.653 0.19936 0.00258133
262.028 0.200578 0.0025917
262.404 0.199595 0.00257349
262.779 0.199594 0.00256704
263.154 0.20093 0.00257107
263.53 0.200493 0.00256127
263.905 0.200116 0.00256383
264.28 0.201542 0.00257161
264.655 0.199602 0.00255177
265.03 0.200949 0.00256827
265.405 0.202615 0.0025703
265.781 0.202283 0.00257124
266.156 0.203505 0.00257623
266.531 0.202804 0.00255821
266.906 0.204559 0.00258345
267.281 0.203743 0.00256554
267.655 0.204117 0.00257749
268.03 0.204792 0.00258319
268.405 0.205724 0.00258561
268.78 0.20435 0.0025769
269.155 0.202569 0.00255994
269.53 0.203944 0.00257747
269.904 0.203887 0.00257421
270.279 0.205367 0.00258517
270.654 0.206772 0.00258663
271.029 0.206562 0.00259021
271.403 0.2063 0.00258125
271.778 0.207534 0.00259632
272.152 0.207714 0.00259991
272.527 0.209288 0.00260745
272.901 0.207933 0.00258883
273.276 0.205513 0.00256785
273.65 0.207846 0.0025905
274.025 0.207505 0.00258165
274.399 0.207625 0.00259478
274.774 0.208786 0.002596
275.148 0.210013 0.00259538
275.522 0.208648 0.00259386
275.897 0.208227 0.00258984
276.271 0.205875 0.00257775
276.645 0.208486 0.00258652
277.019 0.209468 0.00258559
277.393 0.209643 0.00257968
277.768 0.208804 0.00258669
278.142 0.207153 0.00257386
278.516 0.20653 0.00257452
278.89 0.210081 0.00259144
279.264 0.209151 0.00259399
279.638 0.207334 0.0025702
280.012 0.208704 0.00258321
280.386 0.209214 0.00259989
280.76 0.20717 0.00257733
281.133 0.210476 0.00260257
281.507 0.209198 0.00259258
281.881 0.210602 0.00259532
282.255 0.208505 0.00258598
282.629 0.209028 0.00259674
283.002 0.208002 0.00259175
283.376 0.208237 0.00258612
283.75 0.20805 0.00259374
284.123 0.207702 0.00258253
284.497 0.208205 0.00259036
284.87 0.208086 0.00259227
285.244 0.207694 0.00258506
285.618 0.208669 0.00259778
285.991 0.210692 0.00262136
286.364 0.21063 0.00262
286.738 0.207561 0.00260036
287.111 0.2079 0.00260358
287.485 0.207058 0.00259977
287.858 0.207738 0.00261376
288.231 0.205278 0.00259368
288.605 0.206632 0.00260936
288.978 0.208145 0.00261331
289.351 0.205812 0.00261214
289.724 0.20478 0.00260549
290.097 0.205358 0.00261228
290.47 0.206881 0.00263042
290.843 0.205251 0.00261911
291.217 0.205412 0.00262066
291.59 0.205899 0.00264194
291.963 0.202515 0.00261437
292.336 0.204162 0.00263336
292.708 0.201561 0.00262152
293.081 0.204698 0.002654
293.454 0.201759 0.00262327
293.827 0.202641 0.00263681
294.2 0.202931 0.0026559
294.573 0.199997 0.00262823
294.945 0.201987 0.00265687
295.318 0.201061 0.00264975
295.691 0.200308 0.00265122
296.064 0.198758 0.00264579
296.436 0.197439 0.00263514
296.809 0.196072 0.00261894
297.181 0.195791 0.00263111
297.554 0.195313 0.00263192
297.926 0.195624 0.0026361
298.299 0.196838 0.00264709
298.671 0.193906 0.00261586
299.044 0.193297 0.00262606
299.416 0.192232 0.00262278
299.788 0.191845 0.00261606
300.161 0.192048 0.00262897
300.533 0.190709 0.00261613
300.905 0.189431 0.00259743
301.278 0.190753 0.00261195
301.65 0.187114 0.00258401
302.022 0.187826 0.00259457
302.394 0.187106 0.00259378
302.766 0.186473 0.00258573
303.138 0.187594 0.00260369
303.51 0.185379 0.00258153
303.882 0.185173 0.00257685
304.254 0.185699 0.00258558
304.626 0.184967 0.00257273
304.998 0.184676 0.00256994
305.37 0.182527 0.00256922
305.742 0.183342 0.0025653
306.114 0.183865 0.00256785
306.485 0.182123 0.00255623
306.857 0.180425 0.00254247
307.229 0.18221 0.00256394
307.601 0.179435 0.00254364
307.972 0.17733 0.00252608
308.344 0.176183 0.00251474
308.716 0.173629 0.00250674
309.087 0.174471 0.00250966
309.459 0.170761 0.0024866
309.83 0.167642 0.0024641
310.202 0.165805 0.00244658
310.573 0.163712 0.00243251
310.945 0.161813 0.00241668
311.316 0.159366 0.00240982
311.687 0.157164 0.00238352
312.059 0.155576 0.00237976
312.43 0.152982 0.00235556
312.801 0.154528 0.00237577
313.172 0.153966 0.00237291
313.544 0.154512 0.00237957
313.915 0.153776 0.0023588
314.286 0.156297 0.00238839
314.657 0.159411 0.00240672
315.028 0.165033 0.00245396
315.399 0.170389 0.00249263
315.77 0.175856 0.00252873
316.141 0.181138 0.0025771
316.512 0.191179 0.00264717
316.883 0.200203 0.0027144
317.254 0.208424 0.00276678
317.625 0.220035 0.00286032
317.996 0.229317 0.00290404
318.366 0.241997 0.00299065
318.737 0.250858 0.00304184
319.108 0.262275 0.00312104
319.478 0.273912 0.00319058
319.849 0.284237 0.00324862
320.22 0.300404 0.00334301
320.59 0.30714 0.00337836
320.961 0.315694 0.00343097
321.331 0.329313 0.00350465
321.702 0.339713 0.00357759
322.072 0.346438 0.00362375
322.443 0.350565 0.00363805
322.813 0.358707 0.00367323
323.184 0.362586 0.00370339
323.554 0.367422 0.00373985
323.924 0.366857 0.00373504
324.295 0.373683 0.00378792
324.665 0.37403 0.00379244
325.035 0.373004 0.00378228
325.405 0.372709 0.00379634
325.775 0.371854 0.00381042
326.145 0.368781 0.00379101
326.515 0.365189 0.00377946
326.886 0.367529 0.00381072
327.256 0.366815 0.00381064
327.626 0.366549 0.00383282
327.995 0.369448 0.00385744
328.365 0.372446 0.00387847
328.735 0.379829 0.00393641
329.105 0.386989 0.00401638
329.475 0.392395 0.0040761
329.845 0.402594 0.00418844
330.215 0.403539 0.00417763
330.584 0.411131 0.0041761
330.954 0.426209 0.0041515
331.324 0.430142 0.0040532
331.693 0.442289 0.0040395
332.063 0.453363 0.00404571
332.432 0.461792 0.00406209
332.802 0.466219 0.00411502
333.171 0.467058 0.00417277
333.541 0.470932 0.00426821
333.91 0.470621 0.00428848
334.28 0.473444 0.00432596
334.649 0.475942 0.00434993
335.018 0.480163 0.00438408
335.388 0.482179 0.00440745
335.757 0.479548 0.00439603
336.126 0.478559 0.00440727
336.495 0.475472 0.00437819
336.865 0.475625 0.00439703
337.234 0.477868 0.0044323
337.603 0.476138 0.00441525
337.972 0.473066 0.00441112
338.341 0.470605 0.00439243
338.71 0.469653 0.004385
339.079 0.468458 0.0043953
339.448 0.465626 0.00437508
339.817 0.464526 0.00438071
340.186 0.460529 0.00436458
340.554 0.457971 0.00434674
340.923 0.453574 0.00433486
341.292 0.447929 0.00431187
341.661 0.447401 0.00431472
342.029 0.443649 0.00428916
342.398 0.442713 0.00429039
342.767 0.437883 0.00428333
343.135 0.434368 0.00426291
343.504 0.429731 0.00425331
343.872 0.428514 0.00423149
344.241 0.426094 0.0042294
344.609 0.421123 0.00422136
344.978 0.417517 0.004199
345.346 0.412987 0.00416046
345.715 0.408145 0.00415199
346.083 0.403294 0.00413644
346.451 0.401179 0.00411903
346.82 0.400995 0.00413188
347.188 0.392623 0.00408079
347.556 0.393575 0.00410681
347.924 0.388715 0.00407644
348.292 0.383557 0.00405851
348.66 0.379021 0.00403088
349.028 0.381184 0.00404745
349.396 0.376286 0.00403721
349.764 0.371933 0.00400874
350.132 0.365709 0.003973
350.5 0.366916 0.00398606
350.868 0.363882 0.00397675
351.236 0.362527 0.00396618
351.604 0.358218 0.00395786
351.972 0.359383 0.00396879
352.34 0.354141 0.00394546
352.707 0.355126 0.00395268
353.075 0.356068 0.00395897
353.443 0.353109 0.00395147
353.81 0.347699 0.00393083
354.178 0.351772 0.00395601
354.545 0.348196 0.00392621
354.913 0.35128 0.00396033
355.28 0.350213 0.00395485
355.648 0.352333 0.00395841
356.015 0.350247 0.00395359
356.383 0.349366 0.00394411
356.75 0.353118 0.00397534
357.117 0.352786 0.00397567
357.485 0.354134 0.00398605
357.852 0.358309 0.00403717
358.219 0.359587 0.00402429
358.586 0.358319 0.00401651
358.954 0.362294 0.00405571
359.321 0.362518 0.00404716
359.688 0.36593 0.00408617
360.055 0.36431 0.00407131
360.422 0.367999 0.00409781
360.789 0.365437 0.00409056
361.156 0.371645 0.00412152
361.523 0.371692 0.00413846
361.89 0.374671 0.00414998
362.256 0.375702 0.00413906
362.623 0.379722 0.00420259
362.99 0.37679 0.00416629
363.357 0.383561 0.00422072
363.724 0.389626 0.0042558
364.09 0.389977 0.00424913
364.457 0.399314 0.00433181
364.823 0.397033 0.00429167
365.19 0.40144 0.00432184
365.557 0.403911 0.00432839
365.923 0.414537 0.00439949
366.29 0.41911 0.0044376
366.656 0.420872 0.00442862
367.022 0.428355 0.00446224
367.389 0.4343 0.00451322
367.755 0.436592 0.00454665
368.121 0.441131 0.00456837
368.488 0.445783 0.00458619
368.854 0.450932 0.00463011
369.22 0.458568 0.00469116
369.586 0.461671 0.00472302
369.952 0.467081 0.00476095
370.318 0.468607 0.00477098
370.684 0.477155 0.00482834
371.051 0.480912 0.00484865
371.416 0.486013 0.00490442
371.782 0.490063 0.00491008
372.148 0.495267 0.00494624
372.514 0.500277 0.00498188
372.88 0.505006 0.00502008
373.246 0.507946 0.00503004
373.612 0.517314 0.00507383
373.977 0.519314 0.00507215
374.343 0.520879 0.00506374
374.709 0.523494 0.00505996
375.074 0.52726 0.00509333
375.44 0.533278 0.00514426
375.806 0.539449 0.00520249
376.171 0.538139 0.0051699
376.537 0.543029 0.00518859
376.902 0.545776 0.00521086
377.268 0.555308 0.00523458
377.633 0.555269 0.0052248
377.998 0.560259 0.00522813
378.364 0.563933 0.00522256
378.729 0.565219 0.00523731
379.094 0.570598 0.0052852
379.459 0.577067 0.00538628
379.825 0.574588 0.00535088
380.19 0.575574 0.00536377
380.555 0.582985 0.00543612
380.92 0.591934 0.00554614
381.285 0.591297 0.00553267
381.65 0.589513 0.00548133
382.015 0.594032 0.0055104
382.38 0.599387 0.00555669
382.745 0.603645 0.00561058
383.11 0.602334 0.00561964
383.474 0.603613 0.005609
383.839 0.611799 0.00565708
384.204 0.617818 0.00570319
384.569 0.616448 0.00570383
384.933 0.620915 0.00574112
385.298 0.62502 0.00576905
385.663 0.62429 0.00574932
386.027 0.625429 0.00574266
386.392 0.629358 0.00573609
386.756 0.630959 0.0057145
387.121 0.637287 0.00574144
387.485 0.64715 0.00576792
387.849 0.646334 0.0057373
388.214 0.648898 0.00581245
388.578 0.650699 0.00584978
388.942 0.641939 0.00583987
389.307 0.653381 0.00588632
389.671 0.657246 0.00592544
390.035 0.656433 0.00589479
390.399 0.662112 0.00590634
390.763 0.662972 0.00587533
391.127 0.667658 0.00587479
391.492 0.66845 0.00579743
391.856 0.669525 0.00573521
392.219 0.677636 0.00572681
392.583 0.682538 0.00578021
392.947 0.689311 0.00593417
393.311 0.683384 0.00596313
393.675 0.689401 0.00600737
394.039 0.694693 0.00606772
394.403 0.694026 0.00606783
394.766 0.694804 0.00608772
395.13 0.699804 0.00612575
395.494 0.699423 0.00612165
395.857 0.702044 0.00610632
396.221 0.705545 0.00609381
396.584 0.710752 0.00607044
396.948 0.711551 0.00600828
397.311 0.715829 0.00593757
397.675 0.722312 0.00593218
398.038 0.726233 0.00595115
398.401 0.724057 0.00602669
398.765 0.728299 0.00613779
399.128 0.736819 0.00626179
399.491 0.739205 0.00631963
399.854 0.737514 0.00632139
400.218 0.746093 0.00637654
400.581 0.743655 0.00638425
400.944 0.745646 0.00642409
401.307 0.753415 0.00653519
401.67 0.754128 0.00651928
402.033 0.753744 0.00653663
402.396 0.756405 0.0065518
402.759 0.766404 0.006603
403.122 0.764843 0.00656409
403.485 0.774892 0.00660537
403.847 0.768367 0.00652277
404.21 0.774335 0.00651422
404.573 0.785412 0.00655349
404.936 0.783015 0.00651124
405.298 0.787594 0.00660194
405.661 0.786951 0.00669176
406.023 0.796026 0.00682567
406.386 0.799648 0.00686539
406.749 0.795922 0.00688071
407.111 0.797747 0.00687975
407.473 0.796222 0.0067632
407.836 0.810723 0.00681455
408.198 0.814456 0.00678864
408.561 0.811053 0.00679394
408.923 0.81449 0.00681836
409.285 0.82302 0.00686664
409.647 0.820797 0.00691745
410.009 0.824398 0.00699817
410.372 0.82733 0.00700039
410.734 0.830225 0.00704789
411.096 0.832128 0.00704358
411.458 0.835764 0.00705725
411.82 0.843986 0.00704535
412.182 0.83871 0.00696999
412.544 0.845544 0.00701399
412.906 0.845677 0.00700213
413.267 0.85418 0.0070624
413.629 0.855313 0.00712271
413.991 0.849039 0.00712989
414.353 0.862756 0.00720705
414.714 0.859021 0.00726718
415.076 0.856915 0.00724024
415.438 0.866304 0.00727187
415.799 0.862988 0.00722898
416.161 0.866937 0.00730903
416.522 0.86606 0.0073354
416.884 0.867293 0.00734518
417.245 0.874473 0.00740274
417.607 0.870258 0.00736666
417.968 0.866946 0.00734435
418.329 0.877403 0.00737927
418.691 0.88376 0.0074035
419.052 0.878244 0.00737521
419.413 0.881139 0.00732089
419.774 0.881604 0.00730004
420.135 0.888922 0.00716708
420.497 0.887436 0.00704809
420.858 0.894249 0.00697749
421.219 0.89617 0.00700856
421.58 0.896447 0.00709902
421.941 0.907062 0.00726631
422.302 0.901103 0.00733954
422.662 0.903487 0.00738087
423.023 0.8976 0.00738924
423.384 0.900836 0.00742737
423.745 0.897353 0.00736826
424.106 0.900287 0.00737615
424.466 0.917568 0.00743212
424.827 0.912903 0.00751554
425.187 0.910808 0.00760191
425.548 0.912199 0.00767959
425.909 0.914312 0.00772913
426.269 0.920436 0.00770029
426.63 0.910884 0.00760829
426.99 0.91785 0.00757465
427.35 0.919161 0.00761389
427.711 0.91095 0.00752608
428.071 0.909473 0.00745702
428.431 0.913861 0.00733218
428.792 0.914403 0.00708334
429.152 0.921028 0.00691353
429.512 0.927498 0.00692477
429.872 0.926918 0.00697065
430.232 0.933505 0.00711891
430.592 0.937427 0.00733628
430.952 0.933291 0.00753621
431.312 0.940754 0.00775452
431.672 0.932383 0.00780884
432.032 0.928643 0.00776936
432.392 0.937009 0.00769873
432.752 0.930327 0.00729385
433.111 0.931331 0.00713482
433.471 0.94388 0.00729512
433.831 0.940016 0.0075653
434.19 0.937793 0.00755734
434.55 0.940101 0.00756525
434.91 0.941013 0.00765722
435.269 0.930823 0.00751075
435.629 0.943278 0.00754418
435.988 0.943924 0.00751445
436.348 0.949628 0.0076524
436.707 0.946458 0.00775586
437.066 0.942691 0.00773619
437.426 0.938637 0.00762791
437.785 0.942752 0.00762318
438.144 0.945296 0.00762396
438.503 0.952353 0.00775333
438.862 0.948696 0.00775277
439.222 0.952915 0.00783199
439.581 0.950822 0.00785696
439.94 0.950604 0.00774599
440.299 0.951336 0.00748777
440.658 0.947055 0.00728075
441.017 0.957697 0.00732391
441.376 0.963022 0.00742995
441.734 0.956609 0.00748123
442.093 0.945444 0.0074342
442.452 0.953462 0.00741205
442.811 0.960552 0.00740686
443.169 0.952699 0.00737376
443.528 0.962739 0.00756625
443.887 0.950284 0.00752196
444.245 0.967937 0.00762476
444.604 0.954416 0.00763434
444.962 0.955203 0.00767383
445.321 0.961988 0.00770822
445.679 0.960116 0.00766025
446.038 0.957982 0.00762378
446.396 0.961591 0.00774336
446.754 0.966494 0.0078693
447.112 0.966031 0.0079072
447.471 0.961236 0.0078966
447.829 0.953461 0.00790573
448.187 0.960219 0.00791959
448.545 0.957814 0.00788547
448.903 0.961302 0.00792027
449.261 0.963597 0.00795279
449.619 0.967476 0.00804424
449.977 0.9701 0.00809438
450.335 0.967564 0.00817236
450.693 0.972328 0.00821275
451.051 0.965957 0.00816958
451.409 0.967803 0.00820945
451.766 0.97694 0.00825863
452.124 0.973687 0.00836054
452.482 0.964352 0.00840278
452.839 0.974736 0.00854225
453.197 0.971823 0.00854453
453.555 0.971824 0.00857986
453.912 0.96165 0.00851241
454.27 0.969435 0.00841198
454.627 0.97673 0.0083438
454.984 0.970664 0.0083375
455.342 0.975508 0.00848642
455.699 0.972952 0.00856987
456.056 0.962598 0.00847355
456.414 0.980505 0.00847554
456.771 0.971779 0.00828346
457.128 0.977099 0.00827433
457.485 0.975883 0.0082405
457.842 0.98011 0.00830943
458.199 0.976279 0.00828358
458.556 0.978463 0.00821284
458.913 0.972845 0.00818957
459.27 0.975796 0.00815552
459.627 0.984629 0.00831154
459.984 0.970289 0.00819063
460.341 0.979768 0.00821996
460.697 0.977487 0.00830821
461.054 0.986753 0.00859339
461.411 0.978935 0.00873561
461.767 0.973326 0.00881326
462.124 0.974632 0.00879712
462.481 0.983097 0.00872957
462.837 0.976152 0.00856366
463.194 0.980031 0.00840106
463.55 0.975863 0.00843708
463.907 0.980431 0.00823479
464.263 0.975802 0.00810223
464.619 0.981528 0.00797214
464.976 0.980406 0.00785724
465.332 0.983501 0.00786768
465.688 0.985376 0.00811684
466.044 0.985096 0.00840706
466.4 0.996718 0.00858808
466.756 0.981282 0.00857723
467.112 0.987474 0.00860418
467.468 0.986076 0.00858537
467.824 0.985897 0.00867266
468.18 0.98402 0.00877757
468.536 0.98381 0.00878396
468.892 0.986876 0.00893799
469.248 0.976336 0.00892956
469.604 0.986781 0.00903119
469.959 0.975459 0.00897606
470.315 0.983643 0.00900877
470.671 0.984799 0.00900506
471.026 0.983614 0.00892369
471.382 0.982201 0.00883196
471.737 0.987119 0.00878281
472.093 0.979843 0.00861388
472.448 0.981802 0.00845696
472.804 0.989455 0.00841746
473.159 0.986661 0.00833656
473.514 0.991914 0.00840121
473.87 0.985148 0.00825321
474.225 0.982166 0.00800523
474.58 0.99052 0.00788069
474.935 0.997466 0.00797553
475.29 0.993009 0.00806499
475.645 0.989143 0.00805744
476 0.984912 0.00805054
476.355 0.989395 0.00814149
476.71 0.989069 0.00813537
477.065 0.983483 0.00787606
477.42 0.994203 0.00781443
477.775 0.987318 0.00779671
478.13 0.990694 0.00788028
478.485 0.988931 0.00781622
478.839 0.982173 0.00769628
479.194 0.984775 0.00750897
479.549 0.988235 0.0074299
479.903 0.996633 0.00748131
480.258 0.985787 0.00749904
480.612 0.988835 0.00741267
480.967 0.993326 0.00725771
481.321 0.996626 0.00729306
481.675 0.994129 0.00742424
482.03 0.99078 0.00754247
482.384 0.995756 0.00759314
482.738 0.991386 0.00750422
483.093 0.995872 0.00746625
483.447 0.98783 0.00727455
483.801 0.988305 0.00704911
484.155 0.990289 0.00696613
484.509 0.911823 0.00582065
484.863 0.940714 0.00402965
485.217 0.971051 0.00372096
485.571 1.01005 0.00389299
485.925 1.05424 0.00506639
486.279 1.02723 0.00579902
486.632 1.02027 0.00625079
486.986 1.01691 0.00674576
487.34 1.01503 0.00719451
487.694 1.00234 0.00734896
488.047 0.996258 0.00736806
488.401 0.99856 0.00738593
488.754 0.997384 0.00742844
489.108 0.99689 0.0075478
489.461 0.997228 0.00758563
489.815 0.995762 0.00765912
490.168 0.999091 0.00758729
490.522 0.998188 0.00755159
490.875 0.997185 0.00755914
491.228 0.993457 0.00759689
491.581 0.999261 0.00756677
491.935 0.999589 0.00759599
492.288 1.00067 0.0076314
492.641 0.999923 0.00757447
492.994 0.999659 0.0075678
493.347 0.989948 0.00742637
493.7 0.999396 0.00746743
494.053 0.998744 0.00749054
494.406 0.999626 0.00761505
494.759 1.00541 0.00779275
495.111 0.993222 0.00750353
495.464 0.990246 0.00716346
495.817 0.996344 0.00705567
496.169 1.00135 0.00727188
496.522 1.00772 0.00762426
496.875 1.00118 0.0078533
497.227 1.00976 0.00796479
497.58 0.997977 0.00790439
497.932 0.992576 0.00779043
498.285 0.988162 0.00770213
498.637 0.996645 0.00754247
498.989 0.992922 0.00744455
499.342 1.00116 0.00753078
499.694 1.00369 0.007707
500.046 0.995622 0.00774188
500.398 0.99219 0.00753928
500.751 1.00286 0.00751059
501.103 0.991221 0.00744306
501.455 0.998653 0.00748238
501.807 0.9996 0.00749717
502.159 1.00209 0.00751054
502.511 0.996244 0.00747002
502.862 0.998944 0.00751236
503.214 1.00057 0.00762123
503.566 1.0041 0.00778944
503.918 0.998401 0.00785133
504.27 1.00427 0.00786605
504.621 1.01113 0.00791213
504.973 1.00645 0.00793831
505.324 0.999587 0.00786012
505.676 0.995807 0.00770855
506.027 1.00591 0.00776847
506.379 1.00345 0.00801754
506.73 0.99563 0.008108
507.082 1.00195 0.00807596
507.433 1.00046 0.00792051
507.784 0.996865 0.00784016
508.136 0.998945 0.00798527
508.487 1.01098 0.00811565
508.838 0.999687 0.00814588
509.189 1.00598 0.0081625
509.54 1.00031 0.00803066
509.891 0.998196 0.00811498
510.242 0.998284 0.00812438
510.593 1.00651 0.00820971
510.944 1.00618 0.00825424
511.295 1.01494 0.00846276
511.646 1.01107 0.00854013
511.996 0.996189 0.00838972
512.347 1.0072 0.00837249
512.698 1.0052 0.00839181
513.049 1.00868 0.00845812
513.399 1.00187 0.00846863
513.75 1.00881 0.00847252
514.1 1.00983 0.00863762
514.451 1.01099 0.0088223
514.801 0.996808 0.00872173
515.152 1.00997 0.00870151
515.502 0.997297 0.00851274
515.852 1.0079 0.00851195
516.202 1.00932 0.00850653
516.553 1.01717 0.00866435
516.903 1.01217 0.00877487
517.253 1.00739 0.00888616
517.603 1.003 0.00886518
517.953 0.99704 0.00879585
518.303 1.0038 0.00861848
518.653 1.00638 0.00855886
519.003 1.00509 0.00861905
519.353 1.01508 0.00897158
519.703 1.00261 0.00910539
520.052 0.996426 0.00912382
520.402 1.00546 0.0091146
520.752 1.00797 0.00902153
521.102 1.01931 0.00921916
521.451 1.0079 0.00923267
521.801 1.01085 0.00921973
522.15 0.9974 0.00900643
522.5 1.00775 0.00903835
522.849 1.00423 0.0089942
523.199 1.00393 0.0089079
523.548 0.993331 0.00877558
523.897 1.00955 0.00894925
524.246 1.01304 0.00911389
524.596 1.01501 0.00925188
524.945 1.00302 0.00914345
525.294 1.00409 0.00914729
525.643 1.01335 0.00916889
525.992 1.008 0.00912901
526.341 1.00343 0.00905151
526.69 1.00415 0.00912601
527.039 1.00975 0.00924061
527.388 1.0021 0.00926994
527.737 0.999977 0.00897837
528.086 0.998243 0.00864054
528.434 1.00326 0.00850369
528.783 1.02464 0.00882866
529.132 1.01667 0.00896164
529.48 1.00822 0.00903914
529.829 1.01779 0.009132
530.177 1.01973 0.00923453
530.526 1.00282 0.00918015
530.874 1.00294 0.00909315
531.223 1.00288 0.00907976
531.571 1.01367 0.00920709
531.919 1.00408 0.00907338
532.268 0.994681 0.00875503
532.616 1.00352 0.00851275
532.964 1.0034 0.00838598
533.312 1.0129 0.00842992
533.66 1.00471 0.00843367
534.008 1.00966 0.00843518
534.356 1.01388 0.00845838
534.704 1.01693 0.00854807
535.052 1.01776 0.00866657
535.4 1.01881 0.00885435
535.748 1.01639 0.00905439
536.095 1.01226 0.0092649
536.443 1.00673 0.00925109
536.791 1.00201 0.00903415
537.139 1.00066 0.00882019
537.486 1.00672 0.00864224
537.834 1.00955 0.00860852
538.181 1.01225 0.00857057
538.529 1.01407 0.00862658
538.876 1.00504 0.00856583
539.223 1.01147 0.00873848
539.571 1.01764 0.00895259
539.918 1.00922 0.00888388
540.265 1.00639 0.00869649
540.613 1.00641 0.00854704
540.96 1.01716 0.00869894
541.307 1.01235 0.00869417
541.654 1.00249 0.00864958
542.001 1.01377 0.00872517
542.348 1.01166 0.00871446
542.695 1.01461 0.00873821
543.042 1.01397 0.00860139
543.388 1.00111 0.00843859
543.735 1.00381 0.00843821
544.082 1.0117 0.00845842
544.429 1.0117 0.00849736
544.775 1.02263 0.00873125
545.122 1.01751 0.00896762
545.469 1.01234 0.00909104
545.815 1.00749 0.00901673
546.162 1.00471 0.00893264
546.508 0.999102 0.0087248
546.854 0.997221 0.00839351
547.201 1.00467 0.00811634
547.547 1.01721 0.0081432
547.893 1.0248 0.00835703
548.24 1.0382 0.00886198
548.586 1.01644 0.00913328
548.932 1.01944 0.00928278
549.278 0.996681 0.00918511
549.624 1.01366 0.00921355
549.97 1.01558 0.00930856
550.316 1.00588 0.00944898
550.662 1.021 0.00961764
551.008 0.986453 0.00896445
551.353 1.00638 0.00857078
551.699 1.01815 0.00843006
552.045 1.03205 0.00871598
552.391 1.01525 0.0088239
552.736 1.01338 0.00885601
553.082 1.00659 0.00883927
553.427 1.02113 0.00906024
553.773 1.01349 0.00932511
554.118 1.00396 0.00928175
554.464 1.00215 0.00903544
554.809 0.997238 0.00865528
555.154 1.01174 0.00860056
555.5 1.01499 0.00863389
555.845 1.02205 0.00900075
556.19 1.0204 0.00923748
556.535 1.01628 0.00942583
556.88 1.01549 0.00927022
557.225 1.01932 0.00925327
557.57 1.01605 0.00941871
557.915 1.025 0.00971656
558.26 1.01993 0.00981198
558.605 1.0171 0.00976357
558.95 1.00522 0.00949239
559.295 0.994058 0.00893613
559.639 0.999521 0.00862338
559.984 1.0082 0.00832974
560.329 1.00917 0.00830298
560.673 1.01515 0.00835642
561.018 1.02175 0.00862959
561.362 1.02315 0.00886569
561.707 1.02807 0.00910975
562.051 1.01499 0.00894131
562.395 1.00873 0.00879595
562.74 1.01282 0.00863886
563.084 1.01034 0.00852164
563.428 1.01664 0.00836967
563.772 1.01433 0.00839892
564.117 1.01536 0.00834174
564.461 1.01256 0.00830387
564.805 1.00251 0.00833451
565.149 1.02049 0.00837016
565.493 1.01717 0.00836934
565.836 1.01174 0.0081866
566.18 1.01494 0.0080797
566.524 1.00575 0.00750027
566.868 1.0076 0.00730586
567.212 1.01338 0.00720207
567.555 1.00996 0.00709904
567.899 1.00951 0.00676863
568.242 1.00714 0.00648461
568.586 1.00245 0.00605409
568.929 1.00126 0.00566346
569.273 1.00757 0.00537138
569.616 1.02644 0.00542909
569.96 1.01683 0.00529448
570.303 1.01498 0.00512529
570.646 1.01654 0.00506552
570.989 1.01275 0.00489946
571.333 1.02936 0.00500097
571.676 1.03435 0.00520044
572.019 1.02844 0.00560727
572.362 1.0035 0.00522624
572.705 0.997342 0.00483586
573.048 1.01044 0.0046331
573.391 1.00869 0.00447804
573.733 1.01118 0.00442128
574.076 1.01302 0.00437639
574.419 1.03608 0.00456082
574.762 1.03275 0.0047961
575.104 1.04573 0.00516616
575.447 1.00867 0.00500529
575.789 0.999694 0.00468379
576.132 1.01477 0.0044581
576.474 1.00347 0.0043836
576.817 0.991685 0.00403122
577.159 0.991688 0.00381151
577.501 1.01187 0.00388049
577.844 1.0323 0.00419488
578.186 1.04924 0.0047437
578.528 1.02487 0.00487978
578.87 1.02733 0.00490697
579.212 1.00633 0.00469456
579.554 1.01821 0.00457132
579.896 1.01964 0.00460239
580.238 0.988572 0.00427049
580.58 0.977722 0.00373147
580.922 0.903075 0.00344658
581.264 0.903031 0.00344641
581.606 0.9843 0.00375658
581.947 1.02399 0.00406708
582.289 1.04898 0.00457328
582.631 1.04962 0.00507428
582.972 1.03841 0.00538556
583.314 1.0244 0.00529013
583.655 1.00318 0.00506073
583.997 0.99595 0.00460281
584.338 1.00147 0.00429296
584.679 1.00246 0.00412095
585.021 1.02656 0.00428481
585.362 1.03883 0.00463146
585.703 1.04169 0.00498836
586.044 1.01497 0.00494232
586.385 1.00978 0.00466476
586.726 1.01281 0.00446197
587.067 1.03719 0.00469256
587.408 1.03548 0.00495752
587.749 1.03884 0.00520098
588.09 1.02905 0.00539219
588.431 1.04303 0.00575206
588.772 1.02775 0.00593831
589.113 1.02236 0.00582046
589.453 1.01899 0.00577935
589.794 1.03621 0.00602755
590.134 1.03458 0.00634417
590.475 1.02465 0.00646041
590.815 1.01531 0.0063714
591.156 1.02779 0.00641956
591.496 0.996211 0.00612749
591.837 0.993781 0.00526494
592.177 1.00057 0.00479901
592.517 1.0197 0.00463828
592.857 1.0406 0.00494023
593.198 1.04859 0.00527637
593.538 1.0457 0.00581258
593.878 1.03254 0.00596047
594.218 1.00927 0.00570283
594.558 1.02256 0.0055269
594.898 1.03374 0.00571353
595.237 1.04679 0.00610595
595.577 1.04352 0.0064902
595.917 1.02677 0.00675942
596.257 1.01073 0.00642544
596.596 1.00721 0.00625301
596.936 1.03836 0.00624361
597.276 1.02969 0.00646054
597.615 1.00975 0.00628428
597.955 0.996789 0.00549141
598.294 1.01635 0.00520239
598.633 1.034 0.00526476
598.973 1.03241 0.005459
599.312 1.02523 0.0054234
599.651 1.03449 0.00549101
599.991 1.03191 0.00560395
600.33 1.03467 0.00569816
600.669 1.03204 0.00585402
601.008 1.03662 0.00606981
601.347 1.03036 0.00625768
601.686 1.02021 0.00604492
602.025 1.02443 0.00609782
602.364 1.01823 0.00577644
602.702 1.01872 0.00569496
603.041 1.02521 0.0057509
603.38 1.03793 0.00606324
603.719 1.04411 0.00635831
604.057 1.02388 0.00647335
604.396 1.02445 0.00646494
604.734 1.00183 0.00610599
605.073 1.02092 0.00570247
605.411 1.02492 0.0057691
605.75 1.0416 0.00602817
606.088 1.03333 0.00631848
606.426 1.01932 0.00612165
606.764 1.02206 0.00604564
607.103 1.04248 0.00629923
607.441 1.02693 0.00646783
607.779 1.02875 0.00663051
608.117 1.0271 0.00657988
608.455 1.03791 0.00689496
608.793 1.01326 0.00687829
609.131 1.00459 0.00638951
609.469 1.019 0.00627989
609.806 1.0337 0.00641007
610.144 1.03881 0.00693054
610.482 1.02447 0.00695403
610.819 1.03614 0.00697823
611.157 1.02691 0.00698364
611.495 1.03006 0.00723947
611.832 1.01907 0.00722225
612.17 1.0249 0.0071902
612.507 1.02922 0.00712486
612.844 1.02153 0.00717276
613.182 1.02133 0.00718864
613.519 1.02284 0.00714967
613.856 1.02835 0.00715019
614.193 1.01483 0.00701348
614.53 1.01876 0.00688065
614.867 1.0311 0.00691468
615.205 1.03445 0.0072727
615.541 1.03719 0.00754549
615.878 1.02074 0.00780325
616.215 1.01805 0.00771341
616.552 1.02499 0.00781872
616.889 1.01904 0.00761702
617.226 1.0284 0.00757344
617.562 1.03196 0.00782774
617.899 1.03443 0.00831036
618.235 1.04021 0.00876291
618.572 1.02641 0.00902709
618.908 1.00904 0.00863981
619.245 1.01565 0.00831428
619.581 1.01989 0.00818557
619.918 1.04974 0.00899438
620.254 1.04243 0.010111
620.59 1.01637 0.0101341
620.926 1.0097 0.00941799
621.262 1.008 0.0088874
621.599 1.02999 0.00902468
621.935 1.00696 0.00881087
622.271 1.01339 0.00850754
622.606 1.01551 0.00833242
622.942 1.03102 0.00860398
623.278 1.01749 0.00879646
623.614 1.01163 0.00835886
623.95 1.02406 0.0083764
624.285 1.02791 0.00854854
624.621 1.03151 0.00902874
624.957 1.02427 0.00927682
625.292 1.03368 0.00960118
625.628 1.02632 0.00985636
625.963 1.00751 0.00983048
626.299 1.01484 0.00966302
626.634 1.01703 0.00952168
626.969 1.02392 0.00973059
627.304 1.0312 0.010585
627.64 1.03336 0.0113655
627.975 1.01031 0.0110131
628.31 0.993868 0.0103251
628.645 1.02051 0.0102232
628.98 1.02024 0.0104465
629.315 1.03018 0.0106984
629.65 1.02629 0.0107634
629.985 1.02446 0.0107236
630.319 1.02183 0.0111782
630.654 1.01589 0.0112726
630.989 1.02453 0.011265
631.323 1.02576 0.011467
631.658 1.04096 0.0120224
631.993 1.02695 0.0124583
632.327 1.02009 0.0124639
632.662 1.01117 0.0123421
632.996 1.00307 0.0120199
633.33 1.01027 0.0118844
633.665 1.02469 0.0123882
633.999 1.02179 0.0127464
634.333 1.01631 0.0127096
634.667 1.01891 0.0127699
635.001 1.0229 0.0124831
635.335 1.00619 0.0119096
635.669 1.01263 0.0115043
636.003 1.02772 0.011751
636.337 1.0331 0.0123707
636.671 1.02767 0.0129826
637.005 1.02235 0.0133007
637.339 1.01524 0.0131958
637.672 1.00866 0.0126726
638.006 1.01382 0.0123788
638.339 1.01656 0.0125762
638.673 1.02367 0.013022
639.006 1.02936 0.0134683
639.34 1.02364 0.0134234
639.673 1.02352 0.0136142
640.007 1.0099 0.0134893
640.34 1.03124 0.0138688
640.673 1.01148 0.01384
641.006 1.02638 0.0141465
641.34 1.00928 0.0141809
641.673 1.01809 0.0145827
642.006 1.01209 0.0147902
642.339 1.01794 0.0145706
642.672 1.02121 0.0145043
643.004 1.01066 0.0145115
643.337 1.01651 0.0150222
643.67 1.01554 0.015011
644.003 1.01159 0.014835
644.336 1.01792 0.014819
644.668 0.99873 0.0146523
645.001 1.0183 0.0150509
645.333 1.02935 0.0155045
645.666 1.00893 0.0156667
645.998 1.01749 0.0160922
646.331 1.0212 0.0163665
646.663 1.01646 0.0161604
646.995 1.00364 0.015079
647.327 0.991672 0.0137648
647.66 1.01336 0.0131531
647.992 1.01194 0.012943
648.324 1.02733 0.0129929
648.656 1.02656 0.0131686
648.988 1.03762 0.0137665
649.32 1.05166 0.0148251
649.652 1.04028 0.0154364
649.983 1.01885 0.0156055
650.315 1.01978 0.0157132
650.647 1.00855 0.015268
650.979 1.00637 0.0145558
651.31 0.995604 0.0139209
651.642 1.01329 0.0137286
651.973 1.00906 0.0136909
652.305 1.019 0.0137059
652.636 1.03133 0.0139797
652.967 1.02775 0.0142707
653.299 1.02173 0.0145606
653.63 1.01724 0.0143643
653.961 0.990143 0.0131649
654.292 0.899614 0.00963173
654.623 0.805283 0.00330299
654.955 0.896278 0.00342064
655.286 0.896223 0.00342043
655.616 0.896167 0.00342022
655.947 0.896111 0.00342
656.278 0.896053 0.00341978
656.609 0.98129 0.00374509
656.94 1.12339 0.0053024
657.27 1.10605 0.00616826
657.601 1.10818 0.00712122
657.932 1.11494 0.00854361
658.262 1.10291 0.0103512
658.593 1.07934 0.0122834
658.923 1.04575 0.0141374
659.254 1.04155 0.0155851
659.584 1.01935 0.01637
659.914 1.01706 0.017123
660.244 1.00162 0.017417
660.575 0.984008 0.0171369
660.905 1.00861 0.0173756
661.235 1.00479 0.0171
661.565 1.00306 0.0169623
661.895 0.9969 0.0168136
662.225 0.995992 0.0170706
662.555 1.0245 0.0175536
662.884 0.998358 0.0171346
663.214 0.997301 0.0168893
663.544 1.01596 0.0168691
663.873 0.996133 0.0164562
664.203 0.99633 0.0162787
664.533 0.996326 0.0158377
664.862 1.00021 0.0157581
665.192 1.00656 0.0162628
665.521 1.02426 0.0172958
665.85 0.996114 0.0175632
666.18 0.999754 0.0183201
666.509 0.990551 0.0181272
666.838 0.988044 0.0176762
667.167 0.994036 0.017502
667.496 1.01472 0.0179879
667.825 1.00961 0.0180329
668.154 1.01065 0.0180122
668.483 1.01101 0.017893
668.812 1.0103 0.0175533
669.141 1.0184 0.0174478
669.47 1.02029 0.017249
669.798 1.02277 0.0174466
670.127 0.9993 0.0172615
670.456 0.97058 0.0160496
670.784 0.992711 0.0145594
671.113 0.991638 0.0133575
671.441 1.01289 0.0128998
671.77 1.03783 0.0132744
672.098 1.02339 0.0137004
672.426 1.04224 0.0153714
672.755 1.01803 0.0161528
673.083 1.00209 0.0162524
673.411 1.00016 0.0162044
673.739 1.00387 0.0164719
674.067 1.02588 0.0175309
674.395 1.02196 0.0174955
674.723 0.988507 0.0167587
675.051 1.01551 0.0167403
675.379 1.00288 0.0166222
675.706 1.01763 0.0169281
676.034 1.00412 0.0171947
676.362 1.00498 0.0172851
676.689 0.994838 0.0161544
677.017 1.01344 0.0152342
677.344 1.02051 0.0146851
677.672 1.02279 0.0149535
677.999 1.00366 0.0149933
678.327 0.998102 0.0146537
678.654 1.01631 0.0141433
678.981 1.01958 0.0137399
679.308 1.01971 0.0138504
679.636 1.04762 0.0146948
679.963 1.03695 0.0153515
680.29 1.0083 0.0151791
680.617 1.01296 0.0149309
680.944 1.01575 0.0147297
681.271 1.03379 0.015288
681.597 1.03136 0.0163027
681.924 1.01391 0.0172158
682.251 1.00651 0.0170853
682.578 1.01094 0.016223
682.904 0.9963 0.0150278
683.231 1.0115 0.0145397
683.557 0.994508 0.0140942
683.884 1.01105 0.0138055
684.21 1.00833 0.0134641
684.536 1.01603 0.0130737
684.863 1.02109 0.0129094
685.189 1.0194 0.0131163
685.515 1.03377 0.0139234
685.841 1.01367 0.0142388
686.167 1.01526 0.0142641
686.493 1.03042 0.0141985
686.819 1.02576 0.0142467
687.145 1.03322 0.0149228
687.471 1.02447 0.0159795
687.797 1.0036 0.0163465
688.123 1.00678 0.0162728
688.448 1.00779 0.0157468
688.774 1.00518 0.0152539
689.1 1.01539 0.0155907
689.425 1.01407 0.0162342
689.751 1.02479 0.0165838
690.076 0.988691 0.015382
690.402 0.995859 0.0144233
690.727 1.00831 0.0140651
691.052 1.02741 0.0145699
691.377 1.01327 0.0149036
691.703 1.02271 0.015352
692.028 1.01771 0.0153231
692.353 1.02087 0.0150224
692.678 1.02678 0.0151817
693.003 1.0474 0.0159162
693.328 1.03853 0.0170188
693.652 1.00886 0.0175313
693.977 0.996812 0.0170099
694.302 0.984859 0.0159422
694.627 1.01814 0.0159827
694.951 1.03317 0.0166792
695.276 1.03708 0.0183191
695.6 0.99663 0.0182603
695.925 0.982474 0.0159121
696.249 0.993501 0.0141092
696.574 1.00347 0.0134385
696.898 1.03999 0.0143036
697.222 1.02736 0.0150268
697.546 1.01646 0.0155482
697.871 1.01649 0.015876
698.195 1.00943 0.0159367
698.519 1.01575 0.0163911
698.843 1.04074 0.0170664
699.167 1.01552 0.0174918
699.491 1.00642 0.0180764
699.814 1.01444 0.018295
700.138 1.00709 0.0182843
700.462 0.998869 0.0185106
700.786 0.996259 0.0182409
701.109 0.999749 0.0178225
701.433 1.01894 0.0173696
701.756 0.992739 0.0165327
702.08 1.0136 0.0167069
702.403 1.02495 0.0171425
702.726 1.00834 0.0177245
703.05 1.0134 0.0182027
703.373 1.01195 0.0184017
703.696 1.01319 0.0184285
704.019 1.01317 0.0190712
704.342 1.00507 0.0196877
704.665 1.00366 0.0204862
704.988 0.989665 0.0202098
705.311 0.968288 0.018762
705.634 0.968662 0.0168487
705.957 0.993419 0.0154536
706.28 0.995129 0.0143282
706.602 1.02317 0.014378
706.925 1.03399 0.0147578
707.247 1.03412 0.0153468
707.57 1.00742 0.0157447
707.892 1.01436 0.016338
708.215 1.04509 0.017394
708.537 1.00963 0.0175172
708.859 1.0118 0.0176363
709.182 0.984295 0.0172148
709.504 1.01084 0.0169863
709.826 1.02041 0.0168523
710.148 1.01628 0.016886
710.47 1.01535 0.017358
710.792 1.02385 0.0180746
711.114 1.00304 0.0184896
711.436 1.00296 0.0189003
711.758 0.993784 0.0185091
712.079 0.987302 0.0182379
712.401 0.989135 0.017354
712.723 0.994669 0.0167708
713.044 0.989325 0.0157577
713.366 1.01827 0.0158085
713.687 1.0149 0.0159106
714.009 1.01757 0.0163638
714.33 1.01423 0.0167033
714.652 1.00621 0.0171099
714.973 1.02272 0.0178474
715.294 1.01111 0.0186585
715.615 1.03178 0.0200535
715.936 1.00393 0.0200711
716.257 0.991371 0.020137
716.578 1.00485 0.0204097
716.899 1.00838 0.0199898
717.22 0.999626 0.0186189
717.541 0.992647 0.0180564
717.862 1.01586 0.018205
718.182 0.990309 0.0179392
718.503 1.00104 0.0176441
718.824 1.01908 0.018056
719.144 1.02009 0.0183537
719.465 0.998503 0.0185732
719.785 0.986845 0.0180835
720.105 1.00851 0.0180408
720.426 1.01501 0.0178744
720.746 1.01721 0.0181973
721.066 0.995907 0.0180381
721.386 0.99236 0.0181904
721.706 1.01708 0.0189512
722.026 1.01724 0.0194556
722.346 1.01162 0.0195631
722.666 1.01688 0.0193573
722.986 1.00299 0.0187478
723.306 1.00855 0.0189465
723.626 0.991785 0.0191609
723.946 0.997775 0.0191802
724.265 1.01917 0.0183484
724.585 0.982822 0.0170682
724.904 1.0063 0.0171426
725.224 1.01929 0.0172989
725.543 1.0151 0.0172597
725.863 1.01016 0.0173827
726.182 1.01874 0.018165
726.501 0.99824 0.0182646
726.82 1.017 0.0185568
727.14 1.00216 0.0177074
727.459 1.01201 0.0172575
727.778 1.00835 0.017124
728.097 1.01076 0.0173789
728.416 0.9886 0.0169931
728.734 1.00733 0.016608
729.053 1.02533 0.0165915
729.372 1.01326 0.0164594
729.691 1.00614 0.0159882
730.009 1.01519 0.0152879
730.328 1.00813 0.0147863
730.647 1.02901 0.0149557
730.965 1.02559 0.015454
731.283 1.03773 0.0161292
731.602 1.00108 0.0160263
731.92 0.99246 0.0156735
732.238 0.997989 0.0153386
732.557 1.01984 0.0153635
732.875 1.00039 0.0148475
733.193 1.00162 0.0139707
733.511 1.01915 0.0137704
733.829 1.03348 0.0142827
734.147 1.04602 0.0153142
734.465 1.02718 0.0158659
734.782 1.03014 0.0158744
735.1 1.01598 0.0153233
735.418 1.01058 0.01527
735.735 1.02813 0.0154484
736.053 0.998426 0.0150548
736.371 1.02223 0.0153907
736.688 1.01671 0.0159084
737.005 1.03351 0.0170164
737.323 1.0256 0.0175994
737.64 1.01076 0.0174915
737.957 0.986542 0.0163838
738.274 1.00517 0.0151788
738.592 1.0268 0.0149678
738.909 1.02054 0.0152981
739.226 1.01812 0.0166425
739.543 1.01641 0.0179241
739.86 1.0181 0.0189819
740.176 1.0272 0.0195616
740.493 1.0245 0.0201258
740.81 0.979465 0.0197405
741.127 0.981574 0.019553
741.443 0.988372 0.0185909
741.76 0.992258 0.0180102
742.076 1.00981 0.0183296
742.393 1.02183 0.0194275
742.709 1.02401 0.0205246
743.025 1.0128 0.0207881
743.342 0.988605 0.0203496
743.658 1.00226 0.0200953
743.974 1.00044 0.0195218
744.29 0.996315 0.0194617
744.606 1.00252 0.0197308
744.922 0.977827 0.0195212
745.238 0.989627 0.0196983
745.554 0.998903 0.0202692
745.87 0.998344 0.020477
746.186 0.97687 0.0194211
746.501 0.998405 0.0189117
746.817 1.00502 0.0192764
747.132 1.02692 0.0209153
747.448 0.996213 0.0214096
747.763 0.969027 0.0208
748.079 0.962856 0.0198709
748.394 0.99984 0.0188765
748.71 0.997393 0.0175522
749.025 0.984103 0.0164149
749.34 1.01628 0.0164642
749.655 1.04102 0.0170281
749.97 1.02067 0.0174678
750.285 1.01279 0.017454
750.6 1.00855 0.0170451
750.915 1.01029 0.0166358
751.23 1.03381 0.0171597
751.545 1.03541 0.0178787
751.859 1.01429 0.018362
752.174 1.00414 0.0184832
752.489 1.00769 0.0175837
752.803 0.997096 0.016441
753.118 1.01993 0.0165035
753.432 1.01813 0.017042
753.747 1.02144 0.0177024
754.061 1.00457 0.0169607
754.375 0.997781 0.0161958
754.689 1.01419 0.0158202
755.004 1.01372 0.0157911
755.318 1.00399 0.0153725
755.632 1.00306 0.014616
755.946 1.02549 0.0145114
756.26 1.00433 0.0137189
756.573 1.01044 0.0131659
756.887 1.0234 0.0128466
757.201 1.02795 0.0131484
757.515 1.05238 0.0145729
757.828 1.03416 0.0154933
758.142 1.01626 0.0153078
758.455 1.01785 0.0142275
758.769 1.01088 0.0134273
759.082 1.01894 0.0131141
759.396 1.02043 0.0129265
759.709 1.01779 0.0128096
760.022 1.03549 0.0130345
760.335 1.04148 0.0137592
760.648 1.03122 0.0147154
760.962 1.04874 0.0159287
761.275 1.01017 0.0164075
761.587 1.02416 0.0167357
761.9 1.02987 0.0168249
762.213 1.001 0.0160457
762.526 1.01653 0.0155863
762.839 1.01962 0.0155476
763.151 1.01866 0.0150913
763.464 1.00643 0.0141878
763.776 1.01389 0.0132274
764.089 1.02609 0.0130257
764.401 1.03297 0.0135337
764.714 1.03143 0.014319
765.026 1.04029 0.0153489
765.338 1.03148 0.0162738
765.65 1.04516 0.0176317
765.962 1.0083 0.018123
766.275 1.02173 0.018896
766.587 0.994559 0.0187046
766.898 0.997893 0.0181346
767.21 1.00256 0.0171025
767.522 0.992662 0.0157897
767.834 1.01653 0.015393
768.146 1.01128 0.0154642
768.457 1.04606 0.0166889
768.769 1.02127 0.017368
769.08 1.0097 0.0173473
769.392 1.00216 0.0166575
769.703 1.01171 0.0158706
770.015 1.02166 0.01534
770.326 1.03835 0.0154948
770.637 1.04494 0.016106
770.948 1.03289 0.017182
771.26 1.00973 0.0180554
771.571 1.01814 0.0183292
771.882 0.996195 0.01769
772.193 1.03114 0.0181799
772.504 1.03691 0.018687
772.814 1.00024 0.0187198
773.125 1.02502 0.0193425
773.436 1.00626 0.0197151
773.747 0.996345 0.0200594
774.057 0.995761 0.0204825
774.368 1.01434 0.0209979
774.678 1.0076 0.0214735
774.989 0.971625 0.0214177
775.299 0.983171 0.0222696
775.609 1.00318 0.0222442
775.919 0.977491 0.0217775
776.23 1.00242 0.02208
776.54 0.972497 0.0215639
776.85 0.972029 0.0217853
777.16 0.969772 0.0211136
777.47 0.990977 0.0202343
777.78 0.997883 0.0194098
778.089 1.00004 0.0184542
778.399 0.996827 0.0183078
778.709 1.01751 0.01935
779.019 1.03461 0.0207938
779.328 1.01867 0.0217492
779.638 0.965453 0.0208935
779.947 0.97779 0.0191675
780.257 0.989789 0.0175922
780.566 0.994365 0.0169728
780.875 0.995555 0.0173712
781.185 1.03066 0.0187958
781.494 1.00917 0.0189059
781.803 1.02942 0.019605
782.112 1.00768 0.0196807
782.421 1.02211 0.0195607
782.73 0.998969 0.0188287
783.039 1.02298 0.0192955
783.348 1.03171 0.0209242
783.656 0.978389 0.0214958
783.965 0.983766 0.0218781
784.274 0.986788 0.0210792
784.582 0.999133 0.0205518
784.891 1.00321 0.0204723
785.199 0.993704 0.0206838
785.508 1.00312 0.0213538
785.816 1.01758 0.0218983
786.124 1.00951 0.0213298
786.432 1.00174 0.0202041
786.741 1.01511 0.0195612
787.049 1.01248 0.0194204
787.357 1.03366 0.0199228
787.665 1.01352 0.0196089
787.973 1.03224 0.0199692
788.281 1.01196 0.0201837
788.588 1.00452 0.02118
788.896 0.983447 0.02226
789.204 1.01231 0.0235018
789.511 1.00893 0.0235261
789.819 1.00341 0.0238893
790.126 0.983619 0.0236624
790.434 0.993167 0.0237715
790.741 1.00867 0.0238959
791.049 0.975674 0.023477
791.356 0.999875 0.0245377
791.663 0.958862 0.0244628
791.97 0.989455 0.0249145
792.277 0.982244 0.0243624
792.584 0.978787 0.023037
792.891 0.955899 0.0201362
793.198 0.998752 0.0191059
793.505 1.00643 0.0188039
793.812 0.998554 0.01926
794.119 0.99549 0.0196725
794.425 1.00144 0.0203173
794.732 1.01166 0.0213515
795.038 1.0027 0.0234842
795.345 0.995886 0.0251681
795.651 0.977885 0.0262767
795.958 0.98603 0.0264395
796.264 0.931216 0.0239767
796.57 0.992846 0.0238517
796.876 0.99832 0.0237119
797.183 0.987832 0.0240231
797.489 0.988715 0.0250203
797.795 0.98666 0.0252179
798.101 0.99439 0.0252046
798.406 1.00462 0.0254684
798.712 0.979827 0.0258952
799.018 0.99249 0.0264691
799.324 0.968278 0.0262129
799.629 0.97342 0.026401
799.935 0.944301 0.0261959
800.24 0.986921 0.02729
800.546 0.972766 0.0271028
800.851 0.974799 0.0273781
801.157 0.96075 0.0283444
801.462 0.942318 0.0283435
801.767 0.971883 0.0289216
802.072 0.956714 0.0275819
802.377 0.974174 0.026783
802.682 0.971026 0.0263089
802.987 0.982213 0.0271949
803.292 0.945703 0.0273669
803.597 0.971828 0.0279785
803.902 0.957262 0.0276981
804.207 0.947099 0.0273783
804.511 0.934031 0.0267721
804.816 0.925891 0.0250448
805.12 0.950834 0.0237141
805.425 0.968505 0.0225425
805.729 0.994717 0.0230245
806.034 0.990531 0.0238653
806.338 1.00441 0.0254015
806.642 0.989313 0.0258519
806.946 0.957914 0.025181
807.251 0.988812 0.025819
807.555 0.984089 0.0253475
807.859 0.951748 0.0247382
808.162 0.961849 0.0255909
808.466 0.969679 0.0265693
808.77 0.95071 0.0270052
809.074 0.975365 0.0282886
809.378 0.976224 0.0283503
809.681 0.950214 0.0277499
809.985 0.989663 0.0287782
810.288 0.972427 0.0288446
810.592 0.946758 0.028248
810.895 0.961204 0.0291386
811.198 0.958334 0.0303817
811.502 0.920462 0.0302083
811.805 0.947827 0.0314962
812.108 0.882037 0.0290001
812.411 0.930484 0.0289036
812.714 0.953552 0.0272626
813.017 0.979329 0.0261468
813.32 0.969009 0.02597
813.623 0.95519 0.0265987
813.926 0.990932 0.0290542
814.228 0.985668 0.0305266
814.531 0.993445 0.0316294
814.833 0.936595 0.030475
815.136 0.926789 0.0304993
815.438 0.948929 0.0312136
815.741 0.901387 0.0291602
816.043 0.944684 0.0294893
816.345 0.947115 0.0293286
816.648 0.960007 0.0297681
816.95 0.979791 0.030535
817.252 0.949752 0.0307386
817.554 0.936071 0.0305816
817.856 0.895636 0.0305526
818.158 0.876234 0.0304824
818.46 0.936345 0.0323097
818.761 0.936405 0.032193
819.063 0.891813 0.0308717
819.365 0.902384 0.0301368
819.666 0.923721 0.0289663
819.968 0.93956 0.0282498
820.269 0.949516 0.0280922
820.571 0.946284 0.0287796
820.872 0.938793 0.0297495
821.173 0.923212 0.0306735
821.475 0.95129 0.0323346
821.776 0.953125 0.0321982
822.077 0.928096 0.0315874
822.378 0.926948 0.0317883
822.679 0.9588 0.0328589
822.98 0.893645 0.0314282
823.281 0.941558 0.033306
823.581 0.936359 0.0328788
823.882 0.934045 0.0332584
824.183 0.948953 0.0331826
824.483 0.907038 0.031288
824.784 0.906588 0.0299953
825.084 0.957645 0.031381
825.385 0.934993 0.0314142
825.685 0.914714 0.0317399
825.985 0.899139 0.0311994
826.286 0.917124 0.0310772
826.586 0.900343 0.0301875
826.886 0.95212 0.0311011
827.186 0.916842 0.0309675
827.486 0.95614 0.0326865
827.786 0.917204 0.0325019
828.086 0.930417 0.0324061
828.386 0.943201 0.0322017
828.685 0.907924 0.0314189
828.985 0.948999 0.0330816
829.285 0.959505 0.0334939
829.584 0.915717 0.0332494
829.884 0.909032 0.0336328
830.183 0.964977 0.0364586
830.482 0.885694 0.0345476
830.782 0.897845 0.0349317
831.081 0.909086 0.0364801
831.38 0.877634 0.0346845
831.679 0.8902 0.0350112
831.978 0.975523 0.0367091
832.277 0.936699 0.0348119
832.576 0.909899 0.0336649
832.875 0.903156 0.0335195
833.174 0.921733 0.03365
833.472 0.894477 0.0333995
833.771 0.920432 0.0343416
834.07 0.876509 0.0327158
834.368 0.892688 0.0333394
834.667 0.902614 0.0344096
834.965 0.899716 0.0348701
835.263 0.911723 0.0351493
835.562 0.906404 0.0350625
835.86 0.852445 0.033689
836.158 0.839946 0.0338215
836.456 0.86121 0.0351491
836.754 0.830537 0.034421
837.052 0.917241 0.0373217
837.35 0.833621 0.0348899
837.648 0.860121 0.0359101
837.946 0.942669 0.0379142
838.243 0.906039 0.0371809
838.541 0.870937 0.0354959
838.839 0.870619 0.0355414
839.136 0.893556 0.0359307
839.434 0.886365 0.0355683
839.731 0.932584 0.0374659
840.028 0.848827 0.0349249
840.326 0.882826 0.0360653
840.623 0.905379 0.0364897
840.92 0.890617 0.0365394
841.217 0.904516 0.0378571
841.514 0.896037 0.0378898
841.811 0.825962 0.0351773
842.108 0.891428 0.037619
842.405 0.931278 0.0387377
842.701 0.92144 0.0387102
842.998 0.824012 0.0354795
843.295 0.880789 0.0374835
843.591 0.871026 0.0373566
843.888 0.862974 0.0367536
844.184 0.878387 0.0372952
844.481 0.864578 0.036394
844.777 0.865611 0.0365941
845.073 0.828393 0.0360686
845.369 0.872367 0.0373849
845.665 0.88448 0.0381938
845.962 0.821357 0.0360835
846.258 0.907655 0.0386663
846.553 0.891077 0.0383672
846.849 0.945375 0.039587
847.145 0.884494 0.0370467
847.441 0.856855 0.0366821
847.737 0.875096 0.0367632
848.032 0.903861 0.0380763
848.328 0.858948 0.0372889
848.623 0.87451 0.0381275
848.919 0.794961 0.0355421
849.214 0.802473 0.0353023
849.509 0.857435 0.0370356
849.805 0.870947 0.0380751
850.1 0.899471 0.0395587
850.395 0.871468 0.0388091
850.69 0.890105 0.0394947
850.985 0.820652 0.0365769
851.28 0.874369 0.0375983
851.575 0.893501 0.0384715
851.869 0.870628 0.0378462
852.164 0.877467 0.0374286
852.459 0.863798 0.0361172
852.753 0.938092 0.0371147
853.048 0.84103 0.0333189
853.342 0.898284 0.0341954
853.637 0.963293 0.0360473
853.931 0.956544 0.0355354
854.225 0.890783 0.0341414
854.52 0.944059 0.0364572
854.814 0.915039 0.0360117
855.108 0.856625 0.0337128
855.402 0.871118 0.0346189
855.696 0.926655 0.0367275
855.99 0.978068 0.0383412
856.283 0.882688 0.0356244
856.577 0.885155 0.0364898
856.871 0.887579 0.036251
857.164 0.86927 0.0362653
857.458 0.917918 0.0385041
857.751 0.899158 0.0374477
858.045 0.866269 0.0363105
858.338 0.868961 0.036961
858.632 0.817714 0.0350338
858.925 0.861196 0.0368967
859.218 0.811213 0.0356575
859.511 0.932635 0.0398333
859.804 0.908403 0.0389192
860.097 0.817456 0.0359416
860.39 0.877054 0.0383212
860.683 0.880001 0.038223
860.976 0.876444 0.0384513
861.268 0.854661 0.0373835
861.561 0.895041 0.0393528
861.854 0.98038 0.0424133
862.146 0.906174 0.0393283
862.439 0.85138 0.0379144
862.731 0.832063 0.036564
863.023 0.880042 0.0388215
863.316 0.86028 0.0376906
863.608 0.895795 0.0386618
863.9 0.889349 0.0385469
864.192 0.838632 0.0365439
864.484 0.897235 0.0387034
864.776 0.873717 0.0385317
865.068 0.875776 0.0383383
865.36 0.895828 0.0386733
865.651 0.918572 0.0401898
865.943 0.827265 0.0374351
866.235 0.859954 0.038361
866.526 0.877753 0.0398005
866.818 0.867189 0.0382333
867.109 0.860369 0.0378492
867.4 0.849645 0.0383365
867.692 0.896653 0.0395978
867.983 0.888621 0.0390385
868.274 0.923519 0.0402969
868.565 0.849056 0.0381453
868.856 0.885325 0.0392063
869.147 0.877598 0.0389291
869.438 0.864099 0.0385245
869.729 0.873986 0.0389761
870.02 0.92616 0.0417046
870.31 0.889274 0.039591
870.601 0.823525 0.0375503
870.892 0.806703 0.0367833
871.182 0.85559 0.0377219
871.473 0.910437 0.0397582
871.763 0.881358 0.0381802
872.053 0.855193 0.0380522
872.343 0.85973 0.0380941
872.634 0.868322 0.0386689
872.924 0.804591 0.0364831
873.214 0.817808 0.0375343
873.504 0.837913 0.0385029
873.794 0.964133 0.042333
874.084 0.934995 0.041568
874.373 0.869104 0.039068
874.663 0.808005 0.0367777
874.953 0.853023 0.0390454
875.242 0.844016 0.0383157
875.532 0.835542 0.0378097
875.821 0.873002 0.0388882
876.111 0.889792 0.0391115
876.4 0.910182 0.0400518
876.689 0.892211 0.0393909
876.978 0.898787 0.0395504
877.268 0.864345 0.0388541
877.557 0.929013 0.0407462
877.846 0.888559 0.0397157
878.134 0.896555 0.0402561
878.423 0.89672 0.0402635
878.712 0.896885 0.0402709
