178.41 0.889865 0.145919
178.791 0.895499 0.146843
179.172 0.901094 0.14776
179.553 0.497242 0.497242
179.934 0.796418 0.796418
180.316 0.626952 0.626952
180.697 0.43835 0.43835
181.078 0.582808 0.582808
181.459 0.793653 0.793653
181.84 0.26128 0.26128
182.221 1.83992 1.83992
182.602 0.124144 0.124144
182.983 -2.03804 -2.03804
183.364 0.676669 0.145968
183.744 0.38082 0.0691372
184.125 0.615523 0.0762466
184.506 0.584898 0.0608873
184.887 0.469441 0.0486421
185.268 0.416107 0.0394259
185.648 0.635454 0.047164
186.029 0.584468 0.0431439
186.41 0.654127 0.0444491
186.791 0.660555 0.0429267
187.171 0.514635 0.0324087
187.552 0.495524 0.0258735
187.932 0.471157 0.0256896
188.313 0.449553 0.0234371
188.694 0.480944 0.0242278
189.074 0.470576 0.0231052
189.455 0.492627 0.0229844
189.835 0.525986 0.0244204
190.216 0.483381 0.0227936
190.596 0.479307 0.0217217
190.977 0.474373 0.0214418
191.357 0.485192 0.0217489
191.737 0.497415 0.0217461
192.118 0.500287 0.0217018
192.498 0.475491 0.0205008
192.878 0.507519 0.021343
193.258 0.444931 0.0196388
193.639 0.456985 0.0196562
194.019 0.493118 0.0205985
194.399 0.468832 0.0199116
194.779 0.454089 0.0188106
195.159 0.46279 0.0195404
195.54 0.450648 0.0187046
195.92 0.454864 0.0188474
196.3 0.436622 0.0181981
196.68 0.426015 0.0180654
197.06 0.427168 0.0179819
197.44 0.426158 0.0177883
197.82 0.408717 0.0172836
198.2 0.423654 0.0175884
198.58 0.41041 0.0168544
198.959 0.383127 0.0162551
199.339 0.396908 0.0166166
199.719 0.393038 0.0162187
200.099 0.390168 0.0161982
200.479 0.39895 0.0163331
200.858 0.386535 0.01584
201.238 0.392546 0.0157133
201.618 0.386287 0.0157625
201.998 0.369229 0.0150415
202.377 0.367824 0.0150126
202.757 0.372421 0.0149077
203.136 0.360265 0.0145673
203.516 0.349615 0.0141366
203.896 0.34248 0.0138193
204.275 0.323788 0.0131718
204.655 0.330349 0.0133299
205.034 0.337503 0.013315
205.414 0.320689 0.0128166
205.793 0.310127 0.0124908
206.172 0.320535 0.0127102
206.552 0.312044 0.0123269
206.931 0.312037 0.0121378
207.31 0.314244 0.0120495
207.69 0.29805 0.0116411
208.069 0.301987 0.0115627
208.448 0.293327 0.0112521
208.827 0.29733 0.0112636
209.207 0.297098 0.0112297
209.586 0.285628 0.0107227
209.965 0.28484 0.0106741
210.344 0.288567 0.010587
210.723 0.277557 0.0102555
211.102 0.280138 0.0101249
211.481 0.28077 0.0100828
211.86 0.267585 0.00974521
212.239 0.270365 0.00969672
212.618 0.273004 0.00960306
212.997 0.269246 0.00938117
213.376 0.277681 0.00949295
213.755 0.264147 0.00912869
214.134 0.252791 0.00880934
214.513 0.264551 0.00886604
214.891 0.250855 0.00857584
215.27 0.250351 0.00840617
215.649 0.252281 0.00836911
216.028 0.245611 0.00811513
216.406 0.256285 0.00820322
216.785 0.247941 0.00793729
217.164 0.252963 0.00793702
217.542 0.250466 0.00773215
217.921 0.243242 0.00752228
218.3 0.244774 0.00751921
218.678 0.240787 0.00734042
219.057 0.244494 0.00726501
219.435 0.238285 0.0070543
219.814 0.239183 0.0070155
220.192 0.240321 0.0069188
220.57 0.237997 0.00680454
220.949 0.234303 0.00663825
221.327 0.2302 0.00647047
221.705 0.23311 0.00644456
222.084 0.232284 0.00629357
222.462 0.233781 0.00623859
222.84 0.22911 0.00612497
223.218 0.228743 0.00596767
223.597 0.228583 0.00590533
223.975 0.224789 0.00575068
224.353 0.223943 0.0056768
224.731 0.226047 0.0056115
225.109 0.223207 0.0054635
225.487 0.225463 0.00541299
225.865 0.220588 0.00527227
226.243 0.228575 0.00529874
226.621 0.223195 0.00516704
226.999 0.223883 0.00506899
227.377 0.224563 0.00502739
227.755 0.220874 0.00492087
228.133 0.226219 0.00491681
228.511 0.221445 0.00480676
228.889 0.222521 0.00472629
229.266 0.22012 0.00465611
229.644 0.219086 0.00455372
230.022 0.224365 0.0045486
230.4 0.217155 0.00443274
230.777 0.220571 0.00442496
231.155 0.224611 0.00440726
231.533 0.220845 0.00430828
231.91 0.218196 0.00422439
232.288 0.222609 0.00422646
232.665 0.219903 0.00414663
233.043 0.223783 0.00414355
233.42 0.218512 0.00403913
233.798 0.223425 0.00405441
234.175 0.22106 0.00398037
234.553 0.222181 0.00394796
234.93 0.220725 0.00389559
235.307 0.222251 0.00387737
235.685 0.221947 0.00384309
236.062 0.222682 0.00380446
236.439 0.223627 0.00379367
236.816 0.225378 0.00376192
237.194 0.22167 0.00369134
237.571 0.223677 0.00367573
237.948 0.227883 0.00369052
238.325 0.224326 0.00362109
238.702 0.224727 0.00360292
239.079 0.224421 0.00356475
239.456 0.228546 0.00357332
239.833 0.226055 0.00353088
240.21 0.228649 0.00351827
240.587 0.228101 0.00349778
240.964 0.231018 0.00349136
241.341 0.230824 0.00346041
241.718 0.231056 0.00342937
242.095 0.231876 0.00343443
242.472 0.232067 0.0034086
242.849 0.231586 0.00337966
243.225 0.23198 0.00335304
243.602 0.231028 0.0033293
243.979 0.230687 0.00331535
244.356 0.235362 0.00333503
244.732 0.234808 0.00329718
245.109 0.234487 0.00327186
245.486 0.238654 0.0032962
245.862 0.237133 0.00326946
246.239 0.236497 0.00323179
246.615 0.235969 0.00322233
246.992 0.236342 0.00320125
247.368 0.23806 0.00321284
247.745 0.239624 0.00319621
248.121 0.237868 0.00316276
248.497 0.240153 0.00317278
248.874 0.241146 0.00316008
249.25 0.239436 0.00312115
249.626 0.243817 0.00314436
250.003 0.24022 0.00310276
250.379 0.243108 0.00309096
250.755 0.245299 0.00310755
251.131 0.243817 0.00307641
251.507 0.244282 0.00307524
251.884 0.245103 0.00305925
252.26 0.24688 0.00307111
252.636 0.245067 0.00303195
253.012 0.245157 0.00302145
253.388 0.247561 0.00302709
253.764 0.248591 0.00302097
254.14 0.2474 0.00300656
254.516 0.250824 0.00302316
254.892 0.248217 0.0029922
255.268 0.249193 0.00299489
255.643 0.249868 0.00298635
256.019 0.2512 0.00299208
256.395 0.25365 0.00300037
256.771 0.251825 0.00296775
257.147 0.253518 0.00297433
257.522 0.255455 0.00298094
257.898 0.254008 0.0029676
258.274 0.255058 0.00296604
258.649 0.254746 0.00296241
259.025 0.256895 0.00295854
259.4 0.256616 0.00295533
259.776 0.256411 0.00294502
260.151 0.260883 0.00298058
260.527 0.258351 0.00295287
260.902 0.259608 0.00295199
261.278 0.260846 0.00295277
261.653 0.260326 0.00294975
262.028 0.261953 0.00296179
262.404 0.263182 0.00295512
262.779 0.264389 0.00295448
263.154 0.265288 0.00295428
263.53 0.264284 0.00294064
263.905 0.268868 0.00297179
264.28 0.26784 0.00296457
264.655 0.264921 0.00293979
265.03 0.268638 0.00296948
265.405 0.269152 0.00296242
265.781 0.270613 0.00297398
266.156 0.268477 0.00295904
266.531 0.270118 0.0029524
266.906 0.274555 0.00299299
267.281 0.272464 0.00296682
267.655 0.273072 0.00298123
268.03 0.275216 0.00299458
268.405 0.274417 0.00298625
268.78 0.277835 0.00300472
269.155 0.275378 0.00298475
269.53 0.279009 0.00301473
269.904 0.278648 0.00300938
270.279 0.28061 0.00302187
270.654 0.280991 0.00301532
271.029 0.281821 0.0030255
271.403 0.282175 0.00301884
271.778 0.284922 0.00304212
272.152 0.283539 0.00303761
272.527 0.284418 0.00303965
272.901 0.286431 0.00303845
273.276 0.284622 0.00302193
273.65 0.288229 0.00305058
274.025 0.288986 0.00304665
274.399 0.289371 0.00306328
274.774 0.291014 0.00306486
275.148 0.290234 0.00305107
275.522 0.293119 0.00307441
275.897 0.293532 0.00307491
276.271 0.293844 0.00307961
276.645 0.297001 0.00308715
277.019 0.297724 0.00308253
277.393 0.298028 0.00307578
277.768 0.297354 0.00308683
278.142 0.297826 0.00308618
278.516 0.299777 0.00310173
278.89 0.300641 0.00310007
279.264 0.303746 0.00312604
279.638 0.305788 0.00312135
280.012 0.3056 0.00312588
280.386 0.305992 0.00314424
280.76 0.307301 0.00313898
281.133 0.31022 0.00315963
281.507 0.311338 0.00316278
281.881 0.312341 0.00316063
282.255 0.31454 0.00317618
282.629 0.314277 0.00318407
283.002 0.31561 0.00319253
283.376 0.31581 0.00318481
283.75 0.319498 0.00321422
284.123 0.318572 0.00319836
284.497 0.319165 0.00320717
284.87 0.321818 0.00322377
285.244 0.32256 0.00322154
285.618 0.325071 0.00324236
285.991 0.325944 0.00326042
286.364 0.328535 0.00327214
286.738 0.329072 0.0032742
287.111 0.333215 0.00329615
287.485 0.333926 0.00330152
287.858 0.335677 0.00332253
288.231 0.332499 0.00330096
288.605 0.336135 0.00332806
288.978 0.340675 0.00334333
289.351 0.340547 0.00336008
289.724 0.340904 0.00336172
290.097 0.343168 0.00337689
290.47 0.347215 0.00340772
290.843 0.347782 0.0034093
291.217 0.345924 0.00340086
291.59 0.349964 0.00344435
291.963 0.352408 0.00344874
292.336 0.3543 0.00346903
292.708 0.355069 0.00347941
293.081 0.359099 0.00351521
293.454 0.359698 0.00350264
293.827 0.360143 0.00351522
294.2 0.364279 0.0035584
294.573 0.361272 0.00353238
294.945 0.366052 0.00357668
295.318 0.371063 0.00359968
295.691 0.371372 0.00360996
296.064 0.37313 0.00362512
296.436 0.371395 0.00361414
296.809 0.375058 0.00362216
297.181 0.377816 0.00365496
297.554 0.379351 0.00366797
297.926 0.381111 0.00367939
298.299 0.382939 0.00369215
298.671 0.386046 0.00369095
299.044 0.388909 0.00372491
299.416 0.386894 0.00372087
299.788 0.387552 0.00371825
300.161 0.392324 0.00375753
300.533 0.39134 0.00374758
300.905 0.392422 0.00373848
301.278 0.395062 0.00375891
301.65 0.397166 0.00376468
302.022 0.399601 0.00378444
302.394 0.399002 0.0037877
302.766 0.401463 0.00379401
303.138 0.404368 0.00382267
303.51 0.406805 0.00382419
303.882 0.405658 0.00381401
304.254 0.409005 0.00383723
304.626 0.407876 0.00382042
304.998 0.413167 0.00384397
305.37 0.412981 0.00386459
305.742 0.412337 0.0038471
306.114 0.416784 0.00386613
306.485 0.417533 0.00387046
306.857 0.420336 0.00388066
307.229 0.422312 0.00390336
307.601 0.422235 0.00390194
307.972 0.423296 0.00390282
308.344 0.422635 0.00389488
308.716 0.426577 0.00392914
309.087 0.4246 0.0039151
309.459 0.426046 0.00392771
309.83 0.428136 0.00393785
310.202 0.426607 0.00392442
310.573 0.428988 0.00393765
310.945 0.43306 0.00395355
311.316 0.433394 0.003974
311.687 0.435576 0.00396802
312.059 0.431595 0.0039637
312.43 0.436991 0.00398115
312.801 0.435449 0.00398814
313.172 0.438247 0.0040034
313.544 0.438948 0.00401073
313.915 0.43714 0.00397701
314.286 0.442013 0.00401648
314.657 0.441249 0.00400412
315.028 0.441347 0.00401303
315.399 0.440217 0.00400656
315.77 0.440597 0.00400262
316.141 0.442634 0.00402855
316.512 0.444315 0.0040356
316.883 0.442953 0.00403755
317.254 0.444889 0.00404228
317.625 0.444071 0.00406345
317.996 0.443222 0.00403733
318.366 0.446153 0.00406072
318.737 0.438913 0.00402358
319.108 0.444482 0.00406301
319.478 0.445022 0.00406682
319.849 0.444871 0.00406421
320.22 0.443436 0.00406163
320.59 0.442488 0.00405498
320.961 0.441683 0.00405825
321.331 0.445728 0.00407732
321.702 0.442219 0.00408181
322.072 0.446097 0.00411207
322.443 0.441208 0.00408137
322.813 0.439725 0.00406695
323.184 0.441554 0.00408683
323.554 0.442774 0.00410547
323.924 0.440017 0.00409055
324.295 0.442226 0.0041207
324.665 0.440796 0.00411703
325.035 0.438682 0.00410177
325.405 0.439184 0.004121
325.775 0.437554 0.00413335
326.145 0.434532 0.00411511
326.515 0.436544 0.00413224
326.886 0.437498 0.00415767
327.256 0.436614 0.00415742
327.626 0.436348 0.00418185
327.995 0.431064 0.00416671
328.365 0.434429 0.00418879
328.735 0.432336 0.00419968
329.105 0.428404 0.00422583
329.475 0.429461 0.00426427
329.845 0.426665 0.00431184
330.215 0.41937 0.00425878
330.584 0.422016 0.00423102
330.954 0.417391 0.00410833
331.324 0.416361 0.00398774
331.693 0.418974 0.00393159
332.063 0.419606 0.00389217
332.432 0.423585 0.00389042
332.802 0.414798 0.00388146
333.171 0.409507 0.00390724
333.541 0.404461 0.00395554
333.91 0.406707 0.00398665
334.28 0.405409 0.00400309
334.649 0.400054 0.00398809
335.018 0.399151 0.00399717
335.388 0.399443 0.00401153
335.757 0.396348 0.00399653
336.126 0.392837 0.00399308
336.495 0.386246 0.00394607
336.865 0.389879 0.00398099
337.234 0.38989 0.00400356
337.603 0.384505 0.00396771
337.972 0.384396 0.00397629
338.341 0.382317 0.00395902
338.71 0.377975 0.0039338
339.079 0.378715 0.00395193
339.448 0.376061 0.00393184
339.817 0.374496 0.00393335
340.186 0.368883 0.00390623
340.554 0.366341 0.00388765
340.923 0.364901 0.00388812
341.292 0.361571 0.00387398
341.661 0.360961 0.00387556
342.029 0.357548 0.00385052
342.398 0.36068 0.00387254
342.767 0.358801 0.0038773
343.135 0.358102 0.00387062
343.504 0.357527 0.00387957
343.872 0.353986 0.00384595
344.241 0.354199 0.00385611
344.609 0.355189 0.00387684
344.978 0.354756 0.00387056
345.346 0.353157 0.00384731
345.715 0.353486 0.00386398
346.083 0.353074 0.00387033
346.451 0.354212 0.00387041
346.82 0.356434 0.00389554
347.188 0.354527 0.00387776
347.556 0.35915 0.0039231
347.924 0.359466 0.00392007
348.292 0.359367 0.00392844
348.66 0.359888 0.00392783
349.028 0.363621 0.00395311
349.396 0.367233 0.00398835
349.764 0.36992 0.00399787
350.132 0.369248 0.00399218
350.5 0.373826 0.00402342
350.868 0.378768 0.00405728
351.236 0.384182 0.00408292
351.604 0.387309 0.00411543
351.972 0.393117 0.00415087
352.34 0.398429 0.0041849
352.707 0.401601 0.00420337
353.075 0.406209 0.00422854
353.443 0.412806 0.00427245
353.81 0.417156 0.00430558
354.178 0.424766 0.00434712
354.545 0.430522 0.00436575
354.913 0.438333 0.00442391
355.28 0.438956 0.00442766
355.648 0.44698 0.00445849
356.015 0.45125 0.00448759
356.383 0.46067 0.00452901
356.75 0.468433 0.00457865
357.117 0.472891 0.00460293
357.485 0.480524 0.00464319
357.852 0.491432 0.00472802
358.219 0.49165 0.0047056
358.586 0.500417 0.00474658
358.954 0.506085 0.00479345
359.321 0.511401 0.00480691
359.688 0.524274 0.00489099
360.055 0.526159 0.00489281
360.422 0.535363 0.00494257
360.789 0.544791 0.00499449
361.156 0.547363 0.00500185
361.523 0.556654 0.00506454
361.89 0.562494 0.00508487
362.256 0.569527 0.00509609
362.623 0.579978 0.00519385
362.99 0.576492 0.00515343
363.357 0.588702 0.00522899
363.724 0.60024 0.00528226
364.09 0.603022 0.00528381
364.457 0.610445 0.00535593
364.823 0.61164 0.00532673
365.19 0.622189 0.00538046
365.557 0.626477 0.00539059
365.923 0.635021 0.00544521
366.29 0.640749 0.0054869
366.656 0.642241 0.0054707
367.022 0.653294 0.00551068
367.389 0.654153 0.00553899
367.755 0.659306 0.00558724
368.121 0.661197 0.00559298
368.488 0.672118 0.00563136
368.854 0.67552 0.00566702
369.22 0.681868 0.00572042
369.586 0.688111 0.00576611
369.952 0.689254 0.00578345
370.318 0.693218 0.00580281
370.684 0.702583 0.00585891
371.051 0.70269 0.00586097
371.416 0.709229 0.00592457
371.782 0.712592 0.00592084
372.148 0.719102 0.00596007
372.514 0.717493 0.00596619
372.88 0.724329 0.00601215
373.246 0.731727 0.00603722
373.612 0.734736 0.00604678
373.977 0.734076 0.00603042
374.343 0.741689 0.00604246
374.709 0.743721 0.00603109
375.074 0.741865 0.0060416
375.44 0.749099 0.00609699
375.806 0.752859 0.00614601
376.171 0.754535 0.00612174
376.537 0.761059 0.00614253
376.902 0.764828 0.00616856
377.268 0.769105 0.00616038
377.633 0.768609 0.00614711
377.998 0.775656 0.00615158
378.364 0.778561 0.00613644
378.729 0.782051 0.00616053
379.094 0.782427 0.00618897
379.459 0.789593 0.00630053
379.825 0.786209 0.00625916
380.19 0.784542 0.00626221
380.555 0.790419 0.00632979
380.92 0.795847 0.00643086
381.285 0.796662 0.00642199
381.65 0.794138 0.00636191
382.015 0.798803 0.00638996
382.38 0.803231 0.00643254
382.745 0.807799 0.00649036
383.11 0.809372 0.00651424
383.474 0.809975 0.00649743
383.839 0.810597 0.00651164
384.204 0.814608 0.0065488
384.569 0.814649 0.00655698
384.933 0.820414 0.00659929
385.298 0.813919 0.00658336
385.663 0.817061 0.00657734
386.027 0.816004 0.0065595
386.392 0.817782 0.00653862
386.756 0.817469 0.00650449
387.121 0.823535 0.00652671
387.485 0.829459 0.00653001
387.849 0.831067 0.00650574
388.214 0.831784 0.00658076
388.578 0.836375 0.00663208
388.942 0.833073 0.0066527
389.307 0.836375 0.00665979
389.671 0.839522 0.00669688
390.035 0.83733 0.00665766
390.399 0.839589 0.00665099
390.763 0.839455 0.00661125
391.127 0.846661 0.00661562
391.492 0.845285 0.00651933
391.856 0.839583 0.00642241
392.219 0.849101 0.00641053
392.583 0.851422 0.00645584
392.947 0.853717 0.00660403
393.311 0.847508 0.0066407
393.675 0.860976 0.00671342
394.039 0.857907 0.00674294
394.403 0.855683 0.00673755
394.766 0.853791 0.00674838
395.13 0.854749 0.00677003
395.494 0.85419 0.00676513
395.857 0.85706 0.00674689
396.221 0.857588 0.00671841
396.584 0.860587 0.00667973
396.948 0.856409 0.00659156
397.311 0.854059 0.00648557
397.675 0.8667 0.0064981
398.038 0.863063 0.0064876
398.401 0.866767 0.00659392
398.765 0.865224 0.00668993
399.128 0.870618 0.00680662
399.491 0.869075 0.00685233
399.854 0.8699 0.00686534
400.218 0.870249 0.00688669
400.581 0.866061 0.00688967
400.944 0.87345 0.00695288
401.307 0.873353 0.00703616
401.67 0.872178 0.007011
402.033 0.869128 0.00701914
402.396 0.872495 0.00703663
402.759 0.875428 0.00705704
403.122 0.871387 0.00700638
403.485 0.877751 0.00703011
403.847 0.871594 0.00694712
404.21 0.877949 0.00693637
404.573 0.882965 0.00694857
404.936 0.880568 0.00690494
405.298 0.880175 0.00697918
405.661 0.883904 0.00709201
406.023 0.887251 0.00720618
406.386 0.886503 0.00722863
406.749 0.885553 0.0072578
407.111 0.881243 0.00723083
407.473 0.877729 0.00710093
407.836 0.889337 0.00713731
408.198 0.886425 0.00708223
408.561 0.884367 0.00709436
408.923 0.885619 0.00710985
409.285 0.888779 0.00713568
409.647 0.891426 0.00720893
410.009 0.896915 0.00729948
410.372 0.892373 0.00727037
410.734 0.89212 0.00730589
411.096 0.886527 0.00727016
411.458 0.893771 0.00729805
411.82 0.892253 0.00724401
412.182 0.89138 0.00718551
412.544 0.893231 0.00720906
412.906 0.892812 0.00719462
413.267 0.901109 0.00725382
413.629 0.893694 0.00728077
413.991 0.894618 0.00731877
414.353 0.901097 0.00736545
414.714 0.904131 0.00745555
415.076 0.896154 0.00740415
415.438 0.896926 0.00739927
415.799 0.894098 0.00735813
416.161 0.898988 0.00744291
416.522 0.900763 0.00748092
416.884 0.897989 0.00747403
417.245 0.902361 0.00751985
417.607 0.896982 0.00747891
417.968 0.895382 0.00746382
418.329 0.905635 0.00749705
418.691 0.896311 0.00745588
419.052 0.901719 0.00747313
419.413 0.898665 0.00739334
419.774 0.899948 0.0073756
420.135 0.904153 0.00722823
420.497 0.895921 0.0070817
420.858 0.89975 0.00699891
421.219 0.912094 0.00707055
421.58 0.913468 0.0071661
421.941 0.917887 0.00730954
422.302 0.910382 0.00737724
422.662 0.910733 0.00741041
423.023 0.90316 0.00741209
423.384 0.906296 0.00744984
423.745 0.902746 0.00739037
424.106 0.907568 0.00740591
424.466 0.912265 0.00741061
424.827 0.914659 0.00752277
425.187 0.908812 0.00759357
425.548 0.90685 0.00765704
425.909 0.908594 0.00770492
426.269 0.907001 0.00764389
426.63 0.907281 0.00759323
426.99 0.914654 0.00756145
427.35 0.901363 0.00753981
427.711 0.901259 0.00748594
428.071 0.90667 0.00744552
428.431 0.904751 0.00729554
428.792 0.907335 0.00705591
429.152 0.908082 0.00686477
429.512 0.912767 0.00686956
429.872 0.91227 0.00691535
430.232 0.921434 0.00707273
430.592 0.92342 0.00728126
430.952 0.916638 0.00746868
431.312 0.926315 0.00769478
431.672 0.911287 0.00772
432.032 0.907159 0.00767896
432.392 0.911682 0.00759397
432.752 0.905249 0.00719487
433.111 0.915912 0.00707552
433.471 0.926579 0.00722796
433.831 0.919998 0.00748431
434.19 0.915267 0.00746602
434.55 0.923357 0.00749758
434.91 0.916946 0.00755867
435.269 0.908449 0.00741993
435.629 0.916612 0.00743677
435.988 0.915313 0.00739969
436.348 0.921 0.00753617
436.707 0.923031 0.00765927
437.066 0.91474 0.00762064
437.426 0.909909 0.00751027
437.785 0.915828 0.00751354
438.144 0.916396 0.00750651
438.503 0.927389 0.00765104
438.862 0.92197 0.00764279
439.222 0.919155 0.007692
439.581 0.916393 0.0077134
439.94 0.910387 0.00758037
440.299 0.919596 0.0073618
440.658 0.916301 0.00716156
441.017 0.924858 0.00719724
441.376 0.928588 0.00729591
441.734 0.919892 0.00733625
442.093 0.91578 0.00731665
442.452 0.920911 0.00728443
442.811 0.922565 0.00725892
443.169 0.91549 0.00722833
443.528 0.929774 0.00743559
443.887 0.922342 0.00741055
444.245 0.930007 0.00747387
444.604 0.925041 0.00751594
444.962 0.919855 0.0075305
445.321 0.922279 0.00754745
445.679 0.916628 0.00748475
446.038 0.922627 0.00748178
446.396 0.922909 0.00758602
446.754 0.922779 0.00768928
447.112 0.926628 0.00774426
447.471 0.923038 0.00773811
447.829 0.917554 0.00775544
448.187 0.922228 0.00776134
448.545 0.921215 0.00773335
448.903 0.918902 0.00774363
449.261 0.921417 0.00777678
449.619 0.929103 0.0078831
449.977 0.926047 0.00790846
450.335 0.930462 0.00801414
450.693 0.928767 0.00802667
451.051 0.926319 0.00800021
451.409 0.928065 0.00803914
451.766 0.927387 0.00804645
452.124 0.929339 0.00816792
452.482 0.919916 0.00820691
452.839 0.92923 0.00834046
453.197 0.92727 0.00834637
453.555 0.928673 0.00838722
453.912 0.924542 0.00834656
454.27 0.915224 0.0081734
454.627 0.93006 0.00814202
454.984 0.923218 0.00813118
455.342 0.934928 0.00830804
455.699 0.925836 0.00835979
456.056 0.918657 0.00827789
456.414 0.930894 0.00825834
456.771 0.920103 0.0080602
457.128 0.927162 0.00806011
457.485 0.931107 0.00804923
457.842 0.931627 0.00810131
458.199 0.926862 0.00807121
458.556 0.93129 0.00801242
458.913 0.925373 0.00798726
459.27 0.932639 0.00797314
459.627 0.937321 0.00810941
459.984 0.92722 0.00800679
460.341 0.933925 0.00802535
460.697 0.927313 0.00809217
461.054 0.937212 0.00837489
461.411 0.933929 0.00853244
461.767 0.920674 0.00857158
462.124 0.928413 0.00858601
462.481 0.933543 0.00850671
462.837 0.927448 0.00834729
463.194 0.934557 0.00820384
463.55 0.926044 0.0082189
463.907 0.927862 0.00801098
464.263 0.926647 0.00789552
464.619 0.935263 0.00778198
464.976 0.926777 0.00763932
465.332 0.932058 0.00765916
465.688 0.938994 0.00792351
466.044 0.934324 0.00818755
466.4 0.935355 0.00831952
466.756 0.927698 0.00833976
467.112 0.930327 0.0083515
467.468 0.932567 0.00834919
467.824 0.938537 0.00846178
468.18 0.936309 0.00856213
468.536 0.929771 0.00853931
468.892 0.935432 0.00870191
469.248 0.933159 0.00872988
469.604 0.932665 0.00878007
469.959 0.929093 0.00876013
470.315 0.933385 0.00877561
470.671 0.929496 0.00874856
471.026 0.929241 0.00867354
471.382 0.934032 0.00861267
471.737 0.934742 0.00854663
472.093 0.92608 0.00837422
472.448 0.926398 0.00821488
472.804 0.931612 0.00816772
473.159 0.934338 0.00811251
473.514 0.93738 0.008167
473.87 0.930153 0.00801954
474.225 0.935283 0.00781183
474.58 0.939148 0.0076736
474.935 0.945266 0.00776404
475.29 0.943087 0.00785965
475.645 0.936087 0.00783836
476 0.937613 0.00785485
476.355 0.938841 0.00793076
476.71 0.931016 0.00789301
477.065 0.923074 0.00763034
477.42 0.933421 0.00757179
477.775 0.933268 0.00758029
478.13 0.93592 0.00765933
478.485 0.936061 0.00760441
478.839 0.930084 0.00748942
479.194 0.927594 0.00728771
479.549 0.934526 0.00722518
479.903 0.943687 0.00727987
480.258 0.931557 0.00728985
480.612 0.938322 0.00722086
480.967 0.933201 0.00703463
481.321 0.944571 0.00710004
481.675 0.941701 0.00722582
482.03 0.94059 0.00734895
482.384 0.942093 0.00738571
482.738 0.934037 0.00728393
483.093 0.935901 0.00723795
483.447 0.931754 0.00706505
483.801 0.930305 0.00683914
484.155 0.933047 0.0067618
484.509 0.847224 0.00561068
484.863 0.884305 0.00390696
485.217 0.919703 0.00362125
485.571 0.962358 0.00379996
485.925 1.00183 0.00493885
486.279 0.969704 0.00563432
486.632 0.961164 0.00606703
486.986 0.958603 0.00654952
487.34 0.954924 0.00697823
487.694 0.944616 0.00713421
488.047 0.936287 0.00714285
488.401 0.941893 0.0071733
488.754 0.942029 0.00721936
489.108 0.943552 0.0073431
489.461 0.937971 0.00735681
489.815 0.941673 0.0074482
490.168 0.939286 0.00735669
490.522 0.938402 0.00732195
490.875 0.934453 0.00731751
491.228 0.936794 0.00737706
491.581 0.939478 0.00733693
491.935 0.942347 0.00737529
492.288 0.939916 0.00739613
492.641 0.942146 0.00735238
492.994 0.94129 0.00734354
493.347 0.941743 0.0072433
493.7 0.938502 0.00723636
494.053 0.93993 0.00726664
494.406 0.946356 0.00740936
494.759 0.944373 0.00755252
495.111 0.93079 0.00726387
495.464 0.930179 0.00694279
495.817 0.944146 0.00686837
496.169 0.944829 0.00706366
496.522 0.945291 0.00738433
496.875 0.940924 0.0076133
497.227 0.943793 0.00770024
497.58 0.937606 0.00766158
497.932 0.938889 0.00757682
498.285 0.926927 0.00745966
498.637 0.929667 0.00728462
498.989 0.933163 0.00721705
499.342 0.940629 0.00729959
499.694 0.944296 0.0074755
500.046 0.935577 0.0075048
500.398 0.936515 0.0073247
500.751 0.941979 0.00727903
501.103 0.937158 0.00723724
501.455 0.937372 0.00724917
501.807 0.942542 0.00728005
502.159 0.943269 0.00728679
502.511 0.940241 0.00725702
502.862 0.943169 0.00729963
503.214 0.942253 0.00739581
503.566 0.94835 0.00757009
503.918 0.944054 0.00763465
504.27 0.940585 0.00761254
504.621 0.952524 0.0076794
504.973 0.935514 0.00765346
505.324 0.940465 0.00762413
505.676 0.939132 0.00748598
506.027 0.946294 0.00753475
506.379 0.940087 0.00776027
506.73 0.941549 0.00788472
507.082 0.947917 0.00785519
507.433 0.939516 0.00767547
507.784 0.93644 0.00759883
508.136 0.937679 0.00773652
508.487 0.949001 0.00786297
508.838 0.939947 0.00789874
509.189 0.939537 0.00788834
509.54 0.942063 0.00779335
509.891 0.947597 0.00790663
510.242 0.945932 0.00790849
510.593 0.944263 0.00795179
510.944 0.940734 0.00798128
511.295 0.949379 0.00818485
511.646 0.947733 0.00826831
511.996 0.938322 0.00814241
512.347 0.937935 0.00807949
512.698 0.947392 0.00814695
513.049 0.946819 0.00819466
513.399 0.941762 0.00821066
513.75 0.938854 0.00817346
514.1 0.949496 0.00837561
514.451 0.949561 0.00855006
514.801 0.935123 0.00844756
515.152 0.936251 0.00837794
515.502 0.93947 0.00826225
515.852 0.942913 0.00823295
516.202 0.94832 0.00824545
516.553 0.953257 0.00838774
516.903 0.945165 0.00847944
517.253 0.947811 0.00861941
517.603 0.939118 0.00857822
517.953 0.938063 0.00853174
518.303 0.943158 0.00835408
518.653 0.94463 0.0082921
519.003 0.942164 0.00834488
519.353 0.948469 0.00867223
519.703 0.947106 0.00884977
520.052 0.939353 0.00885867
520.402 0.945433 0.00883834
520.752 0.945416 0.0087371
521.102 0.960188 0.0089478
521.451 0.950353 0.00896523
521.801 0.953539 0.00895457
522.15 0.932418 0.0087081
522.5 0.944908 0.008752
522.849 0.938941 0.00869692
523.199 0.940669 0.0086227
523.548 0.935276 0.00851528
523.897 0.946373 0.00866469
524.246 0.946105 0.00880766
524.596 0.948244 0.00894241
524.945 0.938974 0.00884671
525.294 0.944061 0.00886962
525.643 0.943874 0.00884898
525.992 0.942956 0.00882957
526.341 0.941159 0.00876614
526.69 0.948766 0.00887078
527.039 0.939257 0.00891223
527.388 0.944975 0.00900186
527.737 0.932435 0.00866986
528.086 0.936089 0.00836722
528.434 0.943218 0.00824531
528.783 0.958341 0.00853826
529.132 0.950694 0.008666
529.48 0.950705 0.00877755
529.829 0.946284 0.00880537
530.177 0.957442 0.00894803
530.526 0.942301 0.00889882
530.874 0.940096 0.00880366
531.223 0.93884 0.00878507
531.571 0.950503 0.0089156
531.919 0.941198 0.00878467
532.268 0.932554 0.00847721
532.616 0.932085 0.00820416
532.964 0.945921 0.00814223
533.312 0.947305 0.0081524
533.66 0.939993 0.00815753
534.008 0.942133 0.00814822
534.356 0.946014 0.00817037
534.704 0.953595 0.0082776
535.052 0.946309 0.00835682
535.4 0.946201 0.00853298
535.748 0.948237 0.00874554
536.095 0.948914 0.00897032
536.443 0.943321 0.00895499
536.791 0.936573 0.00873417
537.139 0.937241 0.00853612
537.486 0.936193 0.00833403
537.834 0.94234 0.00831704
538.181 0.947519 0.00829199
538.529 0.943957 0.00832301
538.876 0.942206 0.00829373
539.223 0.950991 0.00847319
539.571 0.950014 0.00865001
539.918 0.947751 0.00860908
540.265 0.936948 0.00839111
540.613 0.940649 0.00826307
540.96 0.949261 0.00840359
541.307 0.942811 0.00839026
541.654 0.936536 0.00836021
542.001 0.948727 0.00844064
542.348 0.942308 0.00841047
542.695 0.944919 0.00843276
543.042 0.946189 0.00830892
543.388 0.941424 0.00818316
543.735 0.94644 0.00819354
544.082 0.945156 0.00817551
544.429 0.952483 0.00824493
544.775 0.951906 0.00842393
545.122 0.958929 0.00870563
545.469 0.947471 0.00879495
545.815 0.941335 0.00871569
546.162 0.940831 0.00864402
546.508 0.934977 0.00844016
546.854 0.931091 0.00811043
547.201 0.932837 0.00782081
547.547 0.956373 0.00789592
547.893 0.96067 0.00809131
548.24 0.969468 0.0085636
548.586 0.951915 0.00883861
548.932 0.948043 0.00895184
549.278 0.945696 0.0089471
549.624 0.949192 0.00891573
549.97 0.948276 0.00899483
550.316 0.951618 0.00919056
550.662 0.939445 0.00922555
551.008 0.927269 0.00869137
551.353 0.932832 0.00825164
551.699 0.945962 0.00812571
552.045 0.965283 0.00842932
552.391 0.946305 0.00851901
552.736 0.943552 0.00854545
553.082 0.941744 0.0085498
553.427 0.949303 0.00873576
553.773 0.953286 0.00904391
554.118 0.933 0.00894772
554.464 0.935943 0.00873186
554.809 0.927235 0.00834597
555.154 0.94332 0.00830467
555.5 0.947953 0.00834391
555.845 0.954619 0.00869876
556.19 0.95349 0.0089295
556.535 0.946329 0.00909567
556.88 0.945163 0.00894348
557.225 0.94482 0.00890872
557.57 0.949506 0.00910506
557.915 0.958462 0.0093959
558.26 0.953046 0.00948479
558.605 0.946944 0.00942084
558.95 0.937815 0.0091686
559.295 0.924869 0.00861953
559.639 0.934069 0.00833626
559.984 0.937024 0.00803033
560.329 0.942202 0.00802274
560.673 0.951009 0.00808813
561.018 0.950222 0.00832204
561.362 0.952563 0.00855441
561.707 0.946237 0.00873969
562.051 0.937622 0.00859376
562.395 0.928778 0.00844016
562.74 0.947076 0.00835377
563.084 0.938654 0.00821378
563.428 0.940732 0.00805116
563.772 0.951544 0.00813483
564.117 0.945377 0.00804912
564.461 0.947188 0.00803134
564.805 0.938375 0.00806352
565.149 0.941154 0.00803822
565.493 0.945782 0.0080703
565.836 0.937299 0.00787969
566.18 0.934232 0.00775182
566.524 0.931099 0.00721654
566.868 0.93775 0.00704808
567.212 0.945576 0.00695696
567.555 0.940828 0.00685178
567.899 0.935579 0.00651606
568.242 0.935729 0.00625048
568.586 0.925074 0.00581576
568.929 0.930051 0.00545836
569.273 0.933234 0.00516944
569.616 0.949765 0.00522238
569.96 0.937403 0.00508348
570.303 0.938586 0.00492862
570.646 0.944199 0.00488194
570.989 0.937418 0.00471373
571.333 0.953117 0.0048122
571.676 0.963363 0.00501883
572.019 0.94997 0.00538911
572.362 0.927591 0.00502468
572.705 0.925481 0.00465838
573.048 0.938021 0.00446399
573.391 0.937981 0.00431824
573.733 0.942866 0.00426933
574.076 0.944769 0.00422639
574.419 0.962264 0.00439535
574.762 0.958515 0.00462051
575.104 0.967911 0.00497022
575.447 0.928401 0.004802
575.789 0.926356 0.00450871
576.132 0.942124 0.00429557
576.474 0.930716 0.0042217
576.817 0.923373 0.0038899
577.159 0.929307 0.00368969
577.501 0.950128 0.00376024
577.844 0.966462 0.0040589
578.186 0.97116 0.0045638
578.528 0.945305 0.00468654
578.87 0.952019 0.00472369
579.212 0.930689 0.00451469
579.554 0.944922 0.00440373
579.896 0.943802 0.00442792
580.238 0.917322 0.00411372
580.58 0.921001 0.00362162
580.922 0.904462 0.00344923
581.264 0.904418 0.00344906
581.606 0.95538 0.00370098
581.947 0.960514 0.003939
582.289 0.971517 0.00440119
582.631 0.969611 0.00487705
582.972 0.954923 0.00516453
583.314 0.947826 0.00508858
583.655 0.925971 0.00486208
583.997 0.919785 0.00442331
584.338 0.932544 0.00414259
584.679 0.934627 0.00397908
585.021 0.960974 0.00414568
585.362 0.961824 0.0044565
585.703 0.964178 0.00479918
586.044 0.930344 0.0047318
586.385 0.935455 0.00448981
586.726 0.935923 0.00428926
587.067 0.965024 0.00452636
587.408 0.961112 0.00477618
587.749 0.958509 0.00499586
588.09 0.951111 0.00518397
588.431 0.965446 0.00553401
588.772 0.948846 0.00570582
589.113 0.94099 0.00558404
589.453 0.946654 0.00557044
589.794 0.955042 0.00578668
590.134 0.956702 0.00610073
590.475 0.947349 0.00621194
590.815 0.93703 0.00612085
591.156 0.949756 0.00617104
591.496 0.915148 0.0058729
591.837 0.915004 0.00505196
592.177 0.923666 0.00461088
592.517 0.947118 0.00447017
592.857 0.960574 0.00474647
593.198 0.968659 0.00507129
593.538 0.966619 0.00558848
593.878 0.948939 0.00571408
594.218 0.931112 0.00547757
594.558 0.946899 0.00531849
594.898 0.957323 0.0054983
595.237 0.967266 0.00586943
595.577 0.964432 0.00623941
595.917 0.948691 0.00649735
596.257 0.936019 0.00618339
596.596 0.932474 0.00601655
596.936 0.957202 0.00599464
597.276 0.948537 0.00620072
597.615 0.928864 0.00602732
597.955 0.915271 0.00526208
598.294 0.939552 0.00500198
598.633 0.951047 0.00504916
598.973 0.95118 0.00523986
599.312 0.941205 0.00519641
599.651 0.951877 0.00526721
599.991 0.943904 0.00535966
600.33 0.956184 0.00547777
600.669 0.948268 0.0056114
601.008 0.953784 0.00582223
601.347 0.943784 0.005989
601.686 0.93865 0.00579825
602.025 0.941704 0.00584643
602.364 0.929545 0.00551916
602.702 0.937859 0.00546425
603.041 0.951441 0.00554013
603.38 0.95592 0.00581879
603.719 0.962425 0.00610452
604.057 0.944009 0.00621574
604.396 0.939959 0.0061926
604.734 0.915762 0.00583781
605.073 0.940912 0.00547446
605.411 0.943921 0.00553643
605.75 0.955905 0.00577488
606.088 0.946779 0.00604809
606.426 0.939116 0.00587589
606.764 0.941107 0.00580127
607.103 0.959585 0.00604358
607.441 0.945641 0.00620657
607.779 0.949936 0.00637146
608.117 0.946607 0.00631678
608.455 0.958853 0.00662716
608.793 0.931384 0.00659453
609.131 0.92071 0.00611695
609.469 0.944307 0.00604535
609.806 0.95537 0.00616243
610.144 0.955461 0.00664669
610.482 0.936362 0.00664828
610.819 0.947905 0.00667449
611.157 0.947887 0.00670955
611.495 0.945956 0.00693763
611.832 0.937623 0.00692764
612.17 0.93694 0.00687474
612.507 0.94386 0.00682302
612.844 0.942913 0.00689124
613.182 0.938485 0.00689093
613.519 0.942861 0.00686444
613.856 0.94257 0.00684549
614.193 0.929966 0.00671382
614.53 0.93842 0.00660376
614.867 0.950195 0.00663787
615.205 0.95075 0.00697228
615.541 0.952974 0.00723269
615.878 0.93677 0.0074754
616.215 0.938526 0.00740603
616.552 0.937792 0.00747878
616.889 0.937825 0.0073072
617.226 0.940599 0.00724294
617.562 0.953872 0.00752573
617.899 0.949236 0.00796081
618.235 0.948982 0.00836985
618.572 0.940176 0.00863957
618.908 0.933104 0.00830835
619.245 0.935104 0.00797781
619.581 0.940858 0.00786202
619.918 0.969556 0.00864405
620.254 0.953857 0.00967192
620.59 0.932792 0.00970851
620.926 0.91563 0.00896854
621.262 0.92052 0.00849301
621.599 0.940778 0.00862498
621.935 0.926045 0.00844947
622.271 0.931085 0.00815476
622.606 0.937008 0.0080039
622.942 0.946567 0.00824406
623.278 0.929392 0.00840704
623.614 0.924228 0.00798962
623.95 0.940523 0.00802748
624.285 0.936063 0.0081577
624.621 0.945052 0.00864208
624.957 0.939889 0.00888651
625.292 0.945654 0.00918326
625.628 0.943069 0.00944817
625.963 0.934755 0.00946887
626.299 0.929345 0.00924704
626.634 0.93268 0.00911828
626.969 0.941541 0.00933094
627.304 0.955533 0.0101892
627.64 0.936291 0.0108185
627.975 0.922218 0.010522
628.31 0.912588 0.00989385
628.645 0.941778 0.00982094
628.98 0.940695 0.010031
629.315 0.945189 0.0102476
629.65 0.93384 0.0102672
629.985 0.933775 0.010238
630.319 0.948055 0.0107671
630.654 0.926212 0.0107636
630.989 0.93631 0.0107691
631.323 0.927183 0.0109021
631.658 0.950985 0.0114911
631.993 0.935448 0.0118903
632.327 0.928003 0.0118881
632.662 0.939178 0.0118946
632.996 0.931257 0.0115817
633.33 0.919957 0.0113408
633.665 0.933236 0.0118224
633.999 0.926053 0.0121346
634.333 0.925597 0.0121291
634.667 0.93163 0.0122107
635.001 0.926447 0.01188
635.335 0.919879 0.0113874
635.669 0.928135 0.0110139
636.003 0.944581 0.0112657
636.337 0.944557 0.0118287
636.671 0.957988 0.0125347
637.005 0.930523 0.0126893
637.339 0.924372 0.0125914
637.672 0.924288 0.0121311
638.006 0.933472 0.0118782
638.339 0.932053 0.0120422
638.673 0.941872 0.0124909
639.006 0.92886 0.0127939
639.34 0.930558 0.0127985
639.673 0.930159 0.0129784
640.007 0.928285 0.0129327
640.34 0.932845 0.0131906
640.673 0.925698 0.0132401
641.006 0.938932 0.0135304
641.34 0.93348 0.013638
641.673 0.927872 0.0139216
642.006 0.928283 0.0141646
642.339 0.915951 0.0138214
642.672 0.934318 0.0138735
643.004 0.924576 0.0138798
643.337 0.935962 0.0144148
643.67 0.926155 0.0143352
644.003 0.929965 0.0142239
644.336 0.93116 0.0141734
644.668 0.90779 0.0139693
645.001 0.929166 0.0143771
645.333 0.940218 0.014818
645.666 0.945318 0.0151648
645.998 0.929359 0.0153795
646.331 0.929112 0.0156112
646.663 0.923385 0.0154028
646.995 0.913328 0.0143846
647.327 0.900517 0.0131169
647.66 0.92197 0.0125459
647.992 0.932863 0.012427
648.324 0.929349 0.0123578
648.656 0.934915 0.0125671
648.988 0.947391 0.0131543
649.32 0.946377 0.0140634
649.652 0.935146 0.0146356
649.983 0.927978 0.0148933
650.315 0.930244 0.0150076
650.647 0.907562 0.0144834
650.979 0.926983 0.0139699
651.31 0.915426 0.0133486
651.642 0.917719 0.0130652
651.973 0.925954 0.0131149
652.305 0.922839 0.0130432
652.636 0.93666 0.0133226
652.967 0.933734 0.0136023
653.299 0.932271 0.0139085
653.63 0.920768 0.0136662
653.961 0.899759 0.0125497
654.292 0.80585 0.00911598
654.623 0.709133 0.00309954
654.955 0.897655 0.00342327
655.286 0.8976 0.00342306
655.616 0.897544 0.00342285
655.947 0.897487 0.00342263
656.278 0.89743 0.00342241
656.609 0.982798 0.00374797
656.94 0.988024 0.00497268
657.27 0.979114 0.00580353
657.601 0.985335 0.00671494
657.932 1.00585 0.00811487
658.262 1.00516 0.0098818
658.593 0.993522 0.011785
658.923 0.96238 0.0135622
659.254 0.952284 0.0149023
659.584 0.933487 0.0156654
659.914 0.932748 0.016398
660.244 0.919203 0.016685
660.575 0.914482 0.0165204
660.905 0.920321 0.0165977
661.235 0.913952 0.0163087
661.565 0.923302 0.0162739
661.895 0.92241 0.0161732
662.225 0.920793 0.0164136
662.555 0.9158 0.0165963
662.884 0.905685 0.01632
663.214 0.906178 0.0160992
663.544 0.926874 0.0161126
663.873 0.904511 0.0156812
664.203 0.916868 0.015616
664.533 0.929046 0.0152936
664.862 0.910154 0.015032
665.192 0.920476 0.0155519
665.521 0.931068 0.0164902
665.85 0.902223 0.016715
666.18 0.921695 0.0175903
666.509 0.912146 0.017395
666.838 0.89814 0.0168529
667.167 0.908568 0.0167327
667.496 0.926146 0.0171849
667.825 0.904241 0.0170659
668.154 0.925501 0.0172367
668.483 0.919143 0.0170606
668.812 0.915011 0.016705
669.141 0.923565 0.0166155
669.47 0.92357 0.0164111
669.798 0.932379 0.0166578
670.127 0.897112 0.0163551
670.456 0.883301 0.015311
670.784 0.899265 0.0138572
671.113 0.909377 0.0127915
671.441 0.923847 0.0123197
671.77 0.93313 0.0125871
672.098 0.922123 0.0130049
672.426 0.934379 0.0145543
672.755 0.905311 0.0152324
673.083 0.918005 0.0155556
673.411 0.918284 0.0155269
673.739 0.912536 0.0157047
674.067 0.914101 0.0165483
674.395 0.91463 0.0165513
674.723 0.906456 0.0160481
675.051 0.92659 0.0159906
675.379 0.91791 0.0159024
675.706 0.919819 0.016094
676.034 0.908199 0.0163529
676.362 0.899133 0.0163495
676.689 0.892825 0.0153037
677.017 0.916626 0.0144882
677.344 0.922241 0.0139602
677.672 0.918229 0.0141685
677.999 0.904781 0.0142356
678.327 0.903187 0.0139396
678.654 0.913434 0.0134084
678.981 0.914241 0.0130107
679.308 0.915966 0.0131269
679.636 0.929181 0.0138392
679.963 0.935734 0.014583
680.29 0.89805 0.0143252
680.617 0.906002 0.0141206
680.944 0.921297 0.0140281
681.271 0.930907 0.0145073
681.597 0.930279 0.0154832
681.924 0.929484 0.0164834
682.251 0.891206 0.0160769
682.578 0.904057 0.0153415
682.904 0.898835 0.0142739
683.231 0.900956 0.0137222
683.557 0.910923 0.0134889
683.884 0.906767 0.0130742
684.21 0.905097 0.0127563
684.536 0.911633 0.0123839
684.863 0.91088 0.0121928
685.189 0.91931 0.0124557
685.515 0.923522 0.01316
685.841 0.912889 0.0135125
686.167 0.902723 0.0134504
686.493 0.920126 0.0134171
686.819 0.919162 0.0134862
687.145 0.918104 0.0140669
687.471 0.917608 0.0151232
687.797 0.905045 0.0155232
688.123 0.904976 0.0154281
688.448 0.904292 0.0149164
688.774 0.91532 0.0145561
689.1 0.915848 0.0148067
689.425 0.913278 0.0154063
689.751 0.914525 0.0156663
690.076 0.897245 0.0146534
690.402 0.905806 0.0137557
690.727 0.902352 0.0133056
691.052 0.925305 0.013827
691.377 0.91227 0.0141414
691.703 0.92174 0.0145745
692.028 0.899574 0.0144063
692.353 0.908903 0.0141747
692.678 0.910475 0.014296
693.003 0.945093 0.015119
693.328 0.912523 0.015953
693.652 0.897042 0.0165312
693.977 0.897595 0.0161412
694.302 0.894953 0.0151971
694.627 0.910643 0.0151155
694.951 0.899258 0.0155608
695.276 0.934425 0.0173888
695.6 0.898569 0.0173387
695.925 0.878624 0.0150476
696.249 0.890792 0.01336
696.574 0.908625 0.0127877
696.898 0.929857 0.0135251
697.222 0.918195 0.014206
697.546 0.913465 0.0147395
697.871 0.898294 0.0149245
698.195 0.906369 0.0151013
698.519 0.909996 0.0155143
698.843 0.913763 0.0159914
699.167 0.908648 0.0165458
699.491 0.912568 0.017213
699.814 0.899693 0.0172293
700.138 0.889567 0.0171844
700.462 0.917148 0.0177373
700.786 0.881724 0.0171604
701.109 0.896605 0.0168781
701.433 0.903212 0.0163534
701.756 0.901688 0.0157563
702.08 0.919601 0.0159134
702.403 0.907112 0.016127
702.726 0.907222 0.0168123
703.05 0.903874 0.0171909
703.373 0.892 0.0172767
703.696 0.900239 0.0173709
704.019 0.912695 0.0181009
704.342 0.899928 0.0186295
704.665 0.914397 0.019554
704.988 0.89481 0.0192169
705.311 0.860099 0.0176828
705.634 0.861084 0.0158856
705.957 0.88973 0.0146249
706.28 0.894062 0.0135811
706.602 0.905307 0.0135245
706.925 0.912486 0.0138636
707.247 0.911444 0.0144078
707.57 0.895941 0.0148481
707.892 0.906577 0.0154456
708.215 0.931065 0.0164177
708.537 0.899673 0.0165358
708.859 0.885174 0.0164958
709.182 0.888525 0.0163559
709.504 0.89074 0.0159453
709.826 0.896175 0.0157931
710.148 0.897275 0.0158665
710.47 0.906827 0.0164041
710.792 0.911145 0.0170507
711.114 0.901784 0.0175316
711.436 0.888423 0.0177884
711.758 0.88568 0.0174734
712.079 0.883669 0.0172542
712.401 0.882896 0.0163956
712.723 0.901133 0.0159628
713.044 0.876028 0.014828
713.366 0.902146 0.0148799
713.687 0.904919 0.0150238
714.009 0.8981 0.0153732
714.33 0.890425 0.0156506
714.652 0.891089 0.0161014
714.973 0.900067 0.016743
715.294 0.897708 0.017581
715.615 0.922661 0.0189635
715.936 0.890048 0.0188984
716.257 0.886733 0.0190447
716.578 0.904206 0.0193606
716.899 0.895425 0.018837
717.22 0.896234 0.0176297
717.541 0.882416 0.0170244
717.862 0.90066 0.0171417
718.182 0.872422 0.0168376
718.503 0.884713 0.0165873
718.824 0.886254 0.0168382
719.144 0.894184 0.0171837
719.465 0.898086 0.0176145
719.785 0.870549 0.0169846
720.105 0.879118 0.0168438
720.426 0.881091 0.0166535
720.746 0.901655 0.0171325
721.066 0.881708 0.0169725
721.386 0.880481 0.0171344
721.706 0.879059 0.0176185
722.026 0.903614 0.0183369
722.346 0.897683 0.0184286
722.666 0.900935 0.0182204
722.986 0.883792 0.0175985
723.306 0.888416 0.0177823
723.626 0.889523 0.0181462
723.946 0.87231 0.0179338
724.265 0.866905 0.0169224
724.585 0.87468 0.0161019
724.904 0.895054 0.0161673
725.224 0.89622 0.016221
725.543 0.896406 0.0162193
725.863 0.899396 0.016402
726.182 0.898717 0.0170614
726.501 0.87876 0.0171367
726.82 0.893818 0.0173967
727.14 0.874942 0.0165454
727.459 0.869691 0.0159981
727.778 0.875749 0.0159584
728.097 0.885276 0.0162644
728.416 0.874677 0.015984
728.734 0.877337 0.0154994
729.053 0.895087 0.0155019
729.372 0.88248 0.0153606
729.691 0.869166 0.0148601
730.009 0.873606 0.0141818
730.328 0.892627 0.0139135
730.647 0.891962 0.0139242
730.965 0.901596 0.0144897
731.283 0.89973 0.0150185
731.602 0.879823 0.0150244
731.92 0.882032 0.0147759
732.238 0.872335 0.0143405
732.557 0.883722 0.0143016
732.875 0.873087 0.0138707
733.193 0.869198 0.0130145
733.511 0.887692 0.0128516
733.829 0.894756 0.0132896
734.147 0.895431 0.014169
734.465 0.890021 0.0147687
734.782 0.886011 0.0147221
735.1 0.882998 0.0142853
735.418 0.884683 0.0142872
735.735 0.886866 0.0143479
736.053 0.868612 0.014042
736.371 0.876461 0.0142511
736.688 0.884342 0.0148367
737.005 0.899827 0.0158777
737.323 0.868863 0.0161988
737.64 0.861448 0.016148
737.957 0.857579 0.0152755
738.274 0.869026 0.0141135
738.592 0.886883 0.0139107
738.909 0.890418 0.0142895
739.226 0.889217 0.0155534
739.543 0.88252 0.0167018
739.86 0.902128 0.0178681
740.176 0.907927 0.0183909
740.493 0.866421 0.0185081
740.81 0.860087 0.0184985
741.127 0.861017 0.018313
741.443 0.865023 0.0173922
741.76 0.869871 0.0168629
742.076 0.868924 0.0170029
742.393 0.882762 0.0180571
742.709 0.893205 0.019169
743.025 0.876932 0.0193435
743.342 0.872756 0.0191201
743.658 0.871684 0.0187406
743.974 0.866988 0.0181732
744.29 0.880906 0.0182998
744.606 0.862735 0.0183036
744.922 0.832329 0.0180104
745.238 0.870012 0.0184695
745.554 0.86163 0.018825
745.87 0.872184 0.0191395
746.186 0.860481 0.0182274
746.501 0.869305 0.0176467
746.817 0.876263 0.0179993
747.132 0.898431 0.0195631
747.448 0.87657 0.0200828
747.763 0.842007 0.0193889
748.079 0.842587 0.0185885
748.394 0.871532 0.0176238
748.71 0.869465 0.0163879
749.025 0.85435 0.0152946
749.34 0.870385 0.0152367
749.655 0.896013 0.0157976
749.97 0.885089 0.0162663
750.285 0.872321 0.0161985
750.6 0.864212 0.0157784
750.915 0.877776 0.0155065
751.23 0.881258 0.0158432
751.545 0.894107 0.016614
751.859 0.884641 0.0171484
752.174 0.857289 0.0170783
752.489 0.865106 0.0162922
752.803 0.870839 0.0153649
753.118 0.865856 0.0152059
753.432 0.874073 0.0157904
753.747 0.869753 0.0163352
754.061 0.858356 0.0156779
754.375 0.858711 0.0150248
754.689 0.865647 0.0146158
755.004 0.869766 0.014627
755.318 0.857704 0.0142085
755.632 0.855824 0.0135007
755.946 0.869291 0.0133606
756.26 0.851992 0.0126357
756.573 0.858024 0.0121323
756.887 0.867444 0.0118273
757.201 0.873622 0.0121213
757.515 0.877387 0.0133063
757.828 0.879521 0.0142881
758.142 0.865937 0.0141304
758.455 0.853267 0.0130265
758.769 0.864808 0.0124194
759.082 0.850069 0.0119782
759.396 0.86206 0.0118811
759.709 0.871804 0.0118554
760.022 0.870407 0.0119504
760.335 0.882716 0.0126671
760.648 0.88315 0.013618
760.962 0.88561 0.0146375
761.275 0.86146 0.0151518
761.587 0.862104 0.0153547
761.9 0.87001 0.015464
762.213 0.855125 0.0148305
762.526 0.864083 0.0143701
762.839 0.861381 0.0142903
763.151 0.854644 0.0138231
763.464 0.854038 0.0130696
763.776 0.861091 0.01219
764.089 0.87446 0.0120248
764.401 0.874511 0.0124524
764.714 0.865503 0.0131167
765.026 0.878353 0.0141038
765.338 0.878301 0.0150169
765.65 0.891751 0.0162864
765.962 0.872354 0.0168571
766.275 0.85066 0.0172417
766.587 0.851426 0.0173064
766.898 0.844332 0.016681
767.21 0.848652 0.0157351
767.522 0.849906 0.0146103
767.834 0.855285 0.0141195
768.146 0.85765 0.0142412
768.457 0.873867 0.0152536
768.769 0.852273 0.0158661
769.08 0.849672 0.0159134
769.392 0.848465 0.0153271
769.703 0.84383 0.0144942
770.015 0.850519 0.0139963
770.326 0.862567 0.0141225
770.637 0.869111 0.0146886
770.948 0.868111 0.0157519
771.26 0.838385 0.0164523
771.571 0.847668 0.0167244
771.882 0.844119 0.0162838
772.193 0.875964 0.0167563
772.504 0.87619 0.0171778
772.814 0.862098 0.0173791
773.125 0.861629 0.017734
773.436 0.841997 0.0180343
773.747 0.858712 0.0186224
774.057 0.851864 0.0189448
774.368 0.86667 0.0194093
774.678 0.87885 0.0200547
774.989 0.851709 0.0200525
775.299 0.83079 0.0204712
775.609 0.857783 0.0205692
775.919 0.858923 0.020414
776.23 0.874287 0.0206207
776.54 0.839681 0.0200373
776.85 0.870363 0.0206146
777.16 0.834916 0.0195907
777.47 0.830764 0.0185266
777.78 0.863346 0.018054
778.089 0.847005 0.0169836
778.399 0.841507 0.0168211
778.709 0.864908 0.0178401
779.019 0.881769 0.0191965
779.328 0.858808 0.0199698
779.638 0.834232 0.0194218
779.947 0.82477 0.0176039
780.257 0.827294 0.0160834
780.566 0.842082 0.0156192
780.875 0.834185 0.0159011
781.185 0.865509 0.0172241
781.494 0.835325 0.0172006
781.803 0.845226 0.0177646
782.112 0.832858 0.0178922
782.421 0.848052 0.0178175
782.73 0.830696 0.0171698
783.039 0.864898 0.0177421
783.348 0.867693 0.0191891
783.656 0.834373 0.0198508
783.965 0.821176 0.0199885
784.274 0.827506 0.0193031
784.582 0.841588 0.0188621
784.891 0.844464 0.0187828
785.199 0.853377 0.0191678
785.508 0.85703 0.0197378
785.816 0.852915 0.0200483
786.124 0.834628 0.0193945
786.432 0.848817 0.0185982
786.741 0.840581 0.0178004
787.049 0.84925 0.0177862
787.357 0.847145 0.018036
787.665 0.857366 0.0180352
787.973 0.856653 0.0181917
788.281 0.849047 0.0184878
788.588 0.844564 0.0194206
788.896 0.842779 0.0206066
789.204 0.866178 0.0217395
789.511 0.845421 0.0215356
789.819 0.86777 0.022216
790.126 0.850504 0.0220031
790.434 0.855685 0.022065
790.741 0.869422 0.0221852
791.049 0.832661 0.0216882
791.356 0.840203 0.0224933
791.663 0.833886 0.0228129
791.97 0.861262 0.0232446
792.277 0.835319 0.0224666
792.584 0.837721 0.0213124
792.891 0.816477 0.0186099
793.198 0.84318 0.0175549
793.505 0.849277 0.0172735
793.812 0.853505 0.0178063
794.119 0.834275 0.0180093
794.425 0.849796 0.0187159
794.732 0.82765 0.0193123
795.038 0.858099 0.0217249
795.345 0.828084 0.02295
795.651 0.817548 0.0240261
795.958 0.828445 0.0242348
796.264 0.80495 0.022292
796.57 0.819565 0.0216705
796.876 0.855666 0.0219525
797.183 0.829877 0.0220188
797.489 0.826816 0.0228803
797.795 0.849269 0.0233964
798.101 0.835328 0.0231009
798.406 0.852373 0.0234594
798.712 0.841627 0.0239996
799.018 0.840174 0.0243535
799.324 0.825842 0.0242082
799.629 0.817816 0.024199
799.935 0.839183 0.0246949
800.24 0.85826 0.0254491
800.546 0.830175 0.0250378
800.851 0.828916 0.0252465
801.157 0.858847 0.0267991
801.462 0.825155 0.026523
801.767 0.854851 0.0271244
802.072 0.81176 0.0254066
802.377 0.838724 0.0248513
802.682 0.845372 0.0245477
802.987 0.849384 0.0252893
803.292 0.823846 0.0255429
803.597 0.810264 0.0255471
803.902 0.830787 0.0258036
804.207 0.818198 0.0254471
804.511 0.78985 0.0246192
804.816 0.779067 0.0229734
805.12 0.833178 0.0221985
805.425 0.806108 0.0205659
805.729 0.840989 0.0211707
806.034 0.834172 0.0219008
806.338 0.820141 0.0229535
806.642 0.824893 0.0236061
806.946 0.816093 0.0232423
807.251 0.842525 0.0238328
807.555 0.833332 0.0233253
807.859 0.833892 0.0231559
808.162 0.841533 0.0239369
808.466 0.851939 0.0249041
808.77 0.828006 0.0252023
809.074 0.832942 0.0261418
809.378 0.845819 0.026389
809.681 0.820225 0.025782
809.985 0.863 0.0268735
810.288 0.883085 0.0274876
810.592 0.836896 0.0265585
810.895 0.834799 0.0271552
811.198 0.858654 0.0287583
811.502 0.815523 0.0284343
811.805 0.865678 0.0301004
812.108 0.790798 0.0274593
812.411 0.833312 0.0273527
812.714 0.844857 0.0256618
813.017 0.825946 0.0240121
813.32 0.793955 0.0235075
813.623 0.848035 0.0250624
813.926 0.850918 0.0269235
814.228 0.829484 0.0280038
814.531 0.844013 0.0291537
814.833 0.799447 0.0281555
815.136 0.823659 0.0287524
815.438 0.811821 0.0288707
815.741 0.765347 0.0268698
816.043 0.813627 0.0273674
816.345 0.786064 0.026719
816.648 0.84996 0.02801
816.95 0.826858 0.0280508
817.252 0.846178 0.0290141
817.554 0.817068 0.0285716
817.856 0.810829 0.0290702
818.158 0.814486 0.0293887
818.46 0.848124 0.0307499
818.761 0.848218 0.0306396
819.063 0.80634 0.0293551
819.365 0.820537 0.0287376
819.666 0.822823 0.0273386
819.968 0.825708 0.026483
820.269 0.833249 0.0263161
820.571 0.826694 0.0268996
820.872 0.831915 0.0280049
821.173 0.819913 0.0289066
821.475 0.849451 0.0305548
821.776 0.811778 0.0297149
822.077 0.787455 0.0290958
822.378 0.824367 0.0299778
822.679 0.843295 0.0308162
822.98 0.83302 0.0303434
823.281 0.838954 0.0314389
823.581 0.819178 0.0307527
823.882 0.850995 0.0317454
824.183 0.831193 0.0310555
824.483 0.77649 0.0289489
824.784 0.768433 0.0276154
825.084 0.820631 0.0290495
825.385 0.822311 0.0294605
825.685 0.830989 0.0302524
825.985 0.785921 0.0291691
826.286 0.813597 0.0292706
826.586 0.812589 0.0286787
826.886 0.81303 0.0287398
827.186 0.833238 0.0295218
827.486 0.813412 0.0301483
827.786 0.806465 0.0304767
828.086 0.819703 0.030417
828.386 0.82329 0.0300852
828.685 0.813898 0.0297475
828.985 0.84762 0.0312647
829.285 0.799841 0.0305804
829.584 0.811541 0.031301
829.884 0.825561 0.0320515
830.183 0.884628 0.0349078
830.482 0.807804 0.0329936
830.782 0.849708 0.0339823
831.081 0.838117 0.0350272
831.38 0.777803 0.0326523
831.679 0.830495 0.0338167
831.978 0.805752 0.0333623
832.277 0.83563 0.0328802
832.576 0.821067 0.0319794
832.875 0.848928 0.0324976
833.174 0.786159 0.0310769
833.472 0.798099 0.0315489
833.771 0.886683 0.0337061
834.07 0.79528 0.031163
834.368 0.786603 0.0312958
834.667 0.830545 0.0330073
834.965 0.86447 0.0341802
835.263 0.857221 0.0340825
835.562 0.821118 0.0333722
835.86 0.820359 0.0330489
836.158 0.780869 0.0326104
836.456 0.854669 0.0350154
836.754 0.77349 0.0332178
837.052 0.890954 0.036783
837.35 0.82115 0.034628
837.648 0.861351 0.0359358
837.946 0.853187 0.0360698
838.243 0.861883 0.0362635
838.541 0.814734 0.0343315
838.839 0.818357 0.0344581
839.136 0.825968 0.0345451
839.434 0.828103 0.0343795
839.731 0.854075 0.0358542
840.028 0.824757 0.0344262
840.326 0.853138 0.0354537
840.623 0.851583 0.035389
840.92 0.828554 0.0352433
841.217 0.875267 0.03724
841.514 0.865547 0.0372396
841.811 0.76942 0.0339519
842.108 0.809463 0.0358478
842.405 0.853127 0.0370767
842.701 0.838876 0.0369352
842.998 0.800578 0.0349714
843.295 0.820125 0.0361696
843.591 0.830988 0.0364879
843.888 0.821212 0.0358533
844.184 0.837041 0.0364069
844.481 0.811541 0.0352601
844.777 0.839249 0.0360326
845.073 0.85151 0.0365684
845.369 0.83052 0.0364772
845.665 0.855914 0.0375719
845.962 0.822657 0.036112
846.258 0.836133 0.0371117
846.553 0.834811 0.0371361
846.849 0.885649 0.0383161
847.145 0.803061 0.0353002
847.441 0.825196 0.0359981
847.737 0.797118 0.0350871
848.032 0.829226 0.0364704
848.328 0.772116 0.0353539
848.623 0.791926 0.0362826
848.919 0.79852 0.0356216
849.214 0.78921 0.0350093
849.509 0.819283 0.0362022
849.805 0.857215 0.0377738
850.1 0.886092 0.0392634
850.395 0.852786 0.0383908
850.69 0.938752 0.0405596
850.985 0.829846 0.0367812
851.28 0.822051 0.0364561
851.575 0.860571 0.0377559
851.869 0.835108 0.0370662
852.164 0.88149 0.0375143
852.459 0.837642 0.0355662
852.753 0.842792 0.035179
853.048 0.813706 0.0327732
853.342 0.826767 0.0328059
853.637 0.830397 0.0334685
853.931 0.792477 0.0323447
854.225 0.799237 0.0323395
854.52 0.858319 0.0347623
854.814 0.896543 0.0356459
855.108 0.779552 0.0321605
855.402 0.814973 0.0334847
855.696 0.814859 0.0344408
855.99 0.841355 0.0355607
856.283 0.831733 0.0345809
856.577 0.857401 0.0359132
856.871 0.849779 0.0354707
857.164 0.80618 0.0349244
857.458 0.86612 0.037402
857.751 0.782375 0.0349313
858.045 0.794599 0.034776
858.338 0.8065 0.0356079
858.632 0.763619 0.0338551
858.925 0.823052 0.0360703
859.218 0.832059 0.0361127
859.511 0.886275 0.0388307
859.804 0.853028 0.0377143
860.097 0.801717 0.0355939
860.39 0.858954 0.0379237
860.683 0.843692 0.0374262
860.976 0.825195 0.0373101
861.268 0.85229 0.0373316
861.561 0.84296 0.0381907
861.854 0.891333 0.0404413
862.146 0.823322 0.0374873
862.439 0.815872 0.0371154
862.731 0.798755 0.0358247
863.023 0.86057 0.0383896
863.316 0.841967 0.0372873
863.608 0.855998 0.0377933
863.9 0.862768 0.0379665
864.192 0.808774 0.0358874
864.484 0.862626 0.0379496
864.776 0.806647 0.0370232
865.068 0.794311 0.0365116
865.36 0.81195 0.0368183
865.651 0.85418 0.0387556
865.943 0.795011 0.0366981
866.235 0.818149 0.037417
866.526 0.85209 0.0392144
866.818 0.839409 0.0376159
867.109 0.808352 0.0366872
867.4 0.855474 0.0384678
867.692 0.798847 0.0373759
867.983 0.860837 0.0384233
868.274 0.857618 0.0388325
868.565 0.860675 0.0384054
868.856 0.8173 0.03767
869.147 0.864802 0.0386442
869.438 0.827515 0.0377001
869.729 0.835955 0.0381186
870.02 0.858423 0.0401505
870.31 0.844221 0.0385751
870.601 0.867665 0.0385435
870.892 0.851837 0.0377982
871.182 0.793738 0.0363329
871.473 0.865556 0.0387659
871.763 0.783725 0.0360034
872.053 0.838803 0.0376858
872.343 0.835745 0.037559
872.634 0.865825 0.0386133
872.924 0.751489 0.0352587
873.214 0.820203 0.0375892
873.504 0.854916 0.0388916
873.794 0.908185 0.0410864
874.084 0.923925 0.0413212
874.373 0.867541 0.0390329
874.663 0.788955 0.0363416
874.953 0.817958 0.0382344
875.242 0.821752 0.037807
875.532 0.834516 0.0377864
875.821 0.873435 0.0388978
876.111 0.817071 0.0374791
876.4 0.810621 0.0377979
876.689 0.80383 0.037389
876.978 0.771338 0.0366391
877.268 0.871226 0.0390085
877.557 0.919327 0.0405332
877.846 0.88247 0.0395794
878.134 0.847787 0.0391459
878.423 0.847943 0.0391531
878.712 0.848099 0.0391603
