178.41 0.595796 0.119398
178.791 0.599568 0.120154
179.172 0.603314 0.120905
179.553 0.422814 0.422814
179.934 0.503001 0.503001
180.316 0.722244 0.722244
180.697 0.481595 0.481595
181.078 0.78531 0.78531
181.459 0.834462 0.834462
181.84 0.385475 0.385475
182.221 3.21442 3.21442
182.602 0.469771 0.469771
182.983 5.74915 1.08571
183.364 1.32342 0.204136
183.744 0.660096 0.0910239
184.125 0.380818 0.0599731
184.506 0.752926 0.0690816
184.887 0.48945 0.049668
185.268 0.501278 0.0432732
185.648 0.567544 0.0445726
186.029 0.550837 0.0418842
186.41 0.621386 0.0433224
186.791 0.66287 0.0430019
187.171 0.499491 0.0319283
187.552 0.41637 0.0237172
187.932 0.519705 0.0269807
188.313 0.468285 0.0239204
188.694 0.524955 0.025312
189.074 0.500514 0.0238289
189.455 0.463383 0.0222917
189.835 0.522425 0.0243376
190.216 0.522408 0.0236959
190.596 0.472594 0.021569
190.977 0.48233 0.0216209
191.357 0.509788 0.0222934
191.737 0.495513 0.0217045
192.118 0.494403 0.0215738
192.498 0.489262 0.0207956
192.878 0.507501 0.0213426
193.258 0.480064 0.0203995
193.639 0.466556 0.019861
194.019 0.47701 0.0202593
194.399 0.504764 0.0206605
194.779 0.468419 0.0191051
195.159 0.457163 0.0194213
195.54 0.440952 0.0185023
195.92 0.472334 0.019206
196.3 0.438761 0.0182426
196.68 0.463116 0.0188357
197.06 0.439166 0.0182327
197.44 0.424888 0.0177618
197.82 0.434597 0.0178224
198.2 0.441223 0.0179494
198.58 0.410791 0.0168622
198.959 0.423562 0.0170913
199.339 0.415621 0.0170038
199.719 0.400989 0.0163819
200.099 0.398541 0.0163711
200.479 0.415226 0.016663
200.858 0.390391 0.0159188
201.238 0.389331 0.0156488
201.618 0.381907 0.0156729
201.998 0.38206 0.0153007
202.377 0.370765 0.0150725
202.757 0.371401 0.0148873
203.136 0.359924 0.0145604
203.516 0.356892 0.014283
203.896 0.345786 0.0138859
204.275 0.339408 0.0134858
204.655 0.345721 0.0136365
205.034 0.335706 0.0132795
205.414 0.335185 0.0131031
205.793 0.319092 0.0126701
206.172 0.317249 0.0126449
206.552 0.319752 0.0124782
206.931 0.332471 0.012529
207.31 0.313583 0.0120368
207.69 0.300741 0.0116936
208.069 0.295842 0.0114444
208.448 0.306509 0.0115022
208.827 0.293943 0.0111992
209.207 0.302853 0.011338
209.586 0.294613 0.0108901
209.965 0.302817 0.0110058
210.344 0.297341 0.0107467
210.723 0.284192 0.0103774
211.102 0.279407 0.0101116
211.481 0.285572 0.0101686
211.86 0.282925 0.0100206
212.239 0.280773 0.00988161
212.618 0.282158 0.00976274
212.997 0.265827 0.00932142
213.376 0.272544 0.00940473
213.755 0.271088 0.00924784
214.134 0.265872 0.00903439
214.513 0.257839 0.00875284
214.891 0.264831 0.0088115
215.27 0.262528 0.00860817
215.649 0.266446 0.00860086
216.028 0.259666 0.0083441
216.406 0.263161 0.00831255
216.785 0.251803 0.00799888
217.164 0.256746 0.00799614
217.542 0.252748 0.0077673
217.921 0.254762 0.00769835
218.3 0.254907 0.00767327
218.678 0.250163 0.00748197
219.057 0.252015 0.0073759
219.435 0.249377 0.00721661
219.814 0.246696 0.00712482
220.192 0.251057 0.00707166
220.57 0.243129 0.00687752
220.949 0.24549 0.00679487
221.327 0.247082 0.00670352
221.705 0.245145 0.00660883
222.084 0.241026 0.00641091
222.462 0.236716 0.00627763
222.84 0.238417 0.00624814
223.218 0.229873 0.0059824
223.597 0.239461 0.0060442
223.975 0.234493 0.00587349
224.353 0.237208 0.00584251
224.731 0.229352 0.00565237
225.109 0.229027 0.00553427
225.487 0.233179 0.00550483
225.865 0.232665 0.00541467
226.243 0.231617 0.00533387
226.621 0.229684 0.00524162
226.999 0.227072 0.00510497
227.377 0.229971 0.00508756
227.755 0.227389 0.00499292
228.133 0.231494 0.00497381
228.511 0.230963 0.00490897
228.889 0.224134 0.00474338
229.266 0.233231 0.00479277
229.644 0.227149 0.00463675
230.022 0.224771 0.00455271
230.4 0.226203 0.00452415
230.777 0.229953 0.00451808
231.155 0.229115 0.00445122
231.533 0.228622 0.00438348
231.91 0.227989 0.00431814
232.288 0.229535 0.00429171
232.665 0.228217 0.00422429
233.043 0.229404 0.00419527
233.42 0.226031 0.00410803
233.798 0.225117 0.00406974
234.175 0.227537 0.00403826
234.553 0.229243 0.00401021
234.93 0.229803 0.00397489
235.307 0.229734 0.0039421
235.685 0.232389 0.00393245
236.062 0.231613 0.00388
236.439 0.231606 0.00386076
236.816 0.231172 0.00380997
237.194 0.230347 0.0037629
237.571 0.233359 0.00375444
237.948 0.233625 0.00373673
238.325 0.23097 0.00367432
238.702 0.232682 0.00366613
239.079 0.234143 0.00364114
239.456 0.233019 0.00360812
239.833 0.234064 0.00359288
240.21 0.236469 0.00357793
240.587 0.2323 0.00352984
240.964 0.238641 0.00354849
241.341 0.23584 0.00349781
241.718 0.23782 0.00347921
242.095 0.237733 0.00347753
242.472 0.239843 0.00346524
242.849 0.239427 0.00343639
243.225 0.239417 0.00340636
243.602 0.241394 0.00340318
243.979 0.240342 0.00338402
244.356 0.24199 0.00338167
244.732 0.242001 0.0033473
245.109 0.24177 0.00332228
245.486 0.245264 0.00334154
245.862 0.243172 0.00331083
246.239 0.244925 0.00328887
246.615 0.24501 0.00328348
246.992 0.243858 0.00325176
247.368 0.246979 0.00327248
247.745 0.244498 0.00322855
248.121 0.245845 0.00321536
248.497 0.249098 0.00323133
248.874 0.248735 0.00320942
249.25 0.246381 0.00316608
249.626 0.250676 0.00318828
250.003 0.248039 0.00315286
250.379 0.248788 0.00312687
250.755 0.249189 0.00313209
251.131 0.248521 0.00310595
251.507 0.249361 0.00310704
251.884 0.250287 0.00309143
252.26 0.250657 0.0030945
252.636 0.253351 0.00308277
253.012 0.252056 0.00306367
253.388 0.254684 0.00307033
253.764 0.254137 0.00305448
254.14 0.256611 0.00306201
254.516 0.255033 0.00304842
254.892 0.255372 0.00303501
255.268 0.257292 0.00304317
255.643 0.257407 0.00303107
256.019 0.259489 0.00304105
256.395 0.258389 0.00302826
256.771 0.255797 0.00299107
257.147 0.260196 0.00301325
257.522 0.262261 0.00302039
257.898 0.261381 0.00301036
258.274 0.2604 0.00299694
258.649 0.261133 0.00299932
259.025 0.263292 0.00299515
259.4 0.263654 0.00299558
259.776 0.264266 0.00298979
260.151 0.265425 0.00300642
260.527 0.266008 0.0029963
260.902 0.26816 0.00300022
261.278 0.268514 0.00299586
261.653 0.268186 0.00299394
262.028 0.270339 0.00300883
262.404 0.268347 0.00298398
262.779 0.270125 0.00298635
263.154 0.270532 0.00298333
263.53 0.271425 0.0029801
263.905 0.270324 0.00297983
264.28 0.276389 0.00301151
264.655 0.275739 0.00299922
265.03 0.274978 0.00300432
265.405 0.274129 0.00298968
265.781 0.277116 0.0030095
266.156 0.278354 0.00301297
266.531 0.27695 0.00298951
266.906 0.279115 0.00301775
267.281 0.27986 0.00300682
267.655 0.279685 0.00301711
268.03 0.280915 0.00302542
268.405 0.28241 0.00302943
268.78 0.284361 0.0030398
269.155 0.283682 0.00302942
269.53 0.284793 0.00304582
269.904 0.286559 0.00305179
270.279 0.285999 0.00305075
270.654 0.287039 0.0030476
271.029 0.28677 0.00305195
271.403 0.289842 0.00305958
271.778 0.291835 0.0030788
272.152 0.2927 0.00308629
272.527 0.291576 0.00307766
272.901 0.292455 0.00307023
273.276 0.29242 0.00306305
273.65 0.292864 0.00307501
274.025 0.293372 0.00306968
274.399 0.297217 0.00310453
274.774 0.297729 0.00310003
275.148 0.299635 0.0031001
275.522 0.298986 0.00310503
275.897 0.300046 0.00310884
276.271 0.30179 0.00312098
276.645 0.30148 0.00311034
277.019 0.300455 0.00309663
277.393 0.301012 0.00309113
277.768 0.304657 0.00312451
278.142 0.303315 0.00311449
278.516 0.305736 0.00313241
278.89 0.308026 0.00313791
279.264 0.309403 0.00315501
279.638 0.307994 0.00313259
280.012 0.309586 0.00314619
280.386 0.311465 0.00317223
280.76 0.311815 0.00316195
281.133 0.314336 0.00318052
281.507 0.316926 0.00319104
281.881 0.31804 0.00318933
282.255 0.320122 0.00320424
282.629 0.320844 0.00321716
283.002 0.32072 0.00321827
283.376 0.323863 0.00322516
283.75 0.324139 0.00323748
284.123 0.32446 0.00322779
284.497 0.322158 0.00322218
284.87 0.327407 0.00325164
285.244 0.325997 0.00323866
285.618 0.331929 0.00327639
285.991 0.332455 0.00329282
286.364 0.332682 0.00329272
286.738 0.334414 0.00330067
287.111 0.337709 0.0033183
287.485 0.335992 0.00331172
287.858 0.337188 0.00333
288.231 0.338415 0.0033302
288.605 0.340778 0.00335097
288.978 0.339185 0.003336
289.351 0.344607 0.00338005
289.724 0.344845 0.00338109
290.097 0.343338 0.00337772
290.47 0.348495 0.00341399
290.843 0.347006 0.00340549
291.217 0.348422 0.00341312
291.59 0.35267 0.00345765
291.963 0.353414 0.00345366
292.336 0.355217 0.00347352
292.708 0.35526 0.00348035
293.081 0.36002 0.00351971
293.454 0.360566 0.00350686
293.827 0.362311 0.00352578
294.2 0.366023 0.00356691
294.573 0.363728 0.00354437
294.945 0.368234 0.00358732
295.318 0.367718 0.00358342
295.691 0.371738 0.00361174
296.064 0.372708 0.00362307
296.436 0.371036 0.00361239
296.809 0.373552 0.00361488
297.181 0.377987 0.00365579
297.554 0.375539 0.0036495
297.926 0.376977 0.00365938
298.299 0.378689 0.0036716
298.671 0.381227 0.00366784
299.044 0.383973 0.00370119
299.416 0.384399 0.00370885
299.788 0.387588 0.00371842
300.161 0.388178 0.00373762
300.533 0.386229 0.00372303
300.905 0.391516 0.00373416
301.278 0.393599 0.00375195
301.65 0.394076 0.00375001
302.022 0.39435 0.00375949
302.394 0.39439 0.00376575
302.766 0.397021 0.00377296
303.138 0.399708 0.00380058
303.51 0.398943 0.00378706
303.882 0.398571 0.00378054
304.254 0.401819 0.00380337
304.626 0.401424 0.00379008
304.998 0.403535 0.0037989
305.37 0.404132 0.00382296
305.742 0.403758 0.00380687
306.114 0.405002 0.00381109
306.485 0.408674 0.00382918
306.857 0.408328 0.00382482
307.229 0.407913 0.00383624
307.601 0.414131 0.00386431
307.972 0.40717 0.00382775
308.344 0.40928 0.00383285
308.716 0.414863 0.00387482
309.087 0.413939 0.00386563
309.459 0.415426 0.00387844
309.83 0.415342 0.00387857
310.202 0.412685 0.00385985
310.573 0.418466 0.00388906
310.945 0.416141 0.00387555
311.316 0.418333 0.00390434
311.687 0.41882 0.00389094
312.059 0.416841 0.00389536
312.43 0.41757 0.00389168
312.801 0.419096 0.00391254
313.172 0.420427 0.00392115
313.544 0.422427 0.00393452
313.915 0.420031 0.00389841
314.286 0.421507 0.00392221
314.657 0.417415 0.00389449
315.028 0.418544 0.00390798
315.399 0.417221 0.00390051
315.77 0.418925 0.00390294
316.141 0.418314 0.00391632
316.512 0.421161 0.00392904
316.883 0.417819 0.00392132
317.254 0.417937 0.00391793
317.625 0.418154 0.00394309
317.996 0.420643 0.00393315
318.366 0.418557 0.00393313
318.737 0.419715 0.0039346
319.108 0.419569 0.0039475
319.478 0.417171 0.00393751
319.849 0.414703 0.00392398
320.22 0.417284 0.00394004
320.59 0.417043 0.00393666
320.961 0.41209 0.00391993
321.331 0.41642 0.00394099
321.702 0.4138 0.00394847
322.072 0.415315 0.00396766
322.443 0.411579 0.00394195
322.813 0.408925 0.00392193
323.184 0.408009 0.00392852
323.554 0.40982 0.00394974
323.924 0.404645 0.00392269
324.295 0.407319 0.00395472
324.665 0.405767 0.00395006
325.035 0.40541 0.00394316
325.405 0.403835 0.00395168
325.775 0.402523 0.00396444
326.145 0.401037 0.00395333
326.515 0.398853 0.00394982
326.886 0.400867 0.0039798
327.256 0.397816 0.00396841
327.626 0.396907 0.00398838
327.995 0.391666 0.00397174
328.365 0.3918 0.00397797
328.735 0.38906 0.00398395
329.105 0.388059 0.00402193
329.475 0.38846 0.00405561
329.845 0.384311 0.00409224
330.215 0.380697 0.00405767
330.584 0.376809 0.00399799
330.954 0.376623 0.00390254
331.324 0.371941 0.00376903
331.693 0.373947 0.00371433
332.063 0.373467 0.00367195
332.432 0.374009 0.00365568
332.802 0.368346 0.00365767
333.171 0.363338 0.0036804
333.541 0.359723 0.00373037
333.91 0.358702 0.00374399
334.28 0.353945 0.00374038
334.649 0.35159 0.00373872
335.018 0.350767 0.00374708
335.388 0.351192 0.00376145
335.757 0.346929 0.00373908
336.126 0.346266 0.00374893
336.495 0.341384 0.00370983
336.865 0.339426 0.00371449
337.234 0.337913 0.00372716
337.603 0.335878 0.00370834
337.972 0.333882 0.00370582
338.341 0.329819 0.00367718
338.71 0.328785 0.00366891
339.079 0.328483 0.00368052
339.448 0.325106 0.00365578
339.817 0.326984 0.00367538
340.186 0.320129 0.00363896
340.554 0.320925 0.0036387
340.923 0.319753 0.00363964
341.292 0.320767 0.00364885
341.661 0.319109 0.00364397
342.029 0.316666 0.00362371
342.398 0.318395 0.00363847
342.767 0.316148 0.00363955
343.135 0.316308 0.00363775
343.504 0.317481 0.00365585
343.872 0.318384 0.00364742
344.241 0.319011 0.00365956
344.609 0.320834 0.00368458
344.978 0.320604 0.00367954
345.346 0.325474 0.00369344
345.715 0.325795 0.00370955
346.083 0.32673 0.00372315
346.451 0.328801 0.003729
346.82 0.332614 0.00376312
347.188 0.335454 0.00377201
347.556 0.341265 0.00382417
347.924 0.343217 0.00383045
348.292 0.347323 0.00386205
348.66 0.351508 0.00388182
349.028 0.357586 0.00392017
349.396 0.359905 0.00394836
349.764 0.366643 0.00398013
350.132 0.368712 0.00398928
350.5 0.376579 0.0040382
350.868 0.382696 0.00407826
351.236 0.38858 0.00410622
351.604 0.396768 0.00416538
351.972 0.404246 0.00420922
352.34 0.407921 0.00423446
352.707 0.413595 0.00426568
353.075 0.42194 0.00430964
353.443 0.428664 0.00435374
353.81 0.436069 0.0044021
354.178 0.446022 0.00445456
354.545 0.450832 0.00446754
354.913 0.461913 0.00454135
355.28 0.465275 0.00455847
355.648 0.475049 0.00459636
356.015 0.482994 0.00464275
356.383 0.493828 0.00468917
356.75 0.49352 0.00469966
357.117 0.506413 0.00476329
357.485 0.511753 0.0047917
357.852 0.52562 0.00488972
358.219 0.529542 0.00488357
358.586 0.533894 0.00490277
358.954 0.546029 0.00497902
359.321 0.548672 0.00497899
359.688 0.559713 0.00505359
360.055 0.564657 0.00506864
360.422 0.573935 0.00511752
360.789 0.580041 0.00515354
361.156 0.589153 0.00518928
361.523 0.596803 0.00524401
361.89 0.599778 0.00525069
362.256 0.600505 0.00523285
362.623 0.616995 0.00535703
362.99 0.616438 0.00532898
363.357 0.628291 0.00540195
363.724 0.633442 0.00542638
364.09 0.634392 0.00541951
364.457 0.649392 0.00552415
364.823 0.652291 0.0055009
365.19 0.659661 0.00554012
365.557 0.661089 0.0055375
365.923 0.670221 0.00559409
366.29 0.672342 0.00562055
366.656 0.677089 0.00561716
367.022 0.68212 0.00563094
367.389 0.693035 0.00570123
367.755 0.692367 0.00572561
368.121 0.69584 0.00573763
368.488 0.702987 0.00575922
368.854 0.706854 0.00579696
369.22 0.711119 0.00584183
369.586 0.716125 0.00588232
369.952 0.722496 0.00592128
370.318 0.715896 0.00589696
370.684 0.727295 0.00596105
371.051 0.729095 0.00597007
371.416 0.73943 0.00604939
371.782 0.740513 0.00603572
372.148 0.745311 0.00606771
372.514 0.74375 0.00607438
372.88 0.753877 0.00613356
373.246 0.754139 0.00612898
373.612 0.764706 0.00616887
373.977 0.759952 0.00613579
374.343 0.766241 0.00614166
374.709 0.76792 0.00612843
375.074 0.764326 0.00613237
375.44 0.77243 0.00619121
375.806 0.776368 0.00624123
376.171 0.773843 0.00619957
376.537 0.786561 0.00624459
376.902 0.780686 0.00623218
377.268 0.786365 0.00622912
377.633 0.788205 0.00622497
377.998 0.792753 0.006219
378.364 0.793607 0.00619544
378.729 0.799454 0.00622869
379.094 0.805642 0.00628012
379.459 0.809141 0.00637805
379.825 0.800577 0.00631609
380.19 0.806297 0.00634844
380.555 0.804401 0.00638553
380.92 0.816066 0.00651204
381.285 0.814975 0.00649538
381.65 0.811839 0.00643242
382.015 0.813028 0.00644661
382.38 0.82346 0.00651304
382.745 0.819016 0.00653527
383.11 0.822188 0.00656561
383.474 0.82033 0.00653883
383.839 0.82294 0.00656103
384.204 0.826233 0.00659536
384.569 0.8289 0.00661408
384.933 0.832809 0.00664896
385.298 0.829773 0.00664717
385.663 0.830187 0.00662997
386.027 0.830633 0.00661803
386.392 0.832226 0.00659611
386.756 0.830927 0.00655782
387.121 0.836094 0.00657629
387.485 0.845474 0.00659275
387.849 0.840353 0.00654199
388.214 0.844617 0.00663133
388.578 0.849796 0.00668509
388.942 0.845746 0.00670311
389.307 0.845995 0.00669798
389.671 0.852077 0.00674677
390.035 0.850149 0.00670843
390.399 0.849038 0.00668831
390.763 0.850116 0.00665309
391.127 0.852885 0.00663989
391.492 0.859526 0.00657402
391.856 0.851036 0.00646607
392.219 0.859595 0.00645002
392.583 0.857227 0.00647781
392.947 0.86814 0.00665958
393.311 0.860656 0.00669201
393.675 0.864088 0.00672554
394.039 0.86303 0.00676305
394.403 0.867018 0.00678202
394.766 0.859016 0.006769
395.13 0.862344 0.00680004
395.494 0.867863 0.00681906
395.857 0.864182 0.00677486
396.221 0.864604 0.00674583
396.584 0.867864 0.00670791
396.948 0.862885 0.00661643
397.311 0.8672 0.00653527
397.675 0.86979 0.00650967
398.038 0.869155 0.00651046
398.401 0.872333 0.00661506
398.765 0.872931 0.00671966
399.128 0.877961 0.00683527
399.491 0.876563 0.00688178
399.854 0.871404 0.00687127
400.218 0.881831 0.00693236
400.581 0.874004 0.00692119
400.944 0.873903 0.00695468
401.307 0.878494 0.00705684
401.67 0.875748 0.00702533
402.033 0.877187 0.0070516
402.396 0.882042 0.00707503
402.759 0.881195 0.00708025
403.122 0.877741 0.00703188
403.485 0.881442 0.00704487
403.847 0.878149 0.0069732
404.21 0.88382 0.00695952
404.573 0.890108 0.00697662
404.936 0.885237 0.00692323
405.298 0.88708 0.00700651
405.661 0.888667 0.00711109
406.023 0.888109 0.00720966
406.386 0.886854 0.00723006
406.749 0.88653 0.0072618
407.111 0.882897 0.00723761
407.473 0.880799 0.00711334
407.836 0.890232 0.0071409
408.198 0.891131 0.007101
408.561 0.892989 0.00712886
408.923 0.888681 0.00712214
409.285 0.892237 0.00714955
409.647 0.89618 0.00722812
410.009 0.889877 0.00727078
410.372 0.887788 0.00725166
410.734 0.894831 0.00731698
411.096 0.891618 0.00729101
411.458 0.898042 0.00731547
411.82 0.893452 0.00724888
412.182 0.893927 0.00719577
412.544 0.896326 0.00722154
412.906 0.894598 0.00720181
413.267 0.899628 0.00724785
413.629 0.89542 0.0072878
413.991 0.898433 0.00733436
414.353 0.906251 0.00738649
414.714 0.904161 0.00745568
415.076 0.899964 0.00741988
415.438 0.900028 0.00741206
415.799 0.898593 0.0073766
416.161 0.897543 0.00743693
416.522 0.896764 0.00746429
416.884 0.896343 0.00746718
417.245 0.908629 0.00754592
417.607 0.90154 0.00749789
417.968 0.900022 0.00748314
418.329 0.905898 0.00749814
418.691 0.903998 0.00748778
419.052 0.902182 0.00747505
419.413 0.901604 0.00740542
419.774 0.900595 0.00737825
420.135 0.898512 0.00720564
420.497 0.898822 0.00709316
420.858 0.906989 0.00702701
421.219 0.907397 0.00705233
421.58 0.910931 0.00715614
421.941 0.917005 0.00730602
422.302 0.91218 0.00738452
422.662 0.915053 0.00742796
423.023 0.899871 0.00739859
423.384 0.904785 0.00744363
423.745 0.905442 0.0074014
424.106 0.906138 0.00740008
424.466 0.914526 0.00741979
424.827 0.916677 0.00753106
425.187 0.907132 0.00758655
425.548 0.912729 0.00768182
425.909 0.908462 0.00770436
426.269 0.914675 0.00767616
426.63 0.906439 0.00758971
426.99 0.911412 0.00754803
427.35 0.911466 0.00758195
427.711 0.906887 0.00750927
428.071 0.903927 0.00743425
428.431 0.900216 0.00727723
428.792 0.907783 0.00705765
429.152 0.909723 0.00687097
429.512 0.910264 0.00686014
429.872 0.911765 0.00691344
430.232 0.919553 0.00706551
430.592 0.920784 0.00727086
430.952 0.914926 0.0074617
431.312 0.927924 0.00770146
431.672 0.913902 0.00773106
432.032 0.911008 0.00769524
432.392 0.907814 0.00757785
432.752 0.905234 0.00719481
433.111 0.913693 0.00706694
433.471 0.927612 0.00723198
433.831 0.921027 0.0074885
434.19 0.918539 0.00747935
434.55 0.922145 0.00749266
434.91 0.917085 0.00755924
435.269 0.907241 0.007415
435.629 0.916356 0.00743574
435.988 0.917201 0.00740732
436.348 0.923103 0.00754477
436.707 0.920224 0.00764761
437.066 0.92071 0.00764546
437.426 0.912921 0.00752269
437.785 0.918238 0.00752342
438.144 0.919075 0.00751747
438.503 0.927766 0.00765259
438.862 0.918856 0.00762987
439.222 0.92815 0.00772955
439.581 0.916717 0.00771476
439.94 0.905173 0.00755863
440.299 0.912143 0.00733191
440.658 0.916106 0.0071608
441.017 0.926578 0.00720393
441.376 0.930633 0.00730394
441.734 0.925555 0.0073588
442.093 0.91411 0.00730997
442.452 0.916207 0.00726581
442.811 0.928822 0.0072835
443.169 0.915334 0.00722771
443.528 0.937008 0.00746446
443.887 0.92132 0.00740644
444.245 0.926125 0.00745826
444.604 0.924235 0.00751266
444.962 0.921343 0.00753659
445.321 0.919648 0.00753668
445.679 0.922758 0.00750974
446.038 0.924362 0.00748881
446.396 0.929586 0.00761341
446.754 0.923114 0.00769067
447.112 0.929987 0.00775828
447.471 0.916346 0.00771001
447.829 0.91603 0.00774899
448.187 0.921672 0.007759
448.545 0.923596 0.00774334
448.903 0.915313 0.0077285
449.261 0.923614 0.00778604
449.619 0.929454 0.00788459
449.977 0.928885 0.00792057
450.335 0.929388 0.00800952
450.693 0.927705 0.00802208
451.051 0.922664 0.00798441
451.409 0.921218 0.00800943
451.766 0.927876 0.00804858
452.124 0.924108 0.0081449
452.482 0.921831 0.00821545
452.839 0.934527 0.0083642
453.197 0.925603 0.00833886
453.555 0.92785 0.0083835
453.912 0.921406 0.00833239
454.27 0.919448 0.00819224
454.627 0.928217 0.00813395
454.984 0.928039 0.00815238
455.342 0.929243 0.00828274
455.699 0.93392 0.00839621
456.056 0.922997 0.00829742
456.414 0.931133 0.0082594
456.771 0.920031 0.00805989
457.128 0.922819 0.00804121
457.485 0.927251 0.00803255
457.842 0.934117 0.00811213
458.199 0.923246 0.00805545
458.556 0.9302 0.00800773
458.913 0.927169 0.00799501
459.27 0.929824 0.00796109
459.627 0.934646 0.00809783
459.984 0.922159 0.00798491
460.341 0.937913 0.00804247
460.697 0.928588 0.00809773
461.054 0.933838 0.00835981
461.411 0.93318 0.00852902
461.767 0.927036 0.00860114
462.124 0.925621 0.00857308
462.481 0.928591 0.00848412
462.837 0.924418 0.00833364
463.194 0.931029 0.00818834
463.55 0.929033 0.00823215
463.907 0.924186 0.0079951
464.263 0.93304 0.00792272
464.619 0.928282 0.00775289
464.976 0.931311 0.00765798
465.332 0.933013 0.00766308
465.688 0.944573 0.00794701
466.044 0.932828 0.00818099
466.4 0.939653 0.00833861
466.756 0.931625 0.00835739
467.112 0.93952 0.00839266
467.468 0.936706 0.00836769
467.824 0.935131 0.00844642
468.18 0.937514 0.00856763
468.536 0.927372 0.00852829
468.892 0.934939 0.00869962
469.248 0.932412 0.00872639
469.604 0.933293 0.00878302
469.959 0.932548 0.00877641
470.315 0.929827 0.00875887
470.671 0.930789 0.00875464
471.026 0.930408 0.00867899
471.382 0.925816 0.00857471
471.737 0.932156 0.0085348
472.093 0.922565 0.00835831
472.448 0.92222 0.00819633
472.804 0.931143 0.00816566
473.159 0.931051 0.00809822
473.514 0.934505 0.00815447
473.87 0.933946 0.00803587
474.225 0.924058 0.00776481
474.58 0.934604 0.00765502
474.935 0.943915 0.00775849
475.29 0.94606 0.00787203
475.645 0.935628 0.00783644
476 0.92859 0.00781697
476.355 0.932242 0.00790284
476.71 0.924756 0.00786643
477.065 0.926092 0.0076428
477.42 0.933939 0.00757389
477.775 0.930019 0.00756708
478.13 0.9335 0.00764942
478.485 0.932109 0.00758835
478.839 0.92821 0.00748186
479.194 0.926089 0.00728179
479.549 0.930543 0.00720977
479.903 0.940267 0.00726667
480.258 0.930991 0.00728764
480.612 0.930538 0.00719084
480.967 0.931406 0.00702787
481.321 0.940194 0.00708357
481.675 0.940713 0.00722203
482.03 0.941329 0.00735183
482.384 0.9347 0.00735667
482.738 0.934557 0.00728596
483.093 0.931826 0.00722218
483.447 0.930323 0.00705962
483.801 0.929523 0.00683626
484.155 0.931344 0.00675563
484.509 0.839135 0.00558383
484.863 0.88019 0.00389786
485.217 0.917656 0.00361721
485.571 0.962829 0.00380089
485.925 1.00651 0.00495036
486.279 0.97017 0.00563567
486.632 0.960374 0.00606454
486.986 0.9608 0.00655702
487.34 0.948237 0.00695376
487.694 0.942299 0.00712545
488.047 0.933444 0.007132
488.401 0.941258 0.00717088
488.754 0.938826 0.00720707
489.108 0.939544 0.00732749
489.461 0.933435 0.007339
489.815 0.935445 0.00742353
490.168 0.938371 0.00735311
490.522 0.937241 0.00731742
490.875 0.932762 0.00731089
491.228 0.937485 0.00737977
491.581 0.93367 0.00731421
491.935 0.939085 0.00736252
492.288 0.938703 0.00739135
492.641 0.935662 0.00732704
492.994 0.937443 0.00732852
493.347 0.936131 0.00722169
493.7 0.93672 0.00722948
494.053 0.939707 0.00726578
494.406 0.946613 0.00741037
494.759 0.940666 0.00753768
495.111 0.932292 0.00726973
495.464 0.925024 0.00692353
495.817 0.94097 0.0068568
496.169 0.947748 0.00707456
496.522 0.949363 0.00740022
496.875 0.941827 0.00761695
497.227 0.944434 0.00770286
497.58 0.933725 0.00764571
497.932 0.938584 0.00757559
498.285 0.92803 0.0074641
498.637 0.926836 0.00727353
498.989 0.937266 0.0072329
499.342 0.941246 0.00730198
499.694 0.944001 0.00747433
500.046 0.9361 0.0075069
500.398 0.928847 0.00729465
500.751 0.938553 0.00726579
501.103 0.930849 0.00721283
501.455 0.941146 0.00726375
501.807 0.93508 0.00725118
502.159 0.939841 0.00727354
502.511 0.93712 0.00724497
502.862 0.942162 0.00729573
503.214 0.937216 0.00737602
503.566 0.942316 0.00754597
503.918 0.935823 0.0076013
504.27 0.935941 0.00759373
504.621 0.945504 0.00765105
504.973 0.943213 0.00768489
505.324 0.938235 0.00761508
505.676 0.935338 0.00747084
506.027 0.951416 0.00755511
506.379 0.943311 0.00777357
506.73 0.93924 0.00787505
507.082 0.933416 0.00779488
507.433 0.932161 0.00764536
507.784 0.936362 0.00759851
508.136 0.942848 0.00775782
508.487 0.946287 0.00785171
508.838 0.941206 0.00790403
509.189 0.940479 0.00789229
509.54 0.939764 0.00778383
509.891 0.94264 0.00788592
510.242 0.94329 0.00789743
510.593 0.944747 0.00795383
510.944 0.937736 0.00796855
511.295 0.945877 0.00816974
511.646 0.948077 0.00826981
511.996 0.936655 0.00813517
512.347 0.934708 0.00806558
512.698 0.943126 0.00812859
513.049 0.940149 0.00816575
513.399 0.93966 0.00820148
513.75 0.937121 0.00816591
514.1 0.947154 0.00836527
514.451 0.94694 0.00853826
514.801 0.93439 0.00844425
515.152 0.941799 0.00840272
515.502 0.930412 0.00822233
515.852 0.94578 0.00824546
516.202 0.945135 0.00823159
516.553 0.949807 0.00837255
516.903 0.941772 0.00846421
517.253 0.942567 0.00859553
517.603 0.943627 0.00859879
517.953 0.935673 0.00852087
518.303 0.942505 0.00835119
518.653 0.948632 0.00830965
519.003 0.94928 0.00837633
519.353 0.955055 0.00870229
519.703 0.935328 0.00879457
520.052 0.940962 0.00886625
520.402 0.937538 0.00880136
520.752 0.942392 0.00872312
521.102 0.954801 0.00892267
521.451 0.950416 0.00896553
521.801 0.949402 0.00893512
522.15 0.934498 0.0087178
522.5 0.945071 0.00875276
522.849 0.931988 0.00866466
523.199 0.944502 0.00864024
523.548 0.932457 0.00850243
523.897 0.942804 0.00864834
524.246 0.948159 0.00881722
524.596 0.946937 0.00893625
524.945 0.93857 0.00884481
525.294 0.944545 0.0088719
525.643 0.945092 0.00885469
525.992 0.939917 0.00881533
526.341 0.935658 0.00874048
526.69 0.946202 0.00885878
527.039 0.945373 0.0089412
527.388 0.940312 0.00897962
527.737 0.930435 0.00866055
528.086 0.933245 0.0083545
528.434 0.945333 0.00825456
528.783 0.956081 0.00852818
529.132 0.95789 0.00869873
529.48 0.948265 0.00876628
529.829 0.940079 0.00877645
530.177 0.95761 0.00894882
530.526 0.94021 0.00888894
530.874 0.937839 0.00879309
531.223 0.934652 0.00876546
531.571 0.946348 0.00889609
531.919 0.933096 0.00874677
532.268 0.928974 0.00846092
532.616 0.939593 0.00823713
532.964 0.942847 0.00812899
533.312 0.94516 0.00814316
533.66 0.943774 0.00817391
534.008 0.938776 0.00813369
534.356 0.94405 0.00816189
534.704 0.950008 0.00826202
535.052 0.949221 0.00836967
535.4 0.950834 0.00855385
535.748 0.942505 0.00871906
536.095 0.943189 0.00894321
536.443 0.940881 0.00894341
536.791 0.931558 0.00871076
537.139 0.940478 0.00855085
537.486 0.934773 0.00832771
537.834 0.946545 0.00833558
538.181 0.940193 0.00825987
538.529 0.942517 0.00831666
538.876 0.940995 0.0082884
539.223 0.948197 0.00846074
539.571 0.9552 0.00867359
539.918 0.937249 0.00856125
540.265 0.939199 0.00840119
540.613 0.934411 0.00823563
540.96 0.943517 0.00837813
541.307 0.943186 0.00839193
541.654 0.933003 0.00834442
542.001 0.946987 0.0084329
542.348 0.951165 0.0084499
542.695 0.94863 0.0084493
543.042 0.941881 0.00828998
543.388 0.934623 0.00815355
543.735 0.94427 0.00818414
544.082 0.946414 0.00818095
544.429 0.952214 0.00824376
544.775 0.950818 0.00841912
545.122 0.960643 0.00871341
545.469 0.953666 0.00882366
545.815 0.940598 0.00871228
546.162 0.936032 0.00862195
546.508 0.93803 0.00845393
546.854 0.92797 0.00809683
547.201 0.9274 0.00779798
547.547 0.950538 0.00787179
547.893 0.955577 0.00806983
548.24 0.967489 0.00855486
548.586 0.95262 0.00884188
548.932 0.947313 0.00894839
549.278 0.939614 0.00891828
549.624 0.948469 0.00891234
549.97 0.946845 0.00898804
550.316 0.942781 0.00914779
550.662 0.950948 0.00928186
551.008 0.922208 0.00866762
551.353 0.930389 0.00824083
551.699 0.948286 0.00813568
552.045 0.960792 0.00840969
552.391 0.943231 0.00850516
552.736 0.942693 0.00854156
553.082 0.93665 0.00852664
553.427 0.951314 0.008745
553.773 0.949408 0.00902549
554.118 0.92929 0.00892991
554.464 0.935509 0.00872983
554.809 0.932458 0.00836944
555.154 0.942052 0.00829909
555.5 0.943855 0.00832586
555.845 0.949835 0.00867694
556.19 0.947428 0.00890106
556.535 0.947307 0.00910037
556.88 0.942242 0.00892964
557.225 0.949015 0.00892847
557.57 0.953655 0.00912493
557.915 0.954113 0.00937456
558.26 0.946456 0.00945194
558.605 0.939227 0.00938238
558.95 0.936466 0.009162
559.295 0.930196 0.00864432
559.639 0.929441 0.00831559
559.984 0.935111 0.00802213
560.329 0.933653 0.00798626
560.673 0.946327 0.0080682
561.018 0.952362 0.00833141
561.362 0.944568 0.00851844
561.707 0.945276 0.00873525
562.051 0.934895 0.00858125
562.395 0.926784 0.00843109
562.74 0.942556 0.00833381
563.084 0.930712 0.00817896
563.428 0.943076 0.00806119
563.772 0.939702 0.00808405
564.117 0.936407 0.00801085
564.461 0.946403 0.00802801
564.805 0.942955 0.00808318
565.149 0.944693 0.00805331
565.493 0.945574 0.00806942
565.836 0.943436 0.00790544
566.18 0.930477 0.00773622
566.524 0.926846 0.00720004
566.868 0.939606 0.00705505
567.212 0.943026 0.00694758
567.555 0.937225 0.00683865
567.899 0.93231 0.00650466
568.242 0.930358 0.00623251
568.586 0.925208 0.00581618
568.929 0.923263 0.0054384
569.273 0.929155 0.00515813
569.616 0.946897 0.00521449
569.96 0.93579 0.00507911
570.303 0.93989 0.00493205
570.646 0.941001 0.00487367
570.989 0.934796 0.00470713
571.333 0.953291 0.00481264
571.676 0.962237 0.00501589
572.019 0.951678 0.00539395
572.362 0.924119 0.00501527
572.705 0.922817 0.00465167
573.048 0.934008 0.00445444
573.391 0.933673 0.00430831
573.733 0.938104 0.00425853
574.076 0.94074 0.00421737
574.419 0.958255 0.00438618
574.762 0.95458 0.00461101
575.104 0.963078 0.0049578
575.447 0.925611 0.00479478
575.789 0.923922 0.00450278
576.132 0.937516 0.00428505
576.474 0.93017 0.00422046
576.817 0.924015 0.00389125
577.159 0.924572 0.00368028
577.501 0.946562 0.00375317
577.844 0.967777 0.00406166
578.186 0.969786 0.00456057
578.528 0.949289 0.00469641
578.87 0.948549 0.00471507
579.212 0.929066 0.00451075
579.554 0.943673 0.00440082
579.896 0.942359 0.00442453
580.238 0.911745 0.00410119
580.58 0.915957 0.00361169
580.922 0.904696 0.00344967
581.264 0.904652 0.00344951
581.606 0.956666 0.00370347
581.947 0.958706 0.0039353
582.289 0.973906 0.0044066
582.631 0.966885 0.00487019
582.972 0.951993 0.0051566
583.314 0.944501 0.00507965
583.655 0.926784 0.00486422
583.997 0.916758 0.00441603
584.338 0.928115 0.00413275
584.679 0.935256 0.00398041
585.021 0.956883 0.00413685
585.362 0.961661 0.00445612
585.703 0.964011 0.00479877
586.044 0.931053 0.0047336
586.385 0.929321 0.00447506
586.726 0.934369 0.00428569
587.067 0.961287 0.00451759
587.408 0.954321 0.00475928
587.749 0.958296 0.0049953
588.09 0.95118 0.00518416
588.431 0.962386 0.00552523
588.772 0.946148 0.00569771
589.113 0.938937 0.00557795
589.453 0.94356 0.00556133
589.794 0.95375 0.00578276
590.134 0.958601 0.00610678
590.475 0.947558 0.00621262
590.815 0.938256 0.00612485
591.156 0.948377 0.00616657
591.496 0.916266 0.00587649
591.837 0.91332 0.00504731
592.177 0.922986 0.00460919
592.517 0.942471 0.00445919
592.857 0.960323 0.00474585
593.198 0.966729 0.00506624
593.538 0.966738 0.00558883
593.878 0.948702 0.00571336
594.218 0.93207 0.00548038
594.558 0.944125 0.0053107
594.898 0.955745 0.00549377
595.237 0.966391 0.00586677
595.577 0.961718 0.00623063
595.917 0.948352 0.00649618
596.257 0.933954 0.00617657
596.596 0.928425 0.00600348
596.936 0.95207 0.00597855
597.276 0.944707 0.00618819
597.615 0.925313 0.00601578
597.955 0.912755 0.00525484
598.294 0.938065 0.00499802
598.633 0.95147 0.00505029
598.973 0.950077 0.00523682
599.312 0.944238 0.00520477
599.651 0.952135 0.00526792
599.991 0.945199 0.00536334
600.33 0.952979 0.00546858
600.669 0.951091 0.00561975
601.008 0.957545 0.0058337
601.347 0.943448 0.00598793
601.686 0.937542 0.00579482
602.025 0.941908 0.00584706
602.364 0.930834 0.00552299
602.702 0.934367 0.00545407
603.041 0.948363 0.00553116
603.38 0.957442 0.00582342
603.719 0.958083 0.00609073
604.057 0.93959 0.00620117
604.396 0.939569 0.00619131
604.734 0.91746 0.00584322
605.073 0.941836 0.00547715
605.411 0.941924 0.00553057
605.75 0.958389 0.00578238
606.088 0.946693 0.00604781
606.426 0.934947 0.00586283
606.764 0.937982 0.00579163
607.103 0.959911 0.0060446
607.441 0.944311 0.00620221
607.779 0.946274 0.00635917
608.117 0.940781 0.00629731
608.455 0.95058 0.00659851
608.793 0.930902 0.00659282
609.131 0.926025 0.00613458
609.469 0.938789 0.00602766
609.806 0.950463 0.00614658
610.144 0.952289 0.00663565
610.482 0.936919 0.00665026
610.819 0.950493 0.0066836
611.157 0.950059 0.00671723
611.495 0.950608 0.00695467
611.832 0.939982 0.00693635
612.17 0.942261 0.00689423
612.507 0.944284 0.00682455
612.844 0.939909 0.00688025
613.182 0.939545 0.00689481
613.519 0.937097 0.00684342
613.856 0.938198 0.00682959
614.193 0.927328 0.00670429
614.53 0.933791 0.00658745
614.867 0.948553 0.00663213
615.205 0.946792 0.00695775
615.541 0.949161 0.0072182
615.878 0.932784 0.00745948
616.215 0.940148 0.00741243
616.552 0.939465 0.00748544
616.889 0.932281 0.00728557
617.226 0.943772 0.00725515
617.562 0.953238 0.00752323
617.899 0.956468 0.00799108
618.235 0.954323 0.00839337
618.572 0.933031 0.00860668
618.908 0.925618 0.00827496
619.245 0.934218 0.00797403
619.581 0.939628 0.00785688
619.918 0.967402 0.00863445
620.254 0.965665 0.0097316
620.59 0.934298 0.00971634
620.926 0.915045 0.00896568
621.262 0.925313 0.00851509
621.599 0.946429 0.00865084
621.935 0.927133 0.00845443
622.271 0.92208 0.00811523
622.606 0.928791 0.00796873
622.942 0.93952 0.00821332
623.278 0.928701 0.00840391
623.614 0.918358 0.0079642
623.95 0.938997 0.00802096
624.285 0.933618 0.00814704
624.621 0.940999 0.00862353
624.957 0.940761 0.00889063
625.292 0.948605 0.00919758
625.628 0.943818 0.00945192
625.963 0.917979 0.00938352
626.299 0.922874 0.00921479
626.634 0.925336 0.00908231
626.969 0.944421 0.0093452
627.304 0.946608 0.0101415
627.64 0.942915 0.0108567
627.975 0.915205 0.0104819
628.31 0.913308 0.00989776
628.645 0.93537 0.00978747
628.98 0.937931 0.0100162
629.315 0.939924 0.010219
629.65 0.942939 0.0103171
629.985 0.930282 0.0102188
630.319 0.943275 0.0107399
630.654 0.928531 0.010777
630.989 0.932881 0.0107493
631.323 0.935734 0.0109523
631.658 0.943612 0.0114465
631.993 0.939321 0.0119149
632.327 0.93038 0.0119033
632.662 0.93352 0.0118588
632.996 0.922629 0.0115279
633.33 0.916344 0.0113185
633.665 0.93363 0.0118249
633.999 0.92947 0.0121569
634.333 0.937446 0.0122065
634.667 0.920831 0.0121397
635.001 0.926243 0.0118787
635.335 0.912407 0.011341
635.669 0.917955 0.0109533
636.003 0.936224 0.0112158
636.337 0.938727 0.0117921
636.671 0.945442 0.0124524
637.005 0.934904 0.0127191
637.339 0.914623 0.0125248
637.672 0.916335 0.0120788
638.006 0.931031 0.0118626
638.339 0.934896 0.0120605
638.673 0.932794 0.0124305
639.006 0.938173 0.0128579
639.34 0.92341 0.0127493
639.673 0.931464 0.0129875
640.007 0.927944 0.0129304
640.34 0.931294 0.0131796
640.673 0.924782 0.0132336
641.006 0.937306 0.0135187
641.34 0.935138 0.0136501
641.673 0.934738 0.013973
642.006 0.929854 0.0141766
642.339 0.929499 0.0139233
642.672 0.943576 0.0139421
643.004 0.92109 0.0138536
643.337 0.936859 0.0144217
643.67 0.925252 0.0143282
644.003 0.930786 0.0142302
644.336 0.925389 0.0141294
644.668 0.912957 0.014009
645.001 0.934034 0.0144148
645.333 0.938758 0.0148065
645.666 0.923188 0.0149862
645.998 0.92901 0.0153766
646.331 0.925534 0.0155811
646.663 0.93737 0.015519
646.995 0.901413 0.0142904
647.327 0.904621 0.0131468
647.66 0.91787 0.012518
647.992 0.925549 0.0123782
648.324 0.92738 0.0123447
648.656 0.931359 0.0125432
648.988 0.944019 0.0131309
649.32 0.94249 0.0140345
649.652 0.939917 0.0146729
649.983 0.934458 0.0149452
650.315 0.928268 0.0149916
650.647 0.915769 0.0145488
650.979 0.917608 0.0138991
651.31 0.922381 0.0133992
651.642 0.922551 0.0130996
651.973 0.92391 0.0131005
652.305 0.923132 0.0130452
652.636 0.934879 0.0133099
652.967 0.921639 0.013514
653.299 0.929082 0.0138847
653.63 0.914756 0.0136215
653.961 0.891045 0.0124887
654.292 0.798006 0.0090715
654.623 0.697732 0.00307452
654.955 0.897887 0.00342371
655.286 0.897832 0.0034235
655.616 0.897776 0.00342329
655.947 0.89772 0.00342307
656.278 0.897662 0.00342285
656.609 0.983052 0.00374845
656.94 0.984058 0.00496269
657.27 0.970119 0.00577681
657.601 0.981739 0.00670267
657.932 0.992511 0.00806089
658.262 1.00154 0.00986398
658.593 0.982084 0.011717
658.923 0.966931 0.0135942
659.254 0.948429 0.0148721
659.584 0.940788 0.0157265
659.914 0.933927 0.0164083
660.244 0.92775 0.0167624
660.575 0.919549 0.0165661
660.905 0.932126 0.0167038
661.235 0.917612 0.0163413
661.565 0.915451 0.0162046
661.895 0.911081 0.0160736
662.225 0.906044 0.0162816
662.555 0.918766 0.0166231
662.884 0.913579 0.0163909
663.214 0.909147 0.0161256
663.544 0.926869 0.0161126
663.873 0.915942 0.01578
664.203 0.933114 0.0157538
664.533 0.91774 0.0152003
664.862 0.916093 0.015081
665.192 0.923409 0.0155766
665.521 0.923311 0.0164214
665.85 0.904684 0.0167378
666.18 0.910694 0.017485
666.509 0.924553 0.0175129
666.838 0.898918 0.0168602
667.167 0.91626 0.0168034
667.496 0.917817 0.0171075
667.825 0.911587 0.0171351
668.154 0.911733 0.017108
668.483 0.917401 0.0170445
668.812 0.935161 0.016888
669.141 0.928882 0.0166633
669.47 0.924924 0.0164231
669.798 0.93637 0.0166934
670.127 0.906349 0.0164391
670.456 0.899607 0.0154516
670.784 0.891239 0.0137952
671.113 0.895447 0.0126931
671.441 0.924849 0.0123264
671.77 0.936293 0.0126084
672.098 0.925412 0.0130281
672.426 0.941613 0.0146105
672.755 0.910124 0.0152728
673.083 0.914982 0.01553
673.411 0.908184 0.0154413
673.739 0.908103 0.0156665
674.067 0.931746 0.0167073
674.395 0.915202 0.0165564
674.723 0.915624 0.016129
675.051 0.924402 0.0159717
675.379 0.913992 0.0158684
675.706 0.921356 0.0161075
676.034 0.905211 0.016326
676.362 0.90842 0.0164337
676.689 0.902843 0.0153894
677.017 0.916933 0.0144906
677.344 0.906551 0.0138409
677.672 0.920057 0.0141826
677.999 0.925576 0.0143983
678.327 0.900564 0.0139193
678.654 0.909671 0.0133807
678.981 0.911756 0.0129931
679.308 0.928121 0.0132137
679.636 0.936504 0.0138936
679.963 0.937084 0.0145936
680.29 0.899659 0.014338
680.617 0.906475 0.0141243
680.944 0.91864 0.0140078
681.271 0.93066 0.0145054
681.597 0.926555 0.0154522
681.924 0.92604 0.0164528
682.251 0.89462 0.0161077
682.578 0.904763 0.0153475
682.904 0.904914 0.014322
683.231 0.903265 0.0137398
683.557 0.897632 0.0133902
683.884 0.912078 0.0131124
684.21 0.90476 0.0127539
684.536 0.904631 0.0123362
684.863 0.915309 0.0122224
685.189 0.922232 0.0124755
685.515 0.939147 0.0132708
685.841 0.915847 0.0135343
686.167 0.894296 0.0133874
686.493 0.917968 0.0134014
686.819 0.927033 0.0135438
687.145 0.928055 0.014143
687.471 0.930078 0.0152256
687.797 0.913832 0.0155983
688.123 0.910497 0.0154751
688.448 0.897125 0.0148571
688.774 0.902133 0.0144508
689.1 0.921175 0.0148497
689.425 0.913416 0.0154075
689.751 0.910564 0.0156323
690.076 0.896266 0.0146454
690.402 0.89616 0.0136822
690.727 0.90277 0.0133087
691.052 0.926137 0.0138332
691.377 0.919322 0.0141959
691.703 0.914366 0.014516
692.028 0.903577 0.0144383
692.353 0.898665 0.0140946
692.678 0.922747 0.014392
693.003 0.937346 0.0150569
693.328 0.930202 0.0161068
693.652 0.91334 0.0166807
693.977 0.875152 0.0159381
694.302 0.889317 0.0151492
694.627 0.922245 0.0152114
694.951 0.91102 0.0156622
695.276 0.938244 0.0174243
695.6 0.89322 0.017287
695.925 0.869331 0.0149679
696.249 0.886466 0.0133275
696.574 0.899176 0.012721
696.898 0.93329 0.01355
697.222 0.914863 0.0141802
697.546 0.910749 0.0147175
697.871 0.905916 0.0149877
698.195 0.895607 0.0150113
698.519 0.899528 0.0154248
698.843 0.912915 0.015984
699.167 0.90038 0.0164704
699.491 0.903724 0.0171293
699.814 0.895421 0.0171883
700.138 0.902089 0.0173049
700.462 0.9145 0.0177116
700.786 0.876931 0.0171137
701.109 0.901056 0.0169199
701.433 0.898581 0.0163115
701.756 0.889636 0.0156507
702.08 0.894985 0.015699
702.403 0.911972 0.0161701
702.726 0.911752 0.0168543
703.05 0.900899 0.0171626
703.373 0.888674 0.0172445
703.696 0.893679 0.0173075
704.019 0.916256 0.0181362
704.342 0.911763 0.0187516
704.665 0.898737 0.0193858
704.988 0.896064 0.0192304
705.311 0.872961 0.0178145
705.634 0.866872 0.0159389
705.957 0.888744 0.0146168
706.28 0.886595 0.0135243
706.602 0.90917 0.0135534
706.925 0.900143 0.0137695
707.247 0.914651 0.0144331
707.57 0.900892 0.014889
707.892 0.901116 0.015399
708.215 0.925437 0.016368
708.537 0.890826 0.0164543
708.859 0.899607 0.0166298
709.182 0.896865 0.0164325
709.504 0.882916 0.0158751
709.826 0.896475 0.0157958
710.148 0.903796 0.0159241
710.47 0.902183 0.0163621
710.792 0.914036 0.0170778
711.114 0.906662 0.0175789
711.436 0.895301 0.0178571
711.758 0.869788 0.017316
712.079 0.888864 0.0173048
712.401 0.877705 0.0163473
712.723 0.879295 0.0157682
713.044 0.870205 0.0147787
713.366 0.881634 0.0147098
713.687 0.902742 0.0150057
714.009 0.896158 0.0153566
714.33 0.884023 0.0155943
714.652 0.901289 0.0161933
714.973 0.898351 0.0167271
715.294 0.902639 0.0176292
715.615 0.906373 0.0187953
715.936 0.895377 0.0189549
716.257 0.900677 0.0191939
716.578 0.917413 0.0195015
716.899 0.906172 0.0189497
717.22 0.894795 0.0176155
717.541 0.886209 0.0170609
717.862 0.899936 0.0171348
718.182 0.88119 0.016922
718.503 0.888469 0.0166224
718.824 0.896545 0.0169356
719.144 0.896267 0.0172037
719.465 0.892268 0.0175574
719.785 0.866705 0.016947
720.105 0.875913 0.016813
720.426 0.888875 0.0167269
720.746 0.916066 0.0172688
721.066 0.878372 0.0169403
721.386 0.88755 0.017203
721.706 0.886754 0.0176954
722.026 0.880771 0.0181036
722.346 0.893703 0.0183877
722.666 0.888304 0.0180922
722.986 0.878465 0.0175454
723.306 0.889786 0.017796
723.626 0.892078 0.0181722
723.946 0.879544 0.018008
724.265 0.875001 0.0170012
724.585 0.881347 0.0161631
724.904 0.882479 0.0160533
725.224 0.89718 0.0162297
725.543 0.892136 0.0161806
725.863 0.879855 0.0162228
726.182 0.912074 0.0171877
726.501 0.878201 0.0171312
726.82 0.906875 0.0175233
727.14 0.873387 0.0165307
727.459 0.878734 0.0160811
727.778 0.88069 0.0160033
728.097 0.890027 0.016308
728.416 0.871306 0.0159532
728.734 0.881453 0.0155357
729.053 0.897283 0.0155209
729.372 0.880137 0.0153402
729.691 0.870271 0.0148696
730.009 0.876479 0.0142051
730.328 0.883172 0.0138396
730.647 0.895605 0.0139526
730.965 0.8923 0.0144148
731.283 0.905052 0.0150628
731.602 0.868193 0.0149247
731.92 0.878049 0.0147425
732.238 0.864252 0.0142739
732.557 0.896537 0.0144049
732.875 0.870334 0.0138488
733.193 0.870194 0.0130219
733.511 0.885091 0.0128328
733.829 0.896295 0.0133011
734.147 0.910796 0.0142901
734.465 0.899152 0.0148443
734.782 0.897124 0.0148141
735.1 0.872008 0.0141961
735.418 0.881862 0.0142644
735.735 0.886486 0.0143448
736.053 0.875324 0.0140962
736.371 0.880173 0.0142813
736.688 0.875249 0.0147602
737.005 0.91109 0.0159768
737.323 0.885779 0.0163557
737.64 0.87367 0.0162621
737.957 0.858022 0.0152794
738.274 0.855817 0.0140058
738.592 0.882094 0.0138731
738.909 0.898068 0.0143508
739.226 0.891072 0.0155696
739.543 0.883298 0.0167092
739.86 0.895677 0.0178041
740.176 0.894125 0.0182506
740.493 0.889091 0.0187487
740.81 0.867364 0.0185766
741.127 0.860257 0.0183049
741.443 0.860379 0.0173455
741.76 0.875719 0.0169195
742.076 0.87818 0.0170932
742.393 0.90858 0.0183193
742.709 0.892971 0.0191665
743.025 0.882257 0.0194022
743.342 0.869145 0.0190805
743.658 0.886088 0.0188948
743.974 0.864345 0.0181455
744.29 0.883423 0.018326
744.606 0.868754 0.0183674
744.922 0.848752 0.0181872
745.238 0.875113 0.0185236
745.554 0.863793 0.0188487
745.87 0.867513 0.0190882
746.186 0.852555 0.0181433
746.501 0.862864 0.0175812
746.817 0.874621 0.0179824
747.132 0.901025 0.0195913
747.448 0.886421 0.0201954
747.763 0.845851 0.0194331
748.079 0.853286 0.0187061
748.394 0.856557 0.0174717
748.71 0.847535 0.0161799
749.025 0.856371 0.0153126
749.34 0.882484 0.0153423
749.655 0.901798 0.0158485
749.97 0.889597 0.0163076
750.285 0.858349 0.0160682
750.6 0.875585 0.0158818
750.915 0.863151 0.0153768
751.23 0.88937 0.0159159
751.545 0.896475 0.016636
751.859 0.87639 0.0170682
752.174 0.855782 0.0170633
752.489 0.871175 0.0163493
752.803 0.861115 0.0152789
753.118 0.880308 0.0153323
753.432 0.87712 0.0158179
753.747 0.879107 0.0164228
754.061 0.853245 0.0156312
754.375 0.843968 0.0148953
754.689 0.869274 0.0146464
755.004 0.873448 0.0146579
755.318 0.865387 0.014272
755.632 0.848319 0.0134414
755.946 0.868067 0.0133512
756.26 0.854158 0.0126517
756.573 0.874233 0.0122464
756.887 0.864129 0.0118047
757.201 0.879552 0.0121623
757.515 0.895401 0.0134422
757.828 0.882606 0.0143131
758.142 0.855529 0.0140452
758.455 0.857183 0.0130564
758.769 0.860497 0.0123884
759.082 0.866102 0.0120906
759.396 0.87574 0.011975
759.709 0.86664 0.0118202
760.022 0.884721 0.0120483
760.335 0.888076 0.0127055
760.648 0.889219 0.0136648
760.962 0.889161 0.0146668
761.275 0.868234 0.0152112
761.587 0.865993 0.0153893
761.9 0.872341 0.0154847
762.213 0.870997 0.0149675
762.526 0.856985 0.014311
762.839 0.861635 0.0142924
763.151 0.849419 0.0137808
763.464 0.863324 0.0131405
763.776 0.85702 0.0121612
764.089 0.879931 0.0120624
764.401 0.877407 0.012473
764.714 0.875206 0.01319
765.026 0.867591 0.0140171
765.338 0.88131 0.0150426
765.65 0.889788 0.0162684
765.962 0.863556 0.0167718
766.275 0.839355 0.0171267
766.587 0.83829 0.0171724
766.898 0.839145 0.0166297
767.21 0.852655 0.0157722
767.522 0.848394 0.0145973
767.834 0.857565 0.0141383
768.146 0.852368 0.0141973
768.457 0.878665 0.0152955
768.769 0.859571 0.0159338
769.08 0.844096 0.0158611
769.392 0.854531 0.0153818
769.703 0.854969 0.0145895
770.015 0.849075 0.0139844
770.326 0.861936 0.0141173
770.637 0.872153 0.0147143
770.948 0.858621 0.0156656
771.26 0.856714 0.0166312
771.571 0.85367 0.0167835
771.882 0.85882 0.016425
772.193 0.874105 0.0167385
772.504 0.875813 0.0171741
772.814 0.86577 0.017416
773.125 0.868791 0.0178075
773.436 0.858904 0.0182145
773.747 0.851083 0.0185395
774.057 0.84624 0.0188822
774.368 0.858689 0.0193197
774.678 0.859231 0.0198296
774.989 0.844731 0.0199702
775.299 0.870336 0.0209527
775.609 0.85324 0.0205146
775.919 0.846337 0.0202639
776.23 0.861671 0.0204713
776.54 0.848871 0.0201467
776.85 0.860554 0.0204981
777.16 0.843489 0.019691
777.47 0.832136 0.0185419
777.78 0.856546 0.0179828
778.089 0.834303 0.0168557
778.399 0.844473 0.0168507
778.709 0.867753 0.0178695
779.019 0.866219 0.0190265
779.328 0.865137 0.0200433
779.638 0.829064 0.0193616
779.947 0.813829 0.0174868
780.257 0.834955 0.0161577
780.566 0.838817 0.0155889
780.875 0.845355 0.0160072
781.185 0.866924 0.0172382
781.494 0.841297 0.017262
781.803 0.854937 0.0178664
782.112 0.83541 0.0179196
782.421 0.846181 0.0177978
782.73 0.841978 0.017286
783.039 0.850496 0.0175937
783.348 0.87181 0.0192345
783.656 0.849372 0.0200285
783.965 0.838955 0.0202038
784.274 0.828253 0.0193118
784.582 0.856621 0.0190298
784.891 0.852698 0.0188742
785.199 0.849658 0.019126
785.508 0.846143 0.019612
785.816 0.866558 0.020208
786.124 0.836129 0.0194119
786.432 0.844286 0.0185485
786.741 0.859786 0.0180026
787.049 0.86069 0.0179056
787.357 0.85661 0.0181365
787.665 0.853788 0.0179976
787.973 0.868528 0.0183173
788.281 0.870817 0.0187233
788.588 0.841947 0.0193905
788.896 0.825613 0.0203956
789.204 0.871355 0.0218043
789.511 0.849398 0.0215862
789.819 0.871894 0.0222687
790.126 0.837429 0.0218333
790.434 0.858223 0.0220977
790.741 0.855637 0.0220086
791.049 0.85541 0.0219825
791.356 0.863302 0.0228004
791.663 0.830553 0.0227673
791.97 0.862661 0.0232635
792.277 0.836159 0.0224779
792.584 0.834983 0.0212775
792.891 0.809627 0.0185316
793.198 0.840238 0.0175243
793.505 0.841987 0.0171992
793.812 0.836216 0.017625
794.119 0.833408 0.0179999
794.425 0.839829 0.0186058
794.732 0.836302 0.019413
795.038 0.848402 0.0216018
795.345 0.846631 0.0232056
795.651 0.841746 0.0243791
795.958 0.826438 0.0242055
796.264 0.818099 0.0224733
796.57 0.83672 0.0218962
796.876 0.864638 0.0220673
797.183 0.834942 0.0220859
797.489 0.837104 0.0230222
797.795 0.840761 0.0232789
798.101 0.84141 0.0231849
798.406 0.833345 0.023196
798.712 0.8272 0.023793
799.018 0.847897 0.0244652
799.324 0.818653 0.0241027
799.629 0.842155 0.0245565
799.935 0.83733 0.0246676
800.24 0.849763 0.0253228
800.546 0.838451 0.0251623
800.851 0.8302 0.0252661
801.157 0.844941 0.0265812
801.462 0.83715 0.0267151
801.767 0.852415 0.0270858
802.072 0.840856 0.0258579
802.377 0.853613 0.0250709
802.682 0.827737 0.0242903
802.987 0.850009 0.0252986
803.292 0.857266 0.0260559
803.597 0.849257 0.0261546
803.902 0.81814 0.0256064
804.207 0.86407 0.0261507
804.511 0.813385 0.0249833
804.816 0.803428 0.0233298
805.12 0.809639 0.0218827
805.425 0.82708 0.0208317
805.729 0.828764 0.0210163
806.034 0.843499 0.0220229
806.338 0.825357 0.0230264
806.642 0.824691 0.0236032
806.946 0.805489 0.0230908
807.251 0.838918 0.0237817
807.555 0.820496 0.0231449
807.859 0.835686 0.0231808
808.162 0.830816 0.023784
808.466 0.854174 0.0249368
808.77 0.824101 0.0251428
809.074 0.842402 0.0262898
809.378 0.831197 0.0261599
809.681 0.839383 0.0260814
809.985 0.846724 0.0266189
810.288 0.890058 0.0275959
810.592 0.829285 0.0264375
810.895 0.844993 0.0273204
811.198 0.856458 0.0287215
811.502 0.821947 0.028546
811.805 0.851183 0.0298473
812.108 0.779747 0.0272667
812.411 0.839633 0.0274563
812.714 0.85471 0.025811
813.017 0.864173 0.0245615
813.32 0.845189 0.0242541
813.623 0.829281 0.0247837
813.926 0.850671 0.0269196
814.228 0.8332 0.0280664
814.531 0.844567 0.0291633
814.833 0.815114 0.02843
815.136 0.804931 0.0284236
815.438 0.808607 0.0288135
815.741 0.812203 0.0276801
816.043 0.823735 0.0275369
816.345 0.832419 0.0274955
816.648 0.84552 0.0279368
816.95 0.822813 0.0279821
817.252 0.829584 0.0287282
817.554 0.844983 0.0290556
817.856 0.836728 0.0295308
818.158 0.824061 0.0295609
818.46 0.821958 0.0302719
818.761 0.85695 0.0307969
819.063 0.813874 0.0294919
819.365 0.812848 0.0286026
819.666 0.811278 0.0271461
819.968 0.817078 0.0263442
820.269 0.819186 0.0260931
820.571 0.821005 0.0268069
820.872 0.827909 0.0279374
821.173 0.829972 0.0290834
821.475 0.829547 0.0301947
821.776 0.852034 0.0304428
822.077 0.826942 0.0298164
822.378 0.842529 0.0303062
822.679 0.853464 0.0310014
822.98 0.810185 0.0299247
823.281 0.828939 0.0312507
823.581 0.826013 0.0308808
823.882 0.845287 0.0316387
824.183 0.827561 0.0309876
824.483 0.778907 0.028994
824.784 0.78188 0.027856
825.084 0.845301 0.0294829
825.385 0.835125 0.0296891
825.685 0.848402 0.0305677
825.985 0.846806 0.0302779
826.286 0.828467 0.0295369
826.586 0.802852 0.0285063
826.886 0.828513 0.0290121
827.186 0.821701 0.0293167
827.486 0.867093 0.0311272
827.786 0.810358 0.0305502
828.086 0.821611 0.0304524
828.386 0.828556 0.0301812
828.685 0.853822 0.0304684
828.985 0.832606 0.0309866
829.285 0.836869 0.0312803
829.584 0.808801 0.0312481
829.884 0.825548 0.0320512
830.183 0.861211 0.0344427
830.482 0.831063 0.0334652
830.782 0.791948 0.032807
831.081 0.850545 0.0352859
831.38 0.837595 0.0338841
831.679 0.826969 0.0337449
831.978 0.857388 0.0344147
832.277 0.860147 0.0333591
832.576 0.844658 0.0324355
832.875 0.860174 0.0327122
833.174 0.813603 0.0316146
833.472 0.832669 0.0322249
833.771 0.822118 0.0324558
834.07 0.833623 0.0319054
834.368 0.804558 0.031651
834.667 0.841669 0.0332276
834.965 0.859861 0.034089
835.263 0.861408 0.0341656
835.562 0.859895 0.0341511
835.86 0.772814 0.0320769
836.158 0.813649 0.0332879
836.456 0.854238 0.0350065
836.754 0.801364 0.033811
837.052 0.841008 0.0357371
837.35 0.819894 0.0346015
837.648 0.856658 0.0358378
837.946 0.864395 0.036306
838.243 0.848029 0.0359709
838.541 0.789707 0.0338
838.839 0.811755 0.0343189
839.136 0.845198 0.034945
839.434 0.830101 0.0344209
839.731 0.895422 0.0367118
840.028 0.8223 0.0343749
840.326 0.834323 0.0350606
840.623 0.819463 0.0347152
840.92 0.831927 0.0353149
841.217 0.902646 0.037818
841.514 0.850085 0.0369055
841.811 0.826741 0.0351938
842.108 0.846358 0.0366557
842.405 0.897407 0.0380267
842.701 0.832843 0.0368021
842.998 0.852961 0.0360974
843.295 0.851773 0.0368609
843.591 0.871859 0.0373745
843.888 0.86778 0.0368558
844.184 0.83028 0.0362595
844.481 0.828454 0.0356256
844.777 0.827817 0.0357863
845.073 0.856378 0.0366728
845.369 0.886369 0.0376837
845.665 0.871781 0.0379186
845.962 0.856342 0.0368439
846.258 0.874414 0.0379517
846.553 0.872261 0.0379599
846.849 0.903005 0.0386897
847.145 0.832512 0.0359416
847.441 0.82829 0.0360655
847.737 0.82206 0.0356318
848.032 0.843758 0.0367886
848.328 0.870345 0.0375354
848.623 0.864519 0.0379091
848.919 0.80931 0.0358615
849.214 0.823097 0.035753
849.509 0.845566 0.0367783
849.805 0.861908 0.037877
850.1 0.859421 0.038668
850.395 0.840498 0.0381132
850.69 0.88504 0.0393822
850.985 0.813169 0.0364097
851.28 0.846787 0.0370005
851.575 0.867594 0.0379097
851.869 0.857943 0.0375695
852.164 0.833036 0.0364687
852.459 0.808074 0.0349328
852.753 0.862748 0.035593
853.048 0.781155 0.032111
853.342 0.824177 0.0327545
853.637 0.856351 0.0339875
853.931 0.820874 0.0329191
854.225 0.831454 0.0329848
854.52 0.878226 0.0351631
854.814 0.862005 0.0349526
855.108 0.760738 0.03177
855.402 0.860538 0.0344081
855.696 0.830522 0.0347703
855.99 0.857948 0.0359097
856.283 0.831302 0.0345719
856.577 0.872729 0.0362328
856.871 0.827097 0.0349941
857.164 0.82718 0.0353764
857.458 0.887618 0.0378633
857.751 0.870804 0.0368525
858.045 0.793701 0.0347563
858.338 0.899177 0.0375981
858.632 0.843591 0.0355838
858.925 0.805537 0.0356845
859.218 0.869346 0.036913
859.511 0.946535 0.040129
859.804 0.847809 0.0375988
860.097 0.852332 0.0367003
860.39 0.854182 0.0378182
860.683 0.856376 0.0377064
860.976 0.852456 0.0379214
861.268 0.81563 0.0365199
861.561 0.895941 0.0393726
861.854 0.954802 0.0418563
862.146 0.861556 0.0383479
862.439 0.844592 0.037763
862.731 0.823788 0.0363818
863.023 0.884341 0.0389162
863.316 0.862542 0.0377402
863.608 0.88862 0.0385067
863.9 0.849485 0.0376731
864.192 0.820049 0.0361367
864.484 0.833242 0.0372977
864.776 0.870251 0.0384551
865.068 0.841421 0.0375788
865.36 0.829931 0.0372237
865.651 0.884583 0.0394392
865.943 0.842087 0.037769
866.235 0.772956 0.0363689
866.526 0.903253 0.0403745
866.818 0.802071 0.0367698
867.109 0.839039 0.0373771
867.4 0.883427 0.0390912
867.692 0.900045 0.0396727
867.983 0.875398 0.0387469
868.274 0.921427 0.0402512
868.565 0.82808 0.0376711
868.856 0.868988 0.0388429
869.147 0.844201 0.0381812
869.438 0.866951 0.038588
869.729 0.879826 0.0391061
870.02 0.910085 0.041341
870.31 0.854198 0.0388023
870.601 0.849191 0.0381309
870.892 0.860374 0.0379872
871.182 0.796067 0.0363861
871.473 0.88672 0.039237
871.763 0.854548 0.037595
872.053 0.862795 0.0382209
872.343 0.8587 0.0380713
872.634 0.887282 0.0390888
872.924 0.814368 0.0367041
873.214 0.781546 0.0366927
873.504 0.892547 0.0397383
873.794 0.894449 0.0407745
874.084 0.947487 0.0418448
874.373 0.897413 0.0396992
874.663 0.824075 0.0371416
874.953 0.81794 0.038234
875.242 0.824692 0.0378745
875.532 0.885451 0.0389225
875.821 0.813931 0.0375494
876.111 0.875076 0.0387867
876.4 0.898602 0.0397962
876.689 0.902489 0.0396172
876.978 0.850334 0.0384696
877.268 0.883085 0.0392731
877.557 0.859477 0.0391916
877.846 0.855239 0.038964
878.134 0.925692 0.040905
878.423 0.925862 0.0409125
878.712 0.926033 0.0409201
