178.41 0.84201 0.141941
178.791 0.847341 0.14284
179.172 0.852635 0.143732
179.553 0.422721 0.422721
179.934 0.840139 0.840139
180.316 0.436872 0.436872
180.697 0.363921 0.363921
181.078 1.09807 1.09807
181.459 0.440152 0.440152
181.84 0.548218 0.548218
182.221 2.16197 2.16197
182.602 0.381662 0.381662
182.983 -2.97504 -2.97504
183.364 1.81841 0.239285
183.744 0.355716 0.0668196
184.125 0.472622 0.0668121
184.506 0.496289 0.0560859
184.887 0.551394 0.0527173
185.268 0.400156 0.0386628
185.648 0.478805 0.0409399
186.029 0.541824 0.0415401
186.41 0.596468 0.0424449
186.791 0.583478 0.0403446
187.171 0.511737 0.0323173
187.552 0.479001 0.0254385
187.932 0.499423 0.0264489
188.313 0.474553 0.02408
188.694 0.494467 0.024566
189.074 0.479595 0.0233256
189.455 0.47192 0.0224961
189.835 0.506348 0.0239602
190.216 0.516626 0.0235644
190.596 0.464787 0.0213902
190.977 0.502963 0.0220785
191.357 0.497641 0.0220262
191.737 0.47746 0.0213054
192.118 0.4784 0.0212218
192.498 0.456196 0.0200806
192.878 0.482073 0.0208011
193.258 0.496048 0.0207363
193.639 0.448835 0.0194801
194.019 0.476537 0.0202492
194.399 0.45876 0.0196965
194.779 0.426699 0.0182345
195.159 0.482897 0.0199604
195.54 0.439205 0.0184656
195.92 0.454427 0.0188384
196.3 0.452952 0.0185353
196.68 0.447503 0.0185154
197.06 0.457189 0.0186031
197.44 0.436471 0.0180022
197.82 0.442681 0.0179874
198.2 0.437302 0.0178695
198.58 0.409033 0.0168261
198.959 0.403845 0.0166888
199.339 0.405778 0.0168013
199.719 0.386593 0.0160851
200.099 0.387115 0.0161347
200.479 0.397058 0.0162944
200.858 0.383594 0.0157796
201.238 0.369745 0.0152501
201.618 0.380826 0.0156507
201.998 0.381551 0.0152905
202.377 0.375116 0.0151607
202.757 0.34842 0.0144193
203.136 0.368606 0.0147349
203.516 0.336988 0.013879
203.896 0.339318 0.0137554
204.275 0.32591 0.0132149
204.655 0.330043 0.0133237
205.034 0.327832 0.0131228
205.414 0.327072 0.0129435
205.793 0.321663 0.012721
206.172 0.322108 0.0127414
206.552 0.312872 0.0123432
206.931 0.308028 0.0120596
207.31 0.304569 0.0118625
207.69 0.297663 0.0116336
208.069 0.294594 0.0114202
208.448 0.305784 0.0114886
208.827 0.297211 0.0112613
209.207 0.289415 0.0110836
209.586 0.271277 0.0104499
209.965 0.280544 0.0105933
210.344 0.270661 0.0102533
210.723 0.285052 0.0103931
211.102 0.265036 0.00984816
211.481 0.263676 0.00977102
211.86 0.261364 0.00963125
212.239 0.268201 0.00965785
212.618 0.262698 0.00942006
212.997 0.258538 0.00919273
213.376 0.26201 0.00922118
213.755 0.266283 0.00916552
214.134 0.250452 0.00876849
214.513 0.255495 0.00871296
214.891 0.256481 0.00867148
215.27 0.245971 0.0083323
215.649 0.243902 0.00822896
216.028 0.237669 0.00798285
216.406 0.24037 0.00794444
216.785 0.243502 0.00786592
217.164 0.237107 0.00768424
217.542 0.226999 0.00736103
217.921 0.225944 0.00724988
218.3 0.23131 0.00730949
218.678 0.23707 0.00728354
219.057 0.22676 0.00699657
219.435 0.223013 0.00682449
219.814 0.223444 0.00678074
220.192 0.222405 0.00665592
220.57 0.216563 0.00649092
220.949 0.215439 0.00636542
221.327 0.208641 0.00616003
221.705 0.214354 0.00617986
222.084 0.208075 0.00595659
222.462 0.210019 0.00591305
222.84 0.208863 0.00584807
223.218 0.2044 0.00564121
223.597 0.206281 0.00560984
223.975 0.207866 0.00552998
224.353 0.207073 0.0054588
224.731 0.210394 0.00541372
225.109 0.197678 0.00514159
225.487 0.19697 0.00505941
225.865 0.199905 0.00501901
226.243 0.195479 0.00490013
226.621 0.20249 0.00492155
226.999 0.197223 0.00475762
227.377 0.196426 0.0047019
227.755 0.19656 0.00464214
228.133 0.197136 0.00458989
228.511 0.19622 0.00452471
228.889 0.195546 0.00443056
229.266 0.193468 0.00436514
229.644 0.193895 0.00428392
230.022 0.191648 0.00420389
230.4 0.188555 0.00413053
230.777 0.189639 0.00410298
231.155 0.189992 0.00405341
231.533 0.190891 0.00400546
231.91 0.187999 0.00392119
232.288 0.192955 0.00393491
232.665 0.188538 0.00383953
233.043 0.190527 0.0038233
233.42 0.188586 0.00375236
233.798 0.189756 0.00373646
234.175 0.186782 0.00365877
234.553 0.187254 0.00362439
234.93 0.187024 0.00358589
235.307 0.186706 0.00355381
235.685 0.186526 0.0035231
236.062 0.186945 0.00348584
236.439 0.18701 0.0034692
236.816 0.186997 0.00342666
237.194 0.18665 0.00338724
237.571 0.186411 0.00335559
237.948 0.186051 0.00333464
238.325 0.188404 0.00331852
238.702 0.187971 0.00329513
239.079 0.186334 0.0032482
239.456 0.187547 0.00323698
239.833 0.188599 0.00322512
240.21 0.186992 0.00318168
240.587 0.187604 0.00317213
240.964 0.190162 0.00316763
241.341 0.186736 0.00311244
241.718 0.189796 0.00310814
242.095 0.189392 0.0031039
242.472 0.189463 0.00307987
242.849 0.186793 0.00303526
243.225 0.188761 0.00302461
243.602 0.189168 0.00301262
243.979 0.1886 0.0029977
244.356 0.190039 0.00299677
244.732 0.187229 0.00294424
245.109 0.189324 0.00293993
245.486 0.191789 0.00295489
245.862 0.191812 0.00294047
246.239 0.189269 0.00289114
246.615 0.191696 0.00290435
246.992 0.191823 0.00288403
247.368 0.192451 0.00288873
247.745 0.190771 0.00285184
248.121 0.193241 0.00285068
248.497 0.192324 0.00283931
248.874 0.194078 0.00283496
249.25 0.190633 0.00278495
249.626 0.192227 0.00279195
250.003 0.192979 0.00278099
250.379 0.191106 0.00274051
250.755 0.192483 0.00275275
251.131 0.194348 0.00274664
251.507 0.193343 0.00273588
251.884 0.19356 0.00271862
252.26 0.197113 0.00274416
252.636 0.193611 0.00269491
253.012 0.195028 0.0026949
253.388 0.199014 0.0027141
253.764 0.196233 0.00268404
254.14 0.1953 0.00267129
254.516 0.196246 0.0026741
254.892 0.196333 0.00266116
255.268 0.198841 0.00267526
255.643 0.197014 0.00265176
256.019 0.197643 0.00265402
256.395 0.19783 0.00264973
256.771 0.19758 0.00262876
257.147 0.19959 0.00263909
257.522 0.198153 0.00262541
257.898 0.198387 0.00262264
258.274 0.197757 0.0026117
258.649 0.198951 0.00261797
259.025 0.198536 0.00260088
259.4 0.198818 0.00260131
259.776 0.200643 0.00260515
260.151 0.203557 0.00263282
260.527 0.201442 0.00260744
260.902 0.201345 0.00259972
261.278 0.202443 0.00260129
261.653 0.202927 0.00260433
262.028 0.202884 0.00260656
262.404 0.201835 0.00258789
262.779 0.201455 0.00257898
263.154 0.201538 0.00257496
263.53 0.202751 0.00257566
263.905 0.203079 0.00258274
264.28 0.203806 0.00258602
264.655 0.203174 0.0025745
265.03 0.202112 0.00257569
265.405 0.206353 0.0025939
265.781 0.204806 0.00258722
266.156 0.20528 0.00258744
266.531 0.206016 0.00257839
266.906 0.206541 0.00259593
267.281 0.20521 0.00257476
267.655 0.205097 0.00258367
268.03 0.20671 0.00259526
268.405 0.207088 0.00259417
268.78 0.206503 0.00259044
269.155 0.206354 0.00258374
269.53 0.207152 0.00259767
269.904 0.208966 0.00260607
270.279 0.207849 0.00260075
270.654 0.207403 0.00259057
271.029 0.208122 0.00259997
271.403 0.210048 0.00260459
271.778 0.209607 0.00260925
272.152 0.209293 0.00260978
272.527 0.209655 0.00260974
272.901 0.209607 0.00259923
273.276 0.207874 0.00258256
273.65 0.210187 0.00260505
274.025 0.209672 0.0025951
274.399 0.209592 0.00260703
274.774 0.209322 0.00259933
275.148 0.209927 0.00259486
275.522 0.210653 0.0026063
275.897 0.209661 0.00259875
276.271 0.211722 0.00261409
276.645 0.210895 0.00260143
277.019 0.210451 0.00259165
277.393 0.209174 0.0025768
277.768 0.210677 0.00259827
278.142 0.210869 0.00259685
278.516 0.211673 0.00260638
278.89 0.211015 0.00259719
279.264 0.211914 0.00261107
279.638 0.209642 0.00258447
280.012 0.211399 0.00259984
280.386 0.209997 0.00260475
280.76 0.210829 0.00259999
281.133 0.21067 0.00260377
281.507 0.212981 0.00261592
281.881 0.212336 0.00260598
282.255 0.211674 0.00260555
282.629 0.211026 0.00260911
283.002 0.210505 0.0026073
283.376 0.209371 0.00259316
283.75 0.210795 0.00261079
284.123 0.211848 0.00260818
284.497 0.209419 0.00259791
284.87 0.212078 0.00261702
285.244 0.210102 0.00260001
285.618 0.209444 0.0026026
285.991 0.21082 0.00262216
286.364 0.211282 0.00262405
286.738 0.208643 0.00260713
287.111 0.210729 0.00262124
287.485 0.209667 0.0026161
287.858 0.210629 0.00263188
288.231 0.208472 0.00261378
288.605 0.208494 0.00262109
288.978 0.209287 0.00262047
289.351 0.208361 0.00262826
289.724 0.208083 0.00262642
290.097 0.207913 0.00262848
290.47 0.208295 0.00263939
290.843 0.207619 0.00263418
291.217 0.206631 0.00262843
291.59 0.206715 0.00264717
291.963 0.205652 0.00263454
292.336 0.205601 0.00264263
292.708 0.204606 0.00264125
293.081 0.206494 0.00266562
293.454 0.206133 0.00265155
293.827 0.203714 0.00264378
294.2 0.202856 0.00265541
294.573 0.202179 0.00264252
294.945 0.203925 0.00266959
295.318 0.201709 0.00265402
295.691 0.202945 0.00266862
296.064 0.201219 0.00266212
296.436 0.197887 0.00263813
296.809 0.199337 0.00264066
297.181 0.199545 0.00265622
297.554 0.197239 0.00264486
297.926 0.197505 0.00264874
298.299 0.196733 0.00264638
298.671 0.195061 0.00262364
299.044 0.195056 0.00263798
299.416 0.196896 0.0026544
299.788 0.193889 0.00262997
300.161 0.193535 0.00263913
300.533 0.19337 0.00263432
300.905 0.191407 0.00261094
301.278 0.19142 0.00261651
301.65 0.189686 0.00260171
302.022 0.189959 0.00260926
302.394 0.188172 0.00260115
302.766 0.189384 0.00260584
303.138 0.188916 0.00261284
303.51 0.187511 0.00259633
303.882 0.188612 0.00260067
304.254 0.186545 0.00259146
304.626 0.188619 0.002598
304.998 0.187141 0.00258703
305.37 0.183668 0.00257724
305.742 0.184455 0.00257307
306.114 0.184919 0.0025752
306.485 0.184196 0.00257073
306.857 0.183559 0.00256446
307.229 0.183676 0.00257424
307.601 0.179627 0.002545
307.972 0.180414 0.00254795
308.344 0.177471 0.00252392
308.716 0.175347 0.00251912
309.087 0.174344 0.00250874
309.459 0.17258 0.0024998
309.83 0.169257 0.00247595
310.202 0.166552 0.00245209
310.573 0.164266 0.00243662
310.945 0.164417 0.00243605
311.316 0.160427 0.00241782
311.687 0.160293 0.00240713
312.059 0.156843 0.00238943
312.43 0.155049 0.00237141
312.801 0.154507 0.00237561
313.172 0.157098 0.00239692
313.544 0.156135 0.00239203
313.915 0.156492 0.00237954
314.286 0.16067 0.00242157
314.657 0.161507 0.00242249
315.028 0.165887 0.0024603
315.399 0.171564 0.00250122
315.77 0.178644 0.0025487
316.141 0.185919 0.00261089
316.512 0.193195 0.00266109
316.883 0.202604 0.00273063
317.254 0.211088 0.00278441
317.625 0.22308 0.00288004
317.996 0.231891 0.00292029
318.366 0.245384 0.0030115
318.737 0.252427 0.00305134
319.108 0.269804 0.00316552
319.478 0.280735 0.00323007
319.849 0.289906 0.00328085
320.22 0.302808 0.00335637
320.59 0.311734 0.00340353
320.961 0.320064 0.00345463
321.331 0.332276 0.00352038
321.702 0.337371 0.00356523
322.072 0.349617 0.00364034
322.443 0.354727 0.00365958
322.813 0.361312 0.00368654
323.184 0.365583 0.00371866
323.554 0.371694 0.00376153
323.924 0.373892 0.00377069
324.295 0.375748 0.00379837
324.665 0.378246 0.00381375
325.035 0.378907 0.00381209
325.405 0.376633 0.00381627
325.775 0.378714 0.00384541
326.145 0.372982 0.00381254
326.515 0.371609 0.00381254
326.886 0.369224 0.0038195
327.256 0.366925 0.00381122
327.626 0.372457 0.00386359
327.995 0.373426 0.00387815
328.365 0.380907 0.00392228
328.735 0.384169 0.00395883
329.105 0.388456 0.00402399
329.475 0.393689 0.00408282
329.845 0.405977 0.004206
330.215 0.414855 0.0042358
330.584 0.424024 0.00424108
330.954 0.429618 0.00416807
331.324 0.436423 0.00408269
331.693 0.447102 0.00406142
332.063 0.453834 0.00404781
332.432 0.46259 0.0040656
332.802 0.468481 0.00412499
333.171 0.474476 0.00420578
333.541 0.473214 0.00427854
333.91 0.476211 0.00431387
334.28 0.478522 0.0043491
334.649 0.480146 0.0043691
335.018 0.479435 0.00438075
335.388 0.483307 0.0044126
335.757 0.485592 0.00442364
336.126 0.484065 0.00443256
336.495 0.481603 0.00440633
336.865 0.482745 0.00442982
337.234 0.480082 0.00444256
337.603 0.479617 0.00443135
337.972 0.478 0.00443406
338.341 0.478345 0.0044284
338.71 0.470191 0.00438751
339.079 0.472145 0.00441256
339.448 0.467146 0.00438221
339.817 0.467438 0.00439442
340.186 0.46717 0.00439594
340.554 0.45753 0.00434465
340.923 0.455962 0.00434626
341.292 0.452224 0.00433249
341.661 0.453125 0.00434224
342.029 0.447393 0.00430722
342.398 0.442077 0.00428731
342.767 0.439794 0.00429266
343.135 0.437621 0.00427884
343.504 0.434996 0.00427929
343.872 0.430976 0.00424363
344.241 0.429213 0.00424485
344.609 0.42438 0.00423766
344.978 0.422432 0.00422365
345.346 0.413394 0.00416251
345.715 0.409119 0.00415694
346.083 0.408051 0.00416076
346.451 0.400081 0.00411339
346.82 0.400162 0.00412759
347.188 0.399327 0.00411548
347.556 0.396309 0.00412105
347.924 0.39041 0.00408532
348.292 0.387452 0.00407906
348.66 0.38278 0.00405082
349.028 0.377755 0.00402921
349.396 0.377158 0.00404189
349.764 0.375807 0.00402956
350.132 0.371604 0.0040049
350.5 0.369862 0.00400203
350.868 0.366763 0.00399246
351.236 0.363223 0.00396999
351.604 0.360282 0.00396924
351.972 0.361838 0.00398231
352.34 0.358021 0.00396701
352.707 0.356096 0.00395807
353.075 0.359016 0.00397532
353.443 0.354637 0.00396001
353.81 0.353305 0.00396239
354.178 0.353877 0.00396783
354.545 0.354193 0.00395987
354.913 0.355111 0.00398187
355.28 0.356997 0.00399297
355.648 0.353291 0.00396379
356.015 0.354263 0.00397619
356.383 0.355099 0.00397633
356.75 0.356772 0.00399585
357.117 0.357086 0.00399982
357.485 0.357191 0.00400322
357.852 0.364116 0.00406975
358.219 0.362828 0.00404238
358.586 0.362378 0.0040392
358.954 0.364217 0.00406646
359.321 0.366367 0.00406858
359.688 0.370563 0.00411196
360.055 0.37095 0.00410825
360.422 0.37636 0.0041441
360.789 0.374035 0.0041384
361.156 0.375487 0.00414277
361.523 0.378139 0.0041742
361.89 0.379106 0.00417447
362.256 0.379768 0.0041614
362.623 0.38684 0.00424179
362.99 0.385234 0.00421272
363.357 0.38734 0.00424147
363.724 0.394946 0.00428475
364.09 0.397021 0.00428734
364.457 0.402219 0.00434754
364.823 0.407091 0.00434569
365.19 0.408207 0.00435812
365.557 0.41362 0.00438011
365.923 0.419244 0.0044244
366.29 0.425843 0.0044731
366.656 0.429522 0.0044739
367.022 0.432348 0.00448299
367.389 0.436602 0.00452516
367.755 0.44117 0.00457042
368.121 0.446078 0.00459391
368.488 0.451136 0.00461364
368.854 0.457665 0.00466455
369.22 0.464796 0.0047229
369.586 0.471099 0.00477101
369.952 0.475973 0.00480606
370.318 0.474931 0.00480306
370.684 0.481822 0.00485189
371.051 0.48733 0.00488089
371.416 0.497486 0.00496197
371.782 0.499696 0.00495811
372.148 0.501566 0.0049776
372.514 0.504928 0.00500499
372.88 0.516181 0.00507531
373.246 0.512333 0.00505171
373.612 0.522819 0.00510076
373.977 0.523024 0.00509024
374.343 0.528536 0.00510082
374.709 0.532898 0.0051052
375.074 0.532228 0.00511727
375.44 0.538464 0.00516921
375.806 0.546734 0.00523751
376.171 0.546936 0.00521199
376.537 0.553992 0.00524071
376.902 0.557673 0.00526734
377.268 0.560123 0.00525723
377.633 0.563203 0.005262
377.998 0.566223 0.00525588
378.364 0.577087 0.00528312
378.729 0.575942 0.00528676
379.094 0.582601 0.0053405
379.459 0.58348 0.00541613
379.825 0.581964 0.00538511
380.19 0.58463 0.00540581
380.555 0.586154 0.00545088
380.92 0.600632 0.00558674
381.285 0.601127 0.00557847
381.65 0.59788 0.00552009
382.015 0.604178 0.00555726
382.38 0.608765 0.00559999
382.745 0.610346 0.00564164
383.11 0.614818 0.00567758
383.474 0.615397 0.00566348
383.839 0.620697 0.00569807
384.204 0.621943 0.00572219
384.569 0.626374 0.00574957
384.933 0.631313 0.005789
385.298 0.630969 0.00579644
385.663 0.631005 0.00578016
386.027 0.636919 0.00579517
386.392 0.640581 0.00578701
386.756 0.638825 0.00575001
387.121 0.645456 0.00577812
387.485 0.648468 0.00577379
387.849 0.651365 0.00575958
388.214 0.657991 0.00585303
388.578 0.657413 0.00587988
388.942 0.658682 0.00591553
389.307 0.661048 0.00592075
389.671 0.668709 0.00597689
390.035 0.668985 0.00595088
390.399 0.668871 0.00593641
390.763 0.66534 0.00588581
391.127 0.678481 0.00592222
391.492 0.679639 0.00584575
391.856 0.67738 0.00576876
392.219 0.683452 0.00575133
392.583 0.691784 0.00581923
392.947 0.693994 0.00595429
393.311 0.693537 0.00600726
393.675 0.697618 0.00604307
394.039 0.700596 0.00609345
394.403 0.703675 0.00610986
394.766 0.702607 0.00612182
395.13 0.705751 0.00615173
395.494 0.711937 0.00617617
395.857 0.709474 0.00613855
396.221 0.714233 0.00613122
396.584 0.722695 0.00612123
396.948 0.715822 0.00602629
397.311 0.724299 0.00597259
397.675 0.727734 0.0059544
398.038 0.732326 0.00597606
398.401 0.731412 0.00605722
398.765 0.738645 0.00618123
399.128 0.745652 0.00629921
399.491 0.74699 0.00635283
399.854 0.746463 0.00635962
400.218 0.754532 0.0064125
400.581 0.749664 0.00640999
400.944 0.753587 0.00645821
401.307 0.758316 0.00655641
401.67 0.762345 0.0065547
402.033 0.767409 0.00659561
402.396 0.770438 0.0066123
402.759 0.775649 0.0066427
403.122 0.776432 0.00661363
403.485 0.781707 0.00663435
403.847 0.78327 0.00658573
404.21 0.782805 0.00654974
404.573 0.788413 0.006566
404.936 0.789076 0.0065364
405.298 0.79385 0.00662811
405.661 0.804956 0.00676788
406.023 0.806878 0.00687204
406.386 0.807172 0.00689762
406.749 0.806799 0.00692756
407.111 0.80586 0.00691465
407.473 0.805182 0.00680115
407.836 0.815027 0.00683262
408.198 0.817828 0.00680268
408.561 0.820966 0.00683533
408.923 0.824901 0.0068618
409.285 0.82625 0.00688009
409.647 0.829445 0.00695379
410.009 0.834658 0.00704158
410.372 0.839908 0.00705341
410.734 0.837597 0.00707911
411.096 0.841453 0.00708294
411.458 0.842775 0.00708679
411.82 0.846978 0.00705783
412.182 0.849035 0.00701276
412.544 0.852505 0.0070428
412.906 0.852005 0.00702828
413.267 0.861775 0.00709373
413.629 0.858655 0.00713661
413.991 0.856034 0.0071592
414.353 0.867367 0.00722628
414.714 0.871585 0.00732013
415.076 0.870224 0.00729625
415.438 0.876725 0.00731548
415.799 0.870559 0.00726062
416.161 0.872924 0.00733422
416.522 0.881086 0.00739876
416.884 0.880504 0.00740091
417.245 0.880031 0.00742623
417.607 0.878017 0.00739943
417.968 0.876025 0.00738271
418.329 0.883508 0.0074049
418.691 0.887582 0.00741949
419.052 0.88633 0.00740908
419.413 0.888038 0.0073495
419.774 0.894754 0.00735428
420.135 0.891433 0.0071772
420.497 0.896393 0.00708357
420.858 0.897377 0.00698968
421.219 0.906692 0.00704959
421.58 0.906625 0.00713921
421.941 0.910473 0.00727996
422.302 0.911914 0.00738344
422.662 0.913719 0.00742255
423.023 0.906796 0.007427
423.384 0.907746 0.0074558
423.745 0.90987 0.00741947
424.106 0.915117 0.00743665
424.466 0.916997 0.00742981
424.827 0.920839 0.00754814
425.187 0.924798 0.00766007
425.548 0.924338 0.00773052
425.909 0.91689 0.00774002
426.269 0.922894 0.00771057
426.63 0.921426 0.00765219
426.99 0.923627 0.00759845
427.35 0.92955 0.0076568
427.711 0.919811 0.00756259
428.071 0.928707 0.00753547
428.431 0.923883 0.00737227
428.792 0.926148 0.00712869
429.152 0.929867 0.00694663
429.512 0.934883 0.00695229
429.872 0.937218 0.00700927
430.232 0.944104 0.00715921
430.592 0.947951 0.00737734
430.952 0.944436 0.00758108
431.312 0.951484 0.00779862
431.672 0.943725 0.00785619
432.032 0.938001 0.00780841
432.392 0.937055 0.00769892
432.752 0.939026 0.00732787
433.111 0.942979 0.0071793
433.471 0.954789 0.00733716
433.831 0.949983 0.0076053
434.19 0.947221 0.00759523
434.55 0.949765 0.00760404
434.91 0.95014 0.00769426
435.269 0.944466 0.00756559
435.629 0.95282 0.00758224
435.988 0.951539 0.0075447
436.348 0.95997 0.00769395
436.707 0.956029 0.00779497
437.066 0.950246 0.00776713
437.426 0.950584 0.0076763
437.785 0.952082 0.00766081
438.144 0.953669 0.00765765
438.503 0.966372 0.00781019
438.862 0.958171 0.00779139
439.222 0.961025 0.00786525
439.581 0.960415 0.0078965
439.94 0.953461 0.00775763
440.299 0.947988 0.00747458
440.658 0.954571 0.00730958
441.017 0.962723 0.0073431
441.376 0.969389 0.00745447
441.734 0.970101 0.00753381
442.093 0.952934 0.00746359
442.452 0.959952 0.00743724
442.811 0.968804 0.00743861
443.169 0.962317 0.00741088
443.528 0.977445 0.00762382
443.887 0.964871 0.00757948
444.245 0.978731 0.00766716
444.604 0.964088 0.00767293
444.962 0.965845 0.00771645
445.321 0.960544 0.00770243
445.679 0.967397 0.00768924
446.038 0.975593 0.00769354
446.396 0.971814 0.00778442
446.754 0.971785 0.00789081
447.112 0.974021 0.00793983
447.471 0.96886 0.00792785
447.829 0.969226 0.00797082
448.187 0.97029 0.00796102
448.545 0.976824 0.00796334
448.903 0.969639 0.00795455
449.261 0.970923 0.00798296
449.619 0.972378 0.0080646
449.977 0.978321 0.00812861
450.335 0.977323 0.00821348
450.693 0.97737 0.00823402
451.051 0.975624 0.00821036
451.409 0.982404 0.00827114
451.766 0.976588 0.00825714
452.124 0.980588 0.00839011
452.482 0.974817 0.00844826
452.839 0.985427 0.00858896
453.197 0.977499 0.00856945
453.555 0.979702 0.00861457
453.912 0.970416 0.00855113
454.27 0.976277 0.00844162
454.627 0.97737 0.00834654
454.984 0.979448 0.00837514
455.342 0.993311 0.00856352
455.699 0.983094 0.00861442
456.056 0.981119 0.00855468
456.414 0.989682 0.00851511
456.771 0.977783 0.00830901
457.128 0.981248 0.00829187
457.485 0.981584 0.00826454
457.842 0.987311 0.00833991
458.199 0.987907 0.00833277
458.556 0.986361 0.00824592
458.913 0.979352 0.00821691
459.27 0.99064 0.00821732
459.627 0.987975 0.00832565
459.984 0.981825 0.00823918
460.341 0.98963 0.00826123
460.697 0.982307 0.00832867
461.054 0.998707 0.00864529
461.411 0.987563 0.00877402
461.767 0.985997 0.00887045
462.124 0.981373 0.0088275
462.481 0.987032 0.00874703
462.837 0.985562 0.00860484
463.194 0.98951 0.00844159
463.55 0.988051 0.0084896
463.907 0.98549 0.00825601
464.263 0.985797 0.00814362
464.619 0.990464 0.00800835
464.976 0.989006 0.00789163
465.332 0.993721 0.00790845
465.688 1.00028 0.00817799
466.044 0.993513 0.0084429
466.4 0.997366 0.00859087
466.756 0.987808 0.0086057
467.112 0.998435 0.0086518
467.468 0.992898 0.00861502
467.824 0.999497 0.00873227
468.18 1.00135 0.00885452
468.536 0.987559 0.00880068
468.892 0.99767 0.00898673
469.248 0.997789 0.00902713
469.604 0.997608 0.00908061
469.959 0.988478 0.00903576
470.315 0.990725 0.00904115
470.671 0.994379 0.00904875
471.026 0.991227 0.00895816
471.382 0.99018 0.00886776
471.737 0.99439 0.0088151
472.093 0.987486 0.00864741
472.448 0.99384 0.00850865
472.804 0.993375 0.00843412
473.159 0.994332 0.00836891
473.514 1.00265 0.00844656
473.87 0.998243 0.00830788
474.225 0.989811 0.00803632
474.58 0.99749 0.00790836
474.935 1.00399 0.00800157
475.29 1.00729 0.00812279
475.645 1.00124 0.00810656
476 0.99531 0.00809292
476.355 1.00778 0.00821677
476.71 0.993384 0.0081531
477.065 0.985158 0.00788276
477.42 1.00433 0.00785411
477.775 0.997927 0.00783848
478.13 0.998704 0.00791207
478.485 0.989726 0.00781936
478.839 0.992796 0.00773779
479.194 0.997014 0.00755549
479.549 0.999639 0.00747265
479.903 1.01078 0.00753423
480.258 0.993356 0.00752777
480.612 1.00015 0.00745496
480.967 0.997741 0.00727382
481.321 1.00967 0.00734063
481.675 1.00223 0.00745442
482.03 1.00081 0.00758055
482.384 1.0052 0.00762907
482.738 0.99805 0.0075294
483.093 0.996175 0.00746739
483.447 0.996056 0.00730477
483.801 0.989355 0.00705285
484.155 0.999335 0.00699788
484.509 0.916782 0.00583645
484.863 0.947441 0.00404403
485.217 0.976855 0.00373207
485.571 1.02121 0.00391443
485.925 1.07134 0.00510731
486.279 1.04415 0.00584659
486.632 1.03166 0.0062856
486.986 1.02413 0.00676968
487.34 1.01693 0.00720122
487.694 1.01148 0.00738237
488.047 0.99924 0.00737908
488.401 1.00934 0.00742567
488.754 1.00212 0.00744605
489.108 1.0054 0.00757995
489.461 1.00223 0.00760464
489.815 1.00545 0.0076963
490.168 1.00795 0.00762083
490.522 1.00345 0.00757147
490.875 1.00614 0.00759302
491.228 1.00309 0.00763364
491.581 1.00939 0.00760504
491.935 1.01124 0.00764013
492.288 1.00612 0.00765216
492.641 1.00838 0.00760645
492.994 1.00054 0.00757112
493.347 1.00243 0.00747306
493.7 1.00551 0.00749023
494.053 1.00304 0.00750664
494.406 1.00674 0.00764208
494.759 1.01315 0.0078227
495.111 1.00215 0.00753719
495.464 0.996701 0.00718677
495.817 1.00283 0.00707861
496.169 1.01385 0.00731712
496.522 1.01331 0.00764541
496.875 1.00785 0.00787941
497.227 1.01585 0.00798877
497.58 1.00844 0.00794573
497.932 1.00459 0.00783744
498.285 1.00172 0.00775478
498.637 0.993766 0.00753157
498.989 1.00561 0.00749196
499.342 1.01252 0.00757342
499.694 1.01042 0.0077328
500.046 1.00096 0.0077626
500.398 0.996421 0.00755534
500.751 1.00685 0.00752549
501.103 1.00431 0.00749205
501.455 1.00738 0.00751501
501.807 1.00912 0.00753279
502.159 1.00656 0.00752728
502.511 1.00465 0.00750147
502.862 1.01102 0.00755764
503.214 1.01173 0.00766361
503.566 1.00739 0.00780219
503.918 1.00493 0.00787698
504.27 1.00905 0.00788474
504.621 1.01615 0.00793172
504.973 1.00818 0.00794516
505.324 1.00913 0.00789755
505.676 1.00561 0.00774641
506.027 1.01448 0.00780148
506.379 1.00962 0.00804216
506.73 1.00361 0.00814044
507.082 1.00669 0.00809504
507.433 1.00314 0.00793109
507.784 1.00917 0.00788838
508.136 1.01774 0.00806002
508.487 1.01258 0.00812208
508.838 1.00357 0.00816167
509.189 1.01764 0.00820966
509.54 1.00689 0.00805703
509.891 1.01281 0.00817418
510.242 1.01267 0.00818272
510.593 1.01004 0.0082241
510.944 1.00996 0.00826972
511.295 1.01896 0.00847947
511.646 1.01887 0.00857302
511.996 1.00866 0.00844208
512.347 1.00884 0.00837934
512.698 1.01587 0.00843626
513.049 1.01296 0.00847606
513.399 1.00489 0.00848139
513.75 1.00378 0.00845136
514.1 1.02087 0.00868468
514.451 1.01424 0.00883644
514.801 1.00921 0.00877583
515.152 1.01135 0.00870749
515.502 1.00742 0.00855583
515.852 1.01133 0.00852642
516.202 1.01217 0.00851851
516.553 1.02244 0.0086868
516.903 1.02067 0.00881165
517.253 1.01762 0.0089312
517.603 1.00808 0.0088876
517.953 1.01405 0.00887058
518.303 1.01075 0.00864825
518.653 1.01488 0.00859492
519.003 1.01354 0.00865522
519.353 1.02079 0.00899681
519.703 1.01422 0.00915798
520.052 1.00889 0.0091807
520.402 1.01716 0.0091675
520.752 1.01457 0.00905103
521.102 1.02986 0.00926674
521.451 1.014 0.0092606
521.801 1.01566 0.00924167
522.15 1.0039 0.00903571
522.5 1.01397 0.00906622
522.849 1.00457 0.00899574
523.199 1.014 0.00895248
523.548 1.00305 0.00881841
523.897 1.01587 0.00897722
524.246 1.01673 0.0091305
524.596 1.01145 0.00923565
524.945 1.01436 0.00919497
525.294 1.01414 0.00919295
525.643 1.01245 0.00916481
525.992 1.01273 0.0091504
526.341 1.01123 0.0090866
526.69 1.01891 0.00919286
527.039 1.01547 0.00926675
527.388 1.00938 0.00930357
527.737 1.00192 0.00898711
528.086 1.00786 0.00868204
528.434 1.01623 0.00855847
528.783 1.03346 0.00886658
529.132 1.02508 0.00899864
529.48 1.0156 0.00907219
529.829 1.02185 0.0091502
530.177 1.02119 0.0092411
530.526 1.01504 0.00923591
530.874 1.01453 0.00914557
531.223 1.00595 0.00909363
531.571 1.02109 0.00924073
531.919 1.00768 0.0090896
532.268 1.00157 0.0087853
532.616 1.01536 0.00856282
532.964 1.00825 0.00840619
533.312 1.01542 0.0084404
533.66 1.01464 0.00847524
534.008 1.0159 0.00846121
534.356 1.02157 0.0084904
534.704 1.02603 0.00858621
535.052 1.02187 0.00868407
535.4 1.02047 0.00886155
535.748 1.01576 0.00905157
536.095 1.01697 0.00928643
536.443 1.01384 0.00928369
536.791 1.00482 0.00904681
537.139 1.01003 0.0088614
537.486 1.01028 0.00865753
537.834 1.01871 0.00864749
538.181 1.02081 0.00860672
538.529 1.02598 0.00867708
538.876 1.02036 0.00863085
539.223 1.0227 0.00878687
539.571 1.02943 0.00900429
539.918 1.02014 0.00893181
540.265 1.01339 0.0087267
540.613 1.00814 0.00855435
540.96 1.01987 0.00871055
541.307 1.01204 0.00869287
541.654 1.01281 0.00869398
542.001 1.01898 0.00874756
542.348 1.01532 0.00873023
542.695 1.01785 0.00875216
543.042 1.02034 0.00862834
543.388 1.0138 0.00849188
543.735 1.01569 0.00848801
544.082 1.02312 0.008506
544.429 1.02435 0.00855032
544.775 1.02773 0.00875303
545.122 1.03119 0.00902768
545.469 1.02443 0.00914515
545.815 1.01086 0.0090318
546.162 1.01743 0.00898901
546.508 1.01309 0.00878566
546.854 1.00858 0.00844118
547.201 1.00869 0.00813258
547.547 1.02898 0.00819016
547.893 1.03033 0.00837954
548.24 1.05268 0.00892353
548.586 1.0188 0.00914385
548.932 1.02421 0.0093045
549.278 1.02219 0.00930189
549.624 1.02082 0.00924603
549.97 1.02667 0.00935926
550.316 1.02234 0.00952597
550.662 1.02265 0.00962541
551.008 0.998183 0.00901759
551.353 1.00979 0.00858529
551.699 1.02285 0.00844948
552.045 1.04121 0.00875456
552.391 1.01769 0.0088345
552.736 1.01994 0.00888464
553.082 1.01844 0.00889113
553.427 1.02687 0.00908566
553.773 1.01895 0.0093502
554.118 1.01376 0.00932696
554.464 1.01086 0.00907458
554.809 1.00319 0.00868106
555.154 1.02236 0.00864558
555.5 1.0162 0.00863904
555.845 1.02448 0.00901143
556.19 1.03665 0.00931074
556.535 1.02508 0.00946655
556.88 1.01117 0.00925049
557.225 1.02171 0.00926412
557.57 1.02142 0.00944354
557.915 1.03077 0.00974387
558.26 1.02778 0.00984965
558.605 1.02186 0.00978641
558.95 1.0117 0.00952292
559.295 1.00652 0.00899196
559.639 1.00983 0.00866772
559.984 1.01413 0.00835421
560.329 1.01554 0.00832911
560.673 1.0268 0.00840423
561.018 1.02851 0.00865807
561.362 1.03073 0.00889849
561.707 1.02733 0.0091065
562.051 1.0184 0.00895628
562.395 1.0115 0.00880801
562.74 1.02426 0.00868752
563.084 1.01716 0.00855036
563.428 1.01852 0.00837743
563.772 1.02733 0.00845256
564.117 1.02 0.00836079
564.461 1.02273 0.00834547
564.805 1.01028 0.00836677
565.149 1.02505 0.00838885
565.493 1.02659 0.00840799
565.836 1.02326 0.0082331
566.18 1.01406 0.0080762
566.524 1.00779 0.00750787
566.868 1.01802 0.00734354
567.212 1.03006 0.0072611
567.555 1.0124 0.00710761
567.899 1.01167 0.00677587
568.242 1.01098 0.00649696
568.586 1.00685 0.00606738
568.929 1.00897 0.00568523
569.273 1.01527 0.00539185
569.616 1.02842 0.00543432
569.96 1.01949 0.00530139
570.303 1.0218 0.00514248
570.646 1.0216 0.00507809
570.989 1.01537 0.00490581
571.333 1.03435 0.00501308
571.676 1.04162 0.0052187
572.019 1.03934 0.00563692
572.362 1.00504 0.00523024
572.705 1.00167 0.00484633
573.048 1.0168 0.00464766
573.391 1.01563 0.00449342
573.733 1.0205 0.00444162
574.076 1.01927 0.00438986
574.419 1.04252 0.00457497
574.762 1.0403 0.00481359
575.104 1.05306 0.00518423
575.447 1.01223 0.00501411
575.789 1.00617 0.00469892
576.132 1.01526 0.00445918
576.474 1.01121 0.00440048
576.817 0.99125 0.00403034
577.159 0.994871 0.00381763
577.501 1.01997 0.00389598
577.844 1.03805 0.00420653
578.186 1.05532 0.00475743
578.528 1.03031 0.00489273
578.87 1.03237 0.00491899
579.212 1.0116 0.00470685
579.554 1.0272 0.00459146
579.896 1.02429 0.00461287
580.238 0.996296 0.00428714
580.58 0.977691 0.00373141
580.922 0.903046 0.00344653
581.264 0.903002 0.00344636
581.606 0.984269 0.00375652
581.947 1.03251 0.00408396
582.289 1.05424 0.00458475
582.631 1.05312 0.00508274
582.972 1.04342 0.00539855
583.314 1.02787 0.0052991
583.655 1.01213 0.00508325
583.997 1.00086 0.00461415
584.338 1.00298 0.0042962
584.679 1.00861 0.00413357
585.021 1.03439 0.00430113
585.362 1.04799 0.00465184
585.703 1.05183 0.00501257
586.044 1.01858 0.00495111
586.385 1.00898 0.00466292
586.726 1.01398 0.00446454
587.067 1.04541 0.00471111
587.408 1.04443 0.0049789
587.749 1.04705 0.0052215
588.09 1.0394 0.00541923
588.431 1.0539 0.00578197
588.772 1.03575 0.00596139
589.113 1.02541 0.00582916
589.453 1.02507 0.00579656
589.794 1.04586 0.00605555
590.134 1.04191 0.00636662
590.475 1.03258 0.00648535
590.815 1.02365 0.00639751
591.156 1.03164 0.00643156
591.496 0.995849 0.00612638
591.837 0.992754 0.00526222
592.177 1.00362 0.00480631
592.517 1.02563 0.00465175
592.857 1.0487 0.00495941
593.198 1.05595 0.00529487
593.538 1.05931 0.0058503
593.878 1.04029 0.00598279
594.218 1.01744 0.00572587
594.558 1.0283 0.00554238
594.898 1.04274 0.00573834
595.237 1.05722 0.00613627
595.577 1.05052 0.00651194
595.917 1.03504 0.00678661
596.257 1.01944 0.00645306
596.596 1.01477 0.00627645
596.936 1.03847 0.00624394
597.276 1.03452 0.00647565
597.615 1.01308 0.00629463
597.955 0.997146 0.0054924
598.294 1.02581 0.00522656
598.633 1.0407 0.00528179
598.973 1.03924 0.00547703
599.312 1.02959 0.00543491
599.651 1.04418 0.00551667
599.991 1.0373 0.00561857
600.33 1.04537 0.00572753
600.669 1.03773 0.00587013
601.008 1.04673 0.00609933
601.347 1.03482 0.00627121
601.686 1.02515 0.00605953
602.025 1.03035 0.00611541
602.364 1.0183 0.00577665
602.702 1.0236 0.00570857
603.041 1.03827 0.00578741
603.38 1.05132 0.00610224
603.719 1.05032 0.00637718
604.057 1.03568 0.00651054
604.396 1.0304 0.00648367
604.734 1.00755 0.00612339
605.073 1.02667 0.0057185
605.411 1.03147 0.00578748
605.75 1.04905 0.00604969
606.088 1.03775 0.00633198
606.426 1.02352 0.00613427
606.764 1.02758 0.00606194
607.103 1.04752 0.00631443
607.441 1.0317 0.00648286
607.779 1.03841 0.00666156
608.117 1.03333 0.00659979
608.455 1.04635 0.00692293
608.793 1.02461 0.0069167
609.131 1.01136 0.006411
609.469 1.02815 0.00630802
609.806 1.04569 0.00644714
610.144 1.04595 0.00695431
610.482 1.0309 0.00697583
610.819 1.0347 0.00697337
611.157 1.03931 0.00702566
611.495 1.03546 0.00725843
611.832 1.02707 0.00725056
612.17 1.03039 0.00720944
612.507 1.02868 0.00712301
612.844 1.03391 0.00721609
613.182 1.02713 0.00720901
613.519 1.02563 0.0071594
613.856 1.03152 0.00716122
614.193 1.02005 0.00703147
614.53 1.02411 0.00689869
614.867 1.04022 0.00694522
615.205 1.04469 0.00730862
615.541 1.04539 0.00757528
615.878 1.0255 0.00782143
616.215 1.02202 0.00772844
616.552 1.03175 0.00784449
616.889 1.0167 0.00760829
617.226 1.03484 0.00759714
617.562 1.04701 0.0078846
617.899 1.04066 0.00833537
618.235 1.04186 0.00876989
618.572 1.02549 0.00902305
618.908 1.01883 0.00868163
619.245 1.02051 0.00833416
619.581 1.02844 0.00821981
619.918 1.06536 0.00906105
620.254 1.05715 0.0101822
620.59 1.0196 0.0101502
620.926 1.00157 0.00938002
621.262 1.01469 0.00891685
621.599 1.03241 0.00903527
621.935 1.01887 0.00886285
622.271 1.01335 0.00850738
622.606 1.027 0.00837942
622.942 1.03765 0.00863159
623.278 1.02867 0.00884467
623.614 1.00918 0.00834875
623.95 1.02379 0.00837528
624.285 1.03253 0.00856775
624.621 1.03968 0.00906442
624.957 1.02348 0.00927326
625.292 1.04573 0.00965696
625.628 1.03659 0.00990557
625.963 1.01939 0.00988823
626.299 1.01967 0.00968601
626.634 1.01985 0.00953488
626.969 1.03518 0.00978396
627.304 1.05069 0.0106845
627.64 1.03514 0.0113752
627.975 1.01388 0.0110326
628.31 1.00266 0.0103706
628.645 1.02711 0.0102562
628.98 1.03311 0.0105122
629.315 1.04557 0.010778
629.65 1.02977 0.0107817
629.985 1.01905 0.0106952
630.319 1.03924 0.011273
630.654 1.02825 0.011341
630.989 1.02649 0.0112758
631.323 1.02929 0.0114867
631.658 1.04415 0.0120408
631.993 1.04449 0.0125643
632.327 1.01363 0.0124244
632.662 1.02483 0.0124252
632.996 1.01406 0.0120856
633.33 1.01001 0.0118829
633.665 1.03488 0.0124496
633.999 1.0259 0.012772
634.333 1.02184 0.0127441
634.667 1.02533 0.0128101
635.001 1.01312 0.0124233
635.335 1.00955 0.0119295
635.669 1.00704 0.0114725
636.003 1.03861 0.0118131
636.337 1.03962 0.0124097
636.671 1.0494 0.0131192
637.005 1.02785 0.0133364
637.339 1.02242 0.0132424
637.672 1.00583 0.0126549
638.006 1.03277 0.012494
638.339 1.02229 0.0126117
638.673 1.03601 0.0131003
639.006 1.03445 0.0135016
639.34 1.02126 0.0134077
639.673 1.02954 0.0136541
640.007 1.0249 0.0135891
640.34 1.01995 0.0137927
640.673 1.02228 0.0139137
641.006 1.02492 0.0141364
641.34 1.03043 0.0143287
641.673 1.01825 0.0145839
642.006 1.01911 0.0148414
642.339 1.01066 0.0145184
642.672 1.02523 0.0145328
643.004 1.0196 0.0145756
643.337 1.02456 0.0150817
643.67 1.00388 0.0149246
644.003 1.01065 0.0148281
644.336 1.01287 0.0147822
644.668 0.9956 0.0146293
645.001 1.01883 0.0150549
645.333 1.03533 0.0155495
645.666 1.01787 0.015736
645.998 1.01644 0.0160839
646.331 1.0182 0.0163425
646.663 1.01805 0.0161731
646.995 0.994286 0.0150086
647.327 0.992585 0.0137712
647.66 1.01417 0.0131583
647.992 1.01767 0.0129796
648.324 1.03076 0.0130146
648.656 1.02611 0.0131657
648.988 1.03475 0.0137474
649.32 1.04433 0.0147733
649.652 1.0259 0.0153293
649.983 1.02736 0.0156706
650.315 1.01251 0.0156571
650.647 1.00424 0.0152353
650.979 1.0076 0.0145647
651.31 1.00528 0.0139884
651.642 1.01417 0.0137346
651.973 1.0298 0.0138308
652.305 1.02111 0.0137201
652.636 1.03022 0.0139721
652.967 1.02615 0.0142596
653.299 1.03751 0.0146726
653.63 1.02066 0.0143884
653.961 0.991394 0.0131732
654.292 0.901209 0.00964027
654.623 0.79994 0.00329201
654.955 0.896249 0.00342059
655.286 0.896194 0.00342038
655.616 0.896138 0.00342016
655.947 0.896082 0.00341995
656.278 0.896024 0.00341973
656.609 0.981258 0.00374503
656.94 1.12064 0.0052959
657.27 1.11318 0.0061881
657.601 1.11788 0.00715232
657.932 1.12611 0.0085863
658.262 1.11586 0.0104117
658.593 1.08556 0.0123188
658.923 1.05578 0.0142051
659.254 1.05028 0.0156503
659.584 1.03325 0.0164812
659.914 1.02836 0.0172179
660.244 1.03544 0.0177086
660.575 1.00137 0.0172874
660.905 1.01211 0.0174057
661.235 1.01106 0.0171532
661.565 0.999768 0.0169344
661.895 0.998051 0.0168233
662.225 1.00812 0.0171743
662.555 1.01135 0.0174406
662.884 0.992809 0.0170869
663.214 1.02574 0.0171284
663.544 1.02875 0.0169751
663.873 1.00019 0.0164897
664.203 1.00723 0.0163675
664.533 0.998025 0.0158512
664.862 1.00531 0.0157983
665.192 1.0119 0.0163059
665.521 1.02767 0.0173246
665.85 0.995173 0.0175549
666.18 1.0258 0.0185572
666.509 1.00483 0.0182574
666.838 0.99583 0.0177457
667.167 0.996809 0.0175264
667.496 1.01995 0.0180342
667.825 1.00749 0.0180139
668.154 1.01249 0.0180285
668.483 1.01395 0.0179189
668.812 1.0197 0.0176348
669.141 1.0259 0.0175119
669.47 1.0342 0.0173661
669.798 1.02991 0.0175074
670.127 1.00255 0.0172895
670.456 0.981185 0.016137
670.784 0.985238 0.0145045
671.113 0.99029 0.0133484
671.441 1.00332 0.0128387
671.77 1.04272 0.0133057
672.098 1.02539 0.0137138
672.426 1.04455 0.0153884
672.755 1.02135 0.0161792
673.083 1.02134 0.0164077
673.411 1.00828 0.01627
673.739 1.01135 0.0165332
674.067 1.02317 0.0175078
674.395 1.0316 0.0175778
674.723 0.996166 0.0168235
675.051 1.01745 0.0167563
675.379 1.02117 0.016773
675.706 1.03249 0.0170513
676.034 1.00901 0.0172366
676.362 1.00456 0.0172815
676.689 0.988343 0.0161016
677.017 1.01609 0.015254
677.344 1.01858 0.0146712
677.672 1.03654 0.0150536
677.999 1.01536 0.0150805
678.327 1.01429 0.0147721
678.654 1.02414 0.0141977
678.981 1.01992 0.0137422
679.308 1.03149 0.0139301
679.636 1.05456 0.0147434
679.963 1.05059 0.0154521
680.29 1.01002 0.0151921
680.617 1.01248 0.0149273
680.944 1.02722 0.0148125
681.271 1.04595 0.0153777
681.597 1.05062 0.0164542
681.924 1.03088 0.0173592
682.251 1.01085 0.0171221
682.578 1.00316 0.0161605
682.904 1.00846 0.0151192
683.231 1.02467 0.0146341
683.557 1.00771 0.0141875
683.884 1.00395 0.013757
684.21 1.01779 0.0135272
684.536 1.01518 0.0130683
684.863 1.02751 0.0129499
685.189 1.02454 0.0131493
685.515 1.04286 0.0139844
685.841 1.01896 0.0142759
686.167 1.00747 0.0142093
686.493 1.02545 0.0141642
686.819 1.03405 0.0143042
687.145 1.03495 0.0149353
687.471 1.03397 0.0160534
687.797 1.02167 0.016493
688.123 1.01813 0.0163642
688.448 1.00365 0.0157145
688.774 1.0103 0.0152926
689.1 1.02605 0.0156723
689.425 1.024 0.0163135
689.751 1.01705 0.0165211
690.076 0.997359 0.0154493
690.402 0.999218 0.0144476
690.727 1.00531 0.0140442
691.052 1.03316 0.0146107
691.377 1.03006 0.0150266
691.703 1.03662 0.015456
692.028 1.01522 0.0153043
692.353 1.01557 0.0149833
692.678 1.02985 0.0152044
693.003 1.05157 0.0159479
693.328 1.0417 0.0170448
693.652 1.02441 0.0176659
693.977 1.00092 0.0170449
694.302 0.999072 0.0160568
694.627 1.02791 0.0160592
694.951 1.023 0.0165968
695.276 1.04796 0.0184149
695.6 1.00809 0.018365
695.925 0.973227 0.015837
696.249 0.994032 0.014113
696.574 1.00686 0.0134612
696.898 1.05259 0.01439
697.222 1.04124 0.0151279
697.546 1.03809 0.0157128
697.871 1.01897 0.0158953
698.195 1.01747 0.0160001
698.519 1.02142 0.0164367
698.843 1.03701 0.0170357
699.167 1.02785 0.0175977
699.491 1.01175 0.0181242
699.814 1.01181 0.0182713
700.138 1.01527 0.0183584
700.462 1.03303 0.0188245
700.786 1.00505 0.0183212
701.109 1.00548 0.0178735
701.433 1.00317 0.0172346
701.756 1.00015 0.0165943
702.08 1.0225 0.0167801
702.403 1.02791 0.0171672
702.726 1.01523 0.017785
703.05 1.02011 0.0182628
703.373 0.999732 0.0182903
703.696 1.01263 0.0184234
704.019 1.0179 0.0191157
704.342 1.00602 0.019697
704.665 1.02144 0.0206669
704.988 1.00072 0.0203224
705.311 0.979994 0.018875
705.634 0.978421 0.0169334
705.957 1.00394 0.0155352
706.28 1.00099 0.0143704
706.602 1.02711 0.0144057
706.925 1.02381 0.014685
707.247 1.04147 0.0154013
707.57 1.02812 0.0159056
707.892 1.02671 0.0164372
708.215 1.03704 0.0173269
708.537 1.02423 0.0176434
708.859 1.01288 0.0176457
709.182 1.00626 0.0174058
709.504 1.0008 0.0169017
709.826 1.02055 0.0168534
710.148 1.00833 0.0168198
710.47 1.01364 0.0173434
710.792 1.01345 0.0179825
711.114 1.01416 0.0185919
711.436 0.99688 0.0188429
711.758 0.9843 0.0184206
712.079 1.00421 0.0183934
712.401 0.985463 0.0173218
712.723 0.99944 0.0168109
713.044 0.993331 0.0157896
713.366 1.02271 0.015843
713.687 1.0213 0.0159607
714.009 1.01499 0.0163431
714.33 1.02874 0.0168223
714.652 1.01462 0.0171812
714.973 1.04033 0.0180004
715.294 1.01375 0.0186827
715.615 1.04605 0.0201917
715.936 1.00459 0.0200777
716.257 1.00413 0.0202662
716.578 1.00312 0.0203921
716.899 1.01066 0.0200125
717.22 0.999141 0.0186143
717.541 1.01623 0.0182696
717.862 1.02291 0.018268
718.182 0.997514 0.0180043
718.503 1.00044 0.0176388
718.824 1.02827 0.0181371
719.144 1.02859 0.01843
719.465 1.00191 0.0186048
719.785 0.994837 0.0181566
720.105 1.0016 0.0179789
720.426 1.01337 0.0178599
720.746 1.03298 0.0183377
721.066 1.00781 0.0181456
721.386 1.00305 0.0182882
721.706 1.01698 0.0189502
722.026 1.02142 0.0194956
722.346 1.01286 0.0195751
722.666 1.01575 0.0193466
722.986 1.00077 0.018727
723.306 1.0102 0.018962
723.626 1.01889 0.0194209
723.946 1.00903 0.0192881
724.265 0.984011 0.0180292
724.585 0.987431 0.0171082
724.904 1.01888 0.0172494
725.224 1.0156 0.0172676
725.543 1.01085 0.0172235
725.863 1.03105 0.0175615
726.182 1.02911 0.0182572
726.501 1.00382 0.0183155
726.82 1.01411 0.0185304
727.14 0.985191 0.0175569
727.459 1.00726 0.017217
727.778 0.996202 0.0170205
728.097 1.00659 0.017343
728.416 0.998639 0.0170792
728.734 1.00107 0.0165563
729.053 1.01701 0.016524
729.372 0.999664 0.0163486
729.691 1.00159 0.015952
730.009 1.00785 0.0152325
730.328 1.01622 0.0148456
730.647 1.03665 0.0150112
730.965 1.034 0.0155172
731.283 1.03684 0.0161223
731.602 1.01701 0.0161533
731.92 1.01518 0.0158519
732.238 1.00282 0.0153757
732.557 1.02932 0.0154348
732.875 1.00453 0.0148782
733.193 1.00927 0.014024
733.511 1.02271 0.0137944
733.829 1.03394 0.0142859
734.147 1.04776 0.0153269
734.465 1.03499 0.0159261
734.782 1.03384 0.0159029
735.1 1.0128 0.0152992
735.418 1.0181 0.0153267
735.735 1.02694 0.0154394
736.053 1.01647 0.0151903
736.371 1.01616 0.0153449
736.688 1.02439 0.0159683
737.005 1.04173 0.0170839
737.323 1.0091 0.0174572
737.64 1.00703 0.0174592
737.957 0.999564 0.0164916
738.274 0.99576 0.0151076
738.592 1.02808 0.0149772
738.909 1.02888 0.0153604
739.226 1.03785 0.016803
739.543 1.0215 0.0179689
739.86 1.03937 0.0191792
740.176 1.02914 0.0195801
740.493 1.00464 0.0199298
740.81 0.990549 0.0198519
741.127 0.990162 0.0196384
741.443 0.998167 0.0186828
741.76 1.00829 0.0181551
742.076 1.01929 0.0184154
742.393 1.04285 0.0196263
742.709 1.04728 0.0207565
743.025 1.01775 0.0208388
743.342 0.989753 0.0203614
743.658 1.00614 0.0201341
743.974 0.995706 0.0194756
744.29 1.00353 0.019532
744.606 0.997042 0.0196768
744.922 0.990937 0.0196516
745.238 0.989615 0.0196982
745.554 0.995366 0.0202333
745.87 0.996824 0.0204614
746.186 1.00657 0.0197141
746.501 0.992186 0.0188527
746.817 1.00868 0.0193114
747.132 1.03492 0.0209966
747.448 1.01929 0.0216561
747.763 0.963071 0.020736
748.079 0.957964 0.0198203
748.394 0.998849 0.0188672
748.71 0.98386 0.0174327
749.025 1.00302 0.016572
749.34 1.02214 0.0165116
749.655 1.02844 0.0169248
749.97 1.03045 0.0175512
750.285 1.01122 0.0174405
750.6 1.00995 0.017057
750.915 1.00439 0.0165872
751.23 1.02705 0.0171036
751.545 1.03304 0.0178582
751.859 1.02512 0.0184598
752.174 1.01263 0.0185612
752.489 1.00416 0.0175529
752.803 0.99834 0.0164513
753.118 1.01129 0.0164334
753.432 1.0363 0.0171934
753.747 1.02822 0.0177611
754.061 1.02181 0.0171056
754.375 0.988202 0.0161179
754.689 1.00483 0.015747
755.004 1.03068 0.0159226
755.318 1.01396 0.0154487
755.632 0.99252 0.014539
755.946 1.02047 0.0144759
756.26 1.00108 0.0136967
756.573 1.02727 0.013275
756.887 1.01334 0.0127833
757.201 1.03497 0.0131932
757.515 1.05205 0.0145707
757.828 1.04823 0.0155983
758.142 1.02533 0.015376
758.455 1.00443 0.0141334
758.769 1.02111 0.0134952
759.082 1.01903 0.0131146
759.396 1.02796 0.012974
759.709 1.02102 0.0128299
760.022 1.03973 0.0130612
760.335 1.05953 0.0138779
760.648 1.0599 0.0149187
760.962 1.05408 0.0159692
761.275 1.02102 0.0164954
761.587 1.02407 0.0167351
761.9 1.02957 0.0168224
762.213 1.01307 0.0161421
762.526 1.01807 0.0155981
762.839 1.01257 0.0154937
763.151 1.00492 0.0149892
763.464 1.00128 0.0141515
763.776 1.00907 0.013196
764.089 1.02464 0.0130165
764.401 1.03438 0.0135429
764.714 1.04062 0.0143826
765.026 1.03504 0.0153102
765.338 1.04371 0.01637
765.65 1.0488 0.0176624
765.962 1.03452 0.0183571
766.275 1.01769 0.0188586
766.587 0.989906 0.0186608
766.898 0.997702 0.0181328
767.21 1 0.0170807
767.522 0.995651 0.0158135
767.834 1.01035 0.0153462
768.146 1.00936 0.0154495
768.457 1.03933 0.0166352
768.769 1.03479 0.0174826
769.08 1.00847 0.0173368
769.392 1.0081 0.0167069
769.703 1.00792 0.0158409
770.015 1.01153 0.0152638
770.326 1.04046 0.0155106
770.637 1.03345 0.0160173
770.948 1.03343 0.0171865
771.26 1.01307 0.0180853
771.571 1.01904 0.0183372
771.882 0.996616 0.0176937
772.193 1.02797 0.018152
772.504 1.02102 0.0185433
772.814 1.03872 0.0190765
773.125 1.03585 0.0194443
773.436 1.01807 0.0198305
773.747 0.999233 0.0200884
774.057 0.991089 0.0204344
774.368 1.00447 0.0208954
774.678 1.00022 0.0213948
774.989 0.978424 0.0214924
775.299 1.01807 0.0226614
775.609 0.994395 0.0221466
775.919 0.998907 0.0220147
776.23 0.988356 0.0219246
776.54 0.981782 0.0216666
776.85 1.00565 0.0221589
777.16 0.968356 0.0210982
777.47 0.989023 0.0202143
777.78 1.00619 0.0194905
778.089 0.981887 0.0182859
778.399 0.982877 0.0181792
778.709 1.02236 0.0193961
779.019 1.02444 0.0206913
779.328 1.03307 0.0219024
779.638 0.97961 0.0210462
779.947 0.98151 0.019204
780.257 0.976507 0.0174737
780.566 0.996254 0.016989
780.875 0.998032 0.0173927
781.185 1.0424 0.0189025
781.494 1.00955 0.0189095
781.803 1.01831 0.0194989
782.112 1.00545 0.0196588
782.421 1.0118 0.0194618
782.73 1.01076 0.0189396
783.039 1.01006 0.0191732
783.348 1.02255 0.0208311
783.656 0.990569 0.0216292
783.965 0.994966 0.0220022
784.274 1.00637 0.0212873
784.582 0.991401 0.0204722
784.891 0.999158 0.0204309
785.199 0.996076 0.0207084
785.508 0.993024 0.0212462
785.816 1.00711 0.0217854
786.124 0.991134 0.0211348
786.432 0.983594 0.0200203
786.741 1.01115 0.019523
787.049 1.01278 0.0194233
787.357 0.996502 0.0195614
787.665 0.997195 0.0194504
787.973 1.02734 0.0199217
788.281 1.01172 0.0201813
788.588 1.00426 0.0211773
788.896 0.989317 0.0223263
789.204 1.01623 0.0235474
789.511 0.993482 0.0233453
789.819 1.0202 0.0240883
790.126 0.980745 0.0236278
790.434 0.988069 0.0237104
790.741 1.00203 0.023817
791.049 0.989678 0.0236449
791.356 0.975475 0.0242365
791.663 0.976636 0.0246884
791.97 0.985402 0.0248635
792.277 0.968383 0.0241899
792.584 0.964115 0.0228637
792.891 0.964225 0.0202237
793.198 0.993408 0.0190547
793.505 1.01009 0.0188381
793.812 1.01266 0.0193955
794.119 1.00105 0.0197274
794.425 1.01214 0.0204255
794.732 1.01077 0.0213421
795.038 1.01325 0.0236074
795.345 0.995867 0.0251678
795.651 0.967569 0.0261377
795.958 0.984024 0.0264126
796.264 0.936549 0.0240452
796.57 0.976206 0.023651
796.876 0.99485 0.0236707
797.183 0.993195 0.0240882
797.489 0.982675 0.0249438
797.795 0.957249 0.0248393
798.101 0.988474 0.0251295
798.406 0.986902 0.0252429
798.712 0.996663 0.0261167
799.018 0.962997 0.0260729
799.324 0.980385 0.0263763
799.629 0.963359 0.0262642
799.935 0.966087 0.0264964
800.24 0.998535 0.0274501
800.546 0.963206 0.0269693
800.851 0.94175 0.02691
801.157 0.943791 0.0280931
801.462 0.949727 0.0284547
801.767 0.946924 0.0285478
802.072 0.940603 0.0273487
802.377 0.975183 0.0267968
802.682 0.95801 0.026132
802.987 0.969307 0.0270156
803.292 0.975044 0.0277882
803.597 0.959134 0.0277951
803.902 0.968049 0.0278538
804.207 0.919945 0.026983
804.511 0.945426 0.0269349
804.816 0.930043 0.0251009
805.12 0.942885 0.0236148
805.425 0.966002 0.0225134
805.729 0.985502 0.0229176
806.034 0.979767 0.0237353
806.338 0.979959 0.0250905
806.642 0.978329 0.025708
806.946 0.94343 0.0249899
807.251 0.992001 0.0258606
807.555 0.953371 0.0249487
807.859 0.9699 0.024973
808.162 0.976324 0.0257827
808.466 0.991287 0.0268637
808.77 0.967486 0.0272424
809.074 0.982717 0.028395
809.378 0.971572 0.0282827
809.681 0.966357 0.0279846
809.985 0.954123 0.0282567
810.288 0.988512 0.0290822
810.592 0.951233 0.0283146
810.895 0.952724 0.0290098
811.198 0.974313 0.0306339
811.502 0.966265 0.0309508
811.805 0.925356 0.0311206
812.108 0.895986 0.0292285
812.411 0.966343 0.0294553
812.714 0.968634 0.0274774
813.017 0.967378 0.0259868
813.32 0.950655 0.0257229
813.623 0.962026 0.0266937
813.926 0.988274 0.0290152
814.228 0.979249 0.030427
814.531 0.943738 0.030828
814.833 0.903287 0.0299282
815.136 0.915437 0.030312
815.438 0.943395 0.0311225
815.741 0.875822 0.0287438
816.043 0.910956 0.0289581
816.345 0.951429 0.0293953
816.648 0.956601 0.0297153
816.95 0.946266 0.030008
817.252 0.991774 0.0314112
817.554 0.904769 0.0300659
817.856 0.945006 0.0313834
818.158 0.900443 0.0309006
818.46 0.953302 0.0326009
818.761 0.929809 0.0320794
819.063 0.92677 0.0314709
819.365 0.896395 0.0300366
819.666 0.912185 0.0287849
819.968 0.954823 0.0284783
820.269 0.929394 0.0277929
820.571 0.947737 0.0288017
820.872 0.954697 0.0300004
821.173 0.928929 0.0307683
821.475 0.967996 0.0326172
821.776 0.962914 0.0323631
822.077 0.909852 0.0312754
822.378 0.925989 0.0317718
822.679 0.9238 0.0322536
822.98 0.887356 0.0313174
823.281 0.931874 0.0331342
823.581 0.939257 0.0329296
823.882 0.949061 0.0335246
824.183 0.934496 0.0329289
824.483 0.917669 0.0314708
824.784 0.891156 0.0297389
825.084 0.941089 0.0311085
825.385 0.943004 0.0315485
825.685 0.933646 0.0320666
825.985 0.915302 0.0314786
826.286 0.902234 0.0308239
826.586 0.905455 0.0302731
826.886 0.918564 0.0305481
827.186 0.94366 0.0314171
827.486 0.95043 0.0325887
827.786 0.931485 0.0327539
828.086 0.908069 0.0320146
828.386 0.919575 0.0317958
828.685 0.952077 0.0321738
828.985 0.979236 0.0336045
829.285 0.940318 0.0331573
829.584 0.916369 0.0332612
829.884 0.912504 0.033697
830.183 0.948957 0.0361547
830.482 0.904331 0.0349092
830.782 0.876644 0.0345168
831.081 0.904884 0.0363957
831.38 0.896222 0.0350499
831.679 0.875728 0.0347254
831.978 0.912159 0.0354969
832.277 0.927151 0.034634
832.576 0.912677 0.0337162
832.875 0.904885 0.0335516
833.174 0.859511 0.0324943
833.472 0.904304 0.0335825
833.771 0.911335 0.0341715
834.07 0.855054 0.0323129
834.368 0.881034 0.0331211
834.667 0.927433 0.0348794
834.965 0.960085 0.0360209
835.263 0.923959 0.0353844
835.562 0.951271 0.0359198
835.86 0.853164 0.0337032
836.158 0.885406 0.0347247
836.456 0.91439 0.0362181
836.754 0.885859 0.0355489
837.052 0.890104 0.0367655
837.35 0.879488 0.0358369
837.648 0.847752 0.035651
837.946 0.911942 0.0372911
838.243 0.849784 0.0360081
838.541 0.843841 0.0349393
838.839 0.918238 0.0365004
839.136 0.898006 0.0360201
839.434 0.868937 0.0352169
839.731 0.901412 0.0368344
840.028 0.927731 0.0365121
840.326 0.887791 0.0361665
840.623 0.909909 0.0365809
840.92 0.867216 0.0360562
841.217 0.864936 0.0370196
841.514 0.89961 0.0379653
841.811 0.861154 0.0359189
842.108 0.887777 0.0375419
842.405 0.930311 0.0387176
842.701 0.910333 0.0384762
842.998 0.858613 0.0362168
843.295 0.861296 0.0370664
843.591 0.90685 0.0381171
843.888 0.878893 0.0370911
844.184 0.868458 0.0370838
844.481 0.817623 0.035392
844.777 0.833541 0.0359098
845.073 0.877768 0.0371279
845.369 0.909087 0.0381636
845.665 0.912963 0.0388039
845.962 0.904437 0.0378644
846.258 0.898727 0.0384757
846.553 0.884007 0.0382147
846.849 0.914774 0.038941
847.145 0.844848 0.0362069
847.441 0.875055 0.0370696
847.737 0.840902 0.0360378
848.032 0.856975 0.0370756
848.328 0.895614 0.0380764
848.623 0.90744 0.0388388
848.919 0.839073 0.0365149
849.214 0.820472 0.035696
849.509 0.824722 0.0363222
849.805 0.857215 0.0377738
850.1 0.935433 0.0403417
850.395 0.922384 0.0399267
850.69 0.891542 0.0395266
850.985 0.846035 0.0371382
851.28 0.882113 0.0377644
851.575 0.850715 0.0375391
851.869 0.859835 0.0376109
852.164 0.908184 0.0380781
852.459 0.891992 0.0367019
852.753 0.917255 0.0367002
853.048 0.8664 0.0338177
853.342 0.901929 0.0342647
853.637 0.948361 0.0357668
853.931 0.882564 0.0341336
854.225 0.915541 0.0346126
854.52 0.924489 0.0360774
854.814 0.921813 0.0361448
855.108 0.888122 0.034327
855.402 0.869907 0.0345949
855.696 0.917135 0.0365384
855.99 0.912477 0.0370332
856.283 0.869201 0.0353512
856.577 0.90301 0.036856
856.871 0.901792 0.0365401
857.164 0.911224 0.0371301
857.458 0.935248 0.0388659
857.751 0.901326 0.0374928
858.045 0.874838 0.0364896
858.338 0.889398 0.0373931
858.632 0.843621 0.0355844
858.925 0.858003 0.0368282
859.218 0.863155 0.0367813
859.511 0.911369 0.0393765
859.804 0.905519 0.0388574
860.097 0.862652 0.0369218
860.39 0.858954 0.0379237
860.683 0.864412 0.0378829
860.976 0.880223 0.0385341
861.268 0.866206 0.0376352
861.561 0.893501 0.039319
861.854 0.947022 0.0416855
862.146 0.872224 0.0385845
862.439 0.914528 0.0392954
862.731 0.847504 0.0369018
863.023 0.853275 0.0382266
863.316 0.869593 0.0378941
863.608 0.909461 0.0389556
863.9 0.908245 0.0389543
864.192 0.835431 0.0364741
864.484 0.873511 0.0381883
864.776 0.83703 0.037714
865.068 0.889051 0.0386278
865.36 0.853639 0.0377517
865.651 0.912031 0.0400465
865.943 0.847881 0.0378987
866.235 0.859407 0.0383488
866.526 0.947306 0.0413474
866.818 0.860446 0.0380844
867.109 0.829615 0.0371666
867.4 0.911899 0.0397162
867.692 0.885181 0.0393437
867.983 0.900231 0.0392927
868.274 0.897532 0.0397259
868.565 0.876716 0.0387616
868.856 0.872963 0.0389316
869.147 0.902033 0.0394673
869.438 0.843094 0.0380533
869.729 0.820676 0.0377687
870.02 0.918104 0.0415228
870.31 0.835708 0.0383801
870.601 0.856981 0.0383054
870.892 0.814737 0.036966
871.182 0.80553 0.0366018
871.473 0.863594 0.0387219
871.763 0.836751 0.0372014
872.053 0.837364 0.0376534
872.343 0.86687 0.038252
872.634 0.880962 0.0389493
872.924 0.789984 0.0361504
873.214 0.808471 0.0373194
873.504 0.88103 0.0394811
873.794 0.9372 0.0417375
874.084 0.874638 0.040204
874.373 0.862571 0.0389209
874.663 0.795115 0.0364832
874.953 0.851951 0.0390208
875.242 0.8257 0.0378977
875.532 0.848118 0.0380931
875.821 0.867043 0.0387552
876.111 0.855116 0.0383418
876.4 0.924634 0.0403685
876.689 0.888211 0.0393025
876.978 0.839004 0.0382124
877.268 0.887067 0.0393615
877.557 0.944668 0.0410881
877.846 0.921736 0.0404504
878.134 0.904707 0.0404387
878.423 0.904873 0.0404461
878.712 0.905039 0.0404536
