178.41 1.02194 0.156373
178.791 1.02842 0.157363
179.172 1.03484 0.158347
179.553 0.578936 0.578936
179.934 0.858599 0.858599
180.316 0.594315 0.594315
180.697 0.629768 0.629768
181.078 0.810539 0.810539
181.459 0.714331 0.714331
181.84 0.359322 0.359322
182.221 2.73399 2.73399
182.602 0.241258 0.241258
182.983 0.209134 0.207074
183.364 0.823401 0.161018
183.744 0.561188 0.0839279
184.125 0.79167 0.086471
184.506 0.556566 0.0593943
184.887 0.530275 0.0516979
185.268 0.533665 0.0446492
185.648 0.543985 0.0436377
186.029 0.57934 0.0429542
186.41 0.592451 0.0423017
186.791 0.675117 0.0433973
187.171 0.503206 0.0320468
187.552 0.433041 0.0241873
187.932 0.429457 0.0245264
188.313 0.427095 0.0228442
188.694 0.484874 0.0243266
189.074 0.488727 0.0235466
189.455 0.460145 0.0222137
189.835 0.494228 0.0236717
190.216 0.498429 0.0231457
190.596 0.447275 0.0209833
190.977 0.454931 0.0209978
191.357 0.469525 0.0213949
191.737 0.469731 0.0211322
192.118 0.492907 0.0215412
192.498 0.460041 0.020165
192.878 0.488015 0.0209289
193.258 0.456573 0.0198941
193.639 0.456106 0.0196373
194.019 0.481252 0.0203492
194.399 0.462439 0.0197753
194.779 0.4376 0.0184659
195.159 0.456553 0.0194083
195.54 0.429819 0.0182672
195.92 0.427054 0.0182622
196.3 0.43154 0.0180919
196.68 0.438678 0.018332
197.06 0.438606 0.0182211
197.44 0.426648 0.0177985
197.82 0.398638 0.0170692
198.2 0.404472 0.0171856
198.58 0.39321 0.0164974
198.959 0.398631 0.0165807
199.339 0.383371 0.0163308
199.719 0.389116 0.0161375
200.099 0.391184 0.0162193
200.479 0.363764 0.0155962
200.858 0.373358 0.0155677
201.238 0.347164 0.0147771
201.618 0.37141 0.015456
201.998 0.355571 0.0147607
202.377 0.364932 0.0149535
202.757 0.326997 0.013969
203.136 0.334289 0.0140323
203.516 0.317114 0.0134635
203.896 0.3329 0.0136247
204.275 0.318071 0.013055
204.655 0.316381 0.013045
205.034 0.324165 0.0130492
205.414 0.306234 0.0125244
205.793 0.311455 0.0125175
206.172 0.301459 0.0123262
206.552 0.28547 0.0117904
206.931 0.272641 0.0113458
207.31 0.282766 0.01143
207.69 0.265259 0.0109821
208.069 0.287492 0.0112818
208.448 0.293003 0.0112459
208.827 0.289164 0.0111078
209.207 0.288731 0.0110705
209.586 0.273024 0.0104835
209.965 0.253072 0.0100613
210.344 0.239366 0.0096423
210.723 0.240816 0.00955265
211.102 0.24768 0.00952024
211.481 0.245174 0.00942197
211.86 0.244637 0.00931796
212.239 0.25044 0.00933259
212.618 0.249078 0.00917261
212.997 0.240649 0.00886899
213.376 0.230764 0.0086539
213.755 0.222542 0.00837898
214.134 0.212907 0.00808458
214.513 0.208593 0.00787271
214.891 0.223059 0.00808677
215.27 0.223046 0.00793451
215.649 0.224099 0.00788781
216.028 0.236484 0.00796292
216.406 0.22521 0.00768983
216.785 0.210909 0.00732059
217.164 0.192849 0.00693006
217.542 0.181744 0.00658652
217.921 0.174294 0.00636753
218.3 0.187093 0.00657383
218.678 0.193826 0.00658582
219.057 0.195939 0.00650373
219.435 0.197856 0.00642806
219.814 0.203939 0.00647803
220.192 0.203084 0.00636023
220.57 0.192486 0.00611946
220.949 0.174631 0.00573093
221.327 0.159278 0.0053822
221.705 0.160054 0.00534007
222.084 0.153811 0.0051213
222.462 0.159743 0.00515696
222.84 0.166204 0.00521679
223.218 0.175207 0.00522284
223.597 0.178975 0.00522538
223.975 0.183168 0.00519106
224.353 0.174115 0.00500557
224.731 0.164321 0.00478438
225.109 0.14948 0.00447105
225.487 0.137875 0.00423294
225.865 0.125032 0.00396933
226.243 0.129245 0.00398441
226.621 0.138111 0.00406456
226.999 0.139702 0.00400416
227.377 0.152603 0.00414433
227.755 0.161974 0.00421398
228.133 0.163745 0.00418315
228.511 0.160863 0.00409682
228.889 0.154489 0.00393806
229.266 0.139636 0.00370845
229.644 0.121615 0.00339275
230.022 0.1152 0.00325931
230.4 0.105287 0.00308656
230.777 0.11 0.00312487
231.155 0.114318 0.0031442
231.533 0.12262 0.00321026
231.91 0.135419 0.00332797
232.288 0.145688 0.00341914
232.665 0.151473 0.00344149
233.043 0.145808 0.00334465
233.42 0.136281 0.00318983
233.798 0.128616 0.00307616
234.175 0.113122 0.00284736
234.553 0.101444 0.00266768
234.93 0.0946847 0.00255145
235.307 0.0928349 0.00250594
235.685 0.0971593 0.00254271
236.062 0.105915 0.0026238
236.439 0.115373 0.0027249
236.816 0.126198 0.00281501
237.194 0.135107 0.00288184
237.571 0.138637 0.00289383
237.948 0.136812 0.00285953
238.325 0.128116 0.00273654
238.702 0.117183 0.00260171
239.079 0.102976 0.00241471
239.456 0.0932544 0.00228255
239.833 0.0852145 0.00216787
240.21 0.0837531 0.00212934
240.587 0.0889435 0.00218417
240.964 0.095474 0.00224447
241.341 0.10377 0.00232019
241.718 0.118315 0.00245401
242.095 0.129125 0.0025629
242.472 0.133463 0.00258494
242.849 0.13448 0.0025754
243.225 0.128155 0.00249219
243.602 0.121429 0.00241369
243.979 0.109397 0.00228308
244.356 0.0970493 0.00214155
244.732 0.0867663 0.0020043
245.109 0.080074 0.00191197
245.486 0.0809425 0.00191963
245.862 0.0833099 0.00193789
246.239 0.0889662 0.00198218
246.615 0.102248 0.00212114
246.992 0.112148 0.00220519
247.368 0.124643 0.00232478
247.745 0.130775 0.0023612
248.121 0.135057 0.00238318
248.497 0.132877 0.00236005
248.874 0.125145 0.00227648
249.25 0.11502 0.00216324
249.626 0.102318 0.00203693
250.003 0.0922699 0.00192298
250.379 0.0805007 0.00177867
250.755 0.0762417 0.00173248
251.131 0.0763627 0.00172168
251.507 0.0813749 0.00177492
251.884 0.0910823 0.00186491
252.26 0.101747 0.00197157
252.636 0.113935 0.00206733
253.012 0.12632 0.00216885
253.388 0.134167 0.00222847
253.764 0.136448 0.00223814
254.14 0.131982 0.00219597
254.516 0.127939 0.00215913
254.892 0.116315 0.0020483
255.268 0.105326 0.00194706
255.643 0.0933759 0.00182559
256.019 0.0833165 0.00172317
256.395 0.0777894 0.00166156
256.771 0.0731956 0.00160001
257.147 0.076156 0.00163019
257.522 0.0822722 0.0016917
257.898 0.093131 0.00179692
258.274 0.106419 0.00191587
258.649 0.118872 0.00202363
259.025 0.127951 0.00208796
259.4 0.134419 0.00213892
259.776 0.138016 0.00216066
260.151 0.136539 0.00215629
260.527 0.129988 0.00209455
260.902 0.118399 0.00199356
261.278 0.107659 0.00189698
261.653 0.0961616 0.00179278
262.028 0.0851619 0.00168875
262.404 0.0757707 0.00158562
262.779 0.0721902 0.00154382
263.154 0.0722552 0.0015418
263.53 0.0768722 0.00158595
263.905 0.0859151 0.0016799
264.28 0.0978742 0.00179208
264.655 0.108863 0.00188451
265.03 0.122024 0.00200134
265.405 0.130656 0.00206402
265.781 0.136655 0.00211337
266.156 0.138443 0.00212487
266.531 0.134508 0.0020834
266.906 0.12893 0.00205101
267.281 0.120219 0.00197071
267.655 0.108274 0.00187724
268.03 0.0971807 0.00177946
268.405 0.0845871 0.00165796
268.78 0.0752475 0.00156371
269.155 0.0704412 0.00150958
269.53 0.0698169 0.00150806
269.904 0.0737938 0.00154867
270.279 0.0795135 0.00160859
270.654 0.0882803 0.00169013
271.029 0.10048 0.00180654
271.403 0.111427 0.00189703
271.778 0.121684 0.00198806
272.152 0.128506 0.00204497
272.527 0.135547 0.00209841
272.901 0.136954 0.00210101
273.276 0.132756 0.00206385
273.65 0.12698 0.0020248
274.025 0.116398 0.00193356
274.399 0.106814 0.00186112
274.774 0.0956673 0.00175726
275.148 0.0824169 0.00162587
275.522 0.0748404 0.00155349
275.897 0.0672065 0.00147133
276.271 0.0658083 0.0014574
276.645 0.065891 0.00145409
277.019 0.070068 0.00149541
277.393 0.0772981 0.00156643
277.768 0.086226 0.00166225
278.142 0.097363 0.00176456
278.516 0.106894 0.00185218
278.89 0.116967 0.00193365
279.264 0.124267 0.00199948
279.638 0.128312 0.00202193
280.012 0.128149 0.00202419
280.386 0.128441 0.0020371
280.76 0.121498 0.00197374
281.133 0.114616 0.00192054
281.507 0.104716 0.00183425
281.881 0.0941074 0.00173489
282.255 0.0829871 0.00163144
282.629 0.0742538 0.00154769
283.002 0.0662486 0.00146268
283.376 0.0619769 0.00141086
283.75 0.059428 0.00138624
284.123 0.0599531 0.00138749
284.497 0.0627722 0.00142232
284.87 0.0697883 0.00150124
285.244 0.0787938 0.00159223
285.618 0.0894265 0.00170061
285.991 0.0988818 0.00179581
286.364 0.107507 0.0018718
286.738 0.112431 0.00191383
287.111 0.118381 0.00196465
287.485 0.121765 0.00199366
287.858 0.120485 0.00199056
288.231 0.116538 0.00195424
288.605 0.111813 0.00191947
288.978 0.105033 0.0018564
289.351 0.0962574 0.0017864
289.724 0.0870744 0.00169899
290.097 0.0776652 0.00160649
290.47 0.0704297 0.00153477
290.843 0.0630236 0.00145132
291.217 0.0573005 0.00138413
291.59 0.055088 0.00136655
291.963 0.0548264 0.00136029
292.336 0.0567896 0.00138886
292.708 0.0611523 0.00144396
293.081 0.0679802 0.00152945
293.454 0.0743988 0.00159298
293.827 0.082621 0.00168368
294.2 0.0914447 0.00178286
294.573 0.0995207 0.00185399
294.945 0.105391 0.00191916
295.318 0.112503 0.00198209
295.691 0.116055 0.00201804
296.064 0.116356 0.00202436
296.436 0.117134 0.00202969
296.809 0.115024 0.00200591
297.181 0.109701 0.00196947
297.554 0.104483 0.00192499
297.926 0.0974135 0.0018602
298.299 0.0894675 0.00178462
298.671 0.0816186 0.00169712
299.044 0.0728412 0.00161206
299.416 0.0681577 0.00156173
299.788 0.0621723 0.00148926
300.161 0.0600096 0.00146957
300.533 0.0588504 0.00145328
300.905 0.0590797 0.00145056
301.278 0.0609651 0.00147663
301.65 0.0667656 0.00154354
302.022 0.0739429 0.00162793
302.394 0.0836005 0.00173378
302.766 0.0942179 0.00183799
303.138 0.106511 0.0019619
303.51 0.116487 0.00204637
303.882 0.12712 0.00213505
304.254 0.137569 0.00222543
304.626 0.144179 0.00227142
304.998 0.149764 0.00231431
305.37 0.155459 0.00237108
305.742 0.154868 0.0023577
306.114 0.154754 0.00235582
306.485 0.151208 0.00232919
306.857 0.14473 0.00227712
307.229 0.139297 0.00224178
307.601 0.128729 0.00215447
307.972 0.120081 0.00207871
308.344 0.112791 0.00201209
308.716 0.106936 0.00196726
309.087 0.10144 0.00191363
309.459 0.0971644 0.0018757
309.83 0.0981874 0.0018858
310.202 0.102348 0.00192221
310.573 0.110395 0.00199751
310.945 0.121411 0.00209336
311.316 0.134702 0.0022155
311.687 0.150819 0.0023349
312.059 0.172209 0.00250375
312.43 0.190881 0.0026312
312.801 0.213925 0.00279533
313.172 0.234434 0.00292805
313.544 0.248768 0.00301936
313.915 0.262367 0.00308107
314.286 0.275886 0.00317317
314.657 0.28495 0.00321774
315.028 0.288729 0.00324584
315.399 0.287541 0.00323808
315.77 0.28829 0.00323771
316.141 0.280438 0.00320661
316.512 0.273898 0.00316852
316.883 0.268271 0.00314214
317.254 0.254033 0.00305454
317.625 0.249746 0.00304732
317.996 0.24024 0.00297239
318.366 0.236014 0.00295345
318.737 0.232588 0.00292898
319.108 0.237463 0.00296974
319.478 0.244774 0.00301611
319.849 0.257595 0.00309263
320.22 0.273181 0.00318794
320.59 0.295553 0.00331402
320.961 0.318997 0.00344886
321.331 0.347129 0.0035982
321.702 0.372587 0.00374669
322.072 0.4015 0.00390111
322.443 0.425549 0.00400829
322.813 0.445862 0.00409523
323.184 0.465893 0.00419795
323.554 0.480235 0.00427561
323.924 0.492369 0.00432705
324.295 0.501563 0.00438846
324.665 0.508566 0.0044222
325.035 0.507131 0.00441019
325.405 0.507714 0.00443087
325.775 0.505516 0.00444277
326.145 0.495127 0.00439267
326.515 0.48383 0.00435029
326.886 0.482809 0.00436766
327.256 0.47353 0.00432961
327.626 0.471222 0.00434575
327.995 0.464398 0.00432481
328.365 0.462404 0.00432155
328.735 0.465771 0.00435905
329.105 0.475516 0.00445213
329.475 0.486393 0.00453813
329.845 0.501381 0.00467415
330.215 0.517061 0.00472888
330.584 0.537228 0.00477376
330.954 0.557054 0.00474616
331.324 0.572602 0.00467648
331.693 0.598051 0.00469725
332.063 0.621968 0.00473866
332.432 0.649832 0.00481867
332.802 0.670675 0.00493552
333.171 0.684403 0.00505121
333.541 0.694605 0.00518365
333.91 0.702152 0.00523821
334.28 0.709079 0.00529414
334.649 0.710526 0.0053149
335.018 0.714609 0.00534832
335.388 0.716195 0.00537154
335.757 0.706955 0.00533753
336.126 0.704172 0.00534616
336.495 0.69947 0.00531027
336.865 0.691999 0.0053037
337.234 0.68994 0.00532575
337.603 0.681686 0.00528301
337.972 0.678076 0.00528113
338.341 0.67142 0.00524655
338.71 0.671287 0.00524246
339.079 0.674182 0.0052728
339.448 0.681293 0.00529217
339.817 0.694494 0.00535641
340.186 0.70002 0.00538108
340.554 0.709563 0.00541053
340.923 0.728195 0.00549257
341.292 0.736991 0.00553085
341.661 0.754911 0.0056047
342.029 0.770584 0.00565279
342.398 0.781498 0.00570032
342.767 0.793796 0.00576709
343.135 0.807392 0.00581192
343.504 0.817781 0.00586742
343.872 0.823873 0.00586733
344.241 0.831277 0.00590743
344.609 0.840436 0.00596349
344.978 0.841813 0.00596234
345.346 0.839442 0.00593155
345.715 0.840149 0.00595699
346.083 0.837449 0.00596067
346.451 0.836114 0.00594646
346.82 0.834181 0.00595948
347.188 0.824341 0.00591303
347.556 0.823564 0.00594073
347.924 0.819108 0.00591747
348.292 0.808917 0.00589391
348.66 0.805125 0.0058749
349.028 0.803138 0.00587502
349.396 0.797074 0.00587587
349.764 0.79756 0.00587025
350.132 0.791629 0.00584537
350.5 0.793801 0.00586295
350.868 0.80167 0.00590263
351.236 0.805968 0.00591372
351.604 0.815079 0.00597017
351.972 0.823872 0.00600909
352.34 0.83032 0.00604133
352.707 0.846024 0.00610087
353.075 0.848151 0.00611015
353.443 0.859425 0.00616465
353.81 0.865145 0.0062005
354.178 0.873849 0.00623512
354.545 0.875824 0.00622687
354.913 0.886826 0.00629251
355.28 0.890002 0.00630463
355.648 0.892925 0.00630162
356.015 0.898887 0.00633369
356.383 0.898488 0.00632505
356.75 0.894623 0.00632753
357.117 0.893025 0.00632537
357.485 0.891211 0.00632338
357.852 0.893535 0.00637535
358.219 0.888289 0.00632505
358.586 0.877921 0.00628698
358.954 0.881976 0.00632797
359.321 0.868253 0.00626337
359.688 0.867832 0.00629268
360.055 0.85994 0.00625509
360.422 0.862153 0.00627221
360.789 0.849591 0.00623708
361.156 0.844307 0.00621217
361.523 0.847362 0.00624859
361.89 0.839369 0.00621151
362.256 0.836547 0.00617625
362.623 0.846869 0.00627613
362.99 0.843598 0.00623401
363.357 0.845015 0.00626473
363.724 0.853092 0.0062973
364.09 0.853242 0.00628517
364.457 0.870713 0.0063966
364.823 0.872515 0.00636208
365.19 0.875537 0.00638257
365.557 0.887067 0.00641449
365.923 0.89613 0.00646854
366.29 0.897422 0.00649355
366.656 0.899774 0.0064753
367.022 0.900445 0.00646963
367.389 0.904487 0.00651317
367.755 0.911124 0.00656814
368.121 0.906274 0.00654798
368.488 0.909333 0.00655016
368.854 0.910151 0.00657798
369.22 0.908964 0.00660467
369.586 0.905224 0.00661351
369.952 0.902769 0.0066189
370.318 0.891948 0.00658223
370.684 0.896459 0.00661809
371.051 0.892444 0.00660508
371.416 0.888149 0.00662989
371.782 0.884242 0.00659551
372.148 0.875692 0.00657706
372.514 0.869719 0.00656867
372.88 0.866773 0.0065768
373.246 0.857878 0.00653695
373.612 0.855954 0.00652655
373.977 0.847622 0.00648005
374.343 0.844721 0.00644851
374.709 0.83857 0.00640414
375.074 0.830419 0.00639202
375.44 0.83755 0.00644691
375.806 0.846027 0.00651521
376.171 0.839878 0.00645867
376.537 0.847172 0.00648073
376.902 0.851904 0.00651024
377.268 0.85723 0.00650375
377.633 0.858937 0.00649828
377.998 0.864132 0.00649295
378.364 0.877625 0.00651515
378.729 0.88215 0.00654292
379.094 0.885938 0.00658564
379.459 0.889619 0.00668772
379.825 0.890228 0.00666036
380.19 0.885068 0.00665133
380.555 0.894158 0.00673237
380.92 0.900636 0.00684115
381.285 0.893689 0.00680182
381.65 0.888624 0.00672974
382.015 0.892772 0.00675536
382.38 0.894759 0.00678915
382.745 0.889354 0.00681012
383.11 0.885817 0.00681494
383.474 0.877048 0.0067611
383.839 0.87493 0.00676511
384.204 0.873091 0.0067798
384.569 0.86587 0.00675997
384.933 0.863472 0.00677025
385.298 0.849145 0.00672431
385.663 0.839749 0.00666804
386.027 0.830179 0.00661623
386.392 0.826536 0.00657352
386.756 0.815675 0.00649735
387.121 0.816735 0.00649971
387.485 0.809425 0.00645067
387.849 0.80902 0.00641887
388.214 0.807357 0.00648341
388.578 0.806898 0.00651417
388.942 0.796504 0.00650504
389.307 0.799448 0.00651111
389.671 0.804429 0.00655541
390.035 0.804465 0.0065257
390.399 0.806996 0.00652062
390.763 0.808572 0.00648849
391.127 0.816346 0.0064961
391.492 0.824011 0.00643677
391.856 0.82995 0.00638546
392.219 0.838019 0.00636856
392.583 0.844821 0.00643077
392.947 0.851925 0.0065971
393.311 0.84777 0.00664172
393.675 0.853367 0.00668369
394.039 0.861288 0.00675622
394.403 0.861343 0.00675979
394.766 0.852922 0.00674495
395.13 0.856896 0.00677853
395.494 0.852652 0.00675903
395.857 0.849279 0.00671619
396.221 0.848028 0.00668085
396.584 0.846014 0.00662293
396.948 0.840514 0.0065301
397.311 0.835517 0.00641478
397.675 0.835324 0.00637939
398.038 0.826607 0.0063491
398.401 0.817657 0.0064044
398.765 0.812473 0.00648279
399.128 0.806135 0.00654971
399.491 0.798056 0.00656638
399.854 0.784446 0.00651942
400.218 0.777809 0.00651066
400.581 0.766668 0.00648228
400.944 0.755324 0.00646565
401.307 0.748029 0.00651179
401.67 0.746147 0.00648469
402.033 0.736706 0.00646233
402.396 0.732466 0.00644729
402.759 0.736252 0.00647181
403.122 0.728308 0.00640539
403.485 0.730011 0.00641123
403.847 0.727464 0.00634678
404.21 0.733393 0.00633966
404.573 0.74541 0.00638442
404.936 0.740794 0.00633326
405.298 0.749444 0.00644006
405.661 0.753504 0.00654801
406.023 0.763657 0.00668545
406.386 0.766379 0.00672106
406.749 0.777094 0.00679884
407.111 0.777828 0.00679332
407.473 0.778828 0.00668892
407.836 0.797027 0.00675675
408.198 0.795823 0.00671053
408.561 0.800182 0.00674825
408.923 0.805755 0.0067817
409.285 0.803137 0.00678318
409.647 0.805001 0.00685056
410.009 0.806517 0.00692186
410.372 0.802627 0.00689509
410.734 0.793294 0.00688935
411.096 0.7954 0.00688638
411.458 0.793523 0.0068766
411.82 0.782246 0.00678276
412.182 0.771405 0.00668448
412.544 0.772132 0.00670259
412.906 0.763745 0.00665429
413.267 0.759703 0.00666039
413.629 0.745301 0.00664888
413.991 0.740925 0.00666049
414.353 0.731716 0.0066372
414.714 0.724265 0.00667288
415.076 0.711094 0.0065955
415.438 0.702779 0.00654968
415.799 0.69051 0.00646635
416.161 0.682133 0.00648337
416.522 0.674435 0.00647321
416.884 0.670955 0.0064605
417.245 0.667973 0.00646992
417.607 0.66608 0.00644481
417.968 0.658147 0.0063991
418.329 0.662935 0.0064143
418.691 0.665842 0.00642621
419.052 0.666332 0.0064241
419.413 0.667479 0.00637178
419.774 0.675902 0.00639191
420.135 0.675903 0.00624961
420.497 0.685909 0.00619635
420.858 0.696882 0.00615956
421.219 0.709324 0.00623528
421.58 0.713 0.00633112
421.941 0.734729 0.00653972
422.302 0.734773 0.00662763
422.662 0.741126 0.00668486
423.023 0.74288 0.0067223
423.384 0.746355 0.00676059
423.745 0.750292 0.0067375
424.106 0.758259 0.00676937
424.466 0.765885 0.00679009
424.827 0.765933 0.00688404
425.187 0.764993 0.00696687
425.548 0.764068 0.00702844
425.909 0.764753 0.00706877
426.269 0.761288 0.00700301
426.63 0.751095 0.00690881
426.99 0.757191 0.00687985
427.35 0.750033 0.00687782
427.711 0.736782 0.00676848
428.071 0.727264 0.00666832
428.431 0.723863 0.00652561
428.792 0.714241 0.00626025
429.152 0.71391 0.00608675
429.512 0.706334 0.00604302
429.872 0.697878 0.00604843
430.232 0.693848 0.00613744
430.592 0.691307 0.00630003
430.952 0.680929 0.00643718
431.312 0.676052 0.00657365
431.672 0.659535 0.00656762
432.032 0.649827 0.0064992
432.392 0.644431 0.00638463
432.752 0.637168 0.00603623
433.111 0.635086 0.00589179
433.471 0.645009 0.00603055
433.831 0.63762 0.00623074
434.19 0.64072 0.00624668
434.55 0.643497 0.00625907
434.91 0.650356 0.00636574
435.269 0.648158 0.00626744
435.629 0.658519 0.00630342
435.988 0.660204 0.00628446
436.348 0.673346 0.00644377
436.707 0.687658 0.00661097
437.066 0.689153 0.00661455
437.426 0.694679 0.00656219
437.785 0.708978 0.0066108
438.144 0.719444 0.00665112
438.503 0.730027 0.00678826
438.862 0.731981 0.00680994
439.222 0.744996 0.00692504
439.581 0.747903 0.00696832
439.94 0.751996 0.00688946
440.299 0.751951 0.00665702
440.658 0.764555 0.00654173
441.017 0.770811 0.00657056
441.376 0.781561 0.00669344
441.734 0.776648 0.0067409
442.093 0.767377 0.00669763
442.452 0.767699 0.00665093
442.811 0.77602 0.00665749
443.169 0.769564 0.00662725
443.528 0.777556 0.00679974
443.887 0.767307 0.0067591
444.245 0.76728 0.00678859
444.604 0.761501 0.00681927
444.962 0.749528 0.00679764
445.321 0.74993 0.0068058
445.679 0.744104 0.00674369
446.038 0.73952 0.00669834
446.396 0.73081 0.00675051
446.754 0.728415 0.00683165
447.112 0.721011 0.00683122
447.471 0.71326 0.00680219
447.829 0.705125 0.00679866
448.187 0.695438 0.0067398
448.545 0.694957 0.00671686
448.903 0.689838 0.0067094
449.261 0.687249 0.00671628
449.619 0.689562 0.00679128
449.977 0.684033 0.00679695
450.335 0.680669 0.0068545
450.693 0.67868 0.00686143
451.051 0.679267 0.0068508
451.409 0.681234 0.00688761
451.766 0.689981 0.00694053
452.124 0.689884 0.0070374
452.482 0.692533 0.00712075
452.839 0.699008 0.00723385
453.197 0.699237 0.00724781
453.555 0.708322 0.0073249
453.912 0.719489 0.00736303
454.27 0.722489 0.00726197
454.627 0.733082 0.00722858
454.984 0.738999 0.00727484
455.342 0.751672 0.00744944
455.699 0.763525 0.00759172
456.056 0.760415 0.00753127
456.414 0.776573 0.00754282
456.771 0.774298 0.00739404
457.128 0.782174 0.00740312
457.485 0.795161 0.00743845
457.842 0.806176 0.00753614
458.199 0.803261 0.0075138
458.556 0.803946 0.00744449
458.913 0.812904 0.00748616
459.27 0.821473 0.00748288
459.627 0.819488 0.00758257
459.984 0.816638 0.00751418
460.341 0.821387 0.00752631
460.697 0.820044 0.00760975
461.054 0.825945 0.00786206
461.411 0.819174 0.00799106
461.767 0.820594 0.0080923
462.124 0.812034 0.00802985
462.481 0.815388 0.00795018
462.837 0.808656 0.0077944
463.194 0.808181 0.00762902
463.55 0.81063 0.00768969
463.907 0.799993 0.00743853
464.263 0.79629 0.00731913
464.619 0.79852 0.00719062
464.976 0.79197 0.0070619
465.332 0.787048 0.00703817
465.688 0.79363 0.00728442
466.044 0.783861 0.00749936
466.4 0.777933 0.00758719
466.756 0.769203 0.007594
467.112 0.767621 0.00758612
467.468 0.765372 0.00756381
467.824 0.767783 0.00765342
468.18 0.75766 0.0077021
468.536 0.752168 0.00768055
468.892 0.751177 0.00779794
469.248 0.749073 0.00782155
469.604 0.746083 0.00785287
469.959 0.742979 0.00783374
470.315 0.743178 0.00783057
470.671 0.740803 0.00781024
471.026 0.737925 0.00772927
471.382 0.746323 0.00769875
471.737 0.754022 0.0076761
472.093 0.751495 0.00754368
472.448 0.751943 0.00740108
472.804 0.760186 0.00737807
473.159 0.765178 0.00734149
473.514 0.778077 0.00744074
473.87 0.774461 0.00731766
474.225 0.773982 0.00710635
474.58 0.791977 0.00704675
474.935 0.806662 0.00717227
475.29 0.810934 0.0072882
475.645 0.815289 0.00731515
476 0.818982 0.00734114
476.355 0.823549 0.00742786
476.71 0.820846 0.00741131
477.065 0.828801 0.0072302
477.42 0.841271 0.00718832
477.775 0.845919 0.00721684
478.13 0.851744 0.00730678
478.485 0.852264 0.00725606
478.839 0.85295 0.00717214
479.194 0.853145 0.00698914
479.549 0.863087 0.00694353
479.903 0.868924 0.00698555
480.258 0.862085 0.00701276
480.612 0.865842 0.00693637
480.967 0.863701 0.00676761
481.321 0.876851 0.00684079
481.675 0.872555 0.00695548
482.03 0.865247 0.00704847
482.384 0.866622 0.00708369
482.738 0.867444 0.00701948
483.093 0.863296 0.00695153
483.447 0.857091 0.00677607
483.801 0.857429 0.0065658
484.155 0.858311 0.00648535
484.509 0.779488 0.00538171
484.863 0.807977 0.00373454
485.217 0.847652 0.00347651
485.571 0.88652 0.00364716
485.925 0.90203 0.0046864
486.279 0.864702 0.00532053
486.632 0.859223 0.00573628
486.986 0.859915 0.00620323
487.34 0.840126 0.00654536
487.694 0.835928 0.00671124
488.047 0.824408 0.00670252
488.401 0.828283 0.00672678
488.754 0.81995 0.00673535
489.108 0.823896 0.00686172
489.461 0.808955 0.00683214
489.815 0.812057 0.00691663
490.168 0.811398 0.00683755
490.522 0.803552 0.00677546
490.875 0.800771 0.0067739
491.228 0.801713 0.00682449
491.581 0.798458 0.0067639
491.935 0.803609 0.00681077
492.288 0.80141 0.00682947
492.641 0.802623 0.00678617
492.994 0.80022 0.00677093
493.347 0.797353 0.00666494
493.7 0.801316 0.00668658
494.053 0.806781 0.00673231
494.406 0.810675 0.00685768
494.759 0.812116 0.00700372
495.111 0.810319 0.00677751
495.464 0.810963 0.00648263
495.817 0.820905 0.00640443
496.169 0.834257 0.00663748
496.522 0.84302 0.00697345
496.875 0.83959 0.00719167
497.227 0.848288 0.00730025
497.58 0.844047 0.00726928
497.932 0.85504 0.00723057
498.285 0.849263 0.00714032
498.637 0.851645 0.00697225
498.989 0.865315 0.00694973
499.342 0.87666 0.00704701
499.694 0.882259 0.00722578
500.046 0.873427 0.00725125
500.398 0.878193 0.00709296
500.751 0.889647 0.00707395
501.103 0.882333 0.00702235
501.455 0.891207 0.00706841
501.807 0.899578 0.00711219
502.159 0.900537 0.00711983
502.511 0.895195 0.00708105
502.862 0.904844 0.00714978
503.214 0.904345 0.00724551
503.566 0.905027 0.00739516
503.918 0.902339 0.00746407
504.27 0.907416 0.00747711
504.621 0.912283 0.00751544
504.973 0.908199 0.0075409
505.324 0.902686 0.00746942
505.676 0.90546 0.00735055
506.027 0.913756 0.00740408
506.379 0.902383 0.00760306
506.73 0.897196 0.00769677
507.082 0.901123 0.00765885
507.433 0.896066 0.00749588
507.784 0.893025 0.00742059
508.136 0.900192 0.0075803
508.487 0.901484 0.00766359
508.838 0.89208 0.00769499
509.189 0.891266 0.00768303
509.54 0.88563 0.00755632
509.891 0.885722 0.00764413
510.242 0.880173 0.00762865
510.593 0.881652 0.00768364
510.944 0.876849 0.00770551
511.295 0.881596 0.00788725
511.646 0.875014 0.00794477
511.996 0.867022 0.00782694
512.347 0.865093 0.00775941
512.698 0.865384 0.00778637
513.049 0.867712 0.00784486
513.399 0.856941 0.00783218
513.75 0.857591 0.00781173
514.1 0.861897 0.0079799
514.451 0.851246 0.00809535
514.801 0.844484 0.00802772
515.152 0.846932 0.00796829
515.502 0.842215 0.00782291
515.852 0.845727 0.00779713
516.202 0.842573 0.00777214
516.553 0.847891 0.00791061
516.903 0.841195 0.00799948
517.253 0.852307 0.00817362
517.603 0.838242 0.00810442
517.953 0.843242 0.00808905
518.303 0.842027 0.0078935
518.653 0.849111 0.00786169
519.003 0.845852 0.00790685
519.353 0.858517 0.00825075
519.703 0.856051 0.00841361
520.052 0.849987 0.00842675
520.402 0.856681 0.00841327
520.752 0.865657 0.00836044
521.102 0.875723 0.00854519
521.451 0.875447 0.00860467
521.801 0.876389 0.00858468
522.15 0.869485 0.00840909
522.5 0.880668 0.00844926
522.849 0.88053 0.00842206
523.199 0.884587 0.00836171
523.548 0.882895 0.00827339
523.897 0.897417 0.0084376
524.246 0.900759 0.008594
524.596 0.90244 0.00872376
524.945 0.903802 0.00867944
525.294 0.907916 0.00869817
525.643 0.907521 0.0086769
525.992 0.913372 0.00868996
526.341 0.910887 0.00862401
526.69 0.921726 0.00874346
527.039 0.926657 0.00885225
527.388 0.919125 0.00887788
527.737 0.913369 0.00858076
528.086 0.913294 0.00826472
528.434 0.921478 0.00814974
528.783 0.936814 0.00844182
529.132 0.937473 0.00860553
529.48 0.930531 0.00868392
529.829 0.932905 0.0087429
530.177 0.940322 0.00886767
530.526 0.927547 0.00882888
530.874 0.927856 0.00874617
531.223 0.926011 0.00872485
531.571 0.940249 0.00886738
531.919 0.917781 0.0086747
532.268 0.912925 0.00838752
532.616 0.921165 0.00815596
532.964 0.928271 0.00806591
533.312 0.918811 0.00802886
533.66 0.923231 0.00808446
534.008 0.920307 0.00805328
534.356 0.92248 0.00806811
534.704 0.929958 0.00817437
535.052 0.929426 0.00828194
535.4 0.927204 0.00844689
535.748 0.918559 0.00860759
536.095 0.911 0.00878928
536.443 0.908038 0.00878592
536.791 0.902915 0.0085758
537.139 0.899086 0.00836056
537.486 0.899899 0.00817089
537.834 0.902513 0.00813939
538.181 0.897978 0.00807231
538.529 0.898744 0.00812124
538.876 0.893392 0.00807603
539.223 0.897946 0.0082335
539.571 0.903066 0.00843357
539.918 0.886887 0.00832806
540.265 0.887566 0.00816699
540.613 0.879644 0.00799063
540.96 0.88819 0.00812878
541.307 0.877564 0.00809474
541.654 0.873747 0.0080751
542.001 0.878095 0.00812036
542.348 0.877463 0.00811592
542.695 0.871228 0.00809726
543.042 0.869305 0.00796419
543.388 0.865538 0.00784642
543.735 0.865855 0.00783696
544.082 0.869424 0.00784114
544.429 0.873778 0.00789693
544.775 0.875623 0.00807935
545.122 0.876893 0.00832493
545.469 0.866006 0.00840835
545.815 0.865215 0.00835587
546.162 0.863117 0.00827932
546.508 0.862759 0.00810765
546.854 0.860422 0.00779657
547.201 0.864822 0.00753029
547.547 0.881587 0.00758092
547.893 0.892399 0.0077985
548.24 0.901124 0.00825623
548.586 0.890404 0.00854827
548.932 0.892071 0.00868356
549.278 0.883586 0.0086483
549.624 0.901901 0.00869079
549.97 0.895286 0.0087399
550.316 0.900108 0.00893837
550.662 0.903764 0.00904865
551.008 0.884904 0.0084905
551.353 0.90201 0.00811418
551.699 0.913031 0.00798302
552.045 0.931516 0.00828057
552.391 0.917234 0.00838713
552.736 0.918865 0.00843292
553.082 0.920055 0.00845076
553.427 0.934509 0.00866742
553.773 0.931844 0.00894161
554.118 0.915061 0.00886128
554.464 0.926085 0.00868575
554.809 0.914912 0.00829033
555.154 0.93482 0.00826717
555.5 0.943179 0.00832288
555.845 0.955185 0.00870134
556.19 0.947733 0.0089025
556.535 0.946271 0.00909539
556.88 0.945127 0.00894331
557.225 0.950238 0.00893422
557.57 0.952888 0.00912126
557.915 0.950996 0.00935924
558.26 0.950472 0.00947198
558.605 0.948533 0.00942875
558.95 0.935286 0.00915622
559.295 0.928801 0.00863783
559.639 0.932315 0.00832843
559.984 0.935169 0.00802238
560.329 0.944958 0.00803447
560.673 0.949466 0.00808157
561.018 0.9488 0.00831582
561.362 0.954912 0.00856495
561.707 0.95563 0.00878296
562.051 0.940673 0.00860773
562.395 0.935905 0.00847248
562.74 0.942045 0.00833155
563.084 0.936206 0.00820306
563.428 0.936459 0.00803286
563.772 0.945457 0.00810877
564.117 0.937889 0.00801718
564.461 0.936922 0.0079877
564.805 0.930934 0.00803149
565.149 0.938033 0.00802487
565.493 0.931875 0.00801075
565.836 0.928831 0.00784401
566.18 0.924498 0.00771133
566.524 0.909599 0.00713274
566.868 0.921646 0.0069873
567.212 0.926859 0.00688777
567.555 0.915102 0.00675746
567.899 0.913816 0.00643982
568.242 0.911799 0.00617004
568.586 0.901292 0.00574052
568.929 0.894148 0.00535197
569.273 0.903022 0.00508507
569.616 0.91969 0.00513903
569.96 0.904473 0.0049934
570.303 0.902626 0.00483329
570.646 0.904558 0.00477837
570.989 0.898781 0.00461557
571.333 0.908381 0.00469791
571.676 0.914057 0.0048887
572.019 0.905199 0.00526059
572.362 0.879339 0.00489225
572.705 0.872195 0.00452229
573.048 0.884154 0.00433392
573.391 0.881704 0.00418669
573.733 0.888921 0.0041454
574.076 0.888036 0.00409753
574.419 0.90012 0.00425105
574.762 0.8998 0.00447675
575.104 0.906729 0.00481057
575.447 0.869526 0.00464724
575.789 0.863396 0.0043528
576.132 0.880595 0.00415293
576.474 0.872472 0.00408747
576.817 0.869669 0.00377509
577.159 0.874305 0.00357883
577.501 0.900191 0.00366009
577.844 0.913185 0.00394544
578.186 0.912218 0.00442314
578.528 0.891905 0.00455225
578.87 0.89547 0.00458125
579.212 0.878755 0.00438692
579.554 0.894927 0.00428564
579.896 0.895719 0.00431365
580.238 0.871595 0.00400987
580.58 0.878562 0.00353719
580.922 0.904429 0.00344917
581.264 0.904385 0.003449
581.606 0.927846 0.00364726
581.947 0.92875 0.00387332
582.289 0.944656 0.00433992
582.631 0.942192 0.0048076
582.972 0.931195 0.00509997
583.314 0.920722 0.0050153
583.655 0.908763 0.0048167
583.997 0.90123 0.00437847
584.338 0.912041 0.0040968
584.679 0.923197 0.00395467
585.021 0.952556 0.00412749
585.362 0.956035 0.00444307
585.703 0.962495 0.00479499
586.044 0.930387 0.00473191
586.385 0.930622 0.00447819
586.726 0.940214 0.00429908
587.067 0.964377 0.00452484
587.408 0.962965 0.00478078
587.749 0.963837 0.00500972
588.09 0.964281 0.00521974
588.431 0.975878 0.00556382
588.772 0.95415 0.00572175
589.113 0.950024 0.00561078
589.453 0.954352 0.00559305
589.794 0.972216 0.00583847
590.134 0.970212 0.00614366
590.475 0.957687 0.00624574
590.815 0.950455 0.00616454
591.156 0.968225 0.00623076
591.496 0.93176 0.00592597
591.837 0.926759 0.00508431
592.177 0.938681 0.00464821
592.517 0.961524 0.00450403
592.857 0.977819 0.00478888
593.198 0.986677 0.00511824
593.538 0.984444 0.00563977
593.878 0.967106 0.00576852
594.218 0.942966 0.00551232
594.558 0.962908 0.00536326
594.898 0.973459 0.00554445
595.237 0.9843 0.00592088
595.577 0.973538 0.0062688
595.917 0.962891 0.00654579
596.257 0.945777 0.00621554
596.596 0.942774 0.00604969
596.936 0.970989 0.00603766
597.276 0.964256 0.00625189
597.615 0.938839 0.00605959
597.955 0.923626 0.00528604
598.294 0.944388 0.00501484
598.633 0.962434 0.0050793
598.973 0.953239 0.00524552
599.312 0.94207 0.00519879
599.651 0.955069 0.00527603
599.991 0.945607 0.0053645
600.33 0.950186 0.00546056
600.669 0.948278 0.00561143
601.008 0.954913 0.00582567
601.347 0.934695 0.00596009
601.686 0.931189 0.00577516
602.025 0.934669 0.00582455
602.364 0.922366 0.00549781
602.702 0.924743 0.00542591
603.041 0.934986 0.00549201
603.38 0.941539 0.00577485
603.719 0.940738 0.00603535
604.057 0.919514 0.00613457
604.396 0.915611 0.00611187
604.734 0.892298 0.00576253
605.073 0.914925 0.00539833
605.411 0.919556 0.00546451
605.75 0.931921 0.00570197
606.088 0.912246 0.00593677
606.426 0.90406 0.00576518
606.764 0.906564 0.0056938
607.103 0.924881 0.00593328
607.441 0.908283 0.00608274
607.779 0.910443 0.00623761
608.117 0.903847 0.00617246
608.455 0.9125 0.00646499
608.793 0.890215 0.00644713
609.131 0.882772 0.0059896
609.469 0.898214 0.00589597
609.806 0.9083 0.0060087
610.144 0.905366 0.0064701
610.482 0.890513 0.00648347
610.819 0.904674 0.00652051
611.157 0.899121 0.00653468
611.495 0.906841 0.00679268
611.832 0.892231 0.00675787
612.17 0.892393 0.00670932
612.507 0.894935 0.00664383
612.844 0.897504 0.00672325
613.182 0.896186 0.00673384
613.519 0.895952 0.0066915
613.856 0.902697 0.00669914
614.193 0.888275 0.00656161
614.53 0.894884 0.00644876
614.867 0.90976 0.0064951
615.205 0.919064 0.00685511
615.541 0.923399 0.00711957
615.878 0.907822 0.007359
616.215 0.908879 0.00728811
616.552 0.912961 0.0073791
616.889 0.907087 0.00718646
617.226 0.919947 0.00716299
617.562 0.933691 0.00744569
617.899 0.931943 0.00788796
618.235 0.937036 0.00831701
618.572 0.928802 0.00858716
618.908 0.917987 0.00824078
619.245 0.923882 0.00792979
619.581 0.928118 0.00780861
619.918 0.956232 0.00858445
620.254 0.959344 0.0096997
620.59 0.927652 0.00968172
620.926 0.919871 0.00898929
621.262 0.925301 0.00851503
621.599 0.946717 0.00865216
621.935 0.928309 0.00845979
622.271 0.934409 0.0081693
622.606 0.944352 0.0080352
622.942 0.962813 0.0083145
623.278 0.942623 0.00846667
623.614 0.931295 0.00802011
623.95 0.956671 0.0080961
624.285 0.959525 0.0082593
624.621 0.964026 0.0087284
624.957 0.955257 0.00895886
625.292 0.970986 0.00930545
625.628 0.962703 0.00954601
625.963 0.957406 0.00958291
626.299 0.958481 0.00939088
626.634 0.951039 0.00920759
626.969 0.970077 0.00947129
627.304 0.982501 0.010332
627.64 0.976068 0.0110459
627.975 0.943617 0.0106434
628.31 0.937806 0.0100296
628.645 0.963591 0.00993403
628.98 0.965369 0.0101617
629.315 0.962899 0.0103432
629.65 0.959379 0.0104066
629.985 0.961718 0.01039
630.319 0.972604 0.0109056
630.654 0.955873 0.0109346
630.989 0.964478 0.0109299
631.323 0.956456 0.0110729
631.658 0.98543 0.0116974
631.993 0.969398 0.0121042
632.327 0.964579 0.0121201
632.662 0.952367 0.0119779
632.996 0.95431 0.0117242
633.33 0.947342 0.0115083
633.665 0.963506 0.0120126
633.999 0.956935 0.0123352
634.333 0.949306 0.0122835
634.667 0.94808 0.012318
635.001 0.949394 0.0120262
635.335 0.931775 0.0114608
635.669 0.950668 0.0111468
636.003 0.963714 0.0113793
636.337 0.970237 0.0119884
636.671 0.966096 0.0125877
637.005 0.941704 0.0127653
637.339 0.940208 0.0126988
637.672 0.933008 0.0121882
638.006 0.94052 0.0119229
638.339 0.946246 0.0121335
638.673 0.948887 0.0125373
639.006 0.953705 0.0129639
639.34 0.935885 0.0128351
639.673 0.939085 0.0130405
640.007 0.944144 0.0130427
640.34 0.941254 0.0132499
640.673 0.939677 0.0133397
641.006 0.934709 0.0134999
641.34 0.932964 0.0136342
641.673 0.92547 0.0139036
642.006 0.919836 0.0141
642.339 0.915294 0.0138165
642.672 0.926179 0.0138129
643.004 0.914931 0.0138072
643.337 0.926439 0.0143413
643.67 0.909367 0.0142047
644.003 0.914171 0.0141026
644.336 0.905535 0.013977
644.668 0.900023 0.0139094
645.001 0.914199 0.0142609
645.333 0.922705 0.0146794
645.666 0.905232 0.0148397
645.998 0.918575 0.01529
646.331 0.904747 0.0154051
646.663 0.902828 0.0152304
646.995 0.882023 0.0141359
647.327 0.880805 0.0129726
647.66 0.888621 0.0123169
647.992 0.896812 0.0121845
648.324 0.900799 0.0121665
648.656 0.908231 0.0123864
648.988 0.912363 0.0129088
649.32 0.925388 0.0139066
649.652 0.907551 0.014418
649.983 0.914047 0.0147811
650.315 0.899348 0.0147562
650.647 0.883997 0.0142942
650.979 0.882772 0.0136327
651.31 0.886961 0.0131394
651.642 0.890986 0.0128735
651.973 0.901716 0.0129422
652.305 0.898592 0.0128707
652.636 0.90658 0.0131069
652.967 0.908705 0.0134188
653.299 0.901627 0.013678
653.63 0.889132 0.0134294
653.961 0.870534 0.0123442
654.292 0.779166 0.00896378
654.623 0.686412 0.00304948
654.955 0.897622 0.00342321
655.286 0.897567 0.003423
655.616 0.897511 0.00342278
655.947 0.897455 0.00342257
656.278 0.897397 0.00342235
656.609 0.982762 0.0037479
656.94 0.974345 0.00493813
657.27 0.965263 0.00576233
657.601 0.979585 0.00669532
657.932 0.989178 0.00804735
658.262 0.993857 0.0098261
658.593 0.973846 0.0116677
658.923 0.957023 0.0135244
659.254 0.950663 0.0148896
659.584 0.944108 0.0157543
659.914 0.938373 0.0164474
660.244 0.935836 0.0168353
660.575 0.914837 0.0165236
660.905 0.928223 0.0166688
661.235 0.922982 0.016389
661.565 0.922703 0.0162687
661.895 0.930501 0.016244
662.225 0.932355 0.0165163
662.555 0.932562 0.0167475
662.884 0.91659 0.0164179
663.214 0.944067 0.0164323
663.544 0.938224 0.016211
663.873 0.922652 0.0158377
664.203 0.951838 0.015911
664.533 0.932218 0.0153197
664.862 0.940145 0.0152777
665.192 0.933964 0.0156654
665.521 0.963048 0.016771
665.85 0.929789 0.0169684
666.18 0.949616 0.0178548
666.509 0.928331 0.0175487
666.838 0.919891 0.0170557
667.167 0.937932 0.0170009
667.496 0.965992 0.0175507
667.825 0.945249 0.0174486
668.154 0.945103 0.0174182
668.483 0.963841 0.0174705
668.812 0.957754 0.0170908
669.141 0.959525 0.0169359
669.47 0.958059 0.0167147
669.798 0.968407 0.0169766
670.127 0.92918 0.0166449
670.456 0.914265 0.015577
670.784 0.931579 0.014104
671.113 0.936922 0.0129838
671.441 0.958046 0.0125457
671.77 0.975474 0.0128695
672.098 0.959083 0.013263
672.426 0.985066 0.0149438
672.755 0.959114 0.0156785
673.083 0.945543 0.0157872
673.411 0.945417 0.0157546
673.739 0.962686 0.0161305
674.067 0.964913 0.0170021
674.395 0.947645 0.0168473
674.723 0.935777 0.0163056
675.051 0.96818 0.0163456
675.379 0.943812 0.0161252
675.706 0.957542 0.0164207
676.034 0.936372 0.0166046
676.362 0.941842 0.0167333
676.689 0.938125 0.0156872
677.017 0.948888 0.014741
677.344 0.957121 0.0142217
677.672 0.975845 0.0146063
677.999 0.942802 0.0145317
678.327 0.94103 0.0142286
678.654 0.954007 0.0137029
678.981 0.94193 0.0132063
679.308 0.955704 0.0134086
679.636 0.97096 0.0141469
679.963 0.963964 0.0148014
680.29 0.9312 0.0145872
680.617 0.938453 0.0143713
680.944 0.951739 0.014258
681.271 0.961188 0.0147414
681.597 0.963672 0.0157587
681.924 0.963732 0.0167843
682.251 0.912526 0.0162681
682.578 0.93069 0.0155658
682.904 0.920598 0.0144456
683.231 0.917895 0.0138506
683.557 0.916909 0.0135332
683.884 0.924689 0.0132028
684.21 0.918107 0.0128477
684.536 0.918868 0.0124329
684.863 0.94084 0.0123917
685.189 0.931377 0.0125372
685.515 0.951769 0.0133597
685.841 0.92916 0.0136324
686.167 0.907492 0.0134859
686.493 0.925927 0.0134593
686.819 0.920617 0.0134969
687.145 0.930348 0.0141604
687.471 0.91858 0.0151312
687.797 0.916332 0.0156196
688.123 0.907296 0.0154479
688.448 0.901969 0.0148972
688.774 0.904293 0.0144681
689.1 0.920095 0.014841
689.425 0.912311 0.0153981
689.751 0.908541 0.0156149
690.076 0.879892 0.014511
690.402 0.888621 0.0136246
690.727 0.892177 0.0132304
691.052 0.905548 0.0136786
691.377 0.886837 0.0139429
691.703 0.901329 0.0144122
692.028 0.884753 0.0142871
692.353 0.899169 0.0140986
692.678 0.896508 0.0141859
693.003 0.929822 0.0149963
693.328 0.915521 0.0159792
693.652 0.894812 0.0165106
693.977 0.874226 0.0159297
694.302 0.869129 0.0149763
694.627 0.885039 0.0149014
694.951 0.893176 0.015508
695.276 0.919783 0.017252
695.6 0.872788 0.0170881
695.925 0.846124 0.0147667
696.249 0.861835 0.0131411
696.574 0.880188 0.012586
696.898 0.910993 0.0133872
697.222 0.884127 0.01394
697.546 0.892553 0.0145698
697.871 0.879139 0.0147645
698.195 0.895633 0.0150116
698.519 0.887421 0.0153207
698.843 0.910193 0.0159601
699.167 0.891068 0.016385
699.491 0.891071 0.017009
699.814 0.885371 0.0170916
700.138 0.900296 0.0172877
700.462 0.914065 0.0177074
700.786 0.885805 0.0172
701.109 0.894015 0.0168537
701.433 0.902347 0.0163456
701.756 0.895765 0.0157045
702.08 0.896596 0.0157131
702.403 0.910355 0.0161557
702.726 0.902972 0.0167729
703.05 0.91038 0.0172526
703.373 0.906037 0.0174121
703.696 0.894638 0.0173168
704.019 0.90797 0.018054
704.342 0.905088 0.0186828
704.665 0.905507 0.0194587
704.988 0.886609 0.0191287
705.311 0.87531 0.0178384
705.634 0.878164 0.0160424
705.957 0.891189 0.0146368
706.28 0.892133 0.0135665
706.602 0.924209 0.013665
706.925 0.944317 0.0141033
707.247 0.926086 0.014523
707.57 0.92668 0.0151006
707.892 0.929634 0.0156408
708.215 0.945977 0.0165487
708.537 0.926297 0.0167787
708.859 0.928746 0.0168969
709.182 0.92563 0.016694
709.504 0.904601 0.0160689
709.826 0.932718 0.0161119
710.148 0.937267 0.0162163
710.47 0.943594 0.0167334
710.792 0.947105 0.017384
711.114 0.946392 0.01796
711.436 0.93454 0.0182442
711.758 0.913369 0.0177445
712.079 0.91776 0.0175838
712.401 0.919192 0.0167292
712.723 0.924518 0.0161686
713.044 0.934615 0.0153158
713.366 0.934258 0.0151424
713.687 0.948754 0.0153834
714.009 0.95357 0.0158409
714.33 0.94373 0.0161123
714.652 0.94791 0.0166068
714.973 0.963501 0.017323
715.294 0.954069 0.0181245
715.615 0.95685 0.0193116
715.936 0.9252 0.019268
716.257 0.946828 0.0196795
716.578 0.953284 0.0198791
716.899 0.947329 0.0193752
717.22 0.93039 0.0179625
717.541 0.936669 0.0175399
717.862 0.94688 0.017576
718.182 0.934406 0.0174255
718.503 0.947576 0.0171665
718.824 0.98011 0.0177073
719.144 0.966582 0.0178658
719.465 0.953121 0.0181462
719.785 0.940449 0.0176533
720.105 0.939932 0.0174166
720.426 0.94648 0.0172604
720.746 0.96618 0.0177349
721.066 0.94527 0.0175736
721.386 0.938066 0.0176858
721.706 0.954069 0.0183548
722.026 0.958507 0.0188856
722.346 0.962932 0.0190866
722.666 0.957012 0.0187789
722.986 0.93745 0.0181249
723.306 0.948034 0.0183693
723.626 0.949156 0.0187445
723.946 0.942415 0.0186405
724.265 0.919329 0.0174265
724.585 0.934355 0.0166421
724.904 0.940905 0.0165762
725.224 0.950672 0.0167065
725.543 0.937348 0.0165855
725.863 0.953845 0.0168912
726.182 0.968957 0.0177156
726.501 0.938317 0.0177079
726.82 0.955087 0.017983
727.14 0.928181 0.0170413
727.459 0.928693 0.0165319
727.778 0.938228 0.0165178
728.097 0.935521 0.0167196
728.416 0.920656 0.0163988
728.734 0.926458 0.0159274
729.053 0.939659 0.0158832
729.372 0.928199 0.0157534
729.691 0.926932 0.015346
730.009 0.931079 0.0146409
730.328 0.932395 0.0142201
730.647 0.950076 0.0143707
730.965 0.953499 0.0149009
731.283 0.954163 0.0154661
731.602 0.910347 0.0152828
731.92 0.934985 0.0152129
732.238 0.906436 0.0146181
732.557 0.930826 0.0146778
732.875 0.918812 0.0142292
733.193 0.915738 0.0133583
733.511 0.930177 0.0131556
733.829 0.95018 0.013695
734.147 0.950604 0.014599
734.465 0.934219 0.015131
734.782 0.943221 0.0151899
735.1 0.912307 0.0145204
735.418 0.915377 0.0145329
735.735 0.920835 0.0146201
736.053 0.910748 0.0143786
736.371 0.914157 0.0145544
736.688 0.918043 0.0151168
737.005 0.934857 0.0161838
737.323 0.92732 0.0167349
737.64 0.901213 0.0165165
737.957 0.878976 0.0154648
738.274 0.882181 0.0142199
738.592 0.911582 0.0141031
738.909 0.915251 0.0144874
739.226 0.915929 0.0157852
739.543 0.9061 0.0169235
739.86 0.917877 0.0180234
740.176 0.908169 0.0183934
740.493 0.898224 0.0188447
740.81 0.884058 0.0187545
741.127 0.869582 0.0184038
741.443 0.878668 0.0175289
741.76 0.875395 0.0169164
742.076 0.896915 0.0172746
742.393 0.893414 0.0181657
742.709 0.892786 0.0191645
743.025 0.877683 0.0193518
743.342 0.874423 0.0191384
743.658 0.881217 0.0188428
743.974 0.878835 0.0182969
744.29 0.888198 0.0183754
744.606 0.868797 0.0183678
744.922 0.85733 0.0182789
745.238 0.864942 0.0184157
745.554 0.854934 0.0187518
745.87 0.875838 0.0191795
746.186 0.844998 0.0180627
746.501 0.867951 0.0176329
746.817 0.881102 0.0180489
747.132 0.888305 0.0194526
747.448 0.874821 0.0200628
747.763 0.848382 0.0194622
748.079 0.835792 0.0185134
748.394 0.859747 0.0175042
748.71 0.855133 0.0162523
749.025 0.851002 0.0152646
749.34 0.862095 0.015164
749.655 0.884451 0.0156954
749.97 0.885445 0.0162695
750.285 0.849782 0.0159878
750.6 0.859496 0.0157352
750.915 0.86963 0.0154344
751.23 0.878162 0.0158153
751.545 0.902273 0.0166897
751.859 0.878258 0.0170864
752.174 0.857977 0.0170851
752.489 0.852477 0.0161729
752.803 0.863668 0.0153015
753.118 0.880995 0.0153383
753.432 0.883167 0.0158723
753.747 0.885041 0.0164781
754.061 0.868436 0.0157697
754.375 0.847449 0.014926
754.689 0.862641 0.0145904
755.004 0.878031 0.0146963
755.318 0.87431 0.0143454
755.632 0.854632 0.0134913
755.946 0.884731 0.0134788
756.26 0.869508 0.0127649
756.573 0.883844 0.0123135
756.887 0.876575 0.0118894
757.201 0.895647 0.0122731
757.515 0.915539 0.0135925
757.828 0.910416 0.0145368
758.142 0.889632 0.0143224
758.455 0.873735 0.0131818
758.769 0.887204 0.0125792
759.082 0.886465 0.0122319
759.396 0.893662 0.0120969
759.709 0.897075 0.012026
760.022 0.90905 0.0122128
760.335 0.929534 0.0129987
760.648 0.923256 0.0139238
760.962 0.920361 0.0149219
761.275 0.905615 0.0155352
761.587 0.896171 0.0156552
761.9 0.917542 0.0158808
762.213 0.90884 0.0152892
762.526 0.907583 0.0147274
762.839 0.901755 0.0146213
763.151 0.899721 0.014183
763.464 0.898085 0.0134024
763.776 0.905379 0.0124996
764.089 0.915833 0.012306
764.401 0.929285 0.0128365
764.714 0.929291 0.0135915
765.026 0.936484 0.014563
765.338 0.937727 0.0155166
765.65 0.94696 0.0167829
765.962 0.920166 0.0173128
766.275 0.909052 0.0178236
766.587 0.907689 0.017869
766.898 0.905745 0.017277
767.21 0.905902 0.0162572
767.522 0.916335 0.0151706
767.834 0.932901 0.0147463
768.146 0.921165 0.0147591
768.457 0.952572 0.0159257
768.769 0.92983 0.0165722
769.08 0.921839 0.0165754
769.392 0.924783 0.0160016
769.703 0.910555 0.0150563
770.015 0.922261 0.0145746
770.326 0.944136 0.0147751
770.637 0.947625 0.0153377
770.948 0.941378 0.0164032
771.26 0.940498 0.0174255
771.571 0.929399 0.0175121
771.882 0.915511 0.0169585
772.193 0.945599 0.0174095
772.504 0.939568 0.0177882
772.814 0.930657 0.0180569
773.125 0.935768 0.0184812
773.436 0.942419 0.0190795
773.747 0.911366 0.0191849
774.057 0.92918 0.0197859
774.368 0.947793 0.0202974
774.678 0.946685 0.0208143
774.989 0.921142 0.0208538
775.299 0.946711 0.0218527
775.609 0.91748 0.0212729
775.919 0.924776 0.0211821
776.23 0.929177 0.0212581
776.54 0.919226 0.0209649
776.85 0.928334 0.0212901
777.16 0.900976 0.0203509
777.47 0.931896 0.0196219
777.78 0.930824 0.0187463
778.089 0.914092 0.0176433
778.399 0.92014 0.0175895
778.709 0.938037 0.018579
779.019 0.968207 0.0201154
779.328 0.930797 0.02079
779.638 0.898683 0.0201581
779.947 0.896375 0.0183522
780.257 0.902943 0.0168027
780.566 0.911233 0.0162479
780.875 0.918894 0.0166889
781.185 0.950927 0.0180541
781.494 0.938812 0.018235
781.803 0.934872 0.0186829
782.112 0.93132 0.0189203
782.421 0.931314 0.0186717
782.73 0.924823 0.0181165
783.039 0.928669 0.0183845
783.348 0.956479 0.0201469
783.656 0.91227 0.0207568
783.965 0.91127 0.0210565
784.274 0.91522 0.0203004
784.582 0.908885 0.0196017
784.891 0.912795 0.019528
785.199 0.922159 0.0199253
785.508 0.91901 0.0204391
785.816 0.930992 0.0209459
786.124 0.897862 0.0201158
786.432 0.91101 0.0192675
786.741 0.925816 0.0186811
787.049 0.924373 0.0185562
787.357 0.932725 0.0189251
787.665 0.915973 0.0186415
787.973 0.942635 0.0190828
788.281 0.911916 0.01916
788.588 0.911898 0.0201799
788.896 0.910833 0.0214224
789.204 0.929148 0.0225158
789.511 0.900196 0.0222223
789.819 0.919328 0.0228665
790.126 0.908964 0.0227467
790.434 0.914751 0.0228138
790.741 0.926582 0.0229029
791.049 0.90806 0.0226489
791.356 0.89556 0.0232225
791.663 0.878721 0.0234182
791.97 0.879606 0.0234908
792.277 0.864154 0.0228511
792.584 0.899733 0.0220871
792.891 0.853075 0.0190224
793.198 0.897887 0.0181155
793.505 0.890738 0.0176902
793.812 0.897722 0.0182617
794.119 0.883014 0.0185279
794.425 0.886667 0.0191176
794.732 0.892388 0.0200534
795.038 0.913926 0.0224205
795.345 0.899283 0.0239163
795.651 0.847973 0.0244691
795.958 0.84624 0.0244937
796.264 0.841361 0.0227906
796.57 0.875902 0.022403
796.876 0.898075 0.0224899
797.183 0.900725 0.0229395
797.489 0.870193 0.0234728
797.795 0.870835 0.0236916
798.101 0.876585 0.0236645
798.406 0.872343 0.0237326
798.712 0.870897 0.0244134
799.018 0.861853 0.0246657
799.324 0.866184 0.0247925
799.629 0.854707 0.0247388
799.935 0.857634 0.0249649
800.24 0.854721 0.0253965
800.546 0.860614 0.0254926
800.851 0.842834 0.0254576
801.157 0.891878 0.0273096
801.462 0.852377 0.0269569
801.767 0.877718 0.0274849
802.072 0.856163 0.0260922
802.377 0.859077 0.025151
802.682 0.828015 0.0242944
802.987 0.856228 0.0253909
803.292 0.87986 0.026397
803.597 0.837779 0.0259773
803.902 0.861995 0.0262838
804.207 0.845898 0.0258743
804.511 0.826431 0.0251828
804.816 0.834327 0.0237742
805.12 0.812851 0.0219261
805.425 0.820537 0.0207492
805.729 0.843121 0.0211975
806.034 0.853699 0.0221557
806.338 0.83931 0.0232202
806.642 0.849233 0.0239518
806.946 0.829166 0.0234277
807.251 0.864347 0.0241395
807.555 0.835774 0.0233594
807.859 0.838644 0.0232218
808.162 0.86778 0.0243073
808.466 0.859984 0.0250214
808.77 0.823541 0.0251343
809.074 0.870445 0.0267238
809.378 0.841257 0.0263177
809.681 0.827381 0.0258942
809.985 0.845644 0.0266019
810.288 0.859308 0.027115
810.592 0.820587 0.0262984
810.895 0.835877 0.0271727
811.198 0.863364 0.028837
811.502 0.854524 0.0291062
811.805 0.908914 0.0308429
812.108 0.796815 0.0275635
812.411 0.834156 0.0273666
812.714 0.827164 0.0253916
813.017 0.838763 0.0241977
813.32 0.828255 0.0240099
813.623 0.828111 0.0247662
813.926 0.850041 0.0269096
814.228 0.861043 0.0285315
814.531 0.883619 0.0298299
814.833 0.821103 0.0285343
815.136 0.808725 0.0284905
815.438 0.851935 0.0295754
815.741 0.806986 0.0275911
816.043 0.842275 0.027845
816.345 0.834063 0.0275226
816.648 0.835726 0.0277745
816.95 0.851114 0.0284593
817.252 0.859469 0.0292411
817.554 0.833243 0.028853
817.856 0.875989 0.0302157
818.158 0.812492 0.0293527
818.46 0.888873 0.03148
818.761 0.855822 0.0307766
819.063 0.825469 0.0297012
819.365 0.854163 0.0293205
819.666 0.84238 0.0276616
819.968 0.849958 0.026869
820.269 0.860477 0.0267426
820.571 0.873154 0.0276452
820.872 0.804868 0.0275459
821.173 0.861453 0.0296298
821.475 0.886808 0.0312195
821.776 0.83401 0.0301191
822.077 0.835564 0.0299715
822.378 0.858357 0.0305896
822.679 0.882236 0.0315197
822.98 0.851865 0.0306847
823.281 0.862387 0.031875
823.581 0.848999 0.0313075
823.882 0.89898 0.0326281
824.183 0.897888 0.0322775
824.483 0.813811 0.0296365
824.784 0.801887 0.0282101
825.084 0.861096 0.0297571
825.385 0.892764 0.0306966
825.685 0.853809 0.030665
825.985 0.861908 0.0305466
826.286 0.831257 0.0295866
826.586 0.846699 0.0292744
826.886 0.865056 0.029645
827.186 0.872629 0.0302116
827.486 0.882368 0.0314002
827.786 0.873334 0.0317151
828.086 0.868632 0.0313117
828.386 0.883976 0.0311743
828.685 0.870838 0.0307705
828.985 0.884569 0.0319389
829.285 0.884268 0.0321539
829.584 0.855039 0.0321289
829.884 0.873207 0.0329634
830.183 0.916737 0.0355357
830.482 0.855252 0.0339487
830.782 0.822133 0.0334264
831.081 0.912906 0.0365566
831.38 0.824929 0.0336269
831.679 0.834915 0.0339066
831.978 0.900943 0.035278
832.277 0.867612 0.0335035
832.576 0.858545 0.0327011
832.875 0.873684 0.0329681
833.174 0.860322 0.0325097
833.472 0.894202 0.0333944
833.771 0.913257 0.0342075
834.07 0.867265 0.0325428
834.368 0.863191 0.032784
834.667 0.86595 0.0337035
834.965 0.943394 0.0357065
835.263 0.897616 0.0348763
835.562 0.856193 0.0340775
835.86 0.816338 0.0329678
836.158 0.844658 0.0339163
836.456 0.830009 0.0345065
836.754 0.833462 0.0344815
837.052 0.870454 0.0363574
837.35 0.847771 0.0351848
837.648 0.871261 0.0361419
837.946 0.88704 0.0367785
838.243 0.901813 0.0370941
838.541 0.812419 0.0342826
838.839 0.812336 0.0343311
839.136 0.899783 0.0360557
839.434 0.891303 0.0356673
839.731 0.882793 0.036452
840.028 0.878227 0.0355246
840.326 0.878332 0.0359733
840.623 0.832552 0.0349914
840.92 0.860125 0.0359084
841.217 0.93245 0.0384372
841.514 0.914302 0.0382741
841.811 0.831999 0.0353056
842.108 0.865885 0.0370761
842.405 0.91265 0.0383483
842.701 0.868083 0.0375727
842.998 0.802884 0.0350217
843.295 0.919775 0.038304
843.591 0.901996 0.0380149
843.888 0.843549 0.0363376
844.184 0.857833 0.0368563
844.481 0.824287 0.0355359
844.777 0.8179 0.0355713
845.073 0.835617 0.0362255
845.369 0.883357 0.0376197
845.665 0.892067 0.0383572
845.962 0.832247 0.0363219
846.258 0.875057 0.0379656
846.553 0.827476 0.0369726
846.849 0.92104 0.0390742
847.145 0.866556 0.0366691
847.441 0.836911 0.0362527
847.737 0.847188 0.0361723
848.032 0.886682 0.0377127
848.328 0.845739 0.037001
848.623 0.878383 0.0382119
848.919 0.861749 0.037005
849.214 0.832073 0.0359475
849.509 0.833504 0.0365151
849.805 0.844614 0.0374951
850.1 0.874418 0.0390039
850.395 0.922557 0.0399304
850.69 0.91357 0.0400119
850.985 0.831852 0.0368256
851.28 0.830458 0.036642
851.575 0.864016 0.0378314
851.869 0.847398 0.0373379
852.164 0.885705 0.0376039
852.459 0.866894 0.0361819
852.753 0.89285 0.0362087
853.048 0.84821 0.0334608
853.342 0.885475 0.0339507
853.637 0.916823 0.0351671
853.931 0.885666 0.0341936
854.225 0.822333 0.0328034
854.52 0.895529 0.0355078
854.814 0.893865 0.0355927
855.108 0.834547 0.0332756
855.402 0.824851 0.033687
855.696 0.850479 0.0351856
855.99 0.907502 0.0369322
856.283 0.874219 0.0354531
856.577 0.89421 0.036676
856.871 0.842377 0.0353158
857.164 0.85821 0.0360338
857.458 0.90062 0.0381396
857.751 0.835167 0.0360906
858.045 0.849542 0.0359582
858.338 0.858805 0.0367444
858.632 0.818239 0.035045
858.925 0.848297 0.0366193
859.218 0.819316 0.0358351
859.511 0.878721 0.0386648
859.804 0.864533 0.0379678
860.097 0.818452 0.0359635
860.39 0.81542 0.0369502
860.683 0.889049 0.038419
860.976 0.91052 0.0391916
861.268 0.830657 0.0368548
861.561 0.862253 0.0386253
861.854 0.938875 0.0415058
862.146 0.862222 0.0383627
862.439 0.893625 0.0388437
862.731 0.780663 0.0354167
863.023 0.87773 0.0387705
863.316 0.877718 0.0380707
863.608 0.930903 0.0394121
863.9 0.891354 0.0385904
864.192 0.832422 0.0364083
864.484 0.872727 0.0381712
864.776 0.881534 0.0387036
865.068 0.797332 0.036581
865.36 0.863255 0.0379637
865.651 0.885761 0.0394655
865.943 0.841799 0.0377625
866.235 0.873165 0.0386545
866.526 0.882463 0.0399072
866.818 0.840993 0.0376514
867.109 0.814663 0.0368302
867.4 0.893909 0.0393225
867.692 0.916098 0.0400249
867.983 0.898928 0.0392642
868.274 0.8528 0.0387233
868.565 0.86861 0.038582
868.856 0.862789 0.0387041
869.147 0.841455 0.038119
869.438 0.873477 0.0387329
869.729 0.865226 0.0387803
870.02 0.909221 0.0413214
870.31 0.862394 0.038988
870.601 0.84402 0.0380147
870.892 0.814888 0.0369694
871.182 0.839191 0.0373587
871.473 0.875088 0.0389787
871.763 0.81955 0.0368171
872.053 0.920125 0.0394703
872.343 0.786086 0.0364261
872.634 0.897252 0.0393078
872.924 0.832847 0.0371182
873.214 0.835517 0.0379385
873.504 0.826466 0.038239
873.794 0.91259 0.0411859
874.084 0.908383 0.0409722
874.373 0.835824 0.0383127
874.663 0.83422 0.0373695
874.953 0.867321 0.0393712
875.242 0.816481 0.0376855
875.532 0.828373 0.0376471
875.821 0.8505 0.0383837
876.111 0.842601 0.0380602
876.4 0.890812 0.0396234
876.689 0.866663 0.0388229
876.978 0.857922 0.0386408
877.268 0.834723 0.0381825
877.557 0.841927 0.0387894
877.846 0.821688 0.038192
878.134 0.868972 0.039632
878.423 0.869132 0.0396393
878.712 0.869291 0.0396466
