178.41 0.861391 0.143565
178.791 0.866845 0.144474
179.172 0.872261 0.145377
179.553 0.316622 0.316622
179.934 0.658176 0.658176
180.316 0.79749 0.79749
180.697 0.472001 0.472001
181.078 0.80867 0.80867
181.459 0.672099 0.672099
181.84 0.669314 0.669314
182.221 2.57334 2.57334
182.602 -0.226316 -0.0705176
182.983 -3.10216 -3.10216
183.364 0.881968 0.166647
183.744 0.534328 0.0818947
184.125 0.639324 0.0777068
184.506 0.573743 0.0603038
184.887 0.541061 0.052221
185.268 0.470273 0.0419135
185.648 0.596388 0.0456912
186.029 0.602462 0.043803
186.41 0.624739 0.0434391
186.791 0.673917 0.0433587
187.171 0.555208 0.033662
187.552 0.470882 0.025222
187.932 0.555087 0.027884
188.313 0.481444 0.0242542
188.694 0.485399 0.0243397
189.074 0.496294 0.0237282
189.455 0.478879 0.0226614
189.835 0.521099 0.0243067
190.216 0.51597 0.0235495
190.596 0.472003 0.0215556
190.977 0.499067 0.0219928
191.357 0.512245 0.0223471
191.737 0.523787 0.0223151
192.118 0.490638 0.0214915
192.498 0.47946 0.0205862
192.878 0.511549 0.0214275
193.258 0.496499 0.0207457
193.639 0.483059 0.0202092
194.019 0.495028 0.0206384
194.399 0.484848 0.0202488
194.779 0.458468 0.0189011
195.159 0.488227 0.0200702
195.54 0.470624 0.0191146
195.92 0.455934 0.0188696
196.3 0.43465 0.018157
196.68 0.446599 0.0184967
197.06 0.456728 0.0185937
197.44 0.431593 0.0179013
197.82 0.417385 0.017466
198.2 0.413476 0.0173758
198.58 0.408805 0.0168214
198.959 0.396383 0.0165339
199.339 0.40358 0.0167557
199.719 0.403625 0.0164357
200.099 0.404425 0.0164915
200.479 0.410471 0.0165673
200.858 0.397356 0.0160602
201.238 0.380582 0.015472
201.618 0.385348 0.0157433
201.998 0.358781 0.0148272
202.377 0.374914 0.0151566
202.757 0.358875 0.0146341
203.136 0.354564 0.0144515
203.516 0.355417 0.0142535
203.896 0.345452 0.0138792
204.275 0.321334 0.0131218
204.655 0.333829 0.0133999
205.034 0.333458 0.013235
205.414 0.324726 0.012897
205.793 0.300126 0.0122878
206.172 0.32308 0.0127606
206.552 0.304023 0.0121675
206.931 0.300389 0.0119091
207.31 0.304417 0.0118596
207.69 0.294681 0.0115752
208.069 0.297082 0.0114684
208.448 0.303566 0.0114468
208.827 0.300932 0.0113316
209.207 0.296839 0.0112248
209.586 0.287089 0.0107501
209.965 0.280412 0.0105908
210.344 0.285471 0.0105301
210.723 0.283002 0.0103556
211.102 0.267916 0.00990152
211.481 0.283106 0.0101246
211.86 0.271379 0.00981405
212.239 0.271331 0.00971404
212.618 0.264495 0.00945222
212.997 0.272554 0.00943862
213.376 0.268046 0.0093268
213.755 0.263151 0.00911145
214.134 0.252776 0.00880908
214.513 0.256654 0.0087327
214.891 0.260022 0.00873114
215.27 0.261645 0.00859368
215.649 0.259627 0.00849009
216.028 0.252175 0.00822285
216.406 0.248058 0.00807049
216.785 0.242343 0.00784718
217.164 0.24783 0.00785608
217.542 0.242388 0.00760645
217.921 0.236943 0.00742424
218.3 0.243333 0.00749704
218.678 0.250282 0.00748374
219.057 0.236287 0.00714203
219.435 0.237337 0.00704025
219.814 0.240677 0.00703737
220.192 0.239976 0.00691384
220.57 0.23553 0.00676919
220.949 0.228326 0.00655303
221.327 0.230957 0.00648109
221.705 0.235299 0.00647475
222.084 0.224578 0.0061883
222.462 0.229807 0.00618534
222.84 0.231487 0.00615667
223.218 0.229127 0.00597269
223.597 0.225204 0.00586151
223.975 0.225647 0.00576164
224.353 0.229848 0.00575115
224.731 0.223317 0.00557751
225.109 0.222418 0.00545383
225.487 0.223609 0.00539069
225.865 0.219036 0.00525368
226.243 0.222925 0.00523283
226.621 0.22199 0.00515308
226.999 0.219792 0.00502246
227.377 0.220178 0.00497806
227.755 0.221265 0.00492523
228.133 0.223249 0.00488443
228.511 0.219935 0.00479035
228.889 0.215392 0.00464996
229.266 0.218096 0.00463465
229.644 0.217195 0.00453402
230.022 0.218395 0.00448767
230.4 0.215825 0.00441914
230.777 0.217258 0.0043916
231.155 0.216375 0.0043257
231.533 0.215765 0.00425844
231.91 0.219747 0.00423938
232.288 0.217393 0.00417665
232.665 0.216437 0.00411381
233.043 0.217708 0.00408693
233.42 0.216971 0.00402486
233.798 0.220293 0.0040259
234.175 0.214041 0.00391666
234.553 0.21624 0.00389482
234.93 0.219593 0.00388559
235.307 0.220676 0.00386361
235.685 0.217943 0.00380826
236.062 0.220195 0.00378316
236.439 0.217847 0.00374432
236.816 0.221561 0.00372993
237.194 0.221667 0.00369132
237.571 0.220931 0.0036531
237.948 0.224194 0.00366053
238.325 0.225736 0.00363245
238.702 0.225414 0.00360842
239.079 0.223405 0.00355667
239.456 0.225033 0.00354576
239.833 0.22335 0.00350969
240.21 0.225353 0.00349282
240.587 0.225605 0.0034786
240.964 0.22878 0.00347441
241.341 0.2278 0.00343766
241.718 0.226884 0.00339828
242.095 0.231065 0.00342842
242.472 0.230367 0.0033961
242.849 0.226344 0.00334119
243.225 0.229557 0.00333548
243.602 0.229982 0.00332176
243.979 0.231427 0.00332066
244.356 0.235068 0.00333295
244.732 0.231223 0.00327191
245.109 0.233093 0.00326211
245.486 0.232749 0.00325517
245.862 0.237047 0.00326887
246.239 0.234928 0.00322105
246.615 0.235662 0.00322023
246.992 0.232639 0.00317608
247.368 0.235793 0.00319751
247.745 0.236059 0.00317234
248.121 0.235941 0.00314993
248.497 0.237856 0.00315757
248.874 0.239682 0.00315047
249.25 0.239726 0.00312303
249.626 0.239429 0.00311594
250.003 0.239634 0.00309898
250.379 0.239435 0.00306753
250.755 0.240621 0.00307778
251.131 0.242153 0.00306589
251.507 0.242992 0.00306711
251.884 0.244799 0.00305735
252.26 0.243149 0.00304781
252.636 0.243542 0.0030225
253.012 0.243144 0.00300902
253.388 0.24605 0.00301783
253.764 0.247248 0.0030128
254.14 0.245179 0.00299303
254.516 0.247433 0.00300266
254.892 0.248633 0.0029947
255.268 0.249891 0.00299908
255.643 0.250316 0.00298903
256.019 0.251095 0.00299146
256.395 0.250068 0.0029791
256.771 0.251448 0.00296553
257.147 0.251361 0.00296165
257.522 0.25316 0.00296752
257.898 0.253925 0.00296712
258.274 0.253785 0.00295863
258.649 0.255276 0.00296549
259.025 0.254135 0.0029426
259.4 0.253984 0.00294013
259.776 0.254485 0.00293394
260.151 0.259531 0.00297285
260.527 0.259326 0.00295843
260.902 0.259563 0.00295174
261.278 0.259747 0.00294655
261.653 0.258566 0.00293976
262.028 0.260713 0.00295478
262.404 0.261601 0.00294623
262.779 0.261761 0.00293976
263.154 0.265389 0.00295484
263.53 0.262872 0.00293277
263.905 0.264235 0.00294607
264.28 0.266527 0.00295729
264.655 0.264716 0.00293866
265.03 0.265619 0.00295275
265.405 0.266342 0.00294691
265.781 0.270121 0.00297127
266.156 0.27119 0.00297395
266.531 0.268193 0.00294186
266.906 0.271629 0.002977
267.281 0.271743 0.0029629
267.655 0.270675 0.00296812
268.03 0.272564 0.00298012
268.405 0.274474 0.00298656
268.78 0.276825 0.00299925
269.155 0.277653 0.00299705
269.53 0.277701 0.00300765
269.904 0.277958 0.00300565
270.279 0.279751 0.00301724
270.654 0.279383 0.00300668
271.029 0.280838 0.00302021
271.403 0.280096 0.00300769
271.778 0.281413 0.00302332
272.152 0.283285 0.00303625
272.527 0.284828 0.00304184
272.901 0.284192 0.00302655
273.276 0.285432 0.00302623
273.65 0.291383 0.00306722
274.025 0.287221 0.00303733
274.399 0.289955 0.00306637
274.774 0.292152 0.00307085
275.148 0.289728 0.00304842
275.522 0.293616 0.00307702
275.897 0.293008 0.00307216
276.271 0.293202 0.00307625
276.645 0.295183 0.00307769
277.019 0.295466 0.00307082
277.393 0.294951 0.00305985
277.768 0.298465 0.00309259
278.142 0.297323 0.00308357
278.516 0.296978 0.00308721
278.89 0.301543 0.00310472
279.264 0.301282 0.00311333
279.638 0.300093 0.00309215
280.012 0.304442 0.00311995
280.386 0.304282 0.00313544
280.76 0.305975 0.0031322
281.133 0.309674 0.00315685
281.507 0.308955 0.00315066
281.881 0.309347 0.00314545
282.255 0.311901 0.00316282
282.629 0.314053 0.00318293
283.002 0.313117 0.0031799
283.376 0.31274 0.00316929
283.75 0.316988 0.00320157
284.123 0.318825 0.00319964
284.497 0.316217 0.00319233
284.87 0.320502 0.00321717
285.244 0.321612 0.00321681
285.618 0.324614 0.00324009
285.991 0.322939 0.00324536
286.364 0.325825 0.00325862
286.738 0.326546 0.00326161
287.111 0.332548 0.00329284
287.485 0.33129 0.00328847
287.858 0.332331 0.00330593
288.231 0.332899 0.00330295
288.605 0.337269 0.00333367
288.978 0.336102 0.00332081
289.351 0.340749 0.00336107
289.724 0.339565 0.00335511
290.097 0.340512 0.0033638
290.47 0.344261 0.00339319
290.843 0.343952 0.00339047
291.217 0.343337 0.00338811
291.59 0.346405 0.0034268
291.963 0.349385 0.00343392
292.336 0.350165 0.00344873
292.708 0.350552 0.00345721
293.081 0.356526 0.00350259
293.454 0.356784 0.00348842
293.827 0.35595 0.0034947
294.2 0.361423 0.00354443
294.573 0.360187 0.00352708
294.945 0.363475 0.00356406
295.318 0.366782 0.00357886
295.691 0.365324 0.00358044
296.064 0.369341 0.00360667
296.436 0.36796 0.00359739
296.809 0.369462 0.00359504
297.181 0.376653 0.00364934
297.554 0.375999 0.00365173
297.926 0.378939 0.00366889
298.299 0.378208 0.00366927
298.671 0.378784 0.00365607
299.044 0.380412 0.00368399
299.416 0.382603 0.00370018
299.788 0.381851 0.0036908
300.161 0.387756 0.00373559
300.533 0.390673 0.00374439
300.905 0.387777 0.00371629
301.278 0.391999 0.00374431
301.65 0.394709 0.00375302
302.022 0.394003 0.00375783
302.394 0.39385 0.00376317
302.766 0.397703 0.0037762
303.138 0.397128 0.0037883
303.51 0.397902 0.00378211
303.882 0.40009 0.00378774
304.254 0.404111 0.0038142
304.626 0.404001 0.00380223
304.998 0.407413 0.00381711
305.37 0.405498 0.00382941
305.742 0.405814 0.00381655
306.114 0.40651 0.00381818
306.485 0.410537 0.00383789
306.857 0.410859 0.00383666
307.229 0.411963 0.00385524
307.601 0.414385 0.0038655
307.972 0.414955 0.00386417
308.344 0.416369 0.0038659
308.716 0.41642 0.00388208
309.087 0.418426 0.00388652
309.459 0.417093 0.00388622
309.83 0.42307 0.00391448
310.202 0.41752 0.0038824
310.573 0.422316 0.00390691
310.945 0.423857 0.00391132
311.316 0.423894 0.0039302
311.687 0.423949 0.0039147
312.059 0.425391 0.0039351
312.43 0.422544 0.00391479
312.801 0.43026 0.00396431
313.172 0.429652 0.00396394
313.544 0.42875 0.00396386
313.915 0.42768 0.00393375
314.286 0.429686 0.00396009
314.657 0.43021 0.00395372
315.028 0.429613 0.00395933
315.399 0.431549 0.00396692
315.77 0.426074 0.0039361
316.141 0.429757 0.00396952
316.512 0.430778 0.00397365
316.883 0.432241 0.00398843
317.254 0.431185 0.00397954
317.625 0.43326 0.00401368
317.996 0.429961 0.00397648
318.366 0.433155 0.00400112
318.737 0.429381 0.00397965
319.108 0.435912 0.00402365
319.478 0.432573 0.00400954
319.849 0.430509 0.00399806
320.22 0.433766 0.00401711
320.59 0.42967 0.00399581
320.961 0.429665 0.00400266
321.331 0.428097 0.00399586
321.702 0.429572 0.00402302
322.072 0.430839 0.00404113
322.443 0.430539 0.00403172
322.813 0.424892 0.00399776
323.184 0.426674 0.00401738
323.554 0.426251 0.00402814
323.924 0.425763 0.00402375
324.295 0.425694 0.00404294
324.665 0.425347 0.00404424
325.035 0.424752 0.00403612
325.405 0.423952 0.00404891
325.775 0.423301 0.00406547
326.145 0.419577 0.00404368
326.515 0.417075 0.00403904
326.886 0.420367 0.00407545
327.256 0.418497 0.00407025
327.626 0.415402 0.00408025
327.995 0.415984 0.00409317
328.365 0.417117 0.00410448
328.735 0.410096 0.00409024
329.105 0.410273 0.00413544
329.475 0.407324 0.00415292
329.845 0.408787 0.00422053
330.215 0.400032 0.00415944
330.584 0.400765 0.00412312
330.954 0.40133 0.00402852
331.324 0.397279 0.00389529
331.693 0.397519 0.0038296
332.063 0.397464 0.00378809
332.432 0.399082 0.00377622
332.802 0.39411 0.00378343
333.171 0.388211 0.00380429
333.541 0.383381 0.00385108
333.91 0.384114 0.00387434
334.28 0.38017 0.00387648
334.649 0.381877 0.00389643
335.018 0.380675 0.00390356
335.388 0.379463 0.00390992
335.757 0.376733 0.00389638
336.126 0.37126 0.00388187
336.495 0.368318 0.0038534
336.865 0.368129 0.00386836
337.234 0.367175 0.00388519
337.603 0.361591 0.00384767
337.972 0.359149 0.00384348
338.341 0.360335 0.00384352
338.71 0.356239 0.00381902
339.079 0.355011 0.00382625
339.448 0.353743 0.00381339
339.817 0.353688 0.00382252
340.186 0.350539 0.00380787
340.554 0.3485 0.0037918
340.923 0.345279 0.00378213
341.292 0.343111 0.00377379
341.661 0.341046 0.00376713
342.029 0.344309 0.00377856
342.398 0.337586 0.00374652
342.767 0.340263 0.00377581
343.135 0.339189 0.00376702
343.504 0.337851 0.0037713
343.872 0.336721 0.00375099
344.241 0.335059 0.00375048
344.609 0.340026 0.00379319
344.978 0.336858 0.00377166
345.346 0.338578 0.00376706
345.715 0.34062 0.00379301
346.083 0.339416 0.00379474
346.451 0.340043 0.00379222
346.82 0.34175 0.00381445
347.188 0.341859 0.00380785
347.556 0.345451 0.00384756
347.924 0.348545 0.00386007
348.292 0.349842 0.00387603
348.66 0.353152 0.00389089
349.028 0.353161 0.00389584
349.396 0.359477 0.00394601
349.764 0.362559 0.0039579
350.132 0.362889 0.00395766
350.5 0.372873 0.00401828
350.868 0.374745 0.00403567
351.236 0.378937 0.00405495
351.604 0.386687 0.00411213
351.972 0.393827 0.00415462
352.34 0.395596 0.00417
352.707 0.404295 0.00421745
353.075 0.410113 0.00424881
353.443 0.413497 0.00427603
353.81 0.417679 0.00430828
354.178 0.426203 0.00435447
354.545 0.432619 0.00437637
354.913 0.441418 0.00443945
355.28 0.447847 0.00447227
355.648 0.452411 0.0044855
356.015 0.457097 0.00451657
356.383 0.464132 0.00454599
356.75 0.472844 0.00460016
357.117 0.482049 0.00464729
357.485 0.486378 0.00467139
357.852 0.498565 0.00476222
358.219 0.505063 0.00476936
358.586 0.508537 0.00478493
358.954 0.516757 0.00484373
359.321 0.522867 0.0048605
359.688 0.532161 0.00492764
360.055 0.536493 0.00494062
360.422 0.5425 0.0049754
360.789 0.552073 0.00502776
361.156 0.558306 0.00505161
361.523 0.569085 0.00512078
361.89 0.573877 0.00513606
362.256 0.578544 0.00513628
362.623 0.589306 0.00523545
362.99 0.58932 0.00521045
363.357 0.604237 0.00529753
363.724 0.605399 0.00530491
364.09 0.610155 0.00531497
364.457 0.62028 0.0053989
364.823 0.623967 0.00538014
365.19 0.628005 0.00540555
365.557 0.632828 0.00541785
365.923 0.645828 0.00549135
366.29 0.647085 0.00551397
366.656 0.649197 0.00550024
367.022 0.660643 0.00554159
367.389 0.663152 0.00557696
367.755 0.670532 0.0056346
368.121 0.676771 0.00565846
368.488 0.683325 0.00567811
368.854 0.685818 0.00571005
369.22 0.689293 0.00575148
369.586 0.692933 0.00578628
369.952 0.695891 0.00581123
370.318 0.69838 0.00582437
370.684 0.706823 0.00587656
371.051 0.712821 0.00590307
371.416 0.713451 0.00594218
371.782 0.717767 0.0059423
372.148 0.718459 0.0059574
372.514 0.727487 0.0060076
372.88 0.736729 0.0060634
373.246 0.735746 0.00605378
373.612 0.739172 0.00606501
373.977 0.741402 0.00606044
374.343 0.749195 0.00607295
374.709 0.753898 0.00607222
375.074 0.749636 0.00607316
375.44 0.753888 0.00611645
375.806 0.763856 0.00619073
376.171 0.760634 0.00614643
376.537 0.759762 0.00613729
376.902 0.762649 0.00615976
377.268 0.77142 0.00616965
377.633 0.771061 0.0061569
377.998 0.775764 0.006152
378.364 0.780299 0.00614328
378.729 0.779461 0.00615032
379.094 0.789516 0.00621694
379.459 0.79135 0.00630754
379.825 0.788026 0.00626638
380.19 0.787916 0.00627567
380.555 0.794887 0.00634765
380.92 0.801451 0.00645346
381.285 0.796312 0.00642058
381.65 0.797212 0.00637421
382.015 0.80398 0.00641064
382.38 0.807246 0.0064486
382.745 0.80886 0.00649462
383.11 0.809187 0.0065135
383.474 0.811889 0.00650511
383.839 0.809932 0.00650897
384.204 0.817091 0.00655877
384.569 0.817375 0.00656794
384.933 0.815794 0.00658068
385.298 0.817042 0.00659598
385.663 0.818361 0.00658257
386.027 0.82064 0.0065781
386.392 0.820883 0.006551
386.756 0.822978 0.00652637
387.121 0.829821 0.00655157
387.485 0.831637 0.00653857
387.849 0.832542 0.00651151
388.214 0.837373 0.00660284
388.578 0.835759 0.00662964
388.942 0.835842 0.00666374
389.307 0.836109 0.00665874
389.671 0.839718 0.00669766
390.035 0.839312 0.00666553
390.399 0.841757 0.00665957
390.763 0.838497 0.00660747
391.127 0.846723 0.00661586
391.492 0.847734 0.00652876
391.856 0.84529 0.0064442
392.219 0.851837 0.00642085
392.583 0.851747 0.00645707
392.947 0.85637 0.00661429
393.311 0.846461 0.00663659
393.675 0.85659 0.0066963
394.039 0.855684 0.0067342
394.403 0.854918 0.00673453
394.766 0.853961 0.00674905
395.13 0.8579 0.0067825
395.494 0.857178 0.00677695
395.857 0.85686 0.0067461
396.221 0.856881 0.00671564
396.584 0.856514 0.0066639
396.948 0.857988 0.00659763
397.311 0.860385 0.00650954
397.675 0.862139 0.00648098
398.038 0.864988 0.00649483
398.401 0.861346 0.00657327
398.765 0.864659 0.00668774
399.128 0.875059 0.00682396
399.491 0.866876 0.00684365
399.854 0.864185 0.00684275
400.218 0.873667 0.0069002
400.581 0.868657 0.00689999
400.944 0.870521 0.00694121
401.307 0.868658 0.00701723
401.67 0.869458 0.00700006
402.033 0.871296 0.00702789
402.396 0.873846 0.00704208
402.759 0.874549 0.00705349
403.122 0.874786 0.00702004
403.485 0.882195 0.00704788
403.847 0.872182 0.00694947
404.21 0.87569 0.00692744
404.573 0.883708 0.00695149
404.936 0.88325 0.00691545
405.298 0.881038 0.0069826
405.661 0.882418 0.00708604
406.023 0.884234 0.00719391
406.386 0.880513 0.00720417
406.749 0.883921 0.00725111
407.111 0.881713 0.00723276
407.473 0.87484 0.00708923
407.836 0.890843 0.00714335
408.198 0.880956 0.00706034
408.561 0.883206 0.0070897
408.923 0.883928 0.00710307
409.285 0.889588 0.00713893
409.647 0.889626 0.00720165
410.009 0.893099 0.00728393
410.372 0.884822 0.00723954
410.734 0.889719 0.00729605
411.096 0.893234 0.00729762
411.458 0.889422 0.00728027
411.82 0.894241 0.00725207
412.182 0.889592 0.0071783
412.544 0.895746 0.00721921
412.906 0.894827 0.00720273
413.267 0.892716 0.00721995
413.629 0.893175 0.00727865
413.991 0.886504 0.0072855
414.353 0.896177 0.00734532
414.714 0.896159 0.00742261
415.076 0.893193 0.00739191
415.438 0.895083 0.00739167
415.799 0.895438 0.00736364
416.161 0.8992 0.00744379
416.522 0.895321 0.00745828
416.884 0.893951 0.00745721
417.245 0.895587 0.00749157
417.607 0.896559 0.00747715
417.968 0.892678 0.00745255
418.329 0.896098 0.00745747
418.691 0.899774 0.00747027
419.052 0.899446 0.0074637
419.413 0.897632 0.00738909
419.774 0.897447 0.00736534
420.135 0.895265 0.00719261
420.497 0.897501 0.00708795
420.858 0.901703 0.0070065
421.219 0.904477 0.00704097
421.58 0.906804 0.00713991
421.941 0.908967 0.00727393
422.302 0.905041 0.00735556
422.662 0.9074 0.00739684
423.023 0.908172 0.00743263
423.384 0.90071 0.00742685
423.745 0.903737 0.00739443
424.106 0.902796 0.00738642
424.466 0.912068 0.00740982
424.827 0.908705 0.00749824
425.187 0.909569 0.00759674
425.548 0.90654 0.00765573
425.909 0.903738 0.00768431
426.269 0.910635 0.00765919
426.63 0.903883 0.007579
426.99 0.90533 0.00752281
427.35 0.904493 0.0075529
427.711 0.902016 0.00748908
428.071 0.902753 0.00742942
428.431 0.90175 0.00728343
428.792 0.902821 0.00703834
429.152 0.908811 0.00686753
429.512 0.911143 0.00686345
429.872 0.903652 0.00688261
430.232 0.917308 0.00705688
430.592 0.916539 0.00725408
430.952 0.913683 0.00745663
431.312 0.922198 0.00767766
431.672 0.91189 0.00772255
432.032 0.910942 0.00769496
432.392 0.910448 0.00758883
432.752 0.905431 0.00719559
433.111 0.90549 0.00703515
433.471 0.920193 0.007203
433.831 0.918632 0.00747876
434.19 0.913005 0.00745679
434.55 0.91772 0.00747466
434.91 0.911663 0.00753686
435.269 0.912248 0.00743543
435.629 0.915348 0.00743165
435.988 0.912007 0.00738632
436.348 0.921996 0.00754024
436.707 0.918431 0.00764016
437.066 0.914183 0.00761832
437.426 0.907605 0.00750075
437.785 0.908916 0.00748513
438.144 0.917328 0.00751032
438.503 0.917772 0.00761126
438.862 0.917369 0.00762369
439.222 0.915456 0.00767651
439.581 0.924644 0.00774805
439.94 0.911912 0.00758672
440.299 0.909915 0.00732295
440.658 0.912678 0.00714739
441.017 0.922275 0.00718719
441.376 0.922786 0.00727308
441.734 0.92172 0.00734354
442.093 0.914065 0.00730979
442.452 0.913531 0.00725519
442.811 0.921273 0.00725384
443.169 0.918574 0.00724049
443.528 0.925148 0.00741707
443.887 0.916643 0.00738762
444.245 0.926541 0.00745993
444.604 0.922319 0.00750487
444.962 0.917765 0.00752194
445.321 0.92383 0.00755379
445.679 0.914481 0.00747598
446.038 0.922067 0.00747951
446.396 0.924475 0.00759245
446.754 0.924088 0.00769472
447.112 0.922295 0.00772613
447.471 0.915469 0.00770632
447.829 0.916126 0.0077494
448.187 0.920365 0.0077535
448.545 0.920612 0.00773082
448.903 0.91717 0.00773634
449.261 0.91728 0.0077593
449.619 0.923546 0.00785949
449.977 0.928021 0.00791689
450.335 0.926948 0.007999
450.693 0.921564 0.00799549
451.051 0.91698 0.00795977
451.409 0.92443 0.00802338
451.766 0.924215 0.00803268
452.124 0.923295 0.00814131
452.482 0.927743 0.00824175
452.839 0.929943 0.00834366
453.197 0.921246 0.00831921
453.555 0.926587 0.00837779
453.912 0.917964 0.00831682
454.27 0.922109 0.00820409
454.627 0.922826 0.0081103
454.984 0.918104 0.00810863
455.342 0.932454 0.00829704
455.699 0.933671 0.00839509
456.056 0.920514 0.00828625
456.414 0.926782 0.00824008
456.771 0.926339 0.00808747
457.128 0.919898 0.00802847
457.485 0.928104 0.00803624
457.842 0.933285 0.00810851
458.199 0.927494 0.00807397
458.556 0.927124 0.00799448
458.913 0.9248 0.00798479
459.27 0.926016 0.00794478
459.627 0.93109 0.00808241
459.984 0.92519 0.00799802
460.341 0.931365 0.00801435
460.697 0.92809 0.00809556
461.054 0.934571 0.00836309
461.411 0.92796 0.00850513
461.767 0.925337 0.00859326
462.124 0.926361 0.00857651
462.481 0.931975 0.00849957
462.837 0.929243 0.00835537
463.194 0.93204 0.00819278
463.55 0.924775 0.00821326
463.907 0.924981 0.00799854
464.263 0.9272 0.00789788
464.619 0.930818 0.00776347
464.976 0.93476 0.00767215
465.332 0.937887 0.00768307
465.688 0.935198 0.00790748
466.044 0.92924 0.00816524
466.4 0.937511 0.0083291
466.756 0.927581 0.00833923
467.112 0.93208 0.00835936
467.468 0.925899 0.00831928
467.824 0.943666 0.00848488
468.18 0.934624 0.00855442
468.536 0.937593 0.00857516
468.892 0.933256 0.00869178
469.248 0.932287 0.0087258
469.604 0.931321 0.00877373
469.959 0.934807 0.00878703
470.315 0.933298 0.0087752
470.671 0.930558 0.00875355
471.026 0.929073 0.00867276
471.382 0.927321 0.00858167
471.737 0.936515 0.00855473
472.093 0.926745 0.00837723
472.448 0.924178 0.00820503
472.804 0.932472 0.00817149
473.159 0.930271 0.00809483
473.514 0.938359 0.00817127
473.87 0.929492 0.00801669
474.225 0.927315 0.00777848
474.58 0.929121 0.00763253
474.935 0.9479 0.00777485
475.29 0.943036 0.00785944
475.645 0.940606 0.00785726
476 0.930331 0.00782429
476.355 0.933949 0.00791007
476.71 0.927298 0.00787723
477.065 0.919581 0.00761588
477.42 0.929996 0.00755788
477.775 0.928516 0.00756097
478.13 0.936682 0.00766245
478.485 0.933292 0.00759316
478.839 0.928103 0.00748144
479.194 0.926385 0.00728296
479.549 0.931371 0.00721297
479.903 0.939348 0.00726312
480.258 0.93263 0.00729405
480.612 0.931954 0.00719631
480.967 0.930108 0.00702297
481.321 0.945663 0.00710414
481.675 0.936089 0.00720426
482.03 0.941527 0.0073526
482.384 0.939795 0.00737669
482.738 0.92963 0.00726673
483.093 0.931173 0.00721965
483.447 0.931446 0.00706388
483.801 0.922716 0.00681119
484.155 0.933914 0.00676494
484.509 0.848709 0.00561559
484.863 0.883272 0.00390468
485.217 0.919559 0.00362096
485.571 0.958552 0.00379244
485.925 1.00168 0.00493849
486.279 0.965702 0.00562268
486.632 0.957112 0.00605423
486.986 0.953249 0.0065312
487.34 0.946865 0.00694873
487.694 0.942683 0.00712691
488.047 0.934129 0.00713461
488.401 0.942242 0.00717462
488.754 0.938565 0.00720607
489.108 0.94253 0.00733913
489.461 0.937353 0.00735438
489.815 0.939463 0.00743945
490.168 0.937341 0.00734907
490.522 0.938244 0.00732133
490.875 0.93482 0.00731894
491.228 0.933305 0.00736331
491.581 0.929337 0.00729722
491.935 0.942889 0.00737741
492.288 0.936608 0.0073831
492.641 0.938433 0.00733788
492.994 0.937654 0.00732934
493.347 0.931331 0.00720315
493.7 0.932133 0.00721176
494.053 0.941082 0.00727109
494.406 0.939753 0.00738347
494.759 0.939659 0.00753365
495.111 0.927066 0.00724932
495.464 0.930471 0.00694388
495.817 0.937718 0.00684495
496.169 0.945661 0.00706677
496.522 0.94859 0.00739721
496.875 0.939527 0.00760765
497.227 0.936658 0.00767108
497.58 0.938711 0.00766609
497.932 0.937351 0.00757061
498.285 0.928998 0.00746799
498.637 0.931645 0.00729237
498.989 0.93218 0.00721324
499.342 0.942647 0.00730741
499.694 0.942282 0.00746752
500.046 0.933421 0.00749615
500.398 0.932821 0.00731024
500.751 0.938092 0.007264
501.103 0.929588 0.00720795
501.455 0.935941 0.00724363
501.807 0.937 0.00725862
502.159 0.943531 0.00728781
502.511 0.939545 0.00725434
502.862 0.937866 0.00727908
503.214 0.940481 0.00738885
503.566 0.944341 0.00755407
503.918 0.937664 0.00760877
504.27 0.942038 0.00761842
504.621 0.947843 0.00766051
504.973 0.945159 0.00769281
505.324 0.941247 0.00762729
505.676 0.938997 0.00748544
506.027 0.946321 0.00753486
506.379 0.946278 0.00778579
506.73 0.939123 0.00787456
507.082 0.942915 0.00783444
507.433 0.935985 0.00766103
507.784 0.942111 0.0076218
508.136 0.940746 0.00774917
508.487 0.950184 0.00786786
508.838 0.937557 0.00788869
509.189 0.938972 0.00788597
509.54 0.944117 0.00780184
509.891 0.941716 0.00788205
510.242 0.942595 0.00789452
510.593 0.944863 0.00795431
510.944 0.942848 0.00799025
511.295 0.949023 0.00818331
511.646 0.943277 0.00824885
511.996 0.939577 0.00814785
512.347 0.943999 0.00810556
512.698 0.945318 0.00813803
513.049 0.947189 0.00819626
513.399 0.93734 0.00819135
513.75 0.94135 0.00818432
514.1 0.949864 0.00837723
514.451 0.951556 0.00855904
514.801 0.931907 0.00843301
515.152 0.937361 0.0083829
515.502 0.932018 0.00822941
515.852 0.942946 0.00823309
516.202 0.941986 0.00821787
516.553 0.959464 0.00841501
516.903 0.941559 0.00846326
517.253 0.958762 0.00866906
517.603 0.942676 0.00859446
517.953 0.940352 0.00854214
518.303 0.940456 0.00834211
518.653 0.943219 0.00828591
519.003 0.940322 0.00833671
519.353 0.946964 0.00866535
519.703 0.944149 0.00883595
520.052 0.936235 0.00884395
520.402 0.94185 0.00882157
520.752 0.943554 0.00872849
521.102 0.954884 0.00892305
521.451 0.94286 0.00892982
521.801 0.948846 0.0089325
522.15 0.934639 0.00871847
522.5 0.942156 0.00873925
522.849 0.934575 0.00867668
523.199 0.93791 0.00861004
523.548 0.934568 0.00851205
523.897 0.940718 0.00863876
524.246 0.944108 0.00879836
524.596 0.946037 0.008932
524.945 0.936116 0.00883324
525.294 0.940042 0.00885072
525.643 0.941095 0.00883594
525.992 0.942618 0.00882799
526.341 0.939791 0.00875977
526.69 0.945548 0.00885572
527.039 0.941636 0.00892351
527.388 0.938022 0.00896867
527.737 0.931554 0.00866576
528.086 0.935465 0.00836443
528.434 0.940156 0.00823192
528.783 0.954375 0.00852058
529.132 0.949195 0.00865917
529.48 0.942092 0.0087377
529.829 0.945948 0.00880381
530.177 0.947436 0.00890115
530.526 0.946752 0.00891982
530.874 0.943664 0.00882036
531.223 0.930524 0.00874608
531.571 0.948105 0.00890435
531.919 0.932117 0.00874219
532.268 0.9329 0.00847878
532.616 0.934077 0.00821292
532.964 0.942178 0.00812611
533.312 0.942626 0.00813224
533.66 0.938286 0.00815011
534.008 0.941159 0.00814401
534.356 0.950219 0.00818851
534.704 0.948437 0.00825518
535.052 0.946455 0.00835746
535.4 0.951297 0.00855593
535.748 0.945562 0.00873319
536.095 0.942089 0.008938
536.443 0.948086 0.00897758
536.791 0.931308 0.00870959
537.139 0.937944 0.00853932
537.486 0.935369 0.00833036
537.834 0.936838 0.00829273
538.181 0.938879 0.00825409
538.529 0.944617 0.00832592
538.876 0.949465 0.00832562
539.223 0.947852 0.0084592
539.571 0.955477 0.00867484
539.918 0.942262 0.00858411
540.265 0.94141 0.00841107
540.613 0.942232 0.00827002
540.96 0.948454 0.00840002
541.307 0.941962 0.00838649
541.654 0.940158 0.00837636
542.001 0.946664 0.00843146
542.348 0.93828 0.00839247
542.695 0.935745 0.00839172
543.042 0.947285 0.00831373
543.388 0.938066 0.00816856
543.735 0.9469 0.00819553
544.082 0.941802 0.00816099
544.429 0.946271 0.00821799
544.775 0.953515 0.00843105
545.122 0.95418 0.00868405
545.469 0.946972 0.00879263
545.815 0.933673 0.00868015
546.162 0.939041 0.00863579
546.508 0.934917 0.00843989
546.854 0.930379 0.00810733
547.201 0.931983 0.00781722
547.547 0.948455 0.00786316
547.893 0.952015 0.00805478
548.24 0.965338 0.00854534
548.586 0.95054 0.00883222
548.932 0.950912 0.00896537
549.278 0.942535 0.00893213
549.624 0.955873 0.00894706
549.97 0.951239 0.00900887
550.316 0.953602 0.00920014
550.662 0.949884 0.00927666
551.008 0.915203 0.00863464
551.353 0.936737 0.0082689
551.699 0.94484 0.00812089
552.045 0.961215 0.00841154
552.391 0.937158 0.00847774
552.736 0.940895 0.00853341
553.082 0.940291 0.0085432
553.427 0.952835 0.00875199
553.773 0.946573 0.009012
554.118 0.933826 0.00895167
554.464 0.933009 0.00871816
554.809 0.929844 0.0083577
555.154 0.941646 0.0082973
555.5 0.943133 0.00832267
555.845 0.945088 0.00865523
556.19 0.946577 0.00889707
556.535 0.947905 0.00910324
556.88 0.940542 0.00892158
557.225 0.943794 0.00890388
557.57 0.953098 0.00912226
557.915 0.95639 0.00938574
558.26 0.947636 0.00945783
558.605 0.950245 0.00943725
558.95 0.928804 0.00912444
559.295 0.931272 0.00864931
559.639 0.930826 0.00832178
559.984 0.924627 0.00797704
560.329 0.938319 0.00800619
560.673 0.944621 0.00806092
561.018 0.948315 0.00831369
561.362 0.94774 0.00853273
561.707 0.953029 0.008771
562.051 0.93752 0.00859329
562.395 0.928872 0.00844058
562.74 0.953183 0.00838066
563.084 0.936559 0.00820461
563.428 0.942609 0.00805919
563.772 0.950636 0.00813095
564.117 0.942271 0.00803589
564.461 0.943234 0.00801456
564.805 0.939778 0.00806955
565.149 0.950152 0.00807655
565.493 0.947365 0.00807705
565.836 0.93728 0.00787961
566.18 0.932481 0.00774455
566.524 0.924047 0.00718916
566.868 0.940311 0.0070577
567.212 0.946406 0.00696002
567.555 0.933425 0.00682477
567.899 0.933491 0.00650878
568.242 0.931515 0.00623639
568.586 0.926095 0.00581897
568.929 0.927255 0.00545015
569.273 0.935668 0.00517617
569.616 0.945615 0.00521096
569.96 0.937028 0.00508247
570.303 0.938277 0.00492782
570.646 0.940226 0.00487166
570.989 0.938269 0.00471587
571.333 0.95023 0.00480491
571.676 0.962288 0.00501603
572.019 0.951324 0.00539295
572.362 0.930921 0.00503369
572.705 0.923166 0.00465255
573.048 0.935627 0.00445829
573.391 0.937558 0.00431727
573.733 0.93879 0.00426009
574.076 0.940312 0.00421641
574.419 0.957862 0.00438529
574.762 0.957702 0.00461855
575.104 0.960949 0.00495231
575.447 0.929408 0.0048046
575.789 0.922264 0.00449874
576.132 0.940875 0.00429272
576.474 0.929966 0.00422
576.817 0.921935 0.00388687
577.159 0.924452 0.00368004
577.501 0.944627 0.00374933
577.844 0.962489 0.00405055
578.186 0.967681 0.00455561
578.528 0.943924 0.00468312
578.87 0.946523 0.00471003
579.212 0.929831 0.00451261
579.554 0.94515 0.00440426
579.896 0.943875 0.00442809
580.238 0.910701 0.00409884
580.58 0.918857 0.0036174
580.922 0.904667 0.00344962
581.264 0.904623 0.00344945
581.606 0.956791 0.00370371
581.947 0.95793 0.0039337
582.289 0.97264 0.00440374
582.631 0.969324 0.00487632
582.972 0.95304 0.00515944
583.314 0.946119 0.005084
583.655 0.928279 0.00486814
583.997 0.919188 0.00442188
584.338 0.928697 0.00413404
584.679 0.935638 0.00398123
585.021 0.95671 0.00413648
585.362 0.962107 0.00445715
585.703 0.958904 0.00478604
586.044 0.932686 0.00473775
586.385 0.929951 0.00447658
586.726 0.935877 0.00428915
587.067 0.961903 0.00451904
587.408 0.954244 0.00475909
587.749 0.961464 0.00500355
588.09 0.952762 0.00518847
588.431 0.962939 0.00552682
588.772 0.943695 0.00569031
589.113 0.939547 0.00557976
589.453 0.942568 0.00555841
589.794 0.952345 0.0057785
590.134 0.95292 0.00608866
590.475 0.946987 0.00621075
590.815 0.933212 0.00610837
591.156 0.945582 0.00615747
591.496 0.912298 0.00586375
591.837 0.915498 0.00505332
592.177 0.924877 0.00461391
592.517 0.942996 0.00446043
592.857 0.960089 0.00474527
593.198 0.964399 0.00506013
593.538 0.962335 0.00557608
593.878 0.949191 0.00571484
594.218 0.929868 0.0054739
594.558 0.943028 0.00530761
594.898 0.954594 0.00549046
595.237 0.965979 0.00586552
595.577 0.961063 0.00622851
595.917 0.94494 0.00648449
596.257 0.930775 0.00616605
596.596 0.930272 0.00600945
596.936 0.951755 0.00597756
597.276 0.94765 0.00619782
597.615 0.924851 0.00601428
597.955 0.912873 0.00525518
598.294 0.940912 0.0050056
598.633 0.949066 0.0050439
598.973 0.948667 0.00523293
599.312 0.94225 0.00519929
599.651 0.955733 0.00527787
599.991 0.945648 0.00536462
600.33 0.950916 0.00546266
600.669 0.948413 0.00561183
601.008 0.960451 0.00584254
601.347 0.945219 0.00599355
601.686 0.936776 0.00579246
602.025 0.944251 0.00585433
602.364 0.930913 0.00552322
602.702 0.936566 0.00546049
603.041 0.949131 0.0055334
603.38 0.958032 0.00582521
603.719 0.963383 0.00610756
604.057 0.941396 0.00620713
604.396 0.947276 0.00621666
604.734 0.916775 0.00584103
605.073 0.939783 0.00547118
605.411 0.942466 0.00553216
605.75 0.960282 0.00578808
606.088 0.949508 0.0060568
606.426 0.936137 0.00586656
606.764 0.940263 0.00579866
607.103 0.960284 0.00604578
607.441 0.948688 0.00621657
607.779 0.944532 0.00635331
608.117 0.945591 0.00631339
608.455 0.954282 0.00661135
608.793 0.928224 0.00658333
609.131 0.926732 0.00613692
609.469 0.940402 0.00603284
609.806 0.94662 0.00613414
610.144 0.953856 0.0066411
610.482 0.934502 0.00664168
610.819 0.947326 0.00667245
611.157 0.947032 0.00670652
611.495 0.942192 0.00692381
611.832 0.935462 0.00691965
612.17 0.936304 0.00687241
612.507 0.936314 0.0067957
612.844 0.937971 0.00687315
613.182 0.942886 0.00690706
613.519 0.941246 0.00685855
613.856 0.939543 0.00683449
614.193 0.92889 0.00670994
614.53 0.937549 0.00660069
614.867 0.944334 0.00661736
615.205 0.949286 0.00696691
615.541 0.944207 0.00719934
615.878 0.935108 0.00746877
616.215 0.940711 0.00741465
616.552 0.940559 0.0074898
616.889 0.93424 0.00729322
617.226 0.943618 0.00725456
617.562 0.951572 0.00751666
617.899 0.9499 0.00796359
618.235 0.947607 0.00836378
618.572 0.939751 0.00863762
618.908 0.928652 0.00828851
619.245 0.930945 0.00796005
619.581 0.942413 0.00786852
619.918 0.964276 0.00862048
620.254 0.963301 0.00971968
620.59 0.928341 0.00968532
620.926 0.915513 0.00896798
621.262 0.932201 0.00854672
621.599 0.940056 0.00862167
621.935 0.927598 0.00845655
622.271 0.928895 0.00814516
622.606 0.936577 0.00800205
622.942 0.947266 0.0082471
623.278 0.934661 0.00843083
623.614 0.92471 0.0079917
623.95 0.940864 0.00802893
624.285 0.940358 0.0081764
624.621 0.943472 0.00863485
624.957 0.937242 0.00887398
625.292 0.946127 0.00918556
625.628 0.938995 0.00942774
625.963 0.931457 0.00945215
626.299 0.931786 0.00925918
626.634 0.930517 0.00910771
626.969 0.943686 0.00934156
627.304 0.95334 0.0101775
627.64 0.942453 0.010854
627.975 0.918426 0.0105004
628.31 0.919799 0.00993286
628.645 0.945542 0.00984055
628.98 0.933895 0.00999466
629.315 0.942768 0.0102345
629.65 0.932342 0.0102589
629.985 0.930628 0.0102207
630.319 0.939064 0.0107159
630.654 0.934246 0.0108102
630.989 0.937662 0.0107769
631.323 0.937307 0.0109615
631.658 0.950067 0.0114856
631.993 0.937919 0.011906
632.327 0.940288 0.0119665
632.662 0.92989 0.0118357
632.996 0.934061 0.0115991
633.33 0.915346 0.0113123
633.665 0.942808 0.0118829
633.999 0.930435 0.0121632
634.333 0.924492 0.0121219
634.667 0.937443 0.0122487
635.001 0.93253 0.0119189
635.335 0.923327 0.0114087
635.669 0.931588 0.0110343
636.003 0.944398 0.0112646
636.337 0.9415 0.0118095
636.671 0.947485 0.0124658
637.005 0.93859 0.0127442
637.339 0.925507 0.0125991
637.672 0.920179 0.0121041
638.006 0.938102 0.0119076
638.339 0.939591 0.0120908
638.673 0.940323 0.0124806
639.006 0.951049 0.0129458
639.34 0.928529 0.0127846
639.673 0.945062 0.013082
640.007 0.941618 0.0130253
640.34 0.940979 0.013248
640.673 0.927976 0.0132564
641.006 0.931176 0.0134744
641.34 0.929989 0.0136125
641.673 0.929102 0.0139309
642.006 0.927572 0.0141592
642.339 0.930898 0.0139337
642.672 0.930647 0.0138462
643.004 0.935405 0.0139608
643.337 0.949809 0.0145211
643.67 0.919785 0.0142858
644.003 0.928839 0.0142153
644.336 0.91326 0.0140365
644.668 0.901971 0.0139245
645.001 0.934507 0.0144184
645.333 0.954753 0.0149321
645.666 0.937451 0.0151015
645.998 0.942295 0.0154862
646.331 0.927168 0.0155948
646.663 0.937434 0.0155196
646.995 0.912702 0.0143796
647.327 0.910362 0.0131884
647.66 0.919549 0.0125294
647.992 0.929508 0.0124047
648.324 0.928555 0.0123525
648.656 0.933243 0.0125558
648.988 0.943477 0.0131271
649.32 0.955988 0.0141347
649.652 0.937244 0.014652
649.983 0.930366 0.0149125
650.315 0.932864 0.0150287
650.647 0.913442 0.0145303
650.979 0.920783 0.0139231
651.31 0.914006 0.0133382
651.642 0.921249 0.0130903
651.973 0.93515 0.0131799
652.305 0.9291 0.0130873
652.636 0.952085 0.0134318
652.967 0.937347 0.0136286
653.299 0.935672 0.0139339
653.63 0.923707 0.013688
653.961 0.906444 0.0125962
654.292 0.807993 0.00912809
654.623 0.710733 0.00310303
654.955 0.897859 0.00342366
655.286 0.897803 0.00342345
655.616 0.897748 0.00342323
655.947 0.897691 0.00342302
656.278 0.897633 0.0034228
656.609 0.983021 0.00374839
656.94 0.985888 0.0049673
657.27 0.981022 0.00580918
657.601 0.99111 0.00673459
657.932 1.00238 0.00810086
658.262 1.00047 0.00985872
658.593 0.982299 0.0117183
658.923 0.966669 0.0135924
659.254 0.960542 0.0149668
659.584 0.935265 0.0156803
659.914 0.934628 0.0164145
660.244 0.938613 0.0168603
660.575 0.921095 0.01658
660.905 0.926457 0.0166529
661.235 0.916649 0.0163327
661.565 0.924232 0.0162821
661.895 0.919529 0.016148
662.225 0.916533 0.0163756
662.555 0.927825 0.0167049
662.884 0.91357 0.0163908
663.214 0.914226 0.0161705
663.544 0.931835 0.0161557
663.873 0.915043 0.0157722
664.203 0.922807 0.0156665
664.533 0.924104 0.0152529
664.862 0.920609 0.0151181
665.192 0.921898 0.0155639
665.521 0.939047 0.0165607
665.85 0.922357 0.0169004
666.18 0.930179 0.0176711
666.509 0.921713 0.017486
666.838 0.895519 0.0168282
667.167 0.914392 0.0167862
667.496 0.930333 0.0172237
667.825 0.913349 0.0171517
668.154 0.916137 0.0171492
668.483 0.929479 0.0171563
668.812 0.907634 0.0166376
669.141 0.920519 0.0165881
669.47 0.924197 0.0164166
669.798 0.939944 0.0167253
670.127 0.910345 0.0164753
670.456 0.877271 0.0152586
670.784 0.897179 0.0138411
671.113 0.904888 0.0127599
671.441 0.916493 0.0122706
671.77 0.941082 0.0126406
672.098 0.920249 0.0129917
672.426 0.952826 0.0146973
672.755 0.921009 0.0153638
673.083 0.914471 0.0155256
673.411 0.911612 0.0154704
673.739 0.913706 0.0157148
674.067 0.938715 0.0167697
674.395 0.91002 0.0165095
674.723 0.900532 0.0159956
675.051 0.920851 0.015941
675.379 0.903592 0.0157779
675.706 0.912416 0.0160291
676.034 0.928027 0.0165304
676.362 0.904499 0.0163982
676.689 0.899829 0.0153636
677.017 0.918724 0.0145048
677.344 0.913562 0.0138943
677.672 0.918336 0.0141694
677.999 0.921629 0.0143676
678.327 0.917595 0.0140503
678.654 0.920939 0.0134633
678.981 0.913984 0.0130089
679.308 0.930587 0.0132312
679.636 0.931947 0.0138598
679.963 0.938923 0.0146079
680.29 0.896181 0.0143103
680.617 0.90903 0.0141442
680.944 0.921979 0.0140333
681.271 0.941539 0.01459
681.597 0.933214 0.0155077
681.924 0.932112 0.0165067
682.251 0.907642 0.0162245
682.578 0.907098 0.0153673
682.904 0.910928 0.0143696
683.231 0.906419 0.0137638
683.557 0.906451 0.0134558
683.884 0.905696 0.0130665
684.21 0.911395 0.0128006
684.536 0.905299 0.0123408
684.863 0.917519 0.0122371
685.189 0.913949 0.0124194
685.515 0.929797 0.0132046
685.841 0.91724 0.0135446
686.167 0.900554 0.0134342
686.493 0.920907 0.0134228
686.819 0.930059 0.0135659
687.145 0.929619 0.0141549
687.471 0.927291 0.0152028
687.797 0.906632 0.0155368
688.123 0.900155 0.015387
688.448 0.904747 0.0149201
688.774 0.908781 0.014504
689.1 0.920909 0.0148476
689.425 0.929131 0.0155394
689.751 0.916857 0.0156862
690.076 0.899769 0.014674
690.402 0.904162 0.0137432
690.727 0.907991 0.0133471
691.052 0.923013 0.0138099
691.377 0.907576 0.0141049
691.703 0.909047 0.0144738
692.028 0.902255 0.0144278
692.353 0.91912 0.0142541
692.678 0.91709 0.0143478
693.003 0.933989 0.0150299
693.328 0.932935 0.0161304
693.652 0.902297 0.0165795
693.977 0.893842 0.0161074
694.302 0.896277 0.0152084
694.627 0.905783 0.0150751
694.951 0.913656 0.0156848
695.276 0.935833 0.0174019
695.6 0.893303 0.0172878
695.925 0.87432 0.0150107
696.249 0.896185 0.0134004
696.574 0.918636 0.0128579
696.898 0.944169 0.0136287
697.222 0.919492 0.014216
697.546 0.915004 0.0147519
697.871 0.91124 0.0150316
698.195 0.906152 0.0150995
698.519 0.914242 0.0155505
698.843 0.923161 0.0160734
699.167 0.906403 0.0165254
699.491 0.891565 0.0170137
699.814 0.9192 0.0174151
700.138 0.920167 0.0174774
700.462 0.921104 0.0177755
700.786 0.89689 0.0173073
701.109 0.899823 0.0169083
701.433 0.916672 0.0164748
701.756 0.889554 0.01565
702.08 0.91026 0.0158324
702.403 0.916986 0.0162145
702.726 0.918074 0.0169126
703.05 0.895579 0.0171118
703.373 0.913456 0.0174832
703.696 0.911116 0.0174755
704.019 0.905644 0.0180309
704.342 0.904286 0.0186745
704.665 0.903132 0.0194332
704.988 0.90509 0.019327
705.311 0.885609 0.0179431
705.634 0.876034 0.0160229
705.957 0.889456 0.0146226
706.28 0.89578 0.0135942
706.602 0.91526 0.0135987
706.925 0.912876 0.0138666
707.247 0.918532 0.0144637
707.57 0.903161 0.0149078
707.892 0.908074 0.0154584
708.215 0.920516 0.0163245
708.537 0.900578 0.0165441
708.859 0.902469 0.0166562
709.182 0.895452 0.0164196
709.504 0.896746 0.015999
709.826 0.902175 0.0158459
710.148 0.903942 0.0159254
710.47 0.901931 0.0163598
710.792 0.901834 0.0169634
711.114 0.906464 0.017577
711.436 0.903842 0.0179421
711.758 0.869302 0.0173111
712.079 0.894797 0.0173625
712.401 0.905451 0.0166037
712.723 0.89632 0.0159201
713.044 0.888125 0.0149301
713.366 0.902134 0.0148798
713.687 0.91346 0.0150946
714.009 0.899526 0.0153854
714.33 0.895453 0.0156947
714.652 0.898252 0.016166
714.973 0.910576 0.0168405
715.294 0.901775 0.0176208
715.615 0.922645 0.0189633
715.936 0.892584 0.0189253
716.257 0.899642 0.0191828
716.578 0.901545 0.0193321
716.899 0.911315 0.0190034
717.22 0.894878 0.0176164
717.541 0.888009 0.0170782
717.862 0.887173 0.0170129
718.182 0.875987 0.016872
718.503 0.89222 0.0166575
718.824 0.923444 0.0171878
719.144 0.90553 0.0172924
719.465 0.886443 0.0175
719.785 0.872816 0.0170067
720.105 0.877149 0.0168249
720.426 0.883933 0.0166803
720.746 0.914982 0.0172586
721.066 0.891947 0.0170707
721.386 0.878077 0.017111
721.706 0.902923 0.017856
722.026 0.903804 0.0183388
722.346 0.902166 0.0184745
722.666 0.883097 0.0180391
722.986 0.897602 0.0177355
723.306 0.893114 0.0178293
723.626 0.898715 0.0182397
723.946 0.876882 0.0179807
724.265 0.874628 0.0169976
724.585 0.880526 0.0161556
724.904 0.896321 0.0161787
725.224 0.909966 0.0163449
725.543 0.888747 0.0161498
725.863 0.887566 0.0162938
726.182 0.905473 0.0171254
726.501 0.888782 0.0172341
726.82 0.906025 0.0175151
727.14 0.876303 0.0165583
727.459 0.894867 0.016228
727.778 0.870872 0.0159139
728.097 0.890428 0.0163116
728.416 0.876427 0.016
728.734 0.88564 0.0155725
729.053 0.894853 0.0154999
729.372 0.876622 0.0153095
729.691 0.875601 0.014915
730.009 0.885725 0.0142798
730.328 0.887099 0.0138704
730.647 0.912415 0.014083
730.965 0.901396 0.0144881
731.283 0.90245 0.0150412
731.602 0.882681 0.0150487
731.92 0.890514 0.0148467
732.238 0.876619 0.0143757
732.557 0.891001 0.0143603
732.875 0.863695 0.0137958
733.193 0.873181 0.0130443
733.511 0.900121 0.0129413
733.829 0.905057 0.0133659
734.147 0.907509 0.0142643
734.465 0.887073 0.0147442
734.782 0.890326 0.0147579
735.1 0.881357 0.014272
735.418 0.885362 0.0142927
735.735 0.896121 0.0144225
736.053 0.876305 0.0141041
736.371 0.881046 0.0142884
736.688 0.883314 0.0148281
737.005 0.911463 0.01598
737.323 0.883366 0.0163334
737.64 0.878235 0.0163045
737.957 0.867994 0.0153679
738.274 0.867832 0.0141038
738.592 0.880964 0.0138642
738.909 0.898247 0.0143522
739.226 0.885783 0.0155233
739.543 0.904058 0.0169044
739.86 0.889805 0.0177457
740.176 0.894113 0.0182505
740.493 0.889846 0.0187566
740.81 0.866246 0.0185646
741.127 0.866614 0.0183724
741.443 0.860949 0.0173512
741.76 0.869315 0.0168575
742.076 0.891279 0.0172202
742.393 0.878045 0.0180088
742.709 0.885998 0.0190915
743.025 0.88852 0.0194709
743.342 0.871922 0.019111
743.658 0.886966 0.0189042
743.974 0.886374 0.0183752
744.29 0.892144 0.0184162
744.606 0.88939 0.0185842
744.922 0.857057 0.018276
745.238 0.869016 0.018459
745.554 0.876107 0.0189825
745.87 0.878345 0.019207
746.186 0.855968 0.0181796
746.501 0.878891 0.0177437
746.817 0.873279 0.0179686
747.132 0.896169 0.0195385
747.448 0.884359 0.0201719
747.763 0.852298 0.0195071
748.079 0.861127 0.0187919
748.394 0.873977 0.0176485
748.71 0.863247 0.0163292
749.025 0.850963 0.0152642
749.34 0.887507 0.0153859
749.655 0.900876 0.0158404
749.97 0.890082 0.0163121
750.285 0.875446 0.0162274
750.6 0.872021 0.0158495
750.915 0.878889 0.0155163
751.23 0.890375 0.0159249
751.545 0.903588 0.0167019
751.859 0.858785 0.0168959
752.174 0.854551 0.017051
752.489 0.875382 0.0163887
752.803 0.860513 0.0152735
753.118 0.876065 0.0152953
753.432 0.886176 0.0158994
753.747 0.879267 0.0164243
754.061 0.8651 0.0157394
754.375 0.848563 0.0149358
754.689 0.858705 0.0145571
755.004 0.871968 0.0146455
755.318 0.878245 0.0143777
755.632 0.855758 0.0135002
755.946 0.864677 0.0133251
756.26 0.851326 0.0126308
756.573 0.875743 0.0122569
756.887 0.868857 0.011837
757.201 0.880176 0.0121667
757.515 0.893055 0.0134246
757.828 0.879194 0.0142854
758.142 0.86342 0.0141098
758.455 0.857445 0.0130584
758.769 0.864129 0.0124145
759.082 0.857607 0.0120312
759.396 0.864721 0.0118994
759.709 0.872054 0.0118571
760.022 0.880382 0.0120187
760.335 0.89626 0.0127639
760.648 0.889099 0.0136638
760.962 0.888561 0.0146619
761.275 0.865457 0.0151869
761.587 0.867557 0.0154032
761.9 0.875716 0.0155146
762.213 0.857432 0.0148505
762.526 0.864136 0.0143706
762.839 0.873562 0.014391
763.151 0.853117 0.0138108
763.464 0.85997 0.0131149
763.776 0.859836 0.0121811
764.089 0.874364 0.0120242
764.401 0.868371 0.0124087
764.714 0.871447 0.0131617
765.026 0.873608 0.0140657
765.338 0.872052 0.0149634
765.65 0.885374 0.016228
765.962 0.863184 0.0167682
766.275 0.847169 0.0172063
766.587 0.84178 0.0172081
766.898 0.848135 0.0167185
767.21 0.862898 0.0158666
767.522 0.850167 0.0146126
767.834 0.851596 0.014089
768.146 0.861758 0.0142752
768.457 0.880039 0.0153074
768.769 0.869457 0.0160252
769.08 0.866446 0.0160697
769.392 0.853991 0.0153769
769.703 0.849392 0.0145419
770.015 0.855208 0.0140348
770.326 0.878644 0.0142535
770.637 0.880536 0.0147848
770.948 0.858536 0.0156648
771.26 0.84656 0.0165323
771.571 0.866123 0.0169055
771.882 0.847219 0.0163137
772.193 0.883977 0.0168327
772.504 0.868374 0.017101
772.814 0.863436 0.0173926
773.125 0.866458 0.0177836
773.436 0.874517 0.0183793
773.747 0.846027 0.0184844
774.057 0.869749 0.0191427
774.368 0.879454 0.0195519
774.678 0.872082 0.0199773
774.989 0.836559 0.0198733
775.299 0.860611 0.0208354
775.609 0.850744 0.0204846
775.919 0.855924 0.0203783
776.23 0.87223 0.0205964
776.54 0.840326 0.020045
776.85 0.846517 0.0203302
777.16 0.833105 0.0195694
777.47 0.832123 0.0185417
777.78 0.853711 0.017953
778.089 0.850281 0.0170164
778.399 0.844926 0.0168553
778.709 0.878833 0.0179832
779.019 0.874092 0.0191128
779.328 0.85982 0.0199816
779.638 0.846173 0.0195603
779.947 0.835791 0.0177212
780.257 0.837531 0.0161826
780.566 0.846367 0.0156589
780.875 0.853014 0.0160796
781.185 0.86313 0.0172004
781.494 0.847552 0.017326
781.803 0.862263 0.0179428
782.112 0.840834 0.0179777
782.421 0.84088 0.017742
782.73 0.848738 0.0173553
783.039 0.855821 0.0176487
783.348 0.853643 0.0190331
783.656 0.854884 0.0200933
783.965 0.843689 0.0202607
784.274 0.833004 0.0193671
784.582 0.851206 0.0189695
784.891 0.863477 0.0189931
785.199 0.837314 0.0189865
785.508 0.846884 0.0196206
785.816 0.852364 0.0200419
786.124 0.844146 0.0195048
786.432 0.852082 0.0186339
786.741 0.858 0.0179839
787.049 0.866143 0.0179622
787.357 0.842871 0.0179904
787.665 0.858713 0.0180494
787.973 0.868088 0.0183127
788.281 0.846796 0.0184633
788.588 0.842554 0.0193975
788.896 0.849364 0.0206869
789.204 0.874231 0.0218403
789.511 0.862569 0.0217529
789.819 0.86297 0.0221545
790.126 0.842034 0.0218932
790.434 0.852636 0.0220256
790.741 0.873985 0.0222433
791.049 0.837694 0.0217537
791.356 0.838992 0.0224771
791.663 0.864124 0.0232228
791.97 0.835736 0.0228976
792.277 0.848329 0.0226409
792.584 0.83694 0.0213025
792.891 0.8128 0.0185679
793.198 0.839923 0.017521
793.505 0.842268 0.0172021
793.812 0.836101 0.0176238
794.119 0.83922 0.0180626
794.425 0.847141 0.0186866
794.732 0.849209 0.0195622
795.038 0.849002 0.0216095
795.345 0.826627 0.0229298
795.651 0.839938 0.0243529
795.958 0.828409 0.0242343
796.264 0.79782 0.022193
796.57 0.827879 0.0217802
796.876 0.868085 0.0221112
797.183 0.838032 0.0221268
797.489 0.833888 0.022978
797.795 0.861535 0.0235647
798.101 0.841569 0.0231871
798.406 0.840209 0.0232914
798.712 0.851591 0.0241412
799.018 0.822484 0.0240957
799.324 0.853929 0.0246165
799.629 0.822413 0.0242669
799.935 0.845687 0.0247904
800.24 0.867134 0.0255803
800.546 0.841396 0.0252064
800.851 0.821734 0.0251369
801.157 0.868221 0.0269449
801.462 0.857782 0.0270423
801.767 0.83589 0.026822
802.072 0.816205 0.0254761
802.377 0.833717 0.024777
802.682 0.837731 0.0244365
802.987 0.867974 0.0255645
803.292 0.845213 0.0258721
803.597 0.833357 0.0259086
803.902 0.846543 0.0260471
804.207 0.838435 0.0257599
804.511 0.826968 0.025191
804.816 0.798456 0.0232575
805.12 0.81194 0.0219138
805.425 0.819141 0.0207315
805.729 0.840813 0.0211685
806.034 0.84171 0.0219996
806.338 0.856514 0.023457
806.642 0.829413 0.0236707
806.946 0.813458 0.0232048
807.251 0.850628 0.0239471
807.555 0.845025 0.0234883
807.859 0.833326 0.023148
808.162 0.851821 0.0240827
808.466 0.848219 0.0248497
808.77 0.835953 0.025323
809.074 0.85393 0.0264691
809.378 0.842764 0.0263413
809.681 0.835023 0.0260136
809.985 0.86367 0.0268839
810.288 0.874606 0.0273553
810.592 0.839939 0.0266067
810.895 0.852183 0.0274364
811.198 0.858876 0.028762
811.502 0.814085 0.0284092
811.805 0.868588 0.0301509
812.108 0.792905 0.0274958
812.411 0.849976 0.0276249
812.714 0.83824 0.0255611
813.017 0.851412 0.0243795
813.32 0.840866 0.024192
813.623 0.825504 0.0247272
813.926 0.84608 0.0268468
814.228 0.860107 0.028516
814.531 0.851929 0.0292901
814.833 0.803889 0.0282336
815.136 0.814827 0.0285978
815.438 0.828885 0.0291725
815.741 0.806854 0.0275888
816.043 0.815662 0.0274016
816.345 0.833926 0.0275204
816.648 0.821539 0.0275377
816.95 0.824393 0.028009
817.252 0.848656 0.0290566
817.554 0.830566 0.0288066
817.856 0.859949 0.0299378
818.158 0.823128 0.0295442
818.46 0.870444 0.0311519
818.761 0.853165 0.0307288
819.063 0.844342 0.0300388
819.365 0.833279 0.0289598
819.666 0.815348 0.0272141
819.968 0.834524 0.026624
820.269 0.842333 0.0264592
820.571 0.832331 0.0269912
820.872 0.827617 0.0279325
821.173 0.841447 0.0292837
821.475 0.870202 0.0309258
821.776 0.828017 0.0300107
822.077 0.816579 0.029629
822.378 0.809214 0.029701
822.679 0.840694 0.0307686
822.98 0.800779 0.0297504
823.281 0.864225 0.0319089
823.581 0.82435 0.0308497
823.882 0.870701 0.0321108
824.183 0.855409 0.0315047
824.483 0.801766 0.0294163
824.784 0.784927 0.0279102
825.084 0.873436 0.0299695
825.385 0.852086 0.0299891
825.685 0.850858 0.0306119
825.985 0.835753 0.0300796
826.286 0.818905 0.029366
826.586 0.793672 0.0283429
826.886 0.830484 0.0290466
827.186 0.838802 0.0296202
827.486 0.860109 0.0310016
827.786 0.856899 0.0314152
828.086 0.826363 0.0305403
828.386 0.834427 0.030288
828.685 0.807701 0.0296341
828.985 0.83941 0.0311129
829.285 0.8527 0.0315748
829.584 0.839502 0.0318356
829.884 0.844525 0.0324175
830.183 0.909905 0.035403
830.482 0.833314 0.0335105
830.782 0.825394 0.0334926
831.081 0.89777 0.0362523
831.38 0.806876 0.0332569
831.679 0.849538 0.0342022
831.978 0.883151 0.0349279
832.277 0.853148 0.0332231
832.576 0.804787 0.0316608
832.875 0.793594 0.0314206
833.174 0.83929 0.0321098
833.472 0.833692 0.0322447
833.771 0.838762 0.0327827
834.07 0.812852 0.0315054
834.368 0.812277 0.0318025
834.667 0.852399 0.0334387
834.965 0.87397 0.0343676
835.263 0.858684 0.0341116
835.562 0.857549 0.0341045
835.86 0.786727 0.0323644
836.158 0.792771 0.032858
836.456 0.824514 0.0343921
836.754 0.808198 0.0339549
837.052 0.871957 0.0363888
837.35 0.799568 0.0341699
837.648 0.863824 0.0359874
837.946 0.874292 0.0365132
838.243 0.822457 0.0354244
838.541 0.809338 0.0342176
838.839 0.847898 0.0350745
839.136 0.864385 0.0353394
839.434 0.841776 0.0346621
839.731 0.898357 0.0367719
840.028 0.883314 0.0356274
840.326 0.837211 0.0351212
840.623 0.838597 0.0351182
840.92 0.865432 0.0360191
841.217 0.902139 0.0378074
841.514 0.894082 0.0378485
841.811 0.79823 0.0345817
842.108 0.842246 0.0365665
842.405 0.869031 0.0374207
842.701 0.883988 0.0379153
842.998 0.836019 0.0357371
843.295 0.874329 0.0373457
843.591 0.875432 0.037451
843.888 0.827786 0.0359965
844.184 0.849979 0.0366871
844.481 0.785405 0.0346876
844.777 0.794432 0.0350573
845.073 0.830058 0.0361048
845.369 0.849521 0.0368921
845.665 0.856772 0.0375907
845.962 0.829774 0.0362679
846.258 0.877626 0.0380213
846.553 0.873616 0.0379894
846.849 0.867232 0.0379156
847.145 0.800346 0.0352404
847.441 0.828683 0.036074
847.737 0.815002 0.0354785
848.032 0.817773 0.0362177
848.328 0.851016 0.0371163
848.623 0.846566 0.0375134
848.919 0.792577 0.0354888
849.214 0.778122 0.0347625
849.509 0.80287 0.0358378
849.805 0.867518 0.0380001
850.1 0.889467 0.0393381
850.395 0.890946 0.0392404
850.69 0.90288 0.0397772
850.985 0.843182 0.0370756
851.28 0.822892 0.0364747
851.575 0.868952 0.0379394
851.869 0.860691 0.0376296
852.164 0.855611 0.0369595
852.459 0.855115 0.0359352
852.753 0.865185 0.0356433
853.048 0.798684 0.0324693
853.342 0.837767 0.0330234
853.637 0.869287 0.0342433
853.931 0.841771 0.0333355
854.225 0.852155 0.0333929
854.52 0.872609 0.0350505
854.814 0.868779 0.0350897
855.108 0.804296 0.0326669
855.402 0.830106 0.0337942
855.696 0.834598 0.0348555
855.99 0.856189 0.0358728
856.283 0.85202 0.0350001
856.577 0.866291 0.0360989
856.871 0.861876 0.0357222
857.164 0.850282 0.035867
857.458 0.865587 0.0373905
857.751 0.854397 0.0365037
858.045 0.863986 0.0362626
858.338 0.838084 0.0362984
858.632 0.799297 0.034637
858.925 0.83015 0.0362255
859.218 0.804426 0.035508
859.511 0.910315 0.0393538
859.804 0.85106 0.0376708
860.097 0.828976 0.036194
860.39 0.900177 0.0388231
860.683 0.841733 0.0373827
860.976 0.878232 0.0384905
861.268 0.836446 0.036983
861.561 0.862512 0.0386311
861.854 0.936013 0.0414425
862.146 0.858108 0.0382711
862.439 0.870409 0.0383358
862.731 0.810516 0.0360875
863.023 0.880881 0.03884
863.316 0.864837 0.0377903
863.608 0.911747 0.0390045
863.9 0.89538 0.0386774
864.192 0.82903 0.0363341
864.484 0.863962 0.037979
864.776 0.861041 0.0382511
865.068 0.885644 0.0385537
865.36 0.816608 0.0369238
865.651 0.853089 0.0387308
865.943 0.82906 0.0374757
866.235 0.905918 0.0393728
866.526 0.90116 0.0403277
866.818 0.853669 0.0379341
867.109 0.819142 0.0369313
867.4 0.881403 0.0390464
867.692 0.89006 0.039452
867.983 0.838851 0.0379295
868.274 0.915396 0.0401193
868.565 0.855243 0.038284
868.856 0.825599 0.0378608
869.147 0.838762 0.038058
869.438 0.857143 0.0383691
869.729 0.86646 0.0388079
870.02 0.910029 0.0413398
870.31 0.916136 0.0401845
870.601 0.868076 0.0385526
870.892 0.802275 0.0366822
871.182 0.802619 0.0365356
871.473 0.902902 0.0395934
871.763 0.867167 0.0378715
872.053 0.900196 0.0390406
872.343 0.873014 0.0383873
872.634 0.839357 0.0380185
872.924 0.840125 0.03728
873.214 0.838704 0.0380108
873.504 0.92059 0.0403577
873.794 0.955565 0.0421445
874.084 0.969442 0.0423269
874.373 0.913799 0.04006
874.663 0.834471 0.0373752
874.953 0.874684 0.039538
875.242 0.829075 0.0379751
875.532 0.863568 0.0384385
875.821 0.865987 0.0387316
876.111 0.885271 0.039012
876.4 0.897051 0.0397619
876.689 0.926106 0.0401322
876.978 0.873969 0.0390005
877.268 0.845377 0.0384254
877.557 0.904029 0.0401946
877.846 0.892446 0.0398025
878.134 0.883088 0.0399526
878.423 0.883251 0.03996
878.712 0.883413 0.0399673
