178.41 0.522577 0.111821
178.791 0.525886 0.112529
179.172 0.529171 0.113232
179.553 0.254303 0.254303
179.934 0.835281 0.835281
180.316 0.508291 0.508291
180.697 0.32232 0.32232
181.078 0.723238 0.723238
181.459 0.458205 0.458205
181.84 0.717529 0.717529
182.221 0.740924 0.740924
182.602 0.606221 0.606221
182.983 -0.559742 -0.559742
183.364 1.19118 0.193668
183.744 0.797286 0.100037
184.125 0.640363 0.0777699
184.506 0.266906 0.0411306
184.887 0.514298 0.0509131
185.268 0.482413 0.0424511
185.648 0.581791 0.0451286
186.029 0.509339 0.0402756
186.41 0.576866 0.0417416
186.791 0.628949 0.0418871
187.171 0.578066 0.0343479
187.552 0.466802 0.0251125
187.932 0.515839 0.0268801
188.313 0.448246 0.023403
188.694 0.488658 0.0244213
189.074 0.47162 0.0231308
189.455 0.456767 0.022132
189.835 0.489682 0.0235626
190.216 0.500224 0.0231873
190.596 0.448919 0.0210219
190.977 0.48735 0.0217331
191.357 0.510422 0.0223073
191.737 0.483725 0.0214447
192.118 0.480593 0.0212704
192.498 0.454746 0.0200486
192.878 0.46992 0.0205372
193.258 0.472514 0.0202384
193.639 0.454161 0.0195954
194.019 0.463175 0.0199633
194.399 0.48254 0.0202006
194.779 0.419015 0.0180696
195.159 0.471957 0.019733
195.54 0.438157 0.0184435
195.92 0.458011 0.0189125
196.3 0.428719 0.0180327
196.68 0.442999 0.018422
197.06 0.461958 0.0186998
197.44 0.418213 0.0176217
197.82 0.39157 0.0169172
198.2 0.426597 0.0176494
198.58 0.390248 0.0164352
198.959 0.400369 0.0166168
199.339 0.392811 0.0165306
199.719 0.367472 0.0156823
200.099 0.402212 0.0164463
200.479 0.381558 0.0159731
200.858 0.368736 0.015471
201.238 0.364078 0.0151328
201.618 0.372297 0.0154744
201.998 0.355724 0.0147639
202.377 0.34807 0.0146039
202.757 0.338986 0.0142228
203.136 0.356301 0.0144869
203.516 0.322607 0.0135796
203.896 0.32182 0.013396
204.275 0.322304 0.0131416
204.655 0.312556 0.0129659
205.034 0.310755 0.0127765
205.414 0.313037 0.0126628
205.793 0.324973 0.0127863
206.172 0.313146 0.0125629
206.552 0.29704 0.0120269
206.931 0.279983 0.0114975
207.31 0.268748 0.0111431
207.69 0.282632 0.0113361
208.069 0.274317 0.0110202
208.448 0.277473 0.0109438
208.827 0.293251 0.011186
209.207 0.285476 0.0110079
209.586 0.277452 0.0105682
209.965 0.271516 0.0104215
210.344 0.244851 0.00975214
210.723 0.241449 0.00956519
211.102 0.240625 0.00938367
211.481 0.257966 0.00966465
211.86 0.251551 0.00944871
212.239 0.265864 0.00961568
212.618 0.266441 0.00948693
212.997 0.243872 0.00892819
213.376 0.23314 0.00869833
213.755 0.22976 0.00851379
214.134 0.221408 0.0082444
214.513 0.209927 0.00789784
214.891 0.220813 0.00804596
215.27 0.223675 0.0079457
215.649 0.229029 0.00797412
216.028 0.233071 0.00790525
216.406 0.226535 0.00771243
216.785 0.216639 0.00741936
217.164 0.212747 0.0072788
217.542 0.196169 0.00684291
217.921 0.187039 0.00659625
218.3 0.181541 0.00647554
218.678 0.182637 0.00639291
219.057 0.191609 0.00643146
219.435 0.197908 0.00642891
219.814 0.208396 0.00654843
220.192 0.20448 0.00638206
220.57 0.201192 0.00625632
220.949 0.187081 0.00593171
221.327 0.170456 0.00556786
221.705 0.161909 0.00537092
222.084 0.152025 0.00509149
222.462 0.153965 0.00506283
222.84 0.162787 0.00516288
223.218 0.168808 0.00512658
223.597 0.177855 0.00520901
223.975 0.186425 0.00523702
224.353 0.188732 0.00521143
224.731 0.175116 0.00493903
225.109 0.164921 0.00469629
225.487 0.150444 0.00442168
225.865 0.137161 0.00415739
226.243 0.127719 0.00396083
226.621 0.127206 0.00390081
226.999 0.130184 0.00386536
227.377 0.143981 0.00402556
227.755 0.15233 0.00408661
228.133 0.162188 0.00416321
228.511 0.167042 0.00417476
228.889 0.162622 0.00404039
229.266 0.154128 0.00389614
229.644 0.137821 0.00361173
230.022 0.123683 0.00337718
230.4 0.11169 0.00317902
230.777 0.108378 0.00310174
231.155 0.109002 0.00307022
231.533 0.114824 0.00310654
231.91 0.123828 0.00318236
232.288 0.138997 0.00333971
232.665 0.143853 0.00335381
233.043 0.153444 0.00343111
233.42 0.147498 0.00331851
233.798 0.140253 0.00321232
234.175 0.12944 0.00304581
234.553 0.116799 0.00286245
234.93 0.105768 0.00269666
235.307 0.09577 0.00254525
235.685 0.0922184 0.00247722
236.062 0.0970463 0.00251154
236.439 0.106018 0.00261209
236.816 0.117586 0.00271727
237.194 0.127465 0.00279916
237.571 0.135089 0.00285656
237.948 0.141722 0.00291039
238.325 0.138957 0.00284997
238.702 0.133486 0.0027768
239.079 0.12205 0.00262885
239.456 0.108026 0.00245669
239.833 0.0980685 0.00232563
240.21 0.0874127 0.00217537
240.587 0.0827978 0.00210736
240.964 0.0870986 0.00214377
241.341 0.0919433 0.00218397
241.718 0.104613 0.00230754
242.095 0.115596 0.00242492
242.472 0.127167 0.00252323
242.849 0.13604 0.00259029
243.225 0.136718 0.0025741
243.602 0.136162 0.00255593
243.979 0.124322 0.00243384
244.356 0.113755 0.00231855
244.732 0.10117 0.00216427
245.109 0.0900629 0.00202772
245.486 0.0826916 0.00194026
245.862 0.078447 0.00188048
246.239 0.0803394 0.00188362
246.615 0.0889727 0.00197866
246.992 0.0987266 0.00206903
247.368 0.112193 0.00220561
247.745 0.123182 0.00229162
248.121 0.132028 0.00235631
248.497 0.136041 0.00238798
248.874 0.135428 0.00236817
249.25 0.128636 0.00228771
249.626 0.121565 0.00222027
250.003 0.107396 0.00207462
250.379 0.0939055 0.00192106
250.755 0.0834697 0.00181274
251.131 0.0761023 0.00171874
251.507 0.0750278 0.00170429
251.884 0.0786488 0.00173295
252.26 0.087682 0.00183023
252.636 0.0980098 0.00191741
253.012 0.112553 0.00204726
253.388 0.124377 0.00214562
253.764 0.13327 0.00221193
254.14 0.136384 0.00223229
254.516 0.136567 0.00223074
254.892 0.132197 0.00218366
255.268 0.124916 0.00212042
255.643 0.111392 0.00199394
256.019 0.0989785 0.00187817
256.395 0.0867948 0.00175511
256.771 0.0777438 0.00164897
257.147 0.073445 0.00160091
257.522 0.0750171 0.00161539
257.898 0.0812913 0.00167882
258.274 0.0912709 0.00177429
258.649 0.102386 0.00187806
259.025 0.11423 0.00197283
259.4 0.125609 0.00206764
259.776 0.135294 0.00213924
260.151 0.142437 0.00220237
260.527 0.139655 0.00217103
260.902 0.135998 0.0021366
261.278 0.124195 0.00203746
261.653 0.115276 0.00196288
262.028 0.101852 0.00184683
262.404 0.088599 0.0017146
262.779 0.0788435 0.0016134
263.154 0.0725825 0.00154528
263.53 0.0713981 0.00152844
263.905 0.0739601 0.00155864
264.28 0.0816786 0.00163711
264.655 0.0922692 0.00173495
265.03 0.105856 0.00186404
265.405 0.117574 0.00195796
265.781 0.129717 0.00205902
266.156 0.13645 0.00210952
266.531 0.138675 0.00211543
266.906 0.140828 0.00214356
267.281 0.134995 0.00208831
267.655 0.125972 0.00202486
268.03 0.11484 0.0019344
268.405 0.101963 0.0018203
268.78 0.089666 0.00170696
269.155 0.0795635 0.00160435
269.53 0.0731929 0.00154409
269.904 0.0700279 0.00150863
270.279 0.0701804 0.00151124
270.654 0.0749361 0.00155716
271.029 0.0824105 0.00163607
271.403 0.0945605 0.00174757
271.778 0.106898 0.00186336
272.152 0.117532 0.00195571
272.527 0.127566 0.00203569
272.901 0.131984 0.00206254
273.276 0.136893 0.00209575
273.65 0.137257 0.00210514
274.025 0.133375 0.00206977
274.399 0.123441 0.00200074
274.774 0.115004 0.00192668
275.148 0.101559 0.00180484
275.522 0.0900436 0.00170399
275.897 0.0791311 0.00159654
276.271 0.070375 0.00150712
276.645 0.0670928 0.00146729
277.019 0.0639642 0.00142879
277.393 0.0662994 0.00145071
277.768 0.0728981 0.00152839
278.142 0.0809294 0.00160877
278.516 0.0905066 0.0017043
278.89 0.100264 0.00179028
279.264 0.111214 0.00189155
279.638 0.121414 0.00196683
280.012 0.126692 0.00201265
280.386 0.129596 0.00204624
280.76 0.130133 0.00204268
281.133 0.126983 0.0020215
281.507 0.120272 0.00196578
281.881 0.111232 0.00188614
282.255 0.101159 0.00180123
282.629 0.0905491 0.0017091
283.002 0.0806895 0.00161424
283.376 0.071623 0.00151669
283.75 0.0640786 0.00143946
284.123 0.0600594 0.00138872
284.497 0.0581244 0.00136866
284.87 0.0602939 0.00139539
285.244 0.06553 0.00145204
285.618 0.0736524 0.00154336
285.991 0.0817686 0.00163304
286.364 0.0915404 0.00172722
286.738 0.10053 0.0018097
287.111 0.108386 0.00187988
287.485 0.113899 0.00192819
287.858 0.118953 0.00197786
288.231 0.120766 0.00198938
288.605 0.120299 0.00199098
288.978 0.117706 0.0019652
289.351 0.111456 0.00192226
289.724 0.102325 0.00184177
290.097 0.0950188 0.00177692
290.47 0.0854574 0.00169059
290.843 0.0776865 0.00161133
291.217 0.0684115 0.00151239
291.59 0.0630089 0.00146149
291.963 0.0559941 0.0013747
292.336 0.0540472 0.00135491
292.708 0.0547011 0.00136568
293.081 0.0564841 0.00139414
293.454 0.0619236 0.0014533
293.827 0.0688219 0.00153666
294.2 0.0757139 0.00162228
294.573 0.0845898 0.00170927
294.945 0.0925254 0.0017982
295.318 0.10041 0.00187253
295.691 0.108468 0.00195096
296.064 0.112763 0.00199285
296.436 0.116134 0.002021
296.809 0.118215 0.00203354
297.181 0.11798 0.00204243
297.554 0.116141 0.00202954
297.926 0.111154 0.00198707
298.299 0.105077 0.00193405
298.671 0.0986754 0.00186605
299.044 0.0924198 0.00181583
299.416 0.0838435 0.00173214
299.788 0.0760229 0.00164682
300.161 0.0683235 0.00156807
300.533 0.0634254 0.00150871
300.905 0.0614438 0.0014793
301.278 0.0582584 0.00144347
301.65 0.058935 0.0014502
302.022 0.0617829 0.00148807
302.394 0.067693 0.00156013
302.766 0.0751261 0.00164124
303.138 0.0868188 0.00177127
303.51 0.0963372 0.00186099
303.882 0.107874 0.0019668
304.254 0.120606 0.00208372
304.626 0.129416 0.00215199
304.998 0.143006 0.00226149
305.37 0.150288 0.00233131
305.742 0.157308 0.0023762
306.114 0.160876 0.00240196
306.485 0.161846 0.00240973
306.857 0.162995 0.00241654
307.229 0.157767 0.00238578
307.601 0.154381 0.00235939
307.972 0.144729 0.00228209
308.344 0.137727 0.00222342
308.716 0.12921 0.00216246
309.087 0.120337 0.00208426
309.459 0.112422 0.0020176
309.83 0.105099 0.00195104
310.202 0.102396 0.00192266
310.573 0.10338 0.00193301
310.945 0.106469 0.00196031
311.316 0.114264 0.00204052
311.687 0.12888 0.00215841
312.059 0.142472 0.00227733
312.43 0.160278 0.00241107
312.801 0.18009 0.00256476
313.172 0.20218 0.00271918
313.544 0.22341 0.00286133
313.915 0.242665 0.00296313
314.286 0.262557 0.00309557
314.657 0.275006 0.00316109
315.028 0.286354 0.00323247
315.399 0.296629 0.00328885
315.77 0.304222 0.00332598
316.141 0.308336 0.00336232
316.512 0.304226 0.00333934
316.883 0.299651 0.00332083
317.254 0.292607 0.00327826
317.625 0.284897 0.00325471
317.996 0.273502 0.00317149
318.366 0.265193 0.0031307
318.737 0.257049 0.00307915
319.108 0.25401 0.00307147
319.478 0.250427 0.00305074
319.849 0.251537 0.00305604
320.22 0.260454 0.0031128
320.59 0.27279 0.00318384
320.961 0.289542 0.00328578
321.331 0.310416 0.00340261
321.702 0.334526 0.00355017
322.072 0.362194 0.00370524
322.443 0.387103 0.00382294
322.813 0.41322 0.00394247
323.184 0.43768 0.00406886
323.554 0.460436 0.00418655
323.924 0.480418 0.00427422
324.295 0.498902 0.0043768
324.665 0.511969 0.00443697
325.035 0.518685 0.00446014
325.405 0.525684 0.00450861
325.775 0.533829 0.00456549
326.145 0.528251 0.00453723
326.515 0.526528 0.00453819
326.886 0.523833 0.00454944
327.256 0.511626 0.0045004
327.626 0.507676 0.00451072
327.995 0.50111 0.00449251
328.365 0.490418 0.00445053
328.735 0.488028 0.00446198
329.105 0.487713 0.00450887
329.475 0.487968 0.00454547
329.845 0.496192 0.0046499
330.215 0.505046 0.00467361
330.584 0.515824 0.0046777
330.954 0.527703 0.00461944
331.324 0.544065 0.00455846
331.693 0.569717 0.00458463
332.063 0.593601 0.00462933
332.432 0.620852 0.00471
332.802 0.64527 0.00484114
333.171 0.661571 0.00496624
333.541 0.680278 0.00512991
333.91 0.692109 0.00520061
334.28 0.710589 0.00529978
334.649 0.717835 0.00534217
335.018 0.725029 0.00538718
335.388 0.733632 0.00543653
335.757 0.733473 0.00543672
336.126 0.734588 0.0054604
336.495 0.730815 0.00542795
336.865 0.723818 0.00542427
337.234 0.723033 0.00545198
337.603 0.713917 0.00540646
337.972 0.712381 0.00541307
338.341 0.70244 0.00536638
338.71 0.695409 0.00533582
339.079 0.700135 0.00537333
339.448 0.695659 0.00534768
339.817 0.700411 0.00537918
340.186 0.703243 0.00539345
340.554 0.705951 0.00539675
340.923 0.719771 0.0054607
341.292 0.722237 0.00547521
341.661 0.73964 0.00554772
342.029 0.750868 0.00558
342.398 0.763469 0.00563419
342.767 0.771192 0.00568438
343.135 0.792164 0.00575685
343.504 0.804523 0.00581967
343.872 0.818186 0.00584705
344.241 0.82514 0.00588559
344.609 0.836656 0.00595006
344.978 0.841916 0.0059627
345.346 0.850046 0.0059689
345.715 0.849975 0.00599173
346.083 0.853758 0.00601843
346.451 0.849022 0.00599219
346.82 0.851871 0.00602234
347.188 0.847517 0.00599557
347.556 0.849497 0.00603354
347.924 0.844118 0.00600713
348.292 0.840859 0.00600915
348.66 0.829807 0.00596427
349.028 0.8296 0.00597103
349.396 0.82235 0.0059683
349.764 0.814884 0.00593366
350.132 0.810279 0.00591383
350.5 0.811542 0.0059281
350.868 0.811953 0.00594037
351.236 0.813302 0.00594057
351.604 0.814388 0.00596764
351.972 0.823612 0.00600814
352.34 0.818188 0.00599703
352.707 0.832241 0.00605097
353.075 0.836887 0.00606944
353.443 0.849659 0.00612953
353.81 0.851436 0.00615118
354.178 0.866918 0.00621034
354.545 0.866739 0.00619449
354.913 0.881235 0.00627264
355.28 0.886464 0.00629208
355.648 0.885661 0.00627593
356.015 0.894781 0.00631921
356.383 0.900961 0.00633375
356.75 0.900048 0.00634668
357.117 0.900175 0.00635065
357.485 0.899873 0.00635404
357.852 0.909794 0.00643309
358.219 0.90352 0.00637905
358.586 0.899409 0.00636345
358.954 0.899236 0.00638959
359.321 0.891171 0.0063455
359.688 0.893127 0.00638373
360.055 0.886266 0.00635011
360.422 0.884558 0.00635318
360.789 0.876326 0.00633445
361.156 0.86842 0.00630026
361.523 0.867952 0.00632405
361.89 0.857081 0.00627671
362.256 0.85262 0.00623531
362.623 0.857317 0.00631472
362.99 0.847868 0.00624977
363.357 0.853364 0.0062956
363.724 0.856071 0.00630829
364.09 0.852841 0.00628369
364.457 0.867514 0.00638484
364.823 0.866466 0.00633999
365.19 0.870847 0.00636545
365.557 0.880521 0.00639078
365.923 0.88134 0.00641494
366.29 0.889089 0.00646333
366.656 0.894391 0.00645591
367.022 0.894127 0.00644689
367.389 0.900998 0.0065006
367.755 0.908068 0.00655711
368.121 0.908265 0.00655517
368.488 0.912271 0.00656073
368.854 0.9094 0.00657526
369.22 0.917391 0.00663522
369.586 0.918495 0.00666181
369.952 0.916555 0.00666925
370.318 0.906615 0.00663613
370.684 0.915751 0.00668893
371.051 0.913834 0.00668377
371.416 0.904131 0.00668927
371.782 0.902383 0.00666283
372.148 0.897915 0.00665999
372.514 0.893884 0.0066593
372.88 0.887984 0.00665679
373.246 0.880571 0.00662284
373.612 0.87972 0.00661654
373.977 0.869501 0.00656315
374.343 0.867091 0.00653333
374.709 0.859213 0.00648248
375.074 0.851808 0.00647381
375.44 0.849062 0.00649106
375.806 0.851698 0.00653701
376.171 0.844803 0.00647758
376.537 0.847232 0.00648096
376.902 0.848088 0.00649564
377.268 0.855009 0.00649532
377.633 0.850383 0.00646585
377.998 0.862625 0.00648728
378.364 0.864566 0.00646649
378.729 0.867311 0.00648765
379.094 0.880356 0.00656486
379.459 0.88331 0.00666396
379.825 0.884211 0.00663781
380.19 0.883833 0.00664668
380.555 0.888748 0.00671197
380.92 0.898477 0.00683294
381.285 0.894442 0.00680469
381.65 0.892123 0.00674298
382.015 0.89863 0.00677749
382.38 0.906682 0.00683424
382.745 0.899474 0.00684875
383.11 0.900041 0.00686943
383.474 0.897531 0.0068396
383.839 0.897329 0.00685116
384.204 0.891007 0.00684901
384.569 0.885486 0.00683611
384.933 0.88526 0.00685514
385.298 0.875164 0.00682656
385.663 0.868697 0.006782
386.027 0.858993 0.00673006
386.392 0.853504 0.0066799
386.756 0.843211 0.00660611
387.121 0.840945 0.00659534
387.485 0.832916 0.0065436
387.849 0.829606 0.00650002
388.214 0.825508 0.00655589
388.578 0.816934 0.00655456
388.942 0.80984 0.00655927
389.307 0.806822 0.00654107
389.671 0.810569 0.00658038
390.035 0.805596 0.00653028
390.399 0.802907 0.00650407
390.763 0.804055 0.00647034
391.127 0.811275 0.0064759
391.492 0.810499 0.00638378
391.856 0.807009 0.00629659
392.219 0.817744 0.00629105
392.583 0.826951 0.00636239
392.947 0.836411 0.00653675
393.311 0.834041 0.00658773
393.675 0.839582 0.00662949
394.039 0.84562 0.00669448
394.403 0.854226 0.00673181
394.766 0.850724 0.00673625
395.13 0.856947 0.00677873
395.494 0.854565 0.00676661
395.857 0.857564 0.00674887
396.221 0.854538 0.00670645
396.584 0.853694 0.00665292
396.948 0.849243 0.00656392
397.311 0.851481 0.00647577
397.675 0.851193 0.0064397
398.038 0.846561 0.00642528
398.401 0.839386 0.00648894
398.765 0.833407 0.00656577
399.128 0.835774 0.00666902
399.491 0.827959 0.00668827
399.854 0.811731 0.00663183
400.218 0.809837 0.00664335
400.581 0.797453 0.00661115
400.944 0.79215 0.00662139
401.307 0.78469 0.00666945
401.67 0.773002 0.00660036
402.033 0.768718 0.00660124
402.396 0.75635 0.00655156
402.759 0.749276 0.0065288
403.122 0.743382 0.00647134
403.485 0.741021 0.00645939
403.847 0.729283 0.00635471
404.21 0.740464 0.00637015
404.573 0.735411 0.00634145
404.936 0.734096 0.00630457
405.298 0.734963 0.00637754
405.661 0.739593 0.00648728
406.023 0.74904 0.00662116
406.386 0.750114 0.00664936
406.749 0.753161 0.00669332
407.111 0.757049 0.00670197
407.473 0.756665 0.00659306
407.836 0.770359 0.00664275
408.198 0.778702 0.00663796
408.561 0.784472 0.00668168
408.923 0.786532 0.00670032
409.285 0.792607 0.00673857
409.647 0.792598 0.00679758
410.009 0.79842 0.00688703
410.372 0.79991 0.00688341
410.734 0.799803 0.00691756
411.096 0.797401 0.00689504
411.458 0.800931 0.00690862
411.82 0.798322 0.00685211
412.182 0.795212 0.00678685
412.544 0.794216 0.00679777
412.906 0.786893 0.00675438
413.267 0.792428 0.00680233
413.629 0.780596 0.0068045
413.991 0.775535 0.00681428
414.353 0.765257 0.00678762
414.714 0.76359 0.00685164
415.076 0.751386 0.00677978
415.438 0.738496 0.00671406
415.799 0.72939 0.00664591
416.161 0.722449 0.00667221
416.522 0.707914 0.00663193
416.884 0.698718 0.00659281
417.245 0.691381 0.00658231
417.607 0.677881 0.00650165
417.968 0.669503 0.00645407
418.329 0.673702 0.00646618
418.691 0.67111 0.00645158
419.052 0.663462 0.00641025
419.413 0.662886 0.00634982
419.774 0.663976 0.00633526
420.135 0.667669 0.00621143
420.497 0.670724 0.00612738
420.858 0.674302 0.00605894
421.219 0.684565 0.00612549
421.58 0.689938 0.00622789
421.941 0.705174 0.00640684
422.302 0.703367 0.00648444
422.662 0.715118 0.00656652
423.023 0.717814 0.00660791
423.384 0.726209 0.00666873
423.745 0.730886 0.0066498
424.106 0.738525 0.0066807
424.466 0.749461 0.00671689
424.827 0.750644 0.00681499
425.187 0.752894 0.00691156
425.548 0.757447 0.00699792
425.909 0.759231 0.0070432
426.269 0.767455 0.00703132
426.63 0.759346 0.00694665
426.99 0.767326 0.00692574
427.35 0.763328 0.00693851
427.711 0.753313 0.00684399
428.071 0.756956 0.00680308
428.431 0.757675 0.00667628
428.792 0.745266 0.00639477
429.152 0.748437 0.00623219
429.512 0.742204 0.00619457
429.872 0.733531 0.006201
430.232 0.733259 0.00630933
430.592 0.71944 0.00642694
430.952 0.718022 0.00661018
431.312 0.712747 0.0067497
431.672 0.695091 0.00674233
432.032 0.684244 0.00666909
432.392 0.680697 0.00656182
432.752 0.662935 0.00615707
433.111 0.660375 0.00600795
433.471 0.66779 0.00613612
433.831 0.661676 0.00634718
434.19 0.647141 0.0062779
434.55 0.652533 0.00630286
434.91 0.644235 0.00633571
435.269 0.6426 0.00624051
435.629 0.650831 0.00626651
435.988 0.65391 0.00625443
436.348 0.658584 0.00637274
436.707 0.662114 0.00648703
437.066 0.662931 0.00648749
437.426 0.668915 0.00643935
437.785 0.682748 0.00648736
438.144 0.69247 0.00652524
438.503 0.704267 0.00666742
438.862 0.708569 0.00670015
439.222 0.71819 0.00679931
439.581 0.724681 0.00685928
439.94 0.729633 0.00678625
440.299 0.735861 0.00658542
440.658 0.743476 0.00645092
441.017 0.757783 0.0065148
441.376 0.761653 0.00660764
441.734 0.765461 0.00669218
442.093 0.763781 0.00668191
442.452 0.767611 0.00665055
442.811 0.77609 0.00665779
443.169 0.770792 0.00663253
443.528 0.786686 0.00683954
443.887 0.77743 0.00680354
444.245 0.778734 0.00683907
444.604 0.777465 0.00689038
444.962 0.77317 0.00690401
445.321 0.775686 0.00692169
445.679 0.776643 0.00688956
446.038 0.764677 0.00681132
446.396 0.768368 0.0069218
446.754 0.765113 0.00700163
447.112 0.76355 0.00702985
447.471 0.754622 0.00699664
447.829 0.740171 0.00696557
448.187 0.735637 0.00693186
448.545 0.729331 0.00688097
448.903 0.722631 0.00686702
449.261 0.721005 0.00687925
449.619 0.713752 0.00690938
449.977 0.710952 0.0069294
450.335 0.712781 0.00701432
450.693 0.703083 0.0069837
451.051 0.696926 0.00693928
451.409 0.694603 0.00695487
451.766 0.692695 0.00695417
452.124 0.692147 0.00704894
452.482 0.691346 0.00711464
452.839 0.696176 0.00721918
453.197 0.696375 0.00723296
453.555 0.695364 0.00725759
453.912 0.698114 0.00725283
454.27 0.697773 0.00713668
454.627 0.717384 0.00715077
454.984 0.719476 0.0071781
455.342 0.730658 0.00734457
455.699 0.733133 0.00743909
456.056 0.738383 0.00742137
456.414 0.748823 0.00740683
456.771 0.754166 0.00729728
457.128 0.759513 0.00729509
457.485 0.770186 0.0073207
457.842 0.77762 0.00740147
458.199 0.784422 0.00742517
458.556 0.793754 0.00739715
458.913 0.79883 0.00742107
459.27 0.806837 0.00741593
459.627 0.810627 0.00754146
459.984 0.808069 0.00747466
460.341 0.81234 0.00748474
460.697 0.819345 0.00760651
461.054 0.82505 0.00785779
461.411 0.821436 0.00800209
461.767 0.822608 0.00810222
462.124 0.827493 0.00810593
462.481 0.832738 0.00803431
462.837 0.822618 0.0078614
463.194 0.829607 0.00772948
463.55 0.828262 0.00777287
463.907 0.819793 0.00753002
464.263 0.823595 0.00744356
464.619 0.820559 0.00728917
464.976 0.818026 0.00717713
465.332 0.816135 0.00716705
465.688 0.824149 0.00742316
466.044 0.820161 0.00767104
466.4 0.815642 0.0077689
466.756 0.806138 0.00777418
467.112 0.804866 0.00776798
467.468 0.798474 0.00772564
467.824 0.799547 0.00781013
468.18 0.792791 0.00787864
468.536 0.784272 0.00784275
468.892 0.77943 0.00794323
469.248 0.771686 0.00793872
469.604 0.773734 0.00799706
469.959 0.765265 0.00795036
470.315 0.759218 0.00791462
470.671 0.761495 0.00791856
471.026 0.756191 0.00782434
471.382 0.760717 0.00777264
471.737 0.753999 0.00767599
472.093 0.749322 0.00753277
472.448 0.755045 0.00741633
472.804 0.759856 0.00737647
473.159 0.763134 0.00733168
473.514 0.772088 0.00741205
473.87 0.764105 0.00726857
474.225 0.766443 0.00707166
474.58 0.775558 0.00697332
474.935 0.790879 0.00710176
475.29 0.794318 0.00721315
475.645 0.79202 0.00721
476 0.794394 0.0072301
476.355 0.805549 0.00734623
476.71 0.804909 0.00733901
477.065 0.810457 0.00714974
477.42 0.819791 0.00709596
477.775 0.819623 0.00710378
478.13 0.838143 0.00724821
478.485 0.838254 0.00719617
478.839 0.837228 0.00710573
479.194 0.845399 0.00695734
479.549 0.85085 0.00689413
479.903 0.862934 0.00696143
480.258 0.854714 0.00698271
480.612 0.861437 0.0069187
480.967 0.868168 0.00678509
481.321 0.874601 0.00683201
481.675 0.877812 0.0069764
482.03 0.876173 0.00709283
482.384 0.875511 0.00711993
482.738 0.872795 0.00704109
483.093 0.875158 0.00699913
483.447 0.868514 0.00682108
483.801 0.863433 0.00658875
484.155 0.87144 0.00653476
484.509 0.79358 0.00543014
484.863 0.830052 0.00378522
485.217 0.867846 0.00351767
485.571 0.90393 0.0036828
485.925 0.927215 0.00475137
486.279 0.888461 0.00539313
486.632 0.882024 0.00581189
486.986 0.881952 0.00628221
487.34 0.872118 0.00666882
487.694 0.860167 0.00680784
488.047 0.851986 0.0068137
488.401 0.859807 0.00685359
488.754 0.850581 0.00686
489.108 0.853107 0.0069823
489.461 0.843649 0.00697711
489.815 0.842956 0.00704699
490.168 0.835488 0.00693832
490.522 0.829092 0.0068823
490.875 0.827013 0.006884
491.228 0.824667 0.0069215
491.581 0.821757 0.00686187
491.935 0.818262 0.00687258
492.288 0.820353 0.00690972
492.641 0.818746 0.00685399
492.994 0.809066 0.00680825
493.347 0.813042 0.00673019
493.7 0.812811 0.00673437
494.053 0.812596 0.00675652
494.406 0.817212 0.00688527
494.759 0.814974 0.00701604
495.111 0.808095 0.0067682
495.464 0.807589 0.00646913
495.817 0.817821 0.00639239
496.169 0.825378 0.00660206
496.522 0.831322 0.0069249
496.875 0.824018 0.00712466
497.227 0.841565 0.00727126
497.58 0.832904 0.00722114
497.932 0.84458 0.00718621
498.285 0.83654 0.00708663
498.637 0.834649 0.00690232
498.989 0.849773 0.00688703
499.342 0.860645 0.00698234
499.694 0.871231 0.00718047
500.046 0.859561 0.00719346
500.398 0.867035 0.00704776
500.751 0.877048 0.00702368
501.103 0.873908 0.00698875
501.455 0.879613 0.00702228
501.807 0.886361 0.00705975
502.159 0.890478 0.00707995
502.511 0.887786 0.00705169
502.862 0.892393 0.00710042
503.214 0.901675 0.00723481
503.566 0.901806 0.00738199
503.918 0.898273 0.00744724
504.27 0.903284 0.00746007
504.621 0.908825 0.00750118
504.973 0.90876 0.00754323
505.324 0.912281 0.00750902
505.676 0.909154 0.00736553
506.027 0.915292 0.00741029
506.379 0.908158 0.00762735
506.73 0.914412 0.00777026
507.082 0.9151 0.00771802
507.433 0.907565 0.00754382
507.784 0.917136 0.0075201
508.136 0.918135 0.00765547
508.487 0.912852 0.00771175
508.838 0.907406 0.00776081
509.189 0.916202 0.00778976
509.54 0.904992 0.00763847
509.891 0.908104 0.00774011
510.242 0.908889 0.00775209
510.593 0.901982 0.00777172
510.944 0.898924 0.0078019
511.295 0.908732 0.00800771
511.646 0.902355 0.00806794
511.996 0.892751 0.00794222
512.347 0.885689 0.00785124
512.698 0.896732 0.00792614
513.049 0.89233 0.00795537
513.399 0.881661 0.00794434
513.75 0.879499 0.00791088
514.1 0.886281 0.00809199
514.451 0.880241 0.00823206
514.801 0.863186 0.00811613
515.152 0.872678 0.0080885
515.502 0.863656 0.00792186
515.852 0.865283 0.00788676
516.202 0.867073 0.00788433
516.553 0.87427 0.00803272
516.903 0.863619 0.0081054
517.253 0.859058 0.00820593
517.603 0.856156 0.00819056
517.953 0.85854 0.0081621
518.303 0.852259 0.00794132
518.653 0.853969 0.00788415
519.003 0.85706 0.00795907
519.353 0.86418 0.00827792
519.703 0.856576 0.00841619
520.052 0.853378 0.00844354
520.402 0.859966 0.00842939
520.752 0.858995 0.0083282
521.102 0.865537 0.00849535
521.451 0.864543 0.00855091
521.801 0.867033 0.00853873
522.15 0.85892 0.00835784
522.5 0.869263 0.00839437
522.849 0.868115 0.00836248
523.199 0.87648 0.0083233
523.548 0.879217 0.00825614
523.897 0.879079 0.00835095
524.246 0.884039 0.00851386
524.596 0.89825 0.00870349
524.945 0.890694 0.00861627
525.294 0.894561 0.00863396
525.643 0.896087 0.00862207
525.992 0.898852 0.00862061
526.341 0.907051 0.00860583
526.69 0.918207 0.00872675
527.039 0.91197 0.00878182
527.388 0.912072 0.00884375
527.737 0.90654 0.00854862
528.086 0.914933 0.00827213
528.434 0.920479 0.00814532
528.783 0.934281 0.0084304
529.132 0.931582 0.00857845
529.48 0.929749 0.00868027
529.829 0.931594 0.00873676
530.177 0.945451 0.00889182
530.526 0.931343 0.00884693
530.874 0.930153 0.00875699
531.223 0.926009 0.00872483
531.571 0.939843 0.00886547
531.919 0.925682 0.00871195
532.268 0.92036 0.0084216
532.616 0.929712 0.00819371
532.964 0.932206 0.00808299
533.312 0.934456 0.00809692
533.66 0.933943 0.00813123
534.008 0.93719 0.00812682
534.356 0.938075 0.00813602
534.704 0.944821 0.00823943
535.052 0.93789 0.00831956
535.4 0.943101 0.00851899
535.748 0.933918 0.00867925
536.095 0.930015 0.00888054
536.443 0.93199 0.00890105
536.791 0.920851 0.00866055
537.139 0.92089 0.00846133
537.486 0.919778 0.00826064
537.834 0.923791 0.00823478
538.181 0.919057 0.0081665
538.529 0.92017 0.00821747
538.876 0.920936 0.00819958
539.223 0.924867 0.008356
539.571 0.92722 0.00854561
539.918 0.91247 0.00844732
540.265 0.903965 0.0082421
540.613 0.906353 0.00811104
540.96 0.910323 0.00822943
541.307 0.900913 0.00820172
541.654 0.892285 0.00816031
542.001 0.905415 0.00824572
542.348 0.900889 0.00822355
542.695 0.894082 0.00820278
543.042 0.890886 0.00806245
543.388 0.885078 0.0079345
543.735 0.890158 0.00794618
544.082 0.89067 0.00793636
544.429 0.893986 0.00798773
544.775 0.888677 0.00813935
545.122 0.895196 0.00841136
545.469 0.888917 0.00851885
545.815 0.880217 0.008428
546.162 0.876031 0.00834103
546.508 0.871001 0.00814629
546.854 0.868881 0.0078348
547.201 0.872862 0.00756522
547.547 0.89027 0.00761815
547.893 0.892551 0.00779917
548.24 0.902039 0.00826043
548.586 0.888752 0.00854034
548.932 0.893275 0.00868942
549.278 0.882526 0.00864311
549.624 0.897657 0.00867033
549.97 0.894784 0.00873745
550.316 0.890032 0.0088882
550.662 0.899588 0.00902773
551.008 0.879454 0.00846431
551.353 0.893343 0.0080751
551.699 0.910979 0.00797405
552.045 0.919139 0.00822537
552.391 0.911091 0.008359
552.736 0.909394 0.00838934
553.082 0.908495 0.00839751
553.427 0.924576 0.00862124
553.773 0.923484 0.00890141
554.118 0.911038 0.00884178
554.464 0.91435 0.00863055
554.809 0.910154 0.00826874
555.154 0.93138 0.00825194
555.5 0.935571 0.00828924
555.845 0.941512 0.00863884
556.19 0.936342 0.00884884
556.535 0.938239 0.00905671
556.88 0.939734 0.00891775
557.225 0.942694 0.00889869
557.57 0.946959 0.00909283
557.915 0.953509 0.00937159
558.26 0.953341 0.00948626
558.605 0.950494 0.00943849
558.95 0.935032 0.00915498
559.295 0.929673 0.00864189
559.639 0.934878 0.00833987
559.984 0.944194 0.008061
560.329 0.951226 0.00806107
560.673 0.962863 0.00813838
561.018 0.961732 0.00837229
561.362 0.958798 0.00858236
561.707 0.95218 0.00876709
562.051 0.951449 0.0086569
562.395 0.940274 0.00849223
562.74 0.956281 0.00839427
563.084 0.949878 0.00826274
563.428 0.953839 0.00810706
563.772 0.953184 0.00814184
564.117 0.951963 0.00807711
564.461 0.954018 0.00806024
564.805 0.943966 0.00808751
565.149 0.955721 0.00810018
565.493 0.956587 0.00811627
565.836 0.944399 0.00790947
566.18 0.941132 0.00778039
566.524 0.928859 0.00720785
566.868 0.939414 0.00705433
567.212 0.93947 0.00693446
567.555 0.933368 0.00682456
567.899 0.927471 0.00648776
568.242 0.924816 0.00621392
568.586 0.922671 0.0058082
568.929 0.918124 0.00542325
569.273 0.927583 0.00515376
569.616 0.938178 0.00519043
569.96 0.929454 0.00506188
570.303 0.925776 0.00489488
570.646 0.927829 0.00483944
570.989 0.92002 0.00466978
571.333 0.937077 0.00477154
571.676 0.9385 0.00495364
572.019 0.930694 0.00533415
572.362 0.899834 0.00494893
572.705 0.895274 0.00458173
573.048 0.90701 0.00438958
573.391 0.902921 0.00423677
573.733 0.907519 0.00418854
574.076 0.905589 0.00413783
574.419 0.920826 0.00429967
574.762 0.920107 0.00452699
575.104 0.92028 0.00484639
575.447 0.885819 0.00469058
575.789 0.880224 0.00439501
576.132 0.894337 0.00418521
576.474 0.885423 0.0041177
576.817 0.879926 0.00379728
577.159 0.884764 0.00360018
577.501 0.906896 0.00367369
577.844 0.919806 0.00395972
578.186 0.919494 0.00444074
578.528 0.897677 0.00456696
578.87 0.899236 0.00459087
579.212 0.884383 0.00440094
579.554 0.897435 0.00429165
579.896 0.89521 0.00431243
580.238 0.871075 0.00400868
580.58 0.879972 0.00354003
580.922 0.904642 0.00344957
581.264 0.904598 0.0034494
581.606 0.922813 0.00363735
581.947 0.927273 0.00387024
582.289 0.932931 0.00431291
582.631 0.931361 0.00477988
582.972 0.919907 0.00506896
583.314 0.910056 0.00498616
583.655 0.904544 0.0048055
583.997 0.89389 0.0043606
584.338 0.910152 0.00409256
584.679 0.916365 0.00394001
585.021 0.941204 0.00410282
585.362 0.944831 0.00441696
585.703 0.95191 0.00476855
586.044 0.919538 0.00470424
586.385 0.922851 0.00445946
586.726 0.926834 0.00426838
587.067 0.953416 0.00449906
587.408 0.955036 0.00476106
587.749 0.959747 0.00499908
588.09 0.953768 0.00519121
588.431 0.968843 0.00554373
588.772 0.954503 0.00572281
589.113 0.943605 0.0055918
589.453 0.951612 0.00558501
589.794 0.965093 0.00581704
590.134 0.969075 0.00614006
590.475 0.960025 0.00625336
590.815 0.954947 0.00617909
591.156 0.962125 0.0062111
591.496 0.932268 0.00592758
591.837 0.925108 0.00507978
592.177 0.940872 0.00465363
592.517 0.962851 0.00450714
592.857 0.980826 0.00479624
593.198 0.988837 0.00512384
593.538 0.9914 0.00565966
593.878 0.96566 0.0057642
594.218 0.947917 0.00552678
594.558 0.964475 0.00536762
594.898 0.981496 0.00556729
595.237 0.993197 0.00594758
595.577 0.987988 0.00631515
595.917 0.97115 0.0065738
596.257 0.952481 0.00623753
596.596 0.953956 0.00608546
596.936 0.980415 0.0060669
597.276 0.972937 0.00627997
597.615 0.950727 0.00609784
597.955 0.934913 0.00531824
598.294 0.957407 0.00504928
598.633 0.977532 0.00511898
598.973 0.972407 0.005298
599.312 0.962159 0.00525393
599.651 0.97488 0.00533047
599.991 0.963666 0.00541548
600.33 0.971462 0.00552136
600.669 0.968275 0.00567029
601.008 0.970988 0.0058745
601.347 0.961702 0.00604558
601.686 0.949792 0.00583256
602.025 0.957066 0.00589392
602.364 0.941636 0.00555494
602.702 0.945533 0.00548657
603.041 0.958289 0.00556003
603.38 0.963454 0.00584167
603.719 0.967948 0.00612201
604.057 0.945378 0.00622024
604.396 0.943796 0.00620522
604.734 0.920896 0.00585415
605.073 0.942042 0.00547775
605.411 0.94413 0.00553704
605.75 0.954587 0.0057709
606.088 0.944117 0.00603958
606.426 0.926532 0.00583639
606.764 0.931479 0.00577152
607.103 0.949331 0.0060112
607.441 0.929528 0.00615347
607.779 0.929867 0.0063038
608.117 0.9252 0.00624494
608.455 0.937232 0.00655202
608.793 0.91519 0.00653695
609.131 0.897399 0.00603901
609.469 0.918232 0.0059613
609.806 0.929164 0.00607732
610.144 0.926658 0.00654574
610.482 0.905463 0.00653767
610.819 0.921041 0.00657923
611.157 0.915353 0.0065934
611.495 0.919133 0.00683856
611.832 0.906428 0.00681142
612.17 0.904969 0.00675643
612.507 0.90812 0.0066926
612.844 0.903619 0.00674612
613.182 0.906527 0.00677258
613.519 0.903215 0.00671856
613.856 0.906007 0.0067114
614.193 0.894835 0.00658579
614.53 0.899848 0.00646662
614.867 0.914505 0.00651201
615.205 0.915101 0.00684031
615.541 0.916482 0.00709286
615.878 0.903562 0.00734171
616.215 0.910503 0.00729462
616.552 0.909414 0.00736475
616.889 0.906323 0.00718343
617.226 0.909941 0.00712392
617.562 0.930446 0.00743275
617.899 0.927902 0.00787084
618.235 0.925704 0.00826656
618.572 0.915017 0.00852319
618.908 0.912039 0.00821403
619.245 0.914707 0.00789032
619.581 0.930118 0.00781702
619.918 0.952172 0.00856621
620.254 0.953486 0.00967004
620.59 0.91896 0.00963626
620.926 0.911242 0.00894703
621.262 0.922208 0.00850079
621.599 0.943539 0.00863762
621.935 0.926185 0.00845011
622.271 0.928274 0.00814244
622.606 0.936053 0.00799982
622.942 0.952352 0.00826921
623.278 0.942219 0.00846485
623.614 0.926863 0.008001
623.95 0.952798 0.00807969
624.285 0.953199 0.00823203
624.621 0.956129 0.00869258
624.957 0.955404 0.00895955
625.292 0.970077 0.00930109
625.628 0.959363 0.00952944
625.963 0.948076 0.0095361
626.299 0.950334 0.00935088
626.634 0.957934 0.0092409
626.969 0.976437 0.00950228
627.304 0.979698 0.0103172
627.64 0.978832 0.0110615
627.975 0.945487 0.0106539
628.31 0.936141 0.0100207
628.645 0.970296 0.00996853
628.98 0.966386 0.010167
629.315 0.971507 0.0103893
629.65 0.967847 0.0104525
629.985 0.966359 0.0104151
630.319 0.975018 0.0109191
630.654 0.967835 0.0110028
630.989 0.96412 0.0109278
631.323 0.97188 0.0111618
631.658 0.990884 0.0117297
631.993 0.982468 0.0121855
632.327 0.966062 0.0121294
632.662 0.972203 0.012102
632.996 0.963329 0.0117794
633.33 0.955973 0.0115607
633.665 0.97081 0.012058
633.999 0.965017 0.0123872
634.333 0.962694 0.0123698
634.667 0.957197 0.0123771
635.001 0.958609 0.0120845
635.335 0.954622 0.0116004
635.669 0.960852 0.0112063
636.003 0.971169 0.0114232
636.337 0.981432 0.0120574
636.671 0.994523 0.0127715
637.005 0.966358 0.0129313
637.339 0.960527 0.0128353
637.672 0.951584 0.0123089
638.006 0.963795 0.0120696
638.339 0.955836 0.0121949
638.673 0.96204 0.0126239
639.006 0.969621 0.0130716
639.34 0.957619 0.0129833
639.673 0.951565 0.0131269
640.007 0.953331 0.013106
640.34 0.960114 0.013382
640.673 0.948296 0.0134007
641.006 0.955004 0.0136457
641.34 0.951159 0.0137665
641.673 0.957142 0.0141395
642.006 0.94842 0.0143174
642.339 0.947158 0.0140549
642.672 0.955009 0.0140263
643.004 0.945529 0.0140362
643.337 0.953969 0.0145528
643.67 0.930788 0.014371
644.003 0.943195 0.0143247
644.336 0.937054 0.0142182
644.668 0.918258 0.0140496
645.001 0.932005 0.0143991
645.333 0.955725 0.0149397
645.666 0.929552 0.0150378
645.998 0.932492 0.0154054
646.331 0.934345 0.0156551
646.663 0.926201 0.0154263
646.995 0.91328 0.0143842
647.327 0.890461 0.0130435
647.66 0.910457 0.0124673
647.992 0.917011 0.012321
648.324 0.918342 0.0122844
648.656 0.92345 0.0124898
648.988 0.93568 0.0130727
649.32 0.938901 0.0140078
649.652 0.930943 0.0146026
649.983 0.915663 0.0147942
650.315 0.916385 0.0148954
650.647 0.897919 0.0144063
650.979 0.89989 0.0137642
651.31 0.910887 0.0133155
651.642 0.908153 0.0129969
651.973 0.908836 0.0129932
652.305 0.910451 0.0129553
652.636 0.916902 0.0131813
652.967 0.902406 0.0133722
653.299 0.923168 0.0138405
653.63 0.898974 0.0135035
653.961 0.87822 0.0123985
654.292 0.786696 0.00900699
654.623 0.692177 0.00306226
654.955 0.897833 0.00342361
655.286 0.897778 0.0034234
655.616 0.897722 0.00342319
655.947 0.897665 0.00342297
656.278 0.897608 0.00342275
656.609 0.982993 0.00374834
656.94 0.960994 0.00490418
657.27 0.949747 0.00571583
657.601 0.953379 0.00660515
657.932 0.975765 0.0079926
658.262 0.97454 0.00973014
658.593 0.956295 0.0115621
658.923 0.946058 0.0134467
659.254 0.93714 0.0147833
659.584 0.922683 0.0155745
659.914 0.930243 0.0163759
660.244 0.92877 0.0167716
660.575 0.921289 0.0165818
660.905 0.911394 0.016517
661.235 0.910861 0.0162811
661.565 0.921045 0.016254
661.895 0.925374 0.0161992
662.225 0.9132 0.0163458
662.555 0.920107 0.0166353
662.884 0.91634 0.0164157
663.214 0.921534 0.016235
663.544 0.948772 0.0163018
663.873 0.92947 0.0158961
664.203 0.930813 0.0157343
664.533 0.927211 0.0152785
664.862 0.933392 0.0152227
665.192 0.943975 0.0157491
665.521 0.95761 0.0167236
665.85 0.935983 0.0170248
666.18 0.944711 0.0178086
666.509 0.948202 0.0177355
666.838 0.92952 0.0171447
667.167 0.935135 0.0169756
667.496 0.960125 0.0174973
667.825 0.95284 0.0175185
668.154 0.95637 0.0175218
668.483 0.952456 0.0173671
668.812 0.964259 0.0171487
669.141 0.958778 0.0169293
669.47 0.963072 0.0167583
669.798 0.967095 0.0169651
670.127 0.952273 0.0168504
670.456 0.918095 0.0156096
670.784 0.931746 0.0141052
671.113 0.942829 0.0130246
671.441 0.963013 0.0125782
671.77 0.977859 0.0128852
672.098 0.96672 0.0133157
672.426 0.988729 0.0149716
672.755 0.9628 0.0157086
673.083 0.954217 0.0158594
673.411 0.947769 0.0157742
673.739 0.938958 0.0159305
674.067 0.969658 0.0170438
674.395 0.966979 0.0170183
674.723 0.944076 0.0163777
675.051 0.960873 0.0162838
675.379 0.953951 0.0162116
675.706 0.969059 0.0165192
676.034 0.954248 0.0167623
676.362 0.940938 0.0167253
676.689 0.928398 0.0156056
677.017 0.964114 0.0148588
677.344 0.957799 0.0142267
677.672 0.973246 0.0145868
677.999 0.961616 0.0146759
678.327 0.961212 0.0143804
678.654 0.954793 0.0137086
678.981 0.9648 0.0133657
679.308 0.971852 0.0135214
679.636 0.985351 0.0142514
679.963 0.994761 0.015036
680.29 0.945726 0.0147005
680.617 0.948609 0.0144488
680.944 0.96008 0.0143203
681.271 0.976141 0.0148556
681.597 0.983481 0.0159198
681.924 0.967476 0.0168169
682.251 0.935298 0.0164698
682.578 0.946063 0.0156938
682.904 0.942737 0.0146183
683.231 0.94127 0.0140259
683.557 0.953846 0.0138031
683.884 0.937417 0.0132933
684.21 0.943 0.0130207
684.536 0.935398 0.0125443
684.863 0.953143 0.0124724
685.189 0.95944 0.0127247
685.515 0.967116 0.013467
685.841 0.947379 0.0137654
686.167 0.936768 0.0137017
686.493 0.954442 0.013665
686.819 0.955749 0.013752
687.145 0.963363 0.0144095
687.471 0.95082 0.0153944
687.797 0.939629 0.015817
688.123 0.92658 0.0156112
688.448 0.923909 0.0150773
688.774 0.919728 0.0145911
689.1 0.933601 0.0149496
689.425 0.943735 0.0156611
689.751 0.918935 0.015704
690.076 0.907339 0.0147356
690.402 0.916247 0.0138347
690.727 0.918827 0.0134265
691.052 0.932441 0.0138802
691.377 0.919278 0.0141956
691.703 0.922752 0.0145825
692.028 0.915544 0.0145336
692.353 0.921474 0.0142724
692.678 0.911278 0.0143023
693.003 0.947732 0.0151401
693.328 0.942487 0.0162128
693.652 0.908764 0.0166388
693.977 0.881541 0.0159962
694.302 0.883281 0.0150977
694.627 0.906288 0.0150793
694.951 0.907732 0.0156339
695.276 0.941201 0.0174517
695.6 0.899697 0.0173496
695.925 0.860834 0.0148945
696.249 0.880916 0.0132857
696.574 0.897357 0.0127081
696.898 0.922838 0.0134739
697.222 0.916364 0.0141918
697.546 0.89384 0.0145803
697.871 0.898916 0.0149297
698.195 0.886781 0.0149372
698.519 0.885752 0.0153063
698.843 0.912325 0.0159788
699.167 0.894285 0.0164145
699.491 0.899282 0.0170872
699.814 0.890993 0.0171458
700.138 0.904034 0.0173236
700.462 0.920572 0.0177703
700.786 0.884689 0.0171892
701.109 0.886053 0.0167785
701.433 0.904207 0.0163624
701.756 0.897563 0.0157203
702.08 0.89222 0.0156747
702.403 0.913643 0.0161849
702.726 0.909038 0.0168292
703.05 0.908661 0.0172363
703.373 0.894232 0.0172983
703.696 0.9118 0.0174821
704.019 0.913804 0.0181119
704.342 0.894937 0.0185778
704.665 0.903408 0.0194361
704.988 0.8906 0.0191717
705.311 0.890069 0.0179882
705.634 0.879199 0.0160518
705.957 0.898437 0.0146962
706.28 0.893572 0.0135774
706.602 0.922406 0.0136517
706.925 0.919094 0.0139137
707.247 0.930272 0.0145558
707.57 0.915236 0.0150071
707.892 0.920874 0.0155669
708.215 0.935358 0.0164555
708.537 0.905782 0.0165919
708.859 0.92199 0.0168354
709.182 0.922074 0.0166619
709.504 0.922792 0.0162297
709.826 0.927313 0.0160651
710.148 0.935494 0.0162009
710.47 0.947971 0.0167722
710.792 0.936496 0.0172863
711.114 0.918049 0.017689
711.436 0.910858 0.0180116
711.758 0.920956 0.017818
712.079 0.917565 0.017582
712.401 0.913002 0.0166728
712.723 0.920104 0.0161299
713.044 0.925598 0.0152418
713.366 0.942315 0.0152076
713.687 0.949019 0.0153855
714.009 0.94647 0.0157818
714.33 0.943422 0.0161096
714.652 0.931506 0.0164625
714.973 0.951541 0.0172151
715.294 0.946098 0.0180486
715.615 0.963835 0.019382
715.936 0.954942 0.0195753
716.257 0.92564 0.019458
716.578 0.965086 0.0200018
716.899 0.955314 0.0194567
717.22 0.945083 0.0181038
717.541 0.941983 0.0175896
717.862 0.964608 0.0177398
718.182 0.931091 0.0173946
718.503 0.941002 0.0171068
718.824 0.958257 0.0175088
719.144 0.957682 0.0177834
719.465 0.952064 0.0181361
719.785 0.932695 0.0175804
720.105 0.939215 0.01741
720.426 0.944831 0.0172453
720.746 0.978407 0.0178468
721.066 0.937448 0.0175007
721.386 0.956662 0.0178603
721.706 0.955417 0.0183677
722.026 0.966191 0.0189612
722.346 0.95582 0.019016
722.666 0.964824 0.0188554
722.986 0.958861 0.0183307
723.306 0.949101 0.0183796
723.626 0.962008 0.018871
723.946 0.943521 0.0186515
724.265 0.951196 0.017726
724.585 0.929476 0.0165986
724.904 0.972751 0.0168544
725.224 0.965836 0.0168392
725.543 0.961418 0.0167971
725.863 0.950477 0.0168613
726.182 0.986804 0.017878
726.501 0.94327 0.0177546
726.82 0.958802 0.018018
727.14 0.940017 0.0171497
727.459 0.944634 0.0166732
727.778 0.934241 0.0164827
728.097 0.960624 0.0169424
728.416 0.944149 0.0166067
728.734 0.941471 0.0160559
729.053 0.950334 0.0159731
729.372 0.949546 0.0159336
729.691 0.938606 0.0154423
730.009 0.93849 0.014699
730.328 0.953985 0.0143838
730.647 0.96572 0.0144885
730.965 0.982654 0.015127
731.283 0.965319 0.0155563
731.602 0.940098 0.0155305
731.92 0.937131 0.0152304
732.238 0.92626 0.0147771
732.557 0.963522 0.0149333
732.875 0.925242 0.0142789
733.193 0.926414 0.013436
733.511 0.943125 0.0132468
733.829 0.94991 0.0136931
734.147 0.971123 0.0147558
734.465 0.950979 0.0152661
734.782 0.933916 0.0151148
735.1 0.928901 0.0146519
735.418 0.940624 0.014732
735.735 0.946675 0.0148238
736.053 0.926666 0.0145037
736.371 0.950748 0.0148428
736.688 0.931166 0.0152244
737.005 0.957721 0.0163805
737.323 0.922343 0.0166899
737.64 0.915984 0.0166513
737.957 0.906041 0.0157011
738.274 0.90102 0.014371
738.592 0.925788 0.0142126
738.909 0.936178 0.0146521
739.226 0.931218 0.0159164
739.543 0.928662 0.0171329
739.86 0.93816 0.0182215
740.176 0.928118 0.0185943
740.493 0.915284 0.0190229
740.81 0.896722 0.0188883
741.127 0.890821 0.0186272
741.443 0.889274 0.0176343
741.76 0.902116 0.0171726
742.076 0.918155 0.017478
742.393 0.919728 0.0184313
742.709 0.923899 0.0194956
743.025 0.915798 0.0197675
743.342 0.890336 0.0193117
743.658 0.912575 0.0191752
743.974 0.893372 0.0184476
744.29 0.902382 0.0185215
744.606 0.895665 0.0186497
744.922 0.879883 0.0185177
745.238 0.889804 0.0186785
745.554 0.895656 0.0191932
745.87 0.903675 0.019482
746.186 0.882961 0.018464
746.501 0.883086 0.017786
746.817 0.898975 0.0182311
747.132 0.900113 0.0195814
747.448 0.894008 0.0202816
747.763 0.859673 0.0195913
748.079 0.85639 0.0187401
748.394 0.882776 0.0177371
748.71 0.883155 0.0165164
749.025 0.863216 0.0153737
749.34 0.880028 0.0153209
749.655 0.898163 0.0158166
749.97 0.894132 0.0163491
750.285 0.87581 0.0162308
750.6 0.871972 0.015849
750.915 0.872772 0.0154622
751.23 0.888299 0.0159063
751.545 0.895398 0.016626
751.859 0.893177 0.0172309
752.174 0.866605 0.0171708
752.489 0.875836 0.016393
752.803 0.8644 0.015308
753.118 0.873248 0.0152707
753.432 0.903472 0.0160538
753.747 0.895312 0.0165735
754.061 0.862537 0.015716
754.375 0.848232 0.0149329
754.689 0.859536 0.0145641
755.004 0.876617 0.0146845
755.318 0.871615 0.0143233
755.632 0.856529 0.0135063
755.946 0.875297 0.0134067
756.26 0.862544 0.0127137
756.573 0.872456 0.0122339
756.887 0.884693 0.0119444
757.201 0.883743 0.0121913
757.515 0.922814 0.0136464
757.828 0.894158 0.0144065
758.142 0.877167 0.0142217
758.455 0.860259 0.0130798
758.769 0.873382 0.0124808
759.082 0.880598 0.0121914
759.396 0.886061 0.0120453
759.709 0.889043 0.011972
760.022 0.90756 0.0122028
760.335 0.919458 0.0129281
760.648 0.922004 0.0139144
760.962 0.913451 0.0148658
761.275 0.892581 0.015423
761.587 0.898107 0.0156721
761.9 0.905366 0.0157751
762.213 0.889125 0.0151224
762.526 0.902445 0.0146856
762.839 0.896016 0.0145747
763.151 0.905286 0.0142268
763.464 0.895977 0.0133867
763.776 0.897397 0.0124444
764.089 0.912877 0.0122862
764.401 0.917623 0.0127557
764.714 0.933613 0.013623
765.026 0.924588 0.0144702
765.338 0.933596 0.0154824
765.65 0.935957 0.0166852
765.962 0.920065 0.0173119
766.275 0.911257 0.0178452
766.587 0.890209 0.0176961
766.898 0.890493 0.0171309
767.21 0.901176 0.0162147
767.522 0.910245 0.01512
767.834 0.924111 0.0146766
768.146 0.923468 0.0147775
768.457 0.948358 0.0158905
768.769 0.927476 0.0165513
769.08 0.912681 0.0164929
769.392 0.916682 0.0159313
769.703 0.914409 0.0150882
770.015 0.932674 0.0146567
770.326 0.93198 0.0146797
770.637 0.947483 0.0153366
770.948 0.949258 0.0164717
771.26 0.933483 0.0173603
771.571 0.929752 0.0175155
771.882 0.909203 0.0169
772.193 0.941278 0.0173697
772.504 0.952894 0.0179139
772.814 0.941746 0.0181641
773.125 0.935961 0.0184831
773.436 0.931198 0.0189656
773.747 0.926224 0.0193406
774.057 0.938041 0.01988
774.368 0.936088 0.0201716
774.678 0.94248 0.020768
774.989 0.898146 0.0205919
775.299 0.919306 0.0215341
775.609 0.928725 0.0214028
775.919 0.915577 0.0210765
776.23 0.946613 0.0214566
776.54 0.907506 0.0208309
776.85 0.926552 0.0212696
777.16 0.907991 0.02043
777.47 0.922613 0.0195239
777.78 0.932274 0.0187609
778.089 0.931429 0.0178099
778.399 0.918093 0.0175699
778.709 0.956904 0.0187649
779.019 0.966573 0.0200984
779.328 0.958905 0.0211015
779.638 0.921535 0.0204128
779.947 0.901038 0.0183999
780.257 0.9147 0.0169117
780.566 0.926927 0.0163872
780.875 0.945634 0.01693
781.185 0.964871 0.018186
781.494 0.939973 0.0182463
781.803 0.951659 0.0188499
782.112 0.942144 0.0190299
782.421 0.933474 0.0186933
782.73 0.932542 0.018192
783.039 0.94532 0.0185486
783.348 0.960698 0.0201913
783.656 0.931038 0.0209692
783.965 0.925069 0.0212153
784.274 0.922583 0.0203819
784.582 0.926573 0.0197915
784.891 0.926908 0.0196784
785.199 0.943991 0.0201597
785.508 0.928593 0.0205453
785.816 0.948395 0.0211407
786.124 0.909868 0.0202498
786.432 0.922514 0.0193888
786.741 0.942356 0.0188472
787.049 0.948527 0.0187971
787.357 0.931443 0.0189121
787.665 0.936611 0.0188503
787.973 0.954043 0.0191979
788.281 0.919262 0.0192371
788.588 0.931351 0.020394
788.896 0.930186 0.0216488
789.204 0.939334 0.0226389
789.511 0.919474 0.0224589
789.819 0.947266 0.0232113
790.126 0.900517 0.0226408
790.434 0.92427 0.0229322
790.741 0.947743 0.0231629
791.049 0.919245 0.022788
791.356 0.914077 0.0234613
791.663 0.896533 0.0236543
791.97 0.921043 0.0240378
792.277 0.884941 0.0231243
792.584 0.893205 0.0220069
792.891 0.889227 0.0194213
793.198 0.915441 0.0182917
793.505 0.919993 0.0179783
793.812 0.926546 0.0185525
794.119 0.907106 0.0187789
794.425 0.925042 0.0195269
794.732 0.913667 0.0202911
795.038 0.941229 0.0227529
795.345 0.900689 0.0239349
795.651 0.908414 0.0253261
795.958 0.88146 0.0249982
796.264 0.828705 0.0226185
796.57 0.897991 0.0226837
796.876 0.913794 0.0226859
797.183 0.892867 0.0228392
797.489 0.886852 0.0236964
797.795 0.898996 0.0240716
798.101 0.907352 0.0240762
798.406 0.899829 0.0241036
798.712 0.921362 0.0251107
799.018 0.900474 0.0252123
799.324 0.878716 0.0249712
799.629 0.852072 0.0247006
799.935 0.881085 0.0253039
800.24 0.88206 0.0257995
800.546 0.899216 0.0260581
800.851 0.840643 0.0254245
801.157 0.878674 0.0271067
801.462 0.881883 0.0274195
801.767 0.886901 0.0276283
802.072 0.843599 0.0259001
802.377 0.868774 0.0252926
802.682 0.887862 0.0251571
802.987 0.871235 0.0256125
803.292 0.876938 0.0263531
803.597 0.852495 0.0262045
803.902 0.865802 0.0263417
804.207 0.850322 0.0259418
804.511 0.856197 0.0256323
804.816 0.821367 0.0235889
805.12 0.838679 0.0222717
805.425 0.840313 0.0209977
805.729 0.863506 0.0214523
806.034 0.867355 0.0223322
806.338 0.864512 0.0235662
806.642 0.866655 0.0241963
806.946 0.843266 0.0236261
807.251 0.87473 0.024284
807.555 0.854988 0.0236264
807.859 0.846739 0.0233336
808.162 0.866807 0.0242936
808.466 0.871413 0.0251871
808.77 0.872282 0.0258674
809.074 0.895354 0.0271035
809.378 0.878554 0.0268948
809.681 0.832146 0.0259687
809.985 0.871536 0.0270061
810.288 0.905057 0.0278275
810.592 0.872311 0.0271146
810.895 0.843067 0.0272893
811.198 0.867949 0.0289135
811.502 0.872122 0.0294044
811.805 0.869886 0.0301735
812.108 0.804585 0.0276976
812.411 0.852606 0.0276676
812.714 0.85061 0.025749
813.017 0.852271 0.0243917
813.32 0.859707 0.0244615
813.623 0.876189 0.025475
813.926 0.877122 0.0273349
814.228 0.861279 0.0285354
814.531 0.879893 0.0297669
814.833 0.807637 0.0282993
815.136 0.847527 0.029166
815.438 0.870744 0.0299001
815.741 0.826919 0.0279298
816.043 0.825373 0.0275643
816.345 0.853235 0.0278371
816.648 0.863815 0.0282374
816.95 0.849744 0.0284364
817.252 0.869826 0.0294167
817.554 0.860009 0.0293128
817.856 0.851528 0.0297908
818.158 0.836129 0.0297766
818.46 0.866475 0.0310808
818.761 0.857039 0.0307985
819.063 0.868302 0.0304621
819.365 0.871465 0.029616
819.666 0.859765 0.0279455
819.968 0.879109 0.0273259
820.269 0.86981 0.0268873
820.571 0.854379 0.0273463
820.872 0.855371 0.0283969
821.173 0.857967 0.0295698
821.475 0.885226 0.0311916
821.776 0.856722 0.0305264
822.077 0.833103 0.0299273
822.378 0.875876 0.0309001
822.679 0.886008 0.031587
822.98 0.846836 0.030594
823.281 0.9173 0.0328741
823.581 0.858096 0.0314748
823.882 0.900958 0.032664
824.183 0.866699 0.0317119
824.483 0.829039 0.0299125
824.784 0.815871 0.028455
825.084 0.876736 0.0300261
825.385 0.879919 0.0304749
825.685 0.878986 0.0311138
825.985 0.863705 0.0305785
826.286 0.832416 0.0296072
826.586 0.855241 0.0294217
826.886 0.857853 0.0295213
827.186 0.867273 0.0301187
827.486 0.89685 0.0316568
827.786 0.882421 0.0318796
828.086 0.876567 0.0314544
828.386 0.889528 0.031272
828.685 0.851756 0.0304315
828.985 0.877362 0.0318085
829.285 0.884221 0.0321531
829.584 0.862512 0.032269
829.884 0.863314 0.0327762
830.183 0.883155 0.0348787
830.482 0.875048 0.0343394
830.782 0.86058 0.034199
831.081 0.880525 0.0359024
831.38 0.84353 0.0340039
831.679 0.861779 0.0344478
831.978 0.910681 0.0354681
832.277 0.87672 0.0336789
832.576 0.888102 0.0332592
832.875 0.867663 0.0328543
833.174 0.859928 0.0325022
833.472 0.877578 0.0330825
833.771 0.898727 0.0339343
834.07 0.892774 0.033018
834.368 0.857165 0.0326694
834.667 0.871472 0.0338108
834.965 0.866091 0.0342123
835.263 0.927496 0.035452
835.562 0.84579 0.0338698
835.86 0.858517 0.0338088
836.158 0.877003 0.0345596
836.456 0.820211 0.0343022
836.754 0.826943 0.0343464
837.052 0.877287 0.0364998
837.35 0.843595 0.035098
837.648 0.890751 0.036544
837.946 0.884402 0.0367237
838.243 0.887501 0.0367985
838.541 0.879993 0.0356799
838.839 0.90724 0.0362812
839.136 0.934502 0.0367447
839.434 0.903378 0.035908
839.731 0.950104 0.0378162
840.028 0.88672 0.035696
840.326 0.889544 0.0362022
840.623 0.826258 0.0348589
840.92 0.875371 0.0362253
841.217 0.894233 0.0376413
841.514 0.917875 0.0383488
841.811 0.867192 0.0360446
842.108 0.888333 0.0375537
842.405 0.897085 0.0380199
842.701 0.906755 0.0384005
842.998 0.890739 0.0368881
843.295 0.885367 0.0375807
843.591 0.86199 0.0371623
843.888 0.884325 0.0372055
844.184 0.865877 0.0370287
844.481 0.83901 0.0358518
844.777 0.837594 0.035997
845.073 0.856504 0.0366755
845.369 0.931901 0.0386395
845.665 0.863963 0.0377482
845.962 0.873985 0.0372215
846.258 0.848389 0.0373827
846.553 0.903318 0.0386298
846.849 0.892329 0.0384603
847.145 0.804473 0.0353312
847.441 0.896962 0.0375308
847.737 0.854138 0.0363203
848.032 0.913453 0.0382778
848.328 0.911316 0.0384088
848.623 0.908969 0.0388715
848.919 0.845477 0.036654
849.214 0.81044 0.0354771
849.509 0.827553 0.0363845
849.805 0.859678 0.037828
850.1 0.938495 0.0404077
850.395 0.879851 0.0389952
850.69 0.910538 0.0399455
850.985 0.863234 0.0375138
851.28 0.895969 0.0380599
851.575 0.852222 0.0375724
851.869 0.900998 0.0385007
852.164 0.902405 0.0379567
852.459 0.877117 0.0363946
852.753 0.900295 0.0363593
853.048 0.857134 0.0336364
853.342 0.91932 0.0345934
853.637 0.917538 0.0351808
853.931 0.868068 0.0338522
854.225 0.884149 0.034014
854.52 0.885111 0.0353007
854.814 0.912275 0.0359573
855.108 0.840889 0.0334018
855.402 0.850908 0.034215
855.696 0.847131 0.0351162
855.99 0.915122 0.0370869
856.283 0.873357 0.0354356
856.577 0.858785 0.0359422
856.871 0.854902 0.0355774
857.164 0.88561 0.0366045
857.458 0.949995 0.0391711
857.751 0.873128 0.0369017
858.045 0.844748 0.0358566
858.338 0.849388 0.0365424
858.632 0.830953 0.0353162
858.925 0.895294 0.0376201
859.218 0.818815 0.0358241
859.511 0.907133 0.0392849
859.804 0.898532 0.0387072
860.097 0.836324 0.036354
860.39 0.942137 0.0397176
860.683 0.903576 0.0387316
860.976 0.884642 0.0386307
861.268 0.880219 0.0379384
861.561 0.900491 0.0394724
861.854 0.943499 0.0416079
862.146 0.806971 0.0371132
862.439 0.861494 0.038139
862.731 0.803864 0.0359391
863.023 0.848035 0.038109
863.316 0.843948 0.0373312
863.608 0.915718 0.0390894
863.9 0.917351 0.0391491
864.192 0.846817 0.0367218
864.484 0.904381 0.0388572
864.776 0.906055 0.0392382
865.068 0.867737 0.0381619
865.36 0.849949 0.03767
865.651 0.916638 0.0401475
865.943 0.870089 0.0383918
866.235 0.832815 0.0377508
866.526 0.931046 0.040991
866.818 0.901171 0.0389752
867.109 0.874588 0.0381607
867.4 0.873256 0.0388655
867.692 0.899188 0.0396538
867.983 0.918822 0.0396963
868.274 0.900134 0.0397834
868.565 0.885576 0.038957
868.856 0.916404 0.0398886
869.147 0.911928 0.0396832
869.438 0.875847 0.0387855
869.729 0.89919 0.0395341
870.02 0.980001 0.0428996
870.31 0.899338 0.0398144
870.601 0.88477 0.0389215
870.892 0.849572 0.037748
871.182 0.852346 0.0376504
871.473 0.897676 0.0394786
871.763 0.829341 0.0370363
872.053 0.859087 0.0381387
872.343 0.849738 0.0378721
872.634 0.896701 0.0392957
872.924 0.846395 0.0374189
873.214 0.870161 0.038717
873.504 0.85051 0.0387912
873.794 0.918334 0.0413153
874.084 0.897831 0.0407335
874.373 0.865662 0.0389906
874.663 0.796655 0.0365185
874.953 0.93368 0.0408497
875.242 0.871708 0.0389392
875.532 0.841428 0.0379426
875.821 0.861257 0.0386257
876.111 0.893265 0.0391877
876.4 0.864252 0.0390282
876.689 0.87402 0.0389873
876.978 0.865284 0.0388063
877.268 0.886194 0.0393421
877.557 0.896631 0.0400298
877.846 0.946518 0.0409906
878.134 0.901742 0.0403724
878.423 0.901908 0.0403798
878.712 0.902074 0.0403872
