178.41 0.605127 0.12033
178.791 0.608959 0.121091
179.172 0.612763 0.121848
179.553 0.530963 0.530963
179.934 0.910232 0.910232
180.316 0.312167 0.312167
180.697 0.349529 0.349529
181.078 0.959378 0.959378
181.459 0.482931 0.482931
181.84 0.571892 0.571892
182.221 1.36099 1.36099
182.602 -0.185448 -0.0638337
182.983 -2.83767 -2.83767
183.364 1.14709 0.190051
183.744 0.500312 0.0792451
184.125 0.745768 0.0839267
184.506 0.558404 0.0594923
184.887 0.356289 0.0423763
185.268 0.525148 0.0442915
185.648 0.571919 0.0447441
186.029 0.584786 0.0431556
186.41 0.67074 0.04501
186.791 0.672718 0.0433201
187.171 0.592067 0.0347614
187.552 0.47607 0.0253606
187.932 0.496369 0.026368
188.313 0.470851 0.0239859
188.694 0.477942 0.024152
189.074 0.474547 0.0232025
189.455 0.472027 0.0224987
189.835 0.503559 0.0238941
190.216 0.503921 0.0232729
190.596 0.467947 0.0214628
190.977 0.453012 0.0209535
191.357 0.490817 0.0218747
191.737 0.470539 0.0211504
192.118 0.468873 0.0210094
192.498 0.459033 0.0201429
192.878 0.474274 0.0206321
193.258 0.458783 0.0199422
193.639 0.444599 0.019388
194.019 0.461247 0.0199217
194.399 0.467233 0.0198776
194.779 0.433618 0.0183817
195.159 0.457015 0.0194181
195.54 0.420573 0.0180696
195.92 0.43502 0.0184317
196.3 0.423796 0.0179288
196.68 0.41827 0.0179005
197.06 0.441391 0.0182788
197.44 0.421391 0.0176885
197.82 0.410654 0.0173245
198.2 0.400332 0.0170974
198.58 0.393411 0.0165016
198.959 0.426769 0.0171559
199.339 0.407225 0.0168312
199.719 0.377738 0.0158999
200.099 0.378985 0.0159644
200.479 0.400147 0.0163576
200.858 0.36453 0.0153825
201.238 0.361071 0.0150702
201.618 0.372503 0.0154787
201.998 0.344633 0.0145319
202.377 0.368229 0.0150209
202.757 0.35135 0.0144798
203.136 0.378166 0.0149248
203.516 0.328294 0.0136988
203.896 0.333374 0.0136344
204.275 0.309717 0.0128824
204.655 0.303122 0.0127687
205.034 0.306752 0.0126939
205.414 0.321898 0.0128407
205.793 0.309176 0.0124717
206.172 0.325293 0.0128042
206.552 0.30864 0.0122595
206.931 0.29952 0.0118919
207.31 0.283944 0.0114538
207.69 0.270151 0.0110829
208.069 0.267938 0.0108913
208.448 0.262819 0.0106509
208.827 0.276602 0.0108638
209.207 0.283086 0.0109617
209.586 0.26881 0.0104023
209.965 0.281261 0.0106068
210.344 0.270808 0.0102561
210.723 0.262695 0.00997717
211.102 0.253787 0.0096369
211.481 0.237487 0.00927309
211.86 0.233688 0.00910706
212.239 0.231748 0.00897754
212.618 0.24287 0.00905757
212.997 0.252936 0.00909259
213.376 0.244803 0.00891326
213.755 0.250544 0.00889052
214.134 0.23773 0.00854289
214.513 0.221616 0.00811475
214.891 0.211868 0.00788131
215.27 0.202622 0.00756251
215.649 0.20613 0.00756498
216.028 0.203394 0.00738484
216.406 0.207709 0.00738501
216.785 0.220163 0.00747947
217.164 0.222031 0.00743593
217.542 0.220829 0.00726029
217.921 0.212849 0.00703666
218.3 0.201701 0.00682563
218.678 0.192058 0.00655572
219.057 0.174736 0.00614176
219.435 0.172106 0.0059952
219.814 0.175272 0.00600551
220.192 0.176695 0.00593263
220.57 0.178008 0.00588482
220.949 0.191114 0.00599529
221.327 0.197558 0.00599418
221.705 0.197995 0.00593936
222.084 0.187434 0.00565342
222.462 0.176248 0.00541682
222.84 0.168926 0.00525933
223.218 0.154786 0.00490906
223.597 0.143204 0.00467412
223.975 0.140915 0.00455312
224.353 0.145012 0.00456812
224.731 0.152063 0.00460246
225.109 0.163649 0.00467815
225.487 0.166398 0.00465022
225.865 0.172585 0.00466346
226.243 0.173222 0.00461274
226.621 0.164299 0.0044332
226.999 0.14927 0.00413901
227.377 0.135737 0.00390861
227.755 0.124515 0.00369472
228.133 0.120081 0.00358225
228.511 0.119997 0.00353838
228.889 0.120333 0.00347557
229.266 0.130085 0.00357937
229.644 0.140711 0.00364941
230.022 0.150084 0.0037202
230.4 0.153583 0.00372786
230.777 0.1558 0.00371894
231.155 0.147941 0.00357682
231.533 0.136697 0.00338952
231.91 0.124449 0.00319033
232.288 0.110509 0.00297786
232.665 0.101455 0.00281654
233.043 0.100345 0.00277465
233.42 0.0992848 0.00272265
233.798 0.108041 0.00281939
234.175 0.118588 0.00291533
234.553 0.129944 0.00301924
234.93 0.135637 0.00305377
235.307 0.140251 0.00308013
235.685 0.139597 0.00304784
236.062 0.13269 0.00293677
236.439 0.125173 0.00283827
236.816 0.113443 0.00266897
237.194 0.102912 0.00251515
237.571 0.0925203 0.00236402
237.948 0.0876329 0.00228858
238.325 0.0896446 0.00228908
238.702 0.0948363 0.00234053
239.079 0.102203 0.00240563
239.456 0.112175 0.00250342
239.833 0.122242 0.00259648
240.21 0.13102 0.00266327
240.587 0.132996 0.00267084
240.964 0.13334 0.00265248
241.341 0.127171 0.00256851
241.718 0.116301 0.00243303
242.095 0.105696 0.00231876
242.472 0.0969736 0.00220342
242.849 0.0862324 0.0020623
243.225 0.0816531 0.0019893
243.602 0.0812344 0.0019742
243.979 0.0854706 0.00201802
244.356 0.0947909 0.00211649
244.732 0.105033 0.00220521
245.109 0.114637 0.00228769
245.486 0.125787 0.00239302
245.862 0.13135 0.0024333
246.239 0.133279 0.00242612
246.615 0.130068 0.00239237
246.992 0.120628 0.00228704
247.368 0.111704 0.0022008
247.745 0.0995588 0.0020602
248.121 0.0908091 0.00195418
248.497 0.0805843 0.0018379
248.874 0.0759226 0.00177314
249.25 0.0768803 0.00176859
249.626 0.0832102 0.00183691
250.003 0.0916708 0.00191672
250.379 0.102695 0.00200895
250.755 0.112658 0.00210597
251.131 0.123528 0.00218975
251.507 0.129603 0.00223996
251.884 0.132946 0.00225309
252.26 0.132326 0.0022484
252.636 0.125095 0.0021662
253.012 0.116269 0.00208078
253.388 0.105617 0.00197721
253.764 0.0930472 0.00184823
254.14 0.0833738 0.00174536
254.516 0.0775315 0.0016808
254.892 0.073705 0.00163051
255.268 0.0745679 0.00163828
255.643 0.0815826 0.00170641
256.019 0.0894429 0.0017854
256.395 0.101582 0.00189874
256.771 0.112593 0.00198442
257.147 0.123884 0.00207918
257.522 0.131829 0.00214142
257.898 0.133929 0.00215486
258.274 0.133602 0.00214666
258.649 0.12875 0.00210603
259.025 0.12251 0.00204308
259.4 0.109762 0.00193282
259.776 0.099538 0.00183491
260.151 0.0887223 0.00173818
260.527 0.0791059 0.00163397
260.902 0.0729962 0.00156533
261.278 0.0720205 0.00155155
261.653 0.0731101 0.0015632
262.028 0.080704 0.00164396
262.404 0.0891485 0.0017199
262.779 0.100859 0.0018248
263.154 0.111628 0.00191637
263.53 0.124207 0.00201595
263.905 0.129539 0.00206276
264.28 0.133478 0.0020928
264.655 0.135192 0.00210007
265.03 0.131905 0.00208078
265.405 0.123916 0.00201007
265.781 0.115398 0.00194206
266.156 0.104508 0.00184617
266.531 0.094199 0.0017435
266.906 0.0831537 0.00164715
267.281 0.0750846 0.00155744
267.655 0.0697947 0.00150719
268.03 0.0691764 0.00150134
268.405 0.0726777 0.00153681
268.78 0.0792821 0.00160509
269.155 0.087737 0.00168475
269.53 0.0996372 0.00180156
269.904 0.109097 0.00188302
270.279 0.120419 0.00197958
270.654 0.126898 0.00202635
271.029 0.132273 0.00207274
271.403 0.132488 0.00206857
271.778 0.132249 0.00207257
272.152 0.125389 0.00202002
272.527 0.11883 0.00196475
272.901 0.108589 0.00187083
273.276 0.096292 0.0017577
273.65 0.0850908 0.0016575
274.025 0.0779923 0.00158274
274.399 0.0706359 0.00151347
274.774 0.0664494 0.00146454
275.148 0.0653976 0.0014483
275.522 0.069176 0.00149354
275.897 0.075098 0.00155532
276.271 0.0833527 0.0016402
276.645 0.092772 0.00172539
277.019 0.102298 0.0018069
277.393 0.110919 0.00187642
277.768 0.119222 0.00195458
278.142 0.124212 0.00199306
278.516 0.127036 0.00201914
278.89 0.126491 0.00201084
279.264 0.12321 0.00199095
279.638 0.117596 0.00193566
280.012 0.109526 0.00187134
280.386 0.101577 0.00181158
280.76 0.0882022 0.00168169
281.133 0.0801069 0.0016056
281.507 0.0704495 0.0015045
281.881 0.0652998 0.00144516
282.255 0.0596944 0.00138367
282.629 0.0595476 0.00138598
283.002 0.0612211 0.00140608
283.376 0.0652265 0.00144738
283.75 0.0725412 0.00153156
284.123 0.0798957 0.00160172
284.497 0.0885206 0.00168903
284.87 0.0973438 0.00177302
285.244 0.104828 0.00183653
285.618 0.111118 0.00189568
285.991 0.116735 0.0019512
286.364 0.11789 0.00196011
286.738 0.118521 0.00196498
287.111 0.114233 0.00192993
287.485 0.110275 0.00189727
287.858 0.103663 0.00184638
288.231 0.0953468 0.00176766
288.605 0.0875039 0.00169804
288.978 0.0785192 0.00160508
289.351 0.0715993 0.00154069
289.724 0.0649846 0.00146774
290.097 0.0599046 0.00141089
290.47 0.0569538 0.00138015
290.843 0.055207 0.00135834
291.217 0.0561902 0.00137065
291.59 0.059761 0.00142333
291.963 0.0641697 0.00147164
292.336 0.0711692 0.00155478
292.708 0.0774903 0.00162545
293.081 0.0852659 0.0017129
293.454 0.0932526 0.00178343
293.827 0.10042 0.0018562
294.2 0.106921 0.00192784
294.573 0.109419 0.001944
294.945 0.112294 0.00198101
295.318 0.112455 0.00198167
295.691 0.112572 0.00198753
296.064 0.109157 0.00196073
296.436 0.103785 0.00191053
296.809 0.0994995 0.00186564
297.181 0.0933496 0.00181677
297.554 0.0849221 0.00173547
297.926 0.078873 0.00167384
298.299 0.0714648 0.001595
298.671 0.0667517 0.00153479
299.044 0.061073 0.0014761
299.416 0.0586314 0.00144848
299.788 0.0568248 0.00142378
300.161 0.0578488 0.00144287
300.533 0.0604833 0.0014733
300.905 0.0641855 0.00151195
301.278 0.071611 0.00160037
301.65 0.0791051 0.00168014
302.022 0.0886225 0.00178222
302.394 0.0976735 0.00187403
302.766 0.106495 0.00195407
303.138 0.116364 0.00205064
303.51 0.124695 0.00211725
303.882 0.131582 0.0021722
304.254 0.137853 0.00222772
304.626 0.141269 0.00224838
304.998 0.144664 0.00227456
305.37 0.145825 0.00229644
305.742 0.142565 0.00226211
306.114 0.138989 0.0022326
306.485 0.136002 0.00220897
306.857 0.128119 0.00214246
307.229 0.121577 0.00209435
307.601 0.113899 0.00202658
307.972 0.106069 0.00195366
308.344 0.100902 0.0019031
308.716 0.0959377 0.00186335
309.087 0.0943431 0.00184547
309.459 0.0936416 0.00184139
309.83 0.0975192 0.00187937
310.202 0.104867 0.00194572
310.573 0.116354 0.00205072
310.945 0.129414 0.00216124
311.316 0.14342 0.00228608
311.687 0.161914 0.00241926
312.059 0.178473 0.00254887
312.43 0.196485 0.00266954
312.801 0.216997 0.00281533
313.172 0.230408 0.0029028
313.544 0.246889 0.00300793
313.915 0.25484 0.00303656
314.286 0.268049 0.00312778
314.657 0.271877 0.00314305
315.028 0.275846 0.0031726
315.399 0.274092 0.00316145
315.77 0.273708 0.00315477
316.141 0.269601 0.00314404
316.512 0.261433 0.00309558
316.883 0.254941 0.00306308
317.254 0.243787 0.00299231
317.625 0.238725 0.00297933
317.996 0.2334 0.00292978
318.366 0.229013 0.00290931
318.737 0.231263 0.00292062
319.108 0.236218 0.00296194
319.478 0.243247 0.00300668
319.849 0.256504 0.00308607
320.22 0.272529 0.00318414
320.59 0.290206 0.0032839
320.961 0.315281 0.00342872
321.331 0.341535 0.00356909
321.702 0.364547 0.00370604
322.072 0.388701 0.00383843
322.443 0.410747 0.00393796
322.813 0.428882 0.00401649
323.184 0.45066 0.00412875
323.554 0.466505 0.00421405
323.924 0.479271 0.00426911
324.295 0.489717 0.00433632
324.665 0.493157 0.00435469
325.035 0.501627 0.00438618
325.405 0.501404 0.00440325
325.775 0.500984 0.00442281
326.145 0.492499 0.004381
326.515 0.486501 0.00436228
326.886 0.483686 0.00437163
327.256 0.476758 0.00434434
327.626 0.47183 0.00434856
327.995 0.46714 0.00433756
328.365 0.463396 0.00432619
328.735 0.464034 0.00435092
329.105 0.471269 0.0044322
329.475 0.480354 0.00450987
329.845 0.493199 0.00463586
330.215 0.500857 0.00465419
330.584 0.51436 0.00467105
330.954 0.52878 0.00462415
331.324 0.551959 0.00459141
331.693 0.581238 0.00463075
332.063 0.602596 0.00466428
332.432 0.628074 0.00473731
332.802 0.647997 0.00485136
333.171 0.658746 0.00495562
333.541 0.675128 0.00511046
333.91 0.685914 0.00517729
334.28 0.697476 0.00525065
334.649 0.706306 0.0052991
335.018 0.704577 0.00531065
335.388 0.714723 0.00536601
335.757 0.71221 0.00535733
336.126 0.707883 0.00536023
336.495 0.703186 0.00532436
336.865 0.700231 0.00533516
337.234 0.693073 0.00533783
337.603 0.688426 0.00530906
337.972 0.683088 0.00530061
338.341 0.678844 0.00527547
338.71 0.673783 0.0052522
339.079 0.675429 0.00527768
339.448 0.675387 0.00526919
339.817 0.683243 0.00531284
340.186 0.68458 0.00532141
340.554 0.689774 0.00533455
340.923 0.705146 0.00540494
341.292 0.713046 0.00544026
341.661 0.730906 0.00551487
342.029 0.743491 0.00555253
342.398 0.755964 0.00560643
342.767 0.767339 0.00567017
343.135 0.784177 0.00572775
343.504 0.793834 0.00578088
343.872 0.809034 0.00581425
344.241 0.814128 0.00584618
344.609 0.823611 0.00590349
344.978 0.828099 0.00591358
345.346 0.829287 0.00589556
345.715 0.832803 0.00593089
346.083 0.837052 0.00595925
346.451 0.834553 0.00594091
346.82 0.833783 0.00595806
347.188 0.827253 0.00592346
347.556 0.834387 0.00597964
347.924 0.826339 0.00594353
348.292 0.813455 0.00591042
348.66 0.811314 0.00589743
349.028 0.808073 0.00589305
349.396 0.802392 0.00589544
349.764 0.798444 0.00587351
350.132 0.786807 0.00582754
350.5 0.791121 0.00585304
350.868 0.789409 0.00585732
351.236 0.790935 0.00585832
351.604 0.797138 0.0059041
351.972 0.806113 0.00594397
352.34 0.80577 0.00595135
352.707 0.813106 0.005981
353.075 0.825123 0.00602663
353.443 0.831657 0.00606424
353.81 0.839365 0.00610742
354.178 0.849372 0.00614718
354.545 0.857631 0.00616185
354.913 0.867557 0.00622377
355.28 0.871345 0.00623819
355.648 0.875302 0.00623912
356.015 0.881258 0.00627127
356.383 0.882007 0.00626677
356.75 0.880653 0.00627793
357.117 0.88445 0.00629493
357.485 0.890151 0.00631962
357.852 0.89649 0.00638588
358.219 0.887158 0.00632103
358.586 0.883903 0.00630836
358.954 0.886022 0.00634247
359.321 0.875738 0.00629032
359.688 0.881067 0.00634048
360.055 0.870171 0.00629219
360.422 0.870246 0.00630158
360.789 0.863741 0.0062888
361.156 0.853512 0.00624594
361.523 0.849828 0.00625768
361.89 0.844403 0.00623011
362.256 0.83387 0.00616637
362.623 0.840133 0.00625112
362.99 0.826743 0.00617142
363.357 0.831882 0.00621585
363.724 0.836487 0.00623572
364.09 0.830504 0.00620086
364.457 0.84206 0.00629047
364.823 0.839564 0.00624079
365.19 0.841891 0.00625873
365.557 0.852894 0.00628972
365.923 0.86171 0.00634309
366.29 0.868792 0.00638913
366.656 0.871481 0.00637269
367.022 0.87841 0.00638998
367.389 0.887439 0.0064515
367.755 0.888184 0.00648493
368.121 0.888515 0.00648351
368.488 0.891718 0.0064864
368.854 0.894729 0.00652201
369.22 0.896277 0.00655842
369.586 0.902605 0.00660393
369.952 0.903714 0.00662237
370.318 0.893648 0.0065885
370.684 0.903819 0.00664521
371.051 0.896736 0.00662094
371.416 0.900885 0.00667726
371.782 0.888831 0.0066126
372.148 0.889946 0.00663037
372.514 0.883477 0.00662042
372.88 0.880087 0.00662712
373.246 0.873153 0.00659489
373.612 0.874928 0.00659849
373.977 0.866014 0.00654997
374.343 0.860112 0.00650699
374.709 0.852931 0.00645874
375.074 0.841178 0.00643329
375.44 0.837844 0.00644804
375.806 0.841122 0.0064963
376.171 0.830389 0.00642208
376.537 0.828883 0.00641039
376.902 0.82456 0.00640491
377.268 0.826746 0.00638706
377.633 0.825129 0.00636911
377.998 0.825969 0.00634795
378.364 0.835251 0.00635592
378.729 0.835174 0.00636632
379.094 0.844472 0.00642968
379.459 0.852193 0.00654553
379.825 0.852064 0.00651603
380.19 0.852286 0.00652698
380.555 0.861622 0.00660875
380.92 0.874819 0.00674238
381.285 0.87396 0.00672633
381.65 0.870621 0.00666122
382.015 0.87219 0.00667704
382.38 0.878572 0.00672746
382.745 0.87782 0.00676581
383.11 0.881315 0.0067976
383.474 0.878751 0.00676766
383.839 0.87972 0.0067836
384.204 0.88069 0.00680924
384.569 0.879464 0.00681283
384.933 0.877743 0.00682597
385.298 0.871841 0.00681359
385.663 0.862295 0.00675696
386.027 0.862078 0.00674214
386.392 0.857742 0.00669646
386.756 0.85015 0.00663324
387.121 0.847805 0.00662218
387.485 0.840728 0.00657422
387.849 0.837721 0.00653173
388.214 0.831827 0.00658093
388.578 0.82775 0.0065978
388.942 0.81543 0.00658187
389.307 0.805913 0.00653739
389.671 0.804655 0.00655634
390.035 0.796497 0.0064933
390.399 0.791176 0.00645639
390.763 0.783117 0.00638554
391.127 0.784682 0.00636887
391.492 0.777299 0.00625166
391.856 0.781442 0.00619605
392.219 0.783236 0.00615688
392.583 0.787898 0.00621034
392.947 0.795704 0.0063757
393.311 0.79239 0.00642113
393.675 0.793318 0.00644425
394.039 0.803661 0.00652628
394.403 0.807693 0.00654589
394.766 0.807658 0.00656353
395.13 0.811016 0.00659456
395.494 0.818301 0.00662148
395.857 0.817811 0.00659059
396.221 0.825119 0.00659
396.584 0.828813 0.00655526
396.948 0.826311 0.00647469
397.311 0.83152 0.00639941
397.675 0.833155 0.00637111
398.038 0.834375 0.00637886
398.401 0.828196 0.00644554
398.765 0.833292 0.00656532
399.128 0.83781 0.00667714
399.491 0.828901 0.00669207
399.854 0.822209 0.00667449
400.218 0.822754 0.00669613
400.581 0.813736 0.0066783
400.944 0.809602 0.00669393
401.307 0.804144 0.00675162
401.67 0.800251 0.00671568
402.033 0.792462 0.00670241
402.396 0.781764 0.00666072
402.759 0.771964 0.00662691
403.122 0.767526 0.00657559
403.485 0.761998 0.00655018
403.847 0.741893 0.00640941
404.21 0.738324 0.00636094
404.573 0.743219 0.00637503
404.936 0.729418 0.00628445
405.298 0.722815 0.00632461
405.661 0.720673 0.00640377
406.023 0.718382 0.00648424
406.386 0.711969 0.00647808
406.749 0.711694 0.00650646
407.111 0.710349 0.00649197
407.473 0.70622 0.00636949
407.836 0.716167 0.00640484
408.198 0.715718 0.00636385
408.561 0.719443 0.00639875
408.923 0.729449 0.0064526
409.285 0.728386 0.0064598
409.647 0.738275 0.0065605
410.009 0.741945 0.00663899
410.372 0.745392 0.0066447
410.734 0.756113 0.00672596
411.096 0.754631 0.00670758
411.458 0.766823 0.00675992
411.82 0.763399 0.00670055
412.182 0.765827 0.00666027
412.544 0.772541 0.00670436
412.906 0.775943 0.00670722
413.267 0.776158 0.00673214
413.629 0.78283 0.00681423
413.991 0.772845 0.00680245
414.353 0.782733 0.00686468
414.714 0.775386 0.00690436
415.076 0.769322 0.00686022
415.438 0.769383 0.00685302
415.799 0.760985 0.00678833
416.161 0.755498 0.00682311
416.522 0.756199 0.00685437
416.884 0.742679 0.00679704
417.245 0.744561 0.00683076
417.607 0.725946 0.0067282
417.968 0.720218 0.00669405
418.329 0.710355 0.00663975
418.691 0.710843 0.00663982
419.052 0.698283 0.00657632
419.413 0.686978 0.00646417
419.774 0.677927 0.00640147
420.135 0.670348 0.00622387
420.497 0.663274 0.00609326
420.858 0.659081 0.00599017
421.219 0.661437 0.00602113
421.58 0.657091 0.00607783
421.941 0.655852 0.00617871
422.302 0.652512 0.00624563
422.662 0.655044 0.00628466
423.023 0.648532 0.00628093
423.384 0.653277 0.006325
423.745 0.656147 0.00630063
424.106 0.665255 0.00634064
424.466 0.672543 0.00636288
424.827 0.678419 0.00647883
425.187 0.683777 0.00658668
425.548 0.691444 0.00668608
425.909 0.693901 0.00673337
426.269 0.704227 0.00673545
426.63 0.707541 0.00670551
426.99 0.721596 0.0067162
427.35 0.718005 0.00672937
427.711 0.720948 0.00669535
428.071 0.726986 0.00666705
428.431 0.724189 0.00652708
428.792 0.733981 0.00634617
429.152 0.738516 0.00619075
429.512 0.740296 0.0061866
429.872 0.744402 0.00624678
430.232 0.750858 0.0063846
430.592 0.749751 0.00656093
430.952 0.75201 0.00676482
431.312 0.752626 0.00693596
431.672 0.740406 0.00695864
432.032 0.731836 0.00689712
432.392 0.731424 0.00680193
432.752 0.727635 0.00645053
433.111 0.727838 0.00630737
433.471 0.731112 0.00642046
433.831 0.718708 0.00661507
434.19 0.708637 0.00656942
434.55 0.704682 0.00654987
434.91 0.696522 0.00658781
435.269 0.686935 0.0064522
435.629 0.681954 0.0064146
435.988 0.676719 0.00636258
436.348 0.67858 0.00646876
436.707 0.671157 0.00653117
437.066 0.66154 0.00648068
437.426 0.649738 0.00634637
437.785 0.651646 0.00633787
438.144 0.648896 0.00631661
438.503 0.653693 0.00642357
438.862 0.64308 0.00638302
439.222 0.650209 0.00646951
439.581 0.64853 0.00648889
439.94 0.649066 0.00640062
440.299 0.654935 0.00621276
440.658 0.658009 0.00606882
441.017 0.668257 0.00611788
441.376 0.676067 0.00622533
441.734 0.68026 0.00630875
442.093 0.679253 0.00630133
442.452 0.689648 0.00630378
442.811 0.703439 0.00633851
443.169 0.704494 0.00634088
443.528 0.722597 0.00655503
443.887 0.718279 0.0065396
444.245 0.733253 0.00663635
444.604 0.733801 0.0066941
444.962 0.73395 0.00672663
445.321 0.743197 0.00677518
445.679 0.749821 0.00676955
446.038 0.751923 0.00675427
446.396 0.761343 0.00689008
446.754 0.759013 0.00697366
447.112 0.769047 0.00705511
447.471 0.768337 0.00705994
447.829 0.76738 0.00709244
448.187 0.769576 0.00708996
448.545 0.769534 0.00706807
448.903 0.766267 0.00707132
449.261 0.767959 0.00709971
449.619 0.770996 0.0071811
449.977 0.76809 0.00720247
450.335 0.775474 0.0073163
450.693 0.770819 0.00731237
451.051 0.760187 0.00724738
451.409 0.759737 0.00727365
451.766 0.750455 0.0072383
452.124 0.750522 0.00734017
452.482 0.743639 0.00737882
452.839 0.746925 0.00747768
453.197 0.7427 0.00746967
453.555 0.733232 0.00745259
453.912 0.729096 0.00741202
454.27 0.71905 0.00724467
454.627 0.716529 0.0071465
454.984 0.718087 0.00717117
455.342 0.716097 0.00727102
455.699 0.713321 0.00733788
456.056 0.70551 0.00725429
456.414 0.709477 0.00720961
456.771 0.70319 0.00704635
457.128 0.703573 0.0070213
457.485 0.702936 0.00699379
457.842 0.701106 0.00702791
458.199 0.706208 0.00704527
458.556 0.711438 0.00700309
458.913 0.707238 0.00698268
459.27 0.718721 0.00699926
459.627 0.728928 0.00715134
459.984 0.72003 0.00705574
460.341 0.732679 0.00710829
460.697 0.738131 0.00721969
461.054 0.743435 0.00745902
461.411 0.750035 0.0076464
461.767 0.755662 0.00776554
462.124 0.758167 0.00775895
462.481 0.768926 0.00772035
462.837 0.763394 0.00757313
463.194 0.777558 0.00748308
463.55 0.782523 0.0075552
463.907 0.786785 0.00737687
464.263 0.795304 0.0073146
464.619 0.796643 0.00718217
464.976 0.803012 0.00711095
465.332 0.807313 0.00712821
465.688 0.815234 0.0073829
466.044 0.818946 0.00766536
466.4 0.820209 0.00779063
466.756 0.8192 0.00783691
467.112 0.822845 0.00785426
467.468 0.826186 0.00785856
467.824 0.828566 0.0079506
468.18 0.825501 0.00803953
468.536 0.823243 0.00803524
468.892 0.829254 0.00819318
469.248 0.827196 0.0082193
469.604 0.821599 0.00824072
469.959 0.828096 0.0082703
470.315 0.826106 0.00825591
470.671 0.823551 0.00823489
471.026 0.824899 0.00817208
471.382 0.817018 0.00805513
471.737 0.819353 0.00800174
472.093 0.804831 0.00780679
472.448 0.798502 0.00762677
472.804 0.806519 0.00759959
473.159 0.799921 0.00750631
473.514 0.802535 0.00755678
473.87 0.791902 0.00739959
474.225 0.785896 0.00716084
474.58 0.783029 0.00700683
474.935 0.791315 0.00710371
475.29 0.782316 0.00715844
475.645 0.784034 0.00717356
476 0.772037 0.00712763
476.355 0.776984 0.00721481
476.71 0.768094 0.00716921
477.065 0.75843 0.00691645
477.42 0.767653 0.00686661
477.775 0.767086 0.00687234
478.13 0.772862 0.00696022
478.485 0.767339 0.00688505
478.839 0.763495 0.00678563
479.194 0.766529 0.00662485
479.549 0.775379 0.00658128
479.903 0.777666 0.00660855
480.258 0.774763 0.00664811
480.612 0.777945 0.00657487
480.967 0.779378 0.00642877
481.321 0.796387 0.00651937
481.675 0.795468 0.00664113
482.03 0.800473 0.00677951
482.384 0.800768 0.00680924
482.738 0.803374 0.00675527
483.093 0.81109 0.00673807
483.447 0.808085 0.0065795
483.801 0.814978 0.0064012
484.155 0.817388 0.00632885
484.509 0.755773 0.00529922
484.863 0.793092 0.00369998
485.217 0.838771 0.00345825
485.571 0.873825 0.00362096
485.925 0.886967 0.00464711
486.279 0.861302 0.00531006
486.632 0.862776 0.00574813
486.986 0.873519 0.0062521
487.34 0.865838 0.00664476
487.694 0.865808 0.00683013
488.047 0.859889 0.00684523
488.401 0.867009 0.00688224
488.754 0.868864 0.00693334
489.108 0.873642 0.00706584
489.461 0.870482 0.0070872
489.815 0.871311 0.00716453
490.168 0.876577 0.00710688
490.522 0.870213 0.00705091
490.875 0.867415 0.00705014
491.228 0.873185 0.0071222
491.581 0.871053 0.00706469
491.935 0.877507 0.00711703
492.288 0.871908 0.00712353
492.641 0.875688 0.00708832
492.994 0.867025 0.00704789
493.347 0.863474 0.00693578
493.7 0.86869 0.00696201
494.053 0.870094 0.00699148
494.406 0.867994 0.00709598
494.759 0.870137 0.00724959
495.111 0.85162 0.00694808
495.464 0.850232 0.00663773
495.817 0.856224 0.00654075
496.169 0.859498 0.00673714
496.522 0.858457 0.007037
496.875 0.849334 0.00723327
497.227 0.84876 0.00730228
497.58 0.838038 0.00724336
497.932 0.840206 0.00716758
498.285 0.827053 0.00704633
498.637 0.821966 0.00684968
498.989 0.829019 0.00680241
499.342 0.834161 0.00687407
499.694 0.829127 0.00700482
500.046 0.823131 0.00703937
500.398 0.818997 0.00684973
500.751 0.822927 0.00680352
501.103 0.816141 0.00675381
501.455 0.819948 0.00677993
501.807 0.817898 0.00678162
502.159 0.823779 0.00680964
502.511 0.821201 0.0067821
502.862 0.826404 0.00683285
503.214 0.828094 0.00693333
503.566 0.825856 0.0070643
503.918 0.824075 0.00713303
504.27 0.829711 0.0071498
504.621 0.835364 0.00719163
504.973 0.833424 0.0072238
505.324 0.836896 0.00719208
505.676 0.836621 0.00706561
506.027 0.848158 0.00713336
506.379 0.8495 0.00737691
506.73 0.845861 0.00747333
507.082 0.856638 0.00746742
507.433 0.852328 0.00731065
507.784 0.863142 0.00729538
508.136 0.867016 0.0074393
508.487 0.868742 0.00752313
508.838 0.868309 0.00759177
509.189 0.868979 0.00758636
509.54 0.870602 0.00749194
509.891 0.881721 0.00762685
510.242 0.882411 0.00763834
510.593 0.884542 0.00769622
510.944 0.883549 0.0077349
511.295 0.895784 0.00795046
511.646 0.894218 0.00803148
511.996 0.888058 0.00792132
512.347 0.891378 0.00787641
512.698 0.899093 0.00793657
513.049 0.896419 0.00797357
513.399 0.896881 0.00801262
513.75 0.904489 0.00802248
514.1 0.908742 0.00819389
514.451 0.90639 0.00835344
514.801 0.894993 0.00826431
515.152 0.90865 0.00825352
515.502 0.902591 0.00809846
515.852 0.909992 0.00808795
516.202 0.902539 0.00804396
516.553 0.911278 0.00820097
516.903 0.912443 0.00833137
517.253 0.911016 0.00845044
517.603 0.906677 0.00842876
517.953 0.901147 0.00836218
518.303 0.901627 0.00816808
518.653 0.903187 0.00810816
519.003 0.900198 0.00815691
519.353 0.910536 0.00849704
519.703 0.900929 0.00863134
520.052 0.894743 0.00864576
520.402 0.898114 0.00861432
520.752 0.897795 0.00851421
521.102 0.900839 0.00866686
521.451 0.896037 0.00870527
521.801 0.897323 0.0086866
522.15 0.880928 0.00846424
522.5 0.883903 0.00846477
522.849 0.879322 0.00841628
523.199 0.882682 0.0083527
523.548 0.877392 0.00824757
523.897 0.882002 0.00836482
524.246 0.882873 0.00850825
524.596 0.883342 0.00863096
524.945 0.868056 0.00850607
525.294 0.87508 0.00853943
525.643 0.868711 0.00848934
525.992 0.86271 0.00844551
526.341 0.863033 0.00839442
526.69 0.864412 0.00846726
527.039 0.866605 0.00856061
527.388 0.857493 0.00857506
527.737 0.850783 0.00828156
528.086 0.853917 0.00799154
528.434 0.859544 0.0078711
528.783 0.869213 0.00813153
529.132 0.862788 0.00825563
529.48 0.859277 0.00834482
529.829 0.864055 0.00841409
530.177 0.866402 0.00851199
530.526 0.854877 0.00847597
530.874 0.857888 0.00840994
531.223 0.861972 0.00841776
531.571 0.863361 0.00849709
531.919 0.864372 0.00841851
532.268 0.857109 0.00812707
532.616 0.865763 0.00790689
532.964 0.870263 0.00780982
533.312 0.87567 0.0078381
533.66 0.881523 0.00789974
534.008 0.878669 0.00786899
534.356 0.885071 0.00790282
534.704 0.89517 0.00802001
535.052 0.893889 0.00812207
535.4 0.898465 0.00831495
535.748 0.896833 0.00850518
536.095 0.894201 0.00870787
536.443 0.899443 0.00874425
536.791 0.891598 0.00852188
537.139 0.893751 0.00833572
537.486 0.905419 0.00819591
537.834 0.906824 0.0081588
538.181 0.904704 0.00810248
538.529 0.915331 0.00819583
538.876 0.910353 0.00815233
539.223 0.919253 0.0083306
539.571 0.928655 0.00855222
539.918 0.917674 0.00847137
540.265 0.912691 0.00828178
540.613 0.916221 0.00815507
540.96 0.925023 0.00829561
541.307 0.91619 0.00827096
541.654 0.913323 0.00825595
542.001 0.92201 0.00832095
542.348 0.919262 0.00830698
542.695 0.915837 0.00830198
543.042 0.921471 0.00819967
543.388 0.92104 0.00809409
543.735 0.92169 0.00808569
544.082 0.92982 0.00810891
544.429 0.926792 0.00813297
544.775 0.939143 0.00836727
545.122 0.941638 0.00862679
545.469 0.926387 0.00869654
545.815 0.923446 0.00863248
546.162 0.92236 0.00855875
546.508 0.919763 0.00837121
546.854 0.913893 0.00803518
547.201 0.917822 0.00775761
547.547 0.929318 0.00778343
547.893 0.935115 0.00798297
548.24 0.943802 0.00844948
548.586 0.920606 0.00869204
548.932 0.927599 0.00885479
549.278 0.916889 0.00880977
549.624 0.924295 0.00879803
549.97 0.923202 0.00887511
550.316 0.921524 0.00904407
550.662 0.918704 0.00912314
551.008 0.901175 0.0085682
551.353 0.909126 0.00814612
551.699 0.909194 0.00796623
552.045 0.92168 0.00823674
552.391 0.912177 0.00836398
552.736 0.90235 0.00835679
553.082 0.901722 0.00836615
553.427 0.906836 0.00853812
553.773 0.90719 0.00882254
554.118 0.881152 0.00869555
554.464 0.888785 0.00850904
554.809 0.878748 0.00812483
555.154 0.888221 0.00805848
555.5 0.899087 0.00812601
555.845 0.894668 0.00842119
556.19 0.89914 0.00867127
556.535 0.897887 0.00885981
556.88 0.88544 0.00865631
557.225 0.882038 0.00860764
557.57 0.893365 0.00883178
557.915 0.889664 0.00905241
558.26 0.889465 0.00916295
558.605 0.882107 0.00909261
558.95 0.869077 0.00882619
559.295 0.865668 0.0083391
559.639 0.86664 0.00802974
559.984 0.865116 0.00771606
560.329 0.874733 0.00773016
560.673 0.889839 0.00782369
561.018 0.890315 0.00805544
561.362 0.889158 0.00826481
561.707 0.891194 0.00848169
562.051 0.879537 0.00832332
562.395 0.876855 0.00820084
562.74 0.890189 0.008099
563.084 0.890544 0.00800051
563.428 0.895284 0.00785428
563.772 0.896196 0.00789469
564.117 0.895665 0.00783464
564.461 0.897646 0.00781848
564.805 0.893328 0.0078676
565.149 0.898092 0.00785217
565.493 0.9061 0.00789919
565.836 0.909233 0.00776082
566.18 0.905883 0.0076333
566.524 0.900239 0.00709594
566.868 0.90994 0.00694279
567.212 0.915655 0.00684601
567.555 0.90357 0.00671474
567.899 0.909552 0.00642478
568.242 0.912383 0.00617201
568.586 0.904154 0.00574962
568.929 0.905521 0.0053859
569.273 0.916366 0.00512251
569.616 0.929029 0.00516505
569.96 0.92407 0.0050472
570.303 0.926954 0.00489799
570.646 0.929409 0.00484356
570.989 0.921042 0.00467238
571.333 0.940979 0.00478146
571.676 0.950274 0.00498461
572.019 0.94174 0.00536571
572.362 0.92351 0.00501362
572.705 0.917227 0.00463756
573.048 0.933328 0.00445281
573.391 0.931661 0.00430367
573.733 0.936924 0.00425585
574.076 0.939613 0.00421485
574.419 0.957679 0.00438487
574.762 0.955757 0.00461385
575.104 0.960459 0.00495105
575.447 0.929976 0.00480607
575.789 0.919839 0.00449282
576.132 0.940434 0.00429171
576.474 0.931946 0.00422449
576.817 0.92336 0.00388987
577.159 0.927147 0.0036854
577.501 0.949506 0.003759
577.844 0.965115 0.00405607
578.186 0.970832 0.00456303
578.528 0.943656 0.00468245
578.87 0.948953 0.00471607
579.212 0.929533 0.00451188
579.554 0.946043 0.00440634
579.896 0.938246 0.00441487
580.238 0.912724 0.00410339
580.58 0.916937 0.00361362
580.922 0.904578 0.00344945
581.264 0.904534 0.00344928
581.606 0.953257 0.00369687
581.947 0.955251 0.0039282
582.289 0.967643 0.00439241
582.631 0.958865 0.00484995
582.972 0.945318 0.0051385
583.314 0.934708 0.00505325
583.655 0.914686 0.00483237
583.997 0.904393 0.00438615
584.338 0.916465 0.00410673
584.679 0.920581 0.00394906
585.021 0.939624 0.00409937
585.362 0.942816 0.00441224
585.703 0.94333 0.00474701
586.044 0.912615 0.0046865
586.385 0.903538 0.00441255
586.726 0.908597 0.00422618
587.067 0.932712 0.00444994
587.408 0.927222 0.00469122
587.749 0.930907 0.0049234
588.09 0.924667 0.0051114
588.431 0.934416 0.00544435
588.772 0.912449 0.00559532
589.113 0.902123 0.00546751
589.453 0.90331 0.00544142
589.794 0.916634 0.00566912
590.134 0.915267 0.00596716
590.475 0.907694 0.00608054
590.815 0.891199 0.00596929
591.156 0.901819 0.00601329
591.496 0.870141 0.00572667
591.837 0.864196 0.0049097
592.177 0.873335 0.0044835
592.517 0.896051 0.00434799
592.857 0.913705 0.00462922
593.198 0.918096 0.00493716
593.538 0.917158 0.00544363
593.878 0.899198 0.0055623
594.218 0.880777 0.00532745
594.558 0.896372 0.00517465
594.898 0.907128 0.00535221
595.237 0.918182 0.00571857
595.577 0.917394 0.00608535
595.917 0.907494 0.00635471
596.257 0.89015 0.00602998
596.596 0.893659 0.00589
596.936 0.915334 0.00586208
597.276 0.910479 0.00607505
597.615 0.896448 0.00592121
597.955 0.876727 0.00515009
598.294 0.902909 0.00490347
598.633 0.916166 0.00495571
598.973 0.916017 0.00514209
599.312 0.910132 0.00510991
599.651 0.922092 0.00518415
599.991 0.919774 0.00529072
600.33 0.924699 0.00538683
600.669 0.922293 0.00553401
601.008 0.933108 0.00575878
601.347 0.921313 0.00591727
601.686 0.917871 0.00573371
602.025 0.925431 0.00579569
602.364 0.917309 0.00548272
602.702 0.927075 0.00543275
603.041 0.936714 0.00549709
603.38 0.946078 0.00578875
603.719 0.949422 0.00606314
604.057 0.933909 0.0061824
604.396 0.931142 0.00616348
604.734 0.913985 0.00583214
605.073 0.937367 0.00546414
605.411 0.941145 0.00552828
605.75 0.95703 0.00577828
606.088 0.945256 0.00604322
606.426 0.940607 0.00588056
606.764 0.93982 0.0057973
607.103 0.960681 0.00604703
607.441 0.947804 0.00621367
607.779 0.948712 0.00636736
608.117 0.952508 0.00633643
608.455 0.957169 0.00662134
608.793 0.938634 0.00662014
609.131 0.929669 0.00614664
609.469 0.954537 0.00607801
609.806 0.960094 0.00617765
610.144 0.9621 0.00666974
610.482 0.94923 0.00669381
610.819 0.959718 0.00671595
611.157 0.952691 0.00672653
611.495 0.959865 0.00698844
611.832 0.951949 0.00698036
612.17 0.947113 0.00691196
612.507 0.952717 0.00685496
612.844 0.952509 0.00692621
613.182 0.957291 0.00695963
613.519 0.950572 0.00689245
613.856 0.954561 0.0068889
614.193 0.943788 0.00676353
614.53 0.948364 0.00663865
614.867 0.962997 0.00668243
615.205 0.96421 0.00702146
615.541 0.96311 0.00727105
615.878 0.952794 0.00753907
616.215 0.951484 0.00745698
616.552 0.95257 0.00753747
616.889 0.944753 0.00733414
617.226 0.950358 0.00728042
617.562 0.968067 0.00758152
617.899 0.961623 0.00801258
618.235 0.961969 0.00842693
618.572 0.947825 0.00867464
618.908 0.937633 0.00832849
619.245 0.940269 0.00799981
619.581 0.949077 0.00789629
619.918 0.981505 0.00869715
620.254 0.970194 0.00975439
620.59 0.937479 0.00973287
620.926 0.922736 0.00900328
621.262 0.929162 0.00853278
621.599 0.945938 0.0086486
621.935 0.925662 0.00844772
622.271 0.929586 0.00814819
622.606 0.930578 0.00797639
622.942 0.940357 0.00821697
623.278 0.930415 0.00841166
623.614 0.912769 0.00793993
623.95 0.928608 0.00797647
624.285 0.924345 0.00810648
624.621 0.936694 0.00860378
624.957 0.927824 0.00882929
625.292 0.928342 0.00909881
625.628 0.92667 0.00936566
625.963 0.910134 0.00934334
626.299 0.909723 0.0091489
626.634 0.910236 0.0090079
626.969 0.928219 0.00926469
627.304 0.930805 0.0100565
627.64 0.921507 0.0107327
627.975 0.887477 0.0103219
628.31 0.88667 0.00975235
628.645 0.913925 0.00967462
628.98 0.916157 0.00989929
629.315 0.918862 0.0101039
629.65 0.909824 0.0101343
629.985 0.906172 0.0100855
630.319 0.909115 0.0105436
630.654 0.892018 0.010563
630.989 0.906679 0.0105973
631.323 0.899785 0.0107398
631.658 0.922514 0.0113178
631.993 0.907494 0.0117113
632.327 0.901908 0.0117197
632.662 0.900551 0.0116475
632.996 0.900924 0.0113915
633.33 0.893538 0.0111768
633.665 0.914945 0.011706
633.999 0.902831 0.0119815
634.333 0.905891 0.0119993
634.667 0.90549 0.0120382
635.001 0.900543 0.0117127
635.335 0.894194 0.0112272
635.669 0.900029 0.0108458
636.003 0.909767 0.0110562
636.337 0.91823 0.0116627
636.671 0.930726 0.0123551
637.005 0.915482 0.0125863
637.339 0.913587 0.0125177
637.672 0.899845 0.0119696
638.006 0.91176 0.0117392
638.339 0.920848 0.0119696
638.673 0.919276 0.0123401
639.006 0.919035 0.0127261
639.34 0.913785 0.0126827
639.673 0.914136 0.0128661
640.007 0.918227 0.0128625
640.34 0.926916 0.0131486
640.673 0.916468 0.0131739
641.006 0.928007 0.0134515
641.34 0.914097 0.0134957
641.673 0.921134 0.013871
642.006 0.930228 0.0141795
642.339 0.922493 0.0138707
642.672 0.934003 0.0138712
643.004 0.920269 0.0138474
643.337 0.941442 0.0144569
643.67 0.918973 0.0142795
644.003 0.932807 0.0142456
644.336 0.928791 0.0141553
644.668 0.915767 0.0140305
645.001 0.939048 0.0144534
645.333 0.95118 0.0149042
645.666 0.939531 0.0151183
645.998 0.933746 0.0154157
646.331 0.942854 0.0157262
646.663 0.941802 0.0155557
646.995 0.932852 0.0145375
647.327 0.918803 0.0132494
647.66 0.93873 0.0126594
647.992 0.931071 0.0124151
648.324 0.952859 0.0125131
648.656 0.946128 0.0126422
648.988 0.953851 0.0131991
649.32 0.9771 0.0142899
649.652 0.959705 0.0148265
649.983 0.937207 0.0149672
650.315 0.962714 0.0152672
650.647 0.937461 0.0147201
650.979 0.937106 0.014046
651.31 0.935783 0.0134962
651.642 0.948322 0.0132813
651.973 0.954066 0.0133126
652.305 0.953146 0.0132556
652.636 0.965806 0.0135283
652.967 0.954243 0.0137509
653.299 0.951791 0.0140534
653.63 0.941365 0.0138182
653.961 0.921622 0.0127012
654.292 0.833239 0.0092696
654.623 0.730909 0.00314677
654.955 0.89777 0.00342349
655.286 0.897715 0.00342328
655.616 0.897659 0.00342307
655.947 0.897603 0.00342285
656.278 0.897545 0.00342263
656.609 0.982924 0.00374821
656.94 1.02487 0.00506455
657.27 1.0066 0.00588442
657.601 1.0086 0.00679375
657.932 1.02249 0.00818175
658.262 1.02305 0.00996937
658.593 1.00097 0.0118291
658.923 0.981066 0.0136932
659.254 0.97647 0.0150904
659.584 0.950765 0.0158097
659.914 0.952478 0.0165705
660.244 0.960056 0.0170517
660.575 0.942718 0.0167735
660.905 0.946832 0.0168351
661.235 0.93867 0.0165277
661.565 0.934469 0.0163721
661.895 0.932593 0.0162623
662.225 0.941162 0.0165941
662.555 0.929843 0.016723
662.884 0.927465 0.016515
663.214 0.930464 0.0163135
663.544 0.93807 0.0162096
663.873 0.923098 0.0158415
664.203 0.932851 0.0157515
664.533 0.931327 0.0153124
664.862 0.929079 0.0151875
665.192 0.929095 0.0156245
665.521 0.946278 0.0166244
665.85 0.935651 0.0170218
666.18 0.932441 0.0176926
666.509 0.917928 0.0174501
666.838 0.904601 0.0169134
667.167 0.914432 0.0167866
667.496 0.932743 0.017246
667.825 0.923572 0.0172474
668.154 0.928971 0.0172689
668.483 0.914649 0.0170189
668.812 0.921312 0.0167625
669.141 0.928016 0.0166555
669.47 0.921363 0.0163914
669.798 0.93306 0.0166639
670.127 0.903764 0.0164156
670.456 0.877234 0.0152583
670.784 0.875604 0.0136737
671.113 0.890499 0.012658
671.441 0.901116 0.0121672
671.77 0.917532 0.0124814
672.098 0.909365 0.0129146
672.426 0.935014 0.0145592
672.755 0.910011 0.0152718
673.083 0.912064 0.0155052
673.411 0.89711 0.0153469
673.739 0.900825 0.0156036
674.067 0.911252 0.0165225
674.395 0.896998 0.0163909
674.723 0.8889 0.0158919
675.051 0.901732 0.0157747
675.379 0.882833 0.0155956
675.706 0.90575 0.0159705
676.034 0.906371 0.0163364
676.362 0.890597 0.0162717
676.689 0.878523 0.0151807
677.017 0.899449 0.0143518
677.344 0.895613 0.0137571
677.672 0.914585 0.0141404
677.999 0.884892 0.0140783
678.327 0.891744 0.013851
678.654 0.902755 0.0133298
678.981 0.903383 0.0129333
679.308 0.906492 0.0130588
679.636 0.924867 0.013807
679.963 0.928005 0.0145227
680.29 0.889703 0.0142585
680.617 0.904116 0.0141059
680.944 0.91901 0.0140107
681.271 0.919177 0.0144157
681.597 0.922231 0.0154161
681.924 0.916146 0.0163647
682.251 0.894652 0.016108
682.578 0.897619 0.0152868
682.904 0.888836 0.0141942
683.231 0.906446 0.013764
683.557 0.889794 0.0133316
683.884 0.898533 0.0130147
684.21 0.903093 0.0127422
684.536 0.89603 0.0122774
684.863 0.918192 0.0122416
685.189 0.92234 0.0124762
685.515 0.934293 0.0132365
685.841 0.914413 0.0135237
686.167 0.898151 0.0134163
686.493 0.937225 0.0135412
686.819 0.931947 0.0135797
687.145 0.92249 0.0141005
687.471 0.920412 0.0151463
687.797 0.910011 0.0155657
688.123 0.910165 0.0154723
688.448 0.920706 0.0150511
688.774 0.913522 0.0145418
689.1 0.93374 0.0149507
689.425 0.930652 0.0155522
689.751 0.928022 0.0157814
690.076 0.923528 0.0148665
690.402 0.915184 0.0138267
690.727 0.909547 0.0133585
691.052 0.933896 0.013891
691.377 0.923373 0.0142272
691.703 0.933684 0.0146686
692.028 0.932554 0.014668
692.353 0.928714 0.0143283
692.678 0.936617 0.0144998
693.003 0.971998 0.0153327
693.328 0.947901 0.0162593
693.652 0.934757 0.0168751
693.977 0.910184 0.016254
694.302 0.924235 0.0154437
694.627 0.935374 0.0153193
694.951 0.946894 0.0159676
695.276 0.959067 0.0176166
695.6 0.933411 0.0176716
695.925 0.907676 0.0152944
696.249 0.93068 0.0136559
696.574 0.950602 0.0130797
696.898 0.96552 0.013782
697.222 0.951882 0.0144643
697.546 0.946068 0.0150002
697.871 0.939991 0.0152669
698.195 0.950055 0.0154609
698.519 0.943839 0.0158002
698.843 0.962783 0.0164147
699.167 0.958785 0.0169962
699.491 0.949892 0.0175614
699.814 0.950086 0.0177052
700.138 0.960916 0.0178602
700.462 0.955047 0.0181
700.786 0.907791 0.0174122
701.109 0.936091 0.0172457
701.433 0.950439 0.0167755
701.756 0.951112 0.0161824
702.08 0.9515 0.0161871
702.403 0.9646 0.0166301
702.726 0.948803 0.0171933
703.05 0.951809 0.0176408
703.373 0.929983 0.0176407
703.696 0.944179 0.0177898
704.019 0.947771 0.0184455
704.342 0.948581 0.0191265
704.665 0.956254 0.0199965
704.988 0.941619 0.0197132
705.311 0.90805 0.018169
705.634 0.89954 0.0162364
705.957 0.922087 0.0148884
706.28 0.929851 0.0138503
706.602 0.949642 0.0138517
706.925 0.959976 0.0142198
707.247 0.959666 0.014784
707.57 0.938713 0.0151984
707.892 0.960378 0.0158973
708.215 0.965677 0.0167201
708.537 0.927965 0.0167938
708.859 0.945771 0.0170511
709.182 0.936438 0.0167911
709.504 0.93677 0.0163521
709.826 0.945106 0.0162185
710.148 0.93972 0.0162375
710.47 0.937665 0.0166807
710.792 0.951308 0.0174225
711.114 0.948079 0.017976
711.436 0.94406 0.0183369
711.758 0.931412 0.0179189
712.079 0.928146 0.0176831
712.401 0.908752 0.0166339
712.723 0.92104 0.0161381
713.044 0.90573 0.0150773
713.366 0.935792 0.0151548
713.687 0.943539 0.0153411
714.009 0.934936 0.0156853
714.33 0.94148 0.016093
714.652 0.935894 0.0165012
714.973 0.932075 0.0170381
715.294 0.933882 0.0179317
715.615 0.942309 0.0191643
715.936 0.916536 0.0191776
716.257 0.918625 0.0193842
716.578 0.940313 0.0197434
716.899 0.935496 0.0192539
717.22 0.921217 0.0178737
717.541 0.907582 0.0172654
717.862 0.917113 0.0172976
718.182 0.892138 0.0170268
718.503 0.923776 0.0169495
718.824 0.91241 0.0170848
719.144 0.917844 0.0174096
719.465 0.908499 0.0177163
719.785 0.882084 0.0170967
720.105 0.901083 0.0170529
720.426 0.902841 0.0168578
720.746 0.913863 0.0172481
721.066 0.900896 0.0171562
721.386 0.879317 0.0171231
721.706 0.909205 0.017918
722.026 0.913829 0.0184402
722.346 0.908806 0.0185424
722.666 0.894454 0.0181547
722.986 0.891365 0.0176738
723.306 0.892968 0.0178278
723.626 0.886488 0.0181152
723.946 0.885292 0.0180668
724.265 0.867665 0.0169298
724.585 0.874058 0.0160961
724.904 0.890758 0.0161284
725.224 0.889403 0.0161592
725.543 0.885084 0.0161165
725.863 0.882679 0.0162488
726.182 0.895539 0.0170312
726.501 0.888551 0.0172319
726.82 0.886291 0.0173233
727.14 0.867655 0.0164763
727.459 0.868425 0.0159865
727.778 0.860139 0.0158155
728.097 0.899404 0.0163937
728.416 0.872939 0.0159681
728.734 0.881483 0.015536
729.053 0.889097 0.0154499
729.372 0.877461 0.0153168
729.691 0.864681 0.0148217
730.009 0.872814 0.0141754
730.328 0.878557 0.0138034
730.647 0.897512 0.0139675
730.965 0.905725 0.0145228
731.283 0.905215 0.0150642
731.602 0.870323 0.014943
731.92 0.887514 0.0148217
732.238 0.868446 0.0143085
732.557 0.900016 0.0144328
732.875 0.882066 0.0139418
733.193 0.87788 0.0130793
733.511 0.887558 0.0128507
733.829 0.900142 0.0133296
734.147 0.91604 0.0143312
734.465 0.898978 0.0148429
734.782 0.904869 0.0148779
735.1 0.87492 0.0142198
735.418 0.893599 0.014359
735.735 0.909127 0.0145268
736.053 0.89955 0.0142899
736.371 0.910134 0.0145223
736.688 0.902128 0.0149852
737.005 0.926283 0.0161094
737.323 0.899656 0.0164834
737.64 0.888502 0.0163996
737.957 0.883068 0.0155008
738.274 0.87714 0.0141793
738.592 0.915592 0.0141341
738.909 0.916432 0.0144968
739.226 0.909389 0.0157288
739.543 0.918257 0.0170367
739.86 0.910849 0.0179543
740.176 0.91249 0.0184371
740.493 0.90895 0.0189569
740.81 0.87634 0.0186724
741.127 0.896438 0.0186858
741.443 0.892564 0.0176669
741.76 0.905182 0.0172018
742.076 0.903236 0.0173354
742.393 0.928101 0.018515
742.709 0.920151 0.019456
743.025 0.934389 0.0199672
743.342 0.897089 0.0193848
743.658 0.907563 0.0191224
743.974 0.905497 0.0185724
744.29 0.928875 0.0187915
744.606 0.908682 0.0187847
744.922 0.902662 0.0187559
745.238 0.901214 0.0187978
745.554 0.903306 0.0192749
745.87 0.921857 0.019677
746.186 0.907868 0.0187226
746.501 0.920076 0.0181547
746.817 0.910325 0.0183458
747.132 0.933327 0.0199394
747.448 0.932004 0.0207081
747.763 0.8798 0.0198193
748.079 0.895652 0.0191649
748.394 0.931465 0.0182197
748.71 0.916925 0.0168292
749.025 0.91235 0.0158052
749.34 0.930349 0.0157528
749.655 0.963756 0.0163839
749.97 0.946495 0.0168211
750.285 0.919645 0.016632
750.6 0.932182 0.0163871
750.915 0.941572 0.0160601
751.23 0.933905 0.0163096
751.545 0.956977 0.0171882
751.859 0.93792 0.0176572
752.174 0.921755 0.0177088
752.489 0.920921 0.0168096
752.803 0.925754 0.015842
753.118 0.926416 0.0157287
753.432 0.928457 0.0162742
753.747 0.944642 0.017024
754.061 0.924591 0.0162715
754.375 0.908849 0.0154572
754.689 0.930885 0.0151566
755.004 0.934907 0.0151648
755.318 0.933552 0.0148235
755.632 0.925929 0.0140428
755.946 0.953015 0.0139892
756.26 0.925511 0.0131696
756.573 0.929697 0.0126288
756.887 0.941736 0.0123234
757.201 0.943962 0.0125998
757.515 0.95972 0.0139166
757.828 0.960276 0.0149296
758.142 0.93427 0.0146773
758.455 0.930073 0.0136002
758.769 0.945497 0.0129859
759.082 0.935081 0.0125629
759.396 0.930582 0.0123442
759.709 0.938093 0.0122978
760.022 0.94684 0.0124641
760.335 0.961744 0.013222
760.648 0.953419 0.0141494
760.962 0.959094 0.0152327
761.275 0.938616 0.0158157
761.587 0.947177 0.0160945
761.9 0.949732 0.016157
762.213 0.938748 0.0155387
762.526 0.937358 0.014967
762.839 0.937205 0.014906
763.151 0.920485 0.0143457
763.464 0.920488 0.0135685
763.776 0.923163 0.0126218
764.089 0.935019 0.0124343
764.401 0.94368 0.0129355
764.714 0.95295 0.0137634
765.026 0.943652 0.0146187
765.338 0.939891 0.0155345
765.65 0.960142 0.0168994
765.962 0.941023 0.017508
766.275 0.921385 0.0179441
766.587 0.916226 0.0179529
766.898 0.911279 0.0173297
767.21 0.912055 0.0163123
767.522 0.906696 0.0150905
767.834 0.926773 0.0146978
768.146 0.913848 0.0147004
768.457 0.946989 0.015879
768.769 0.93662 0.0166326
769.08 0.915306 0.0165166
769.392 0.903369 0.0158152
769.703 0.918479 0.0151217
770.015 0.917454 0.0145366
770.326 0.931737 0.0146778
770.637 0.935756 0.0152414
770.948 0.949343 0.0164724
771.26 0.916458 0.0172013
771.571 0.913425 0.017361
771.882 0.892551 0.0167445
772.193 0.929579 0.0172614
772.504 0.922517 0.0176261
772.814 0.918973 0.0179432
773.125 0.920058 0.0183254
773.436 0.908783 0.0187359
773.747 0.887309 0.01893
774.057 0.902545 0.0195002
774.368 0.916205 0.0199563
774.678 0.9018 0.0203149
774.989 0.886201 0.0204545
775.299 0.911174 0.0214387
775.609 0.890277 0.0209551
775.919 0.897631 0.0208689
776.23 0.906299 0.0209948
776.54 0.865716 0.0203456
776.85 0.894352 0.0208967
777.16 0.854163 0.0198152
777.47 0.872336 0.0189845
777.78 0.883235 0.0182608
778.089 0.879929 0.0173105
778.399 0.877811 0.0171801
778.709 0.900547 0.018204
779.019 0.914033 0.0195445
779.328 0.877725 0.0201886
779.638 0.865991 0.0197881
779.947 0.854683 0.0179203
780.257 0.869077 0.0164846
780.566 0.863663 0.0158181
780.875 0.873883 0.0162751
781.185 0.883511 0.0174023
781.494 0.877353 0.017628
781.803 0.893921 0.0182692
782.112 0.873264 0.0183211
782.421 0.894078 0.0182946
782.73 0.84761 0.0173438
783.039 0.880526 0.0179016
783.348 0.898715 0.0195291
783.656 0.867843 0.0202451
783.965 0.852169 0.0203622
784.274 0.855504 0.019627
784.582 0.858545 0.0190511
784.891 0.856341 0.0189145
785.199 0.876983 0.0194311
785.508 0.869217 0.0198776
785.816 0.868971 0.0202362
786.124 0.869163 0.0197917
786.432 0.869437 0.0188227
786.741 0.857216 0.0179756
787.049 0.864646 0.0179467
787.357 0.886423 0.0184494
787.665 0.852882 0.017988
787.973 0.881621 0.0184549
788.281 0.881691 0.0188398
788.588 0.85914 0.0195875
788.896 0.862368 0.0208447
789.204 0.870652 0.0217955
789.511 0.862493 0.0217519
789.819 0.872275 0.0222736
790.126 0.885102 0.0224462
790.434 0.863378 0.0221639
790.741 0.882924 0.0223568
791.049 0.846626 0.0218693
791.356 0.851054 0.0226381
791.663 0.867531 0.0232686
791.97 0.861677 0.0232502
792.277 0.874644 0.0229893
792.584 0.838079 0.021317
792.891 0.826899 0.0187283
793.198 0.847664 0.0176016
793.505 0.8496 0.0172768
793.812 0.860734 0.0178815
794.119 0.860936 0.0182948
794.425 0.876374 0.0190063
794.732 0.862061 0.0197097
795.038 0.89703 0.0222123
795.345 0.84955 0.0232455
795.651 0.852139 0.0245291
795.958 0.843056 0.0244476
796.264 0.812624 0.022398
796.57 0.873656 0.0223742
796.876 0.88564 0.0223337
797.183 0.885039 0.0227389
797.489 0.876759 0.0235612
797.795 0.865054 0.0236128
798.101 0.874432 0.0236355
798.406 0.851165 0.0234427
798.712 0.897779 0.0247873
799.018 0.865623 0.0247196
799.324 0.86419 0.0247639
799.629 0.863357 0.0248637
799.935 0.851508 0.0248756
800.24 0.889509 0.0259082
800.546 0.873141 0.0256775
800.851 0.847379 0.0255261
801.157 0.851622 0.0266861
801.462 0.878549 0.0273677
801.767 0.887409 0.0276362
802.072 0.857499 0.0261126
802.377 0.895489 0.0256785
802.682 0.886686 0.0251404
802.987 0.910825 0.026188
803.292 0.862034 0.0261282
803.597 0.877683 0.0265888
803.902 0.856809 0.0262046
804.207 0.869942 0.0262394
804.511 0.877368 0.0259473
804.816 0.852773 0.0240356
805.12 0.855097 0.0224886
805.425 0.871983 0.0213897
805.729 0.890159 0.0217808
806.034 0.901619 0.022769
806.338 0.905575 0.0241194
806.642 0.898129 0.0246317
806.946 0.867989 0.0239699
807.251 0.897442 0.0245972
807.555 0.877898 0.0239408
807.859 0.884079 0.0238425
808.162 0.920303 0.0250321
808.466 0.906197 0.0256849
808.77 0.904216 0.0263366
809.074 0.916145 0.0274163
809.378 0.89595 0.0271597
809.681 0.85179 0.0262734
809.985 0.932081 0.0279284
810.288 0.934934 0.0282831
810.592 0.879458 0.0272255
810.895 0.886403 0.0279819
811.198 0.916869 0.0297171
811.502 0.873272 0.0294238
811.805 0.876416 0.0302865
812.108 0.848484 0.0284432
812.411 0.889328 0.0282571
812.714 0.902576 0.0265239
813.017 0.904222 0.0251242
813.32 0.892942 0.0249299
813.623 0.915526 0.0260406
813.926 0.900412 0.0276954
814.228 0.929009 0.0296362
814.531 0.885895 0.0298683
814.833 0.840985 0.0288777
815.136 0.835092 0.0289512
815.438 0.887008 0.030178
815.741 0.884689 0.0288889
816.043 0.901705 0.0288107
816.345 0.884749 0.0283466
816.648 0.875289 0.0284243
816.95 0.886809 0.02905
817.252 0.889783 0.0297523
817.554 0.893869 0.0298843
817.856 0.858334 0.0299096
818.158 0.870009 0.0303739
818.46 0.912809 0.031901
818.761 0.915853 0.0318377
819.063 0.885241 0.0307577
819.365 0.864681 0.0295005
819.666 0.884626 0.0283467
819.968 0.90544 0.0277321
820.269 0.88738 0.0271575
820.571 0.89115 0.0279286
820.872 0.879071 0.0287877
821.173 0.869219 0.029763
821.475 0.89737 0.0314048
821.776 0.885948 0.0310427
822.077 0.858646 0.0303826
822.378 0.872529 0.030841
822.679 0.894634 0.0317404
822.98 0.873098 0.0310648
823.281 0.904022 0.0326353
823.581 0.915232 0.0325058
823.882 0.88593 0.0323904
824.183 0.914283 0.0325708
824.483 0.862616 0.0305122
824.784 0.835243 0.0287909
825.084 0.899987 0.0304216
825.385 0.929409 0.0313202
825.685 0.89022 0.031312
825.985 0.857015 0.0304598
826.286 0.874686 0.0303496
826.586 0.844705 0.0292399
826.886 0.901466 0.0302625
827.186 0.867608 0.0301246
827.486 0.915824 0.0319899
827.786 0.866505 0.0315908
828.086 0.873102 0.0313921
828.386 0.910362 0.0316361
828.685 0.899084 0.0312656
828.985 0.908348 0.0323653
829.285 0.916315 0.0327314
829.584 0.856065 0.0321482
829.884 0.890106 0.0332808
830.183 0.946753 0.0361127
830.482 0.844566 0.033736
830.782 0.85369 0.0340619
831.081 0.916215 0.0366228
831.38 0.849383 0.0341217
831.679 0.800201 0.0331942
831.978 0.913458 0.0355221
832.277 0.867975 0.0335105
832.576 0.851134 0.0325596
832.875 0.859602 0.0327013
833.174 0.852324 0.0323582
833.472 0.890673 0.0333284
833.771 0.922687 0.0343837
834.07 0.863113 0.0324648
834.368 0.869877 0.0329107
834.667 0.865202 0.0336889
834.965 0.902094 0.0349161
835.263 0.934434 0.0355844
835.562 0.869254 0.0343364
835.86 0.827268 0.0331878
836.158 0.840028 0.0338232
836.456 0.816997 0.034235
836.754 0.850024 0.0348224
837.052 0.877333 0.0365008
837.35 0.824188 0.034692
837.648 0.91288 0.0369951
837.946 0.865432 0.0363278
838.243 0.868948 0.0364119
838.541 0.86366 0.0353473
838.839 0.857967 0.0352822
839.136 0.885465 0.0357677
839.434 0.882811 0.0354969
839.731 0.870436 0.036196
840.028 0.870899 0.0353761
840.326 0.908786 0.0365917
840.623 0.870054 0.0357708
840.92 0.865222 0.0360147
841.217 0.863748 0.0369941
841.514 0.911113 0.0382073
841.811 0.834546 0.0353596
842.108 0.823116 0.0361489
842.405 0.90809 0.0382524
842.701 0.902657 0.0383136
842.998 0.846636 0.0359633
843.295 0.898528 0.037859
843.591 0.864313 0.0372124
843.888 0.834673 0.0361459
844.184 0.859638 0.036895
844.481 0.819507 0.0354327
844.777 0.818782 0.0355905
845.073 0.865895 0.036876
845.369 0.845211 0.0367984
845.665 0.87056 0.037892
845.962 0.85696 0.0368572
846.258 0.872734 0.0379152
846.553 0.888368 0.0383088
846.849 0.910232 0.0388442
847.145 0.859511 0.0365198
847.441 0.89434 0.0374759
847.737 0.860749 0.0364606
848.032 0.86668 0.0372849
848.328 0.881093 0.0377665
848.623 0.853398 0.0376645
848.919 0.832018 0.0363611
849.214 0.851439 0.0363634
849.509 0.817619 0.0361654
849.805 0.905985 0.0388334
850.1 0.923271 0.0400786
850.395 0.942155 0.0403523
850.69 0.889719 0.0394862
850.985 0.814734 0.0364448
851.28 0.830005 0.0366321
851.575 0.914273 0.0389162
851.869 0.850195 0.0373995
852.164 0.883454 0.0375561
852.459 0.829216 0.0353868
852.753 0.87705 0.0358869
853.048 0.827658 0.033053
853.342 0.83942 0.033056
853.637 0.890101 0.0346508
853.931 0.828121 0.0330641
854.225 0.881977 0.0339722
854.52 0.859248 0.0347811
854.814 0.855726 0.0348251
855.108 0.791333 0.0324026
855.402 0.815881 0.0335034
855.696 0.81582 0.0344611
855.99 0.92922 0.0373715
856.283 0.833085 0.034609
856.577 0.916368 0.0371276
856.871 0.822226 0.0348909
857.164 0.864656 0.0361689
857.458 0.923054 0.0386117
857.751 0.874064 0.0369214
858.045 0.863332 0.0362489
858.338 0.828494 0.0360901
858.632 0.84248 0.0355603
858.925 0.844709 0.0365418
859.218 0.879299 0.0371237
859.511 0.904292 0.0392234
859.804 0.873054 0.0381545
860.097 0.843989 0.0365202
860.39 0.877154 0.0383234
860.683 0.865972 0.0379171
860.976 0.878957 0.0385063
861.268 0.831589 0.0368755
861.561 0.857841 0.0385263
861.854 0.927939 0.0412633
862.146 0.85932 0.0382981
862.439 0.878783 0.0385198
862.731 0.801181 0.0358791
863.023 0.876274 0.0387383
863.316 0.867413 0.0378466
863.608 0.901101 0.0387761
863.9 0.902732 0.0388359
864.192 0.854541 0.0368889
864.484 0.84715 0.0376077
864.776 0.865136 0.038342
865.068 0.870657 0.0382261
865.36 0.828696 0.037196
865.651 0.889752 0.0395543
865.943 0.85381 0.038031
866.235 0.854239 0.0382333
866.526 0.859417 0.0393826
866.818 0.845781 0.0377584
867.109 0.855274 0.037737
867.4 0.885087 0.0391279
867.692 0.886842 0.0393806
867.983 0.810879 0.0372917
868.274 0.837837 0.038382
868.565 0.854523 0.0382679
868.856 0.880013 0.0390885
869.147 0.824308 0.0377286
869.438 0.891975 0.0391409
869.729 0.848452 0.0384025
870.02 0.92894 0.0417671
870.31 0.820373 0.0380263
870.601 0.804195 0.037107
870.892 0.831073 0.0373347
871.182 0.84438 0.037474
871.473 0.845537 0.038315
871.763 0.851455 0.0375269
872.053 0.894677 0.0389207
872.343 0.821532 0.0372383
872.634 0.885043 0.0390395
872.924 0.845982 0.0374097
873.214 0.845302 0.03816
873.504 0.911797 0.0401645
873.794 0.896772 0.0408274
874.084 0.95974 0.0421145
874.373 0.858742 0.0388345
874.663 0.82426 0.0371458
874.953 0.870877 0.0394519
875.242 0.871273 0.0389295
875.532 0.917668 0.0396243
875.821 0.867199 0.0387587
876.111 0.873804 0.0387585
876.4 0.89231 0.0396567
876.689 0.865185 0.0387897
876.978 0.891007 0.0393789
877.268 0.854546 0.0386333
877.557 0.874381 0.03953
877.846 0.866511 0.0392199
878.134 0.875641 0.0397838
878.423 0.875803 0.0397911
878.712 0.875964 0.0397984
