178.41 0.520663 0.111616
178.791 0.52396 0.112323
179.172 0.527233 0.113025
179.553 0.30032 0.30032
179.934 0.645962 0.645962
180.316 0.621412 0.621412
180.697 0.516891 0.516891
181.078 0.876882 0.876882
181.459 0.221444 0.221444
181.84 0.683072 0.683072
182.221 0.661351 0.661351
182.602 0.174681 0.174681
182.983 -2.33328 -2.33328
183.364 0.918809 0.170091
183.744 0.187021 0.0484504
184.125 0.504829 0.0690511
184.506 0.686057 0.0659427
184.887 0.572865 0.0537339
185.268 0.601392 0.0473978
185.648 0.563553 0.0444156
186.029 0.593513 0.0434764
186.41 0.627397 0.0435315
186.791 0.66128 0.0429503
187.171 0.561065 0.0338391
187.552 0.447105 0.024577
187.932 0.451617 0.0251512
188.313 0.438776 0.0231545
188.694 0.497567 0.0246429
189.074 0.450258 0.0226009
189.455 0.435362 0.0216072
189.835 0.535623 0.0246431
190.216 0.460778 0.0222543
190.596 0.425372 0.0204631
190.977 0.467201 0.0212791
191.357 0.473288 0.0214805
191.737 0.461536 0.0209471
192.118 0.459958 0.0208087
192.498 0.464204 0.020256
192.878 0.464248 0.0204129
193.258 0.447627 0.0196982
193.639 0.430116 0.0190696
194.019 0.473844 0.0201919
194.399 0.429255 0.0190526
194.779 0.409018 0.0178527
195.159 0.465579 0.0195992
195.54 0.418733 0.0180301
195.92 0.428734 0.0182981
196.3 0.415756 0.017758
196.68 0.441635 0.0183936
197.06 0.426078 0.017959
197.44 0.406578 0.0173748
197.82 0.412437 0.0173621
198.2 0.393629 0.0169537
198.58 0.396671 0.0165699
198.959 0.3925 0.0164527
199.339 0.373826 0.0161262
199.719 0.362298 0.0155715
200.099 0.362139 0.0156055
200.479 0.360661 0.0155296
200.858 0.356909 0.0152209
201.238 0.34941 0.0148248
201.618 0.346724 0.0149335
201.998 0.335533 0.0143388
202.377 0.353235 0.0147119
202.757 0.320504 0.0138296
203.136 0.320029 0.0137297
203.516 0.323693 0.0136025
203.896 0.30218 0.0129808
204.275 0.285969 0.0123787
204.655 0.309006 0.0128921
205.034 0.293746 0.0124219
205.414 0.289628 0.0121801
205.793 0.281185 0.0118937
206.172 0.293551 0.0121635
206.552 0.277138 0.011617
206.931 0.282084 0.0115406
207.31 0.266484 0.0110961
207.69 0.263663 0.010949
208.069 0.264502 0.0108213
208.448 0.249568 0.010379
208.827 0.255289 0.0104369
209.207 0.246621 0.0102314
209.586 0.234799 0.00972196
209.965 0.23932 0.00978409
210.344 0.22964 0.00944437
210.723 0.231119 0.00935834
211.102 0.223085 0.00903521
211.481 0.229966 0.00912508
211.86 0.225511 0.0089463
212.239 0.21438 0.00863459
212.618 0.207746 0.00837706
212.997 0.207966 0.00824477
213.376 0.201887 0.00809436
213.755 0.211352 0.00816561
214.134 0.203667 0.0079072
214.513 0.202926 0.00776504
214.891 0.190187 0.00746718
215.27 0.197081 0.0074584
215.649 0.187412 0.00721333
216.028 0.180995 0.00696634
216.406 0.187047 0.00700808
216.785 0.179213 0.00674813
217.164 0.179869 0.00669279
217.542 0.178412 0.00652586
217.921 0.177555 0.00642683
218.3 0.174733 0.00635298
218.678 0.169405 0.00615698
219.057 0.170626 0.0060691
219.435 0.170137 0.0059608
219.814 0.169673 0.00590881
220.192 0.163289 0.00570314
220.57 0.165965 0.00568227
220.949 0.162406 0.0055267
221.327 0.160745 0.00540695
221.705 0.155008 0.00525522
222.084 0.153166 0.00511056
222.462 0.153482 0.00505488
222.84 0.154051 0.00502244
223.218 0.151216 0.00485211
223.597 0.153591 0.00484065
223.975 0.14923 0.00468553
224.353 0.153464 0.00469935
224.731 0.150009 0.00457129
225.109 0.142241 0.00436144
225.487 0.146561 0.00436425
225.865 0.146613 0.00429826
226.243 0.146055 0.00423561
226.621 0.148348 0.00421251
226.999 0.145328 0.00408399
227.377 0.149719 0.00410499
227.755 0.145284 0.00399098
228.133 0.146261 0.00395351
228.511 0.148326 0.00393394
228.889 0.14608 0.0038294
229.266 0.146738 0.00380159
229.644 0.149832 0.00376582
230.022 0.146519 0.00367575
230.4 0.145667 0.00363051
230.777 0.145784 0.00359741
231.155 0.144577 0.00353592
231.533 0.147218 0.00351756
231.91 0.150552 0.00350901
232.288 0.147936 0.00344543
232.665 0.147135 0.00339185
233.043 0.14866 0.0033772
233.42 0.148489 0.00332963
233.798 0.152682 0.00335163
234.175 0.151555 0.00329574
234.553 0.151147 0.00325626
234.93 0.152671 0.00323985
235.307 0.153468 0.00322199
235.685 0.155117 0.00321281
236.062 0.152412 0.00314746
236.439 0.152367 0.00313144
236.816 0.155935 0.00312914
237.194 0.152854 0.00306528
237.571 0.155955 0.00306925
237.948 0.155729 0.00305082
238.325 0.154894 0.00300896
238.702 0.156206 0.00300383
239.079 0.155475 0.00296707
239.456 0.155726 0.00294962
239.833 0.158439 0.00295602
240.21 0.159837 0.0029416
240.587 0.159891 0.00292848
240.964 0.161041 0.00291501
241.341 0.159625 0.00287765
241.718 0.15963 0.00285046
242.095 0.161457 0.00286586
242.472 0.161387 0.00284252
242.849 0.160686 0.00281517
243.225 0.161327 0.0027962
243.602 0.16141 0.00278283
243.979 0.162782 0.00278497
244.356 0.163305 0.002778
244.732 0.16454 0.00276008
245.109 0.164432 0.00273985
245.486 0.164668 0.00273801
245.862 0.164948 0.0027268
246.239 0.165674 0.00270493
246.615 0.165444 0.00269816
246.992 0.165433 0.00267831
247.368 0.166926 0.00269035
247.745 0.167778 0.00267447
248.121 0.16787 0.00265696
248.497 0.167203 0.0026474
248.874 0.167147 0.00263092
249.25 0.166179 0.00260021
249.626 0.16981 0.00262411
250.003 0.167064 0.00258754
250.379 0.165962 0.00255387
250.755 0.168441 0.0025751
251.131 0.168559 0.00255792
251.507 0.169416 0.002561
251.884 0.169043 0.00254062
252.26 0.170026 0.00254864
252.636 0.170249 0.0025271
253.012 0.16919 0.00251005
253.388 0.170534 0.0025124
253.764 0.171689 0.00251059
254.14 0.171355 0.00250217
254.516 0.1736 0.00251508
254.892 0.171295 0.00248569
255.268 0.171753 0.00248637
255.643 0.170698 0.00246831
256.019 0.171985 0.00247577
256.395 0.172963 0.00247762
256.771 0.172871 0.00245889
257.147 0.173609 0.00246134
257.522 0.172631 0.00245051
257.898 0.17225 0.00244378
258.274 0.173254 0.00244455
258.649 0.173217 0.00244279
259.025 0.172843 0.00242675
259.4 0.173239 0.00242821
259.776 0.174414 0.00242891
260.151 0.175161 0.00244229
260.527 0.174316 0.00242554
260.902 0.174644 0.00242122
261.278 0.173737 0.00240982
261.653 0.174013 0.00241166
262.028 0.174769 0.00241922
262.404 0.175713 0.00241463
262.779 0.175557 0.00240751
263.154 0.173859 0.00239161
263.53 0.173331 0.00238146
263.905 0.174399 0.00239343
264.28 0.175217 0.00239779
264.655 0.174051 0.00238285
265.03 0.174321 0.00239206
265.405 0.174467 0.00238509
265.781 0.176434 0.00240134
266.156 0.176125 0.00239667
266.531 0.175234 0.00237798
266.906 0.176071 0.00239681
267.281 0.177321 0.00239341
267.655 0.176628 0.00239766
268.03 0.177059 0.00240192
268.405 0.176363 0.002394
268.78 0.177714 0.0024031
269.155 0.176804 0.0023916
269.53 0.178096 0.0024086
269.904 0.17791 0.00240463
270.279 0.179116 0.0024143
270.654 0.176961 0.00239291
271.029 0.17829 0.00240643
271.403 0.177421 0.00239377
271.778 0.178422 0.00240734
272.152 0.177053 0.00240036
272.527 0.176561 0.00239493
272.901 0.178076 0.00239577
273.276 0.175667 0.00237408
273.65 0.178716 0.00240212
274.025 0.17737 0.00238684
274.399 0.177743 0.0024008
274.774 0.178608 0.00240107
275.148 0.17812 0.00239021
275.522 0.177933 0.00239535
275.897 0.178401 0.0023972
276.271 0.177279 0.00239203
276.645 0.176912 0.00238263
277.019 0.177348 0.00237911
277.393 0.177736 0.00237527
277.768 0.178534 0.00239187
278.142 0.175996 0.00237242
278.516 0.176711 0.00238143
278.89 0.176679 0.00237651
279.264 0.176434 0.00238248
279.638 0.177252 0.00237644
280.012 0.177339 0.00238121
280.386 0.177675 0.00239593
280.76 0.176541 0.00237919
281.133 0.177103 0.00238734
281.507 0.177709 0.00238951
281.881 0.175696 0.0023705
282.255 0.175078 0.00236964
282.629 0.176637 0.00238708
283.002 0.176742 0.00238907
283.376 0.174663 0.00236848
283.75 0.175032 0.00237903
284.123 0.174181 0.00236497
284.497 0.174636 0.00237237
284.87 0.176646 0.00238842
285.244 0.17405 0.00236644
285.618 0.175609 0.00238312
285.991 0.174998 0.00238902
286.364 0.174364 0.00238379
286.738 0.172682 0.00237183
287.111 0.172985 0.00237492
287.485 0.171916 0.00236891
287.858 0.171533 0.0023751
288.231 0.171641 0.00237168
288.605 0.171703 0.00237861
288.978 0.172533 0.00237927
289.351 0.171772 0.00238636
289.724 0.170261 0.00237576
290.097 0.170579 0.00238082
290.47 0.169715 0.00238245
290.843 0.169515 0.00238021
291.217 0.168177 0.00237127
291.59 0.166991 0.00237927
291.963 0.169167 0.00238944
292.336 0.167747 0.00238699
292.708 0.16772 0.00239135
293.081 0.169886 0.00241781
293.454 0.166343 0.00238193
293.827 0.166229 0.00238819
294.2 0.165203 0.00239633
294.573 0.166664 0.00239922
294.945 0.164631 0.00239863
295.318 0.164794 0.0023989
295.691 0.162853 0.00239054
296.064 0.164171 0.00240459
296.436 0.163249 0.00239614
296.809 0.160594 0.00237019
297.181 0.160628 0.00238316
297.554 0.16152 0.00239342
297.926 0.161175 0.00239276
298.299 0.158277 0.00237368
298.671 0.158395 0.00236423
299.044 0.157789 0.00237263
299.416 0.157485 0.00237393
299.788 0.159266 0.00238361
300.161 0.156798 0.00237548
300.533 0.155684 0.00236372
300.905 0.157335 0.00236718
301.278 0.154745 0.00235254
301.65 0.15275 0.00233471
302.022 0.154066 0.00234986
302.394 0.152835 0.00234422
302.766 0.151871 0.00233353
303.138 0.150791 0.00233435
303.51 0.151173 0.00233122
303.882 0.153255 0.00234428
304.254 0.152428 0.00234253
304.626 0.14863 0.00230622
304.998 0.150979 0.00232368
305.37 0.148093 0.00231423
305.742 0.149695 0.00231799
306.114 0.149042 0.00231193
306.485 0.149419 0.00231537
306.857 0.149332 0.00231304
307.229 0.149607 0.00232326
307.601 0.148676 0.00231538
307.972 0.145321 0.00228676
308.344 0.146619 0.00229407
308.716 0.144292 0.00228518
309.087 0.14525 0.00228986
309.459 0.143434 0.00227896
309.83 0.144915 0.002291
310.202 0.142389 0.00226725
310.573 0.142977 0.00227325
310.945 0.142837 0.00227056
311.316 0.143159 0.002284
311.687 0.142975 0.00227337
312.059 0.143515 0.00228566
312.43 0.141637 0.00226653
312.801 0.14454 0.00229772
313.172 0.144539 0.00229912
313.544 0.14598 0.00231293
313.915 0.147923 0.00231348
314.286 0.151264 0.00234962
314.657 0.152698 0.0023555
315.028 0.158646 0.00240601
315.399 0.163232 0.00243972
315.77 0.165073 0.00244997
316.141 0.172131 0.00251221
316.512 0.178064 0.00255477
316.883 0.182534 0.00259186
317.254 0.187615 0.00262504
317.625 0.193325 0.0026811
317.996 0.195084 0.00267852
318.366 0.200284 0.00272072
318.737 0.204215 0.00274453
319.108 0.210639 0.00279698
319.478 0.213881 0.00281936
319.849 0.215206 0.00282674
320.22 0.218346 0.00285008
320.59 0.221034 0.00286594
320.961 0.222407 0.00287976
321.331 0.226724 0.00290796
321.702 0.229495 0.0029405
322.072 0.232642 0.00296954
322.443 0.234257 0.00297393
322.813 0.237574 0.00298935
323.184 0.240597 0.00301675
323.554 0.242419 0.00303777
323.924 0.246272 0.00306024
324.295 0.250044 0.00309854
324.665 0.249101 0.00309494
325.035 0.253452 0.00311778
325.405 0.255156 0.00314111
325.775 0.258332 0.00317596
326.145 0.257468 0.00316762
326.515 0.261292 0.00319694
326.886 0.261444 0.00321404
327.256 0.259805 0.003207
327.626 0.261983 0.00324033
327.995 0.256477 0.00321401
328.365 0.254934 0.0032088
328.735 0.249715 0.00319175
329.105 0.250596 0.00323201
329.475 0.250597 0.0032574
329.845 0.262622 0.00338287
330.215 0.267605 0.003402
330.584 0.26876 0.00337648
330.954 0.264634 0.00327128
331.324 0.256601 0.00313056
331.693 0.246268 0.00301425
332.063 0.239299 0.00293929
332.432 0.23361 0.00288916
332.802 0.227838 0.00287667
333.171 0.225652 0.0029004
333.541 0.227341 0.00296555
333.91 0.227789 0.00298356
334.28 0.225356 0.00298458
334.649 0.22308 0.00297808
335.018 0.22421 0.00299579
335.388 0.223439 0.00300028
335.757 0.22039 0.00298016
336.126 0.216802 0.00296643
336.495 0.216318 0.0029531
336.865 0.214848 0.00295523
337.234 0.213319 0.00296136
337.603 0.213063 0.00295354
337.972 0.213617 0.00296419
338.341 0.212809 0.00295373
338.71 0.21428 0.00296191
339.079 0.213225 0.00296532
339.448 0.214827 0.00297175
339.817 0.214809 0.00297896
340.186 0.217866 0.00300199
340.554 0.218143 0.00299996
340.923 0.220151 0.00302003
341.292 0.221032 0.00302892
341.661 0.22586 0.00306566
342.029 0.229521 0.00308506
342.398 0.230946 0.00309878
342.767 0.235302 0.00313989
343.135 0.243211 0.00318984
343.504 0.246496 0.00322132
343.872 0.251015 0.00323862
344.241 0.25656 0.00328186
344.609 0.26185 0.0033287
344.978 0.2664 0.0033541
345.346 0.270275 0.0033657
345.715 0.277279 0.00342222
346.083 0.283097 0.00346564
346.451 0.289128 0.0034968
346.82 0.295216 0.00354526
347.188 0.302711 0.0035832
347.556 0.305517 0.00361834
347.924 0.311975 0.00365195
348.292 0.317561 0.00369288
348.66 0.325822 0.00373731
349.028 0.327012 0.00374884
349.396 0.336076 0.00381541
349.764 0.342473 0.0038467
350.132 0.348571 0.0038788
350.5 0.354714 0.00391921
350.868 0.359092 0.00395049
351.236 0.361457 0.00396032
351.604 0.369721 0.00402091
351.972 0.375573 0.0040572
352.34 0.376461 0.0040679
352.707 0.385184 0.00411656
353.075 0.389229 0.00413921
353.443 0.391348 0.00415993
353.81 0.397411 0.00420245
354.178 0.40138 0.00422575
354.545 0.408967 0.00425506
354.913 0.410914 0.00428331
355.28 0.414956 0.00430492
355.648 0.41613 0.00430188
356.015 0.425154 0.00435589
356.383 0.427646 0.00436365
356.75 0.429198 0.00438271
357.117 0.432983 0.00440443
357.485 0.438938 0.00443773
357.852 0.444835 0.00449829
358.219 0.448087 0.00449229
358.586 0.447603 0.00448911
358.954 0.450584 0.00452297
359.321 0.450744 0.00451284
359.688 0.460583 0.00458428
360.055 0.461785 0.00458373
360.422 0.465257 0.0046076
360.789 0.463599 0.00460731
361.156 0.47002 0.00463502
361.523 0.470444 0.00465588
361.89 0.470865 0.00465232
362.256 0.475496 0.00465643
362.623 0.480481 0.0047274
362.99 0.479124 0.00469812
363.357 0.484787 0.0047451
363.724 0.487646 0.00476112
364.09 0.48547 0.00474091
364.457 0.4947 0.0048215
364.823 0.494379 0.00478898
365.19 0.493363 0.00479117
365.557 0.496839 0.00480056
365.923 0.504545 0.00485367
366.29 0.501457 0.00485401
366.656 0.50481 0.00485018
367.022 0.506316 0.00485134
367.389 0.508404 0.0048831
367.755 0.512207 0.00492466
368.121 0.515955 0.00494065
368.488 0.516924 0.0049386
368.854 0.516009 0.00495296
369.22 0.5182 0.00498686
369.586 0.524475 0.00503404
369.952 0.523378 0.00503971
370.318 0.521809 0.00503453
370.684 0.522221 0.0050512
371.051 0.529673 0.00508852
371.416 0.530046 0.00512177
371.782 0.529735 0.00510496
372.148 0.533414 0.0051332
372.514 0.534472 0.00514933
372.88 0.538086 0.00518189
373.246 0.536514 0.00516955
373.612 0.542755 0.0051971
373.977 0.541114 0.00517751
374.343 0.540727 0.00515931
374.709 0.544079 0.00515848
375.074 0.542707 0.0051674
375.44 0.548854 0.00521884
375.806 0.54607 0.00523432
376.171 0.546469 0.00520976
376.537 0.545206 0.00519898
376.902 0.54887 0.0052256
377.268 0.548507 0.00520243
377.633 0.551114 0.00520522
377.998 0.550305 0.00518148
378.364 0.552947 0.00517144
378.729 0.559813 0.00521221
379.094 0.564178 0.00525538
379.459 0.564398 0.00532683
379.825 0.556297 0.00526502
380.19 0.564173 0.00531039
380.555 0.562818 0.00534127
380.92 0.569304 0.00543909
381.285 0.563509 0.0054011
381.65 0.558308 0.00533428
382.015 0.561967 0.00535962
382.38 0.567729 0.00540796
382.745 0.566881 0.00543705
383.11 0.568844 0.00546118
383.474 0.56883 0.00544499
383.839 0.566001 0.00544122
384.204 0.572458 0.00548983
384.569 0.569444 0.00548207
384.933 0.571238 0.00550668
385.298 0.568901 0.00550396
385.663 0.568575 0.00548677
386.027 0.571711 0.00549051
386.392 0.567627 0.00544752
386.756 0.572598 0.00544381
387.121 0.575277 0.00545496
387.485 0.580041 0.00546067
387.849 0.578097 0.00542599
388.214 0.581529 0.00550246
388.578 0.585885 0.00555081
388.942 0.583599 0.00556818
389.307 0.580111 0.00554646
389.671 0.58473 0.005589
390.035 0.577289 0.00552802
390.399 0.58236 0.00553922
390.763 0.581856 0.00550418
391.127 0.582126 0.0054856
391.492 0.581512 0.0054073
391.856 0.581827 0.00534642
392.219 0.586035 0.00532569
392.583 0.593878 0.00539174
392.947 0.605518 0.0055618
393.311 0.595643 0.00556717
393.675 0.593082 0.00557193
394.039 0.594967 0.00561534
394.403 0.596514 0.00562543
394.766 0.593345 0.00562571
395.13 0.594638 0.00564674
395.494 0.594342 0.00564309
395.857 0.593503 0.00561447
396.221 0.594094 0.00559184
396.584 0.595987 0.00555879
396.948 0.593845 0.00548888
397.311 0.596154 0.00541855
397.675 0.595924 0.00538825
398.038 0.605095 0.00543218
398.401 0.607281 0.00551934
398.765 0.611722 0.00562515
399.128 0.615705 0.00572406
399.491 0.609765 0.00573972
399.854 0.609029 0.00574442
400.218 0.608069 0.00575659
400.581 0.609745 0.00578094
400.944 0.61396 0.00582929
401.307 0.616686 0.00591253
401.67 0.616617 0.00589502
402.033 0.612177 0.00589088
402.396 0.614648 0.00590604
402.759 0.621324 0.00594527
403.122 0.614962 0.0058859
403.485 0.618908 0.00590323
403.847 0.616583 0.0058431
404.21 0.622542 0.00584093
404.573 0.626255 0.00585193
404.936 0.622952 0.00580772
405.298 0.630017 0.00590468
405.661 0.627291 0.00597449
406.023 0.633025 0.00608684
406.386 0.627734 0.0060828
406.749 0.630383 0.00612351
407.111 0.631291 0.00612005
407.473 0.621249 0.00597404
407.836 0.628191 0.00599856
408.198 0.633006 0.00598484
408.561 0.632437 0.00599937
408.923 0.634566 0.00601833
409.285 0.63585 0.00603554
409.647 0.642869 0.00612194
410.009 0.640349 0.00616772
410.372 0.637505 0.00614504
410.734 0.640536 0.0061906
411.096 0.642568 0.00618953
411.458 0.646381 0.00620638
411.82 0.640739 0.00613869
412.182 0.640969 0.00609319
412.544 0.643929 0.00612091
412.906 0.642417 0.0061029
413.267 0.64994 0.00616048
413.629 0.650133 0.00620989
413.991 0.650126 0.00623904
414.353 0.65336 0.00627177
414.714 0.654869 0.00634514
415.076 0.648661 0.00629931
415.438 0.650015 0.00629902
415.799 0.651528 0.00628118
416.161 0.653168 0.00634422
416.522 0.654059 0.00637468
416.884 0.647974 0.0063489
417.245 0.654379 0.00640374
417.607 0.649311 0.00636316
417.968 0.649277 0.00635583
418.329 0.656417 0.00638269
418.691 0.651541 0.00635683
419.052 0.660415 0.00639551
419.413 0.651789 0.00629644
419.774 0.656828 0.00630107
420.135 0.646225 0.00611086
420.497 0.651209 0.00603758
420.858 0.659913 0.00599395
421.219 0.66168 0.00602224
421.58 0.674134 0.00615615
421.941 0.675282 0.00626957
422.302 0.665458 0.00630728
422.662 0.66956 0.00635391
423.023 0.660753 0.00633984
423.384 0.662029 0.00636723
423.745 0.657725 0.00630821
424.106 0.658814 0.00630987
424.466 0.669527 0.0063486
424.827 0.67574 0.00646603
425.187 0.674646 0.00654255
425.548 0.671437 0.00658864
425.909 0.666432 0.00659875
426.269 0.663334 0.00653697
426.63 0.660126 0.00647693
426.99 0.666316 0.00645382
427.35 0.669371 0.00649747
427.711 0.660422 0.00640814
428.071 0.659433 0.00634974
428.431 0.651148 0.00618918
428.792 0.651022 0.00597678
429.152 0.656477 0.00583678
429.512 0.668019 0.00587684
429.872 0.669668 0.00592492
430.232 0.679911 0.00607549
430.592 0.690475 0.00629624
430.952 0.683439 0.00644903
431.312 0.688851 0.00663559
431.672 0.673594 0.00663725
432.032 0.669485 0.00659677
432.392 0.659552 0.0064591
432.752 0.644866 0.00607258
433.111 0.657557 0.00599512
433.471 0.68595 0.006219
433.831 0.691285 0.00648765
434.19 0.674795 0.00641064
434.55 0.670948 0.00639118
434.91 0.675308 0.0064867
435.269 0.667861 0.00636199
435.629 0.667848 0.00634791
435.988 0.670099 0.00633138
436.348 0.684305 0.00649599
436.707 0.676573 0.00655747
437.066 0.674947 0.00654602
437.426 0.661828 0.00640515
437.785 0.669227 0.0064228
438.144 0.674001 0.00643764
438.503 0.683577 0.00656875
438.862 0.677521 0.00655171
439.222 0.678212 0.00660736
439.581 0.674959 0.00661978
439.94 0.662841 0.00646818
440.299 0.65282 0.00620272
440.658 0.661244 0.00608372
441.017 0.677386 0.00615952
441.376 0.68494 0.00626605
441.734 0.680994 0.00631216
442.093 0.671404 0.00626482
442.452 0.669747 0.00621215
442.811 0.670416 0.00618794
443.169 0.673939 0.00620185
443.528 0.685698 0.00638547
443.887 0.67377 0.00633374
444.245 0.678102 0.0063819
444.604 0.67881 0.00643838
444.962 0.672522 0.00643899
445.321 0.666081 0.00641406
445.679 0.670302 0.00640053
446.038 0.675723 0.00640289
446.396 0.684922 0.00653514
446.754 0.677991 0.00659096
447.112 0.680644 0.00663723
447.471 0.677543 0.00662969
447.829 0.670045 0.00662739
448.187 0.672702 0.00662871
448.545 0.670298 0.00659661
448.903 0.677687 0.00665005
449.261 0.678839 0.00667506
449.619 0.678111 0.00673466
449.977 0.683922 0.0067964
450.335 0.680345 0.00685287
450.693 0.678851 0.0068623
451.051 0.677385 0.0068413
451.409 0.673874 0.00685031
451.766 0.679817 0.00688922
452.124 0.683466 0.00700459
452.482 0.682328 0.00706809
452.839 0.683207 0.00715163
453.197 0.671877 0.0071046
453.555 0.67254 0.00713749
453.912 0.67457 0.00712948
454.27 0.665025 0.0069672
454.627 0.664916 0.00688431
454.984 0.679782 0.00697728
455.342 0.688286 0.00712843
455.699 0.679637 0.00716254
456.056 0.676206 0.00710203
456.414 0.678408 0.00704998
456.771 0.667254 0.00686394
457.128 0.667573 0.00683932
457.485 0.676838 0.00686273
457.842 0.678702 0.00691471
458.199 0.681656 0.00692172
458.556 0.674874 0.00682076
458.913 0.670161 0.00679718
459.27 0.675737 0.00678674
459.627 0.68156 0.00691508
459.984 0.673253 0.0068227
460.341 0.680761 0.00685181
460.697 0.68485 0.00695424
461.054 0.696068 0.00721749
461.411 0.683764 0.00730079
461.767 0.677621 0.00735362
462.124 0.671133 0.00730003
462.481 0.672559 0.00722038
462.837 0.667923 0.00708376
463.194 0.675005 0.00697216
463.55 0.67441 0.0070139
463.907 0.665246 0.00678321
464.263 0.664778 0.00668747
464.619 0.669701 0.00658512
464.976 0.667767 0.00648454
465.332 0.682861 0.0065558
465.688 0.698685 0.00683481
466.044 0.694797 0.00706048
466.4 0.690692 0.00714912
466.756 0.67829 0.00713112
467.112 0.673682 0.0071068
467.468 0.674754 0.00710194
467.824 0.687292 0.00724114
468.18 0.684515 0.00732089
468.536 0.688941 0.00735065
468.892 0.682945 0.00743535
469.248 0.681103 0.00745825
469.604 0.675344 0.00747132
469.959 0.674909 0.00746627
470.315 0.678335 0.00748116
470.671 0.678967 0.00747717
471.026 0.67593 0.00739747
471.382 0.671842 0.0073045
471.737 0.677327 0.00727526
472.093 0.669815 0.00712193
472.448 0.659785 0.00693272
472.804 0.673415 0.00694424
473.159 0.676058 0.00690073
473.514 0.681816 0.00696528
473.87 0.665699 0.0067844
474.225 0.658236 0.00655348
474.58 0.663861 0.00645165
474.935 0.684911 0.00660888
475.29 0.692499 0.00673499
475.645 0.680684 0.00668405
476 0.670108 0.00664047
476.355 0.678685 0.006743
476.71 0.668223 0.0066869
477.065 0.657602 0.00644031
477.42 0.662397 0.00637851
477.775 0.674593 0.00644471
478.13 0.677189 0.00651518
478.485 0.672675 0.00644639
478.839 0.663987 0.006328
479.194 0.65643 0.00613065
479.549 0.66359 0.0060884
479.903 0.677585 0.00616867
480.258 0.67557 0.00620796
480.612 0.665391 0.00608067
480.967 0.660347 0.00591752
481.321 0.675924 0.0060061
481.675 0.683106 0.00615425
482.03 0.680656 0.00625157
482.384 0.669369 0.00622555
482.738 0.666164 0.00615141
483.093 0.661395 0.00608459
483.447 0.655914 0.00592772
483.801 0.651855 0.00572485
484.155 0.661689 0.00569427
484.509 0.566882 0.00458947
484.863 0.53239 0.00303147
485.217 0.624985 0.00298517
485.571 0.73565 0.00332236
485.925 0.865336 0.00459009
486.279 0.767297 0.00501191
486.632 0.682453 0.00511227
486.986 0.688691 0.00555139
487.34 0.698182 0.00596686
487.694 0.676935 0.00603937
488.047 0.663771 0.00601418
488.401 0.669521 0.00604784
488.754 0.673305 0.00610341
489.108 0.67773 0.00622336
489.461 0.675893 0.00624502
489.815 0.671245 0.00628842
490.168 0.670582 0.00621598
490.522 0.66931 0.00618366
490.875 0.668411 0.0061888
491.228 0.674579 0.00626004
491.581 0.667427 0.00618405
491.935 0.674723 0.00624075
492.288 0.672122 0.00625437
492.641 0.674119 0.00621924
492.994 0.668909 0.00619052
493.347 0.665232 0.00608775
493.7 0.667461 0.00610261
494.053 0.672604 0.00614703
494.406 0.683016 0.00629462
494.759 0.677671 0.00639778
495.111 0.648841 0.00606473
495.464 0.642566 0.00577045
495.817 0.665355 0.00576581
496.169 0.687413 0.00602507
496.522 0.696861 0.00634018
496.875 0.679294 0.00646881
497.227 0.670931 0.0064924
497.58 0.661451 0.00643513
497.932 0.663085 0.00636743
498.285 0.654528 0.00626846
498.637 0.657419 0.00612583
498.989 0.662006 0.00607871
499.342 0.674421 0.00618094
499.694 0.681283 0.00634965
500.046 0.666366 0.00633368
500.398 0.656636 0.00613331
500.751 0.661551 0.00610007
501.103 0.663103 0.00608775
501.455 0.667774 0.00611853
501.807 0.668957 0.00613315
502.159 0.6687 0.00613528
502.511 0.663812 0.00609764
502.862 0.667644 0.00614155
503.214 0.674159 0.0062558
503.566 0.674508 0.00638425
503.918 0.6687 0.00642549
504.27 0.664745 0.00639968
504.621 0.667679 0.00642944
504.973 0.668112 0.00646781
505.324 0.663537 0.006404
505.676 0.656334 0.00625817
506.027 0.669707 0.00633867
506.379 0.684494 0.00662183
506.73 0.665996 0.00663133
507.082 0.653049 0.00651995
507.433 0.65395 0.00640361
507.784 0.664186 0.00639958
508.136 0.674531 0.00656175
508.487 0.678434 0.00664824
508.838 0.664584 0.00664173
509.189 0.662735 0.00662519
509.54 0.656984 0.00650821
509.891 0.66929 0.00664487
510.242 0.665087 0.00663136
510.593 0.66647 0.0066805
510.944 0.66564 0.00671365
511.295 0.67674 0.00691038
511.646 0.669968 0.00695186
511.996 0.652673 0.00679086
512.347 0.654414 0.00674876
512.698 0.665998 0.00683072
513.049 0.672299 0.00690524
513.399 0.655839 0.00685182
513.75 0.658478 0.00684507
514.1 0.675203 0.00706296
514.451 0.67684 0.00721857
514.801 0.656178 0.00707632
515.152 0.653311 0.00699844
515.502 0.656015 0.00690421
515.852 0.666978 0.00692429
516.202 0.663016 0.00689444
516.553 0.67506 0.00705848
516.903 0.671943 0.00714957
517.253 0.676819 0.00728371
517.603 0.655116 0.00716467
517.953 0.659013 0.00715103
518.303 0.650133 0.00693598
518.653 0.663285 0.00694838
519.003 0.673361 0.00705473
519.353 0.678432 0.00733453
519.703 0.674618 0.00746899
520.052 0.664039 0.00744819
520.402 0.662715 0.00739978
520.752 0.667043 0.00733893
521.102 0.681701 0.00753937
521.451 0.671777 0.00753757
521.801 0.667744 0.00749342
522.15 0.65068 0.00727447
522.5 0.666442 0.00735011
522.849 0.661656 0.00730066
523.199 0.657885 0.00721107
523.548 0.661338 0.00716045
523.897 0.669779 0.00728933
524.246 0.67641 0.00744725
524.596 0.671185 0.00752342
524.945 0.661388 0.00742477
525.294 0.665092 0.00744468
525.643 0.664482 0.00742468
525.992 0.665093 0.00741541
526.341 0.659454 0.00733786
526.69 0.667464 0.00744039
527.039 0.670248 0.00752856
527.388 0.661329 0.00753062
527.737 0.650453 0.0072412
528.086 0.649202 0.00696807
528.434 0.660923 0.00690203
528.783 0.684898 0.00721809
529.132 0.681428 0.00733683
529.48 0.671317 0.00737589
529.829 0.662511 0.00736772
530.177 0.671921 0.00749601
530.526 0.664172 0.00747099
530.874 0.661001 0.00738208
531.223 0.661058 0.00737173
531.571 0.666298 0.00746463
531.919 0.654951 0.00732806
532.268 0.642564 0.00703678
532.616 0.647684 0.00683893
532.964 0.658808 0.00679509
533.312 0.665293 0.00683199
533.66 0.663673 0.00685446
534.008 0.656779 0.00680324
534.356 0.659733 0.00682303
534.704 0.66838 0.00693001
535.052 0.669063 0.00702681
535.4 0.672815 0.00719543
535.748 0.667159 0.00733572
536.095 0.669985 0.00753749
536.443 0.655675 0.00746586
536.791 0.649328 0.00727249
537.139 0.647623 0.00709571
537.486 0.652786 0.00695918
537.834 0.663022 0.00697637
538.181 0.65818 0.00691094
538.529 0.663781 0.00697938
538.876 0.656695 0.00692403
539.223 0.669804 0.00711103
539.571 0.672945 0.00728017
539.918 0.657737 0.00717192
540.265 0.649462 0.00698616
540.613 0.65218 0.00688036
540.96 0.663788 0.00702727
541.307 0.658234 0.00701057
541.654 0.650119 0.00696548
542.001 0.66478 0.00706551
542.348 0.660075 0.00703915
542.695 0.661531 0.00705582
543.042 0.651212 0.00689314
543.388 0.653061 0.00681562
543.735 0.657836 0.00683099
544.082 0.657599 0.00681936
544.429 0.666182 0.00689532
544.775 0.672128 0.00707855
545.122 0.672448 0.00729015
545.469 0.655661 0.00731628
545.815 0.651722 0.00725205
546.162 0.657571 0.00722655
546.508 0.649535 0.0070348
546.854 0.637816 0.00671267
547.201 0.645862 0.00650756
547.547 0.664433 0.00658134
547.893 0.674145 0.00677811
548.24 0.685975 0.0072035
548.586 0.662102 0.00737135
548.932 0.660867 0.00747403
549.278 0.652964 0.00743449
549.624 0.658373 0.00742534
549.97 0.670042 0.00756096
550.316 0.662326 0.00766738
550.662 0.655297 0.00770506
551.008 0.628989 0.00715825
551.353 0.644398 0.00685829
551.699 0.660968 0.00679226
552.045 0.682991 0.00709043
552.391 0.663723 0.00713456
552.736 0.655524 0.00712272
553.082 0.649187 0.00709862
553.427 0.666484 0.00731969
553.773 0.665346 0.00755558
554.118 0.645983 0.00744529
554.464 0.6391 0.0072155
554.809 0.633712 0.00689966
555.154 0.6575 0.00693331
555.5 0.666389 0.00699584
555.845 0.669062 0.00728242
556.19 0.661586 0.0074381
556.535 0.656386 0.00757519
556.88 0.647686 0.00740347
557.225 0.653555 0.00740938
557.57 0.661124 0.00759758
557.915 0.665343 0.00782842
558.26 0.653088 0.00785158
558.605 0.652941 0.00782284
558.95 0.640376 0.00757638
559.295 0.633877 0.00713585
559.639 0.64407 0.00692227
559.984 0.648925 0.00668275
560.329 0.659639 0.00671281
560.673 0.659321 0.00673449
561.018 0.665542 0.00696474
561.362 0.667416 0.00716047
561.707 0.656386 0.00727906
562.051 0.645837 0.00713232
562.395 0.642212 0.00701833
562.74 0.649792 0.00691954
563.084 0.651459 0.0068428
563.428 0.649619 0.00669044
563.772 0.657816 0.00676373
564.117 0.653174 0.00669053
564.461 0.654691 0.0066771
564.805 0.655208 0.00673793
565.149 0.647593 0.00666777
565.493 0.65607 0.00672155
565.836 0.646173 0.0065425
566.18 0.643414 0.00643311
566.524 0.62639 0.00591907
566.868 0.651597 0.00587512
567.212 0.652348 0.00577845
567.555 0.647 0.00568199
567.899 0.634392 0.00536566
568.242 0.642736 0.0051803
568.586 0.633334 0.0048121
568.929 0.635401 0.00451162
569.273 0.643794 0.0042936
569.616 0.658706 0.00434917
569.96 0.644921 0.00421649
570.303 0.640492 0.00407142
570.646 0.64524 0.00403573
570.989 0.640052 0.00389498
571.333 0.655591 0.00399105
571.676 0.668595 0.00418108
572.019 0.655077 0.00447515
572.362 0.610547 0.00407652
572.705 0.619379 0.00381092
573.048 0.643197 0.00369649
573.391 0.643221 0.00357594
573.733 0.647753 0.00353866
574.076 0.649829 0.00350515
574.419 0.663813 0.00365064
574.762 0.657439 0.00382664
575.104 0.659154 0.00410158
575.447 0.612802 0.00390134
575.789 0.615449 0.00367502
576.132 0.641012 0.00354323
576.474 0.638907 0.00349782
576.817 0.629917 0.00321286
577.159 0.648695 0.00308269
577.501 0.683802 0.00318999
577.844 0.686471 0.0034208
578.186 0.662423 0.00376919
578.528 0.622357 0.00380265
578.87 0.627992 0.0038365
579.212 0.623523 0.00369532
579.554 0.647196 0.00364452
579.896 0.646269 0.00366409
580.238 0.615893 0.00337075
580.58 0.637967 0.0030142
580.922 0.689745 0.00301211
581.264 0.742126 0.00312432
581.606 0.690758 0.00314696
581.947 0.668393 0.00328587
582.289 0.655882 0.00361625
582.631 0.640092 0.00396259
582.972 0.622116 0.00416853
583.314 0.622436 0.00412363
583.655 0.620098 0.00397882
583.997 0.616756 0.00362211
584.338 0.638018 0.00342653
584.679 0.652229 0.00332402
585.021 0.676163 0.00347749
585.362 0.660572 0.00369323
585.703 0.652944 0.00394936
586.044 0.609147 0.00382883
586.385 0.620228 0.00365588
586.726 0.639096 0.00354442
587.067 0.670118 0.00377186
587.408 0.653008 0.00393689
587.749 0.645805 0.00410074
588.09 0.642212 0.00425977
588.431 0.651397 0.00454568
588.772 0.62958 0.00464778
589.113 0.628541 0.00456377
589.453 0.642891 0.00459053
589.794 0.660182 0.00481116
590.134 0.652571 0.00503857
590.475 0.638727 0.0051007
590.815 0.630565 0.00502111
591.156 0.648128 0.00509781
591.496 0.615296 0.00481559
591.837 0.609579 0.00412348
592.177 0.632438 0.00381536
592.517 0.66199 0.00373721
592.857 0.669217 0.00396176
593.198 0.659772 0.00418533
593.538 0.648282 0.00457666
593.878 0.621852 0.00462563
594.218 0.613835 0.00444746
594.558 0.640883 0.00437548
594.898 0.656616 0.0045536
595.237 0.666035 0.00487047
595.577 0.647081 0.00511078
595.917 0.632353 0.00530461
596.257 0.619088 0.00502876
596.596 0.629878 0.0049449
596.936 0.662311 0.00498646
597.276 0.648854 0.00512848
597.615 0.622785 0.00493534
597.955 0.610046 0.004296
598.294 0.647599 0.00415274
598.633 0.668251 0.00423241
598.973 0.652381 0.00433949
599.312 0.63249 0.00425979
599.651 0.649091 0.00434954
599.991 0.644134 0.00442753
600.33 0.644724 0.00449801
600.669 0.640571 0.004612
601.008 0.650199 0.00480715
601.347 0.636346 0.00491773
601.686 0.627298 0.00474004
602.025 0.636845 0.00480784
602.364 0.633652 0.00455684
602.702 0.64123 0.00451824
603.041 0.654352 0.00459446
603.38 0.653665 0.00481171
603.719 0.652293 0.00502562
604.057 0.633536 0.00509202
604.396 0.632622 0.00508031
604.734 0.615678 0.00478669
605.073 0.647123 0.00454005
605.411 0.6568 0.00461826
605.75 0.663225 0.00481023
606.088 0.637422 0.00496258
606.426 0.625807 0.00479661
606.764 0.638198 0.00477728
607.103 0.659252 0.00500931
607.441 0.642669 0.00511661
607.779 0.632306 0.00519823
608.117 0.638974 0.00518982
608.455 0.65232 0.00546615
608.793 0.62601 0.00540642
609.131 0.617141 0.00500801
609.469 0.644618 0.00499478
609.806 0.661254 0.00512684
610.144 0.650127 0.00548274
610.482 0.622554 0.00542096
610.819 0.636854 0.00547086
611.157 0.642658 0.00552466
611.495 0.641209 0.00571183
611.832 0.633614 0.00569487
612.17 0.626819 0.00562304
612.507 0.644299 0.00563724
612.844 0.64371 0.00569386
613.182 0.638863 0.00568549
613.519 0.637592 0.00564485
613.856 0.641384 0.00564686
614.193 0.631908 0.00553431
614.53 0.636582 0.00543901
614.867 0.64882 0.0054851
615.205 0.653019 0.00577836
615.541 0.642494 0.00593873
615.878 0.623537 0.00609887
616.215 0.631648 0.00607575
616.552 0.635622 0.00615711
616.889 0.633041 0.00600352
617.226 0.646924 0.00600674
617.562 0.656376 0.00624281
617.899 0.650431 0.00658977
618.235 0.641606 0.00688213
618.572 0.6328 0.00708795
618.908 0.626457 0.00680762
619.245 0.634205 0.00657005
619.581 0.650437 0.00653694
619.918 0.681911 0.00724928
620.254 0.650378 0.00798645
620.59 0.606612 0.00782917
620.926 0.612771 0.00733687
621.262 0.640874 0.00708649
621.599 0.660924 0.0072292
621.935 0.632616 0.00698366
622.271 0.64043 0.0067632
622.606 0.647691 0.00665447
622.942 0.663003 0.00689959
623.278 0.637982 0.00696542
623.614 0.620561 0.0065468
623.95 0.654565 0.00669686
624.285 0.653635 0.00681684
624.621 0.651367 0.0071747
624.957 0.637066 0.00731619
625.292 0.646115 0.00759077
625.628 0.641754 0.007794
625.963 0.624067 0.00773686
626.299 0.633278 0.00763329
626.634 0.637087 0.00753609
626.969 0.658207 0.00780166
627.304 0.663087 0.00848795
627.64 0.632619 0.00889266
627.975 0.618925 0.00861989
628.31 0.620153 0.00815601
628.645 0.656958 0.00820253
628.98 0.654829 0.00836918
629.315 0.657149 0.00854466
629.65 0.64262 0.00851711
629.985 0.643426 0.00849849
630.319 0.651791 0.00892761
630.654 0.63199 0.00889112
630.989 0.647744 0.00895716
631.323 0.64298 0.00907875
631.658 0.6541 0.00953009
631.993 0.655188 0.00995102
632.327 0.637646 0.00985431
632.662 0.637964 0.00980337
632.996 0.648065 0.00966153
633.33 0.648138 0.00951904
633.665 0.661782 0.00995559
633.999 0.649501 0.0101624
634.333 0.63723 0.0100639
634.667 0.637787 0.0101032
635.001 0.643575 0.00990161
635.335 0.64207 0.00951368
635.669 0.648205 0.0092043
636.003 0.665195 0.00945397
636.337 0.658982 0.00988006
636.671 0.658574 0.0103929
637.005 0.637427 0.0105024
637.339 0.637681 0.0104581
637.672 0.637387 0.0100739
638.006 0.651151 0.00992065
638.339 0.662546 0.010153
638.673 0.660762 0.0104621
639.006 0.653458 0.0107309
639.34 0.64196 0.0106302
639.673 0.647054 0.0108246
640.007 0.651362 0.0108333
640.34 0.656042 0.0110618
640.673 0.653066 0.0111208
641.006 0.647384 0.011235
641.34 0.642605 0.0113154
641.673 0.652103 0.0116709
642.006 0.646446 0.0118204
642.339 0.652544 0.011666
642.672 0.666818 0.0117204
643.004 0.65689 0.0116992
643.337 0.659484 0.0120999
643.67 0.646212 0.0119743
644.003 0.656537 0.0119513
644.336 0.650157 0.0118432
644.668 0.646768 0.0117912
645.001 0.660535 0.012122
645.333 0.65974 0.0124126
645.666 0.663823 0.0127079
645.998 0.645448 0.0128168
646.331 0.654282 0.0131004
646.663 0.649894 0.012922
646.995 0.629917 0.0119461
647.327 0.641424 0.0110703
647.66 0.655795 0.010581
647.992 0.657605 0.0104338
648.324 0.66086 0.0104209
648.656 0.653941 0.0105104
648.988 0.659036 0.0109713
649.32 0.662803 0.0117693
649.652 0.646957 0.0121733
649.983 0.625898 0.0122314
650.315 0.636925 0.0124181
650.647 0.627585 0.012044
650.979 0.648496 0.0116845
651.31 0.643995 0.0111961
651.642 0.657177 0.0110561
651.973 0.652858 0.0110124
652.305 0.655648 0.010994
652.636 0.650076 0.0110989
652.967 0.650023 0.0113492
653.299 0.635638 0.0114846
653.63 0.618904 0.0112043
653.961 0.61176 0.0103481
654.292 0.52434 0.00735331
654.623 0.413894 0.00236798
654.955 0.899771 0.0034273
655.286 0.899716 0.00342709
655.616 0.89966 0.00342688
655.947 0.899603 0.00342666
656.278 0.899545 0.00342644
656.609 0.41641 0.00243963
656.94 0.379554 0.00308208
657.27 0.353307 0.0034862
657.601 0.372867 0.00413073
657.932 0.410039 0.00518117
658.262 0.45804 0.00667069
658.593 0.514722 0.00848257
658.923 0.556416 0.0103123
659.254 0.596189 0.0117913
659.584 0.610768 0.0126714
659.914 0.635986 0.0135404
660.244 0.645642 0.0139835
660.575 0.643436 0.0138575
660.905 0.659789 0.0140534
661.235 0.646853 0.0137202
661.565 0.64942 0.0136485
661.895 0.655452 0.0136334
662.225 0.65147 0.013806
662.555 0.663017 0.0141212
662.884 0.64641 0.0137875
663.214 0.651992 0.0136559
663.544 0.660977 0.0136066
663.873 0.655213 0.0133464
664.203 0.652562 0.0131743
664.533 0.656667 0.0128577
664.862 0.666445 0.012863
665.192 0.660274 0.0131716
665.521 0.672878 0.0140186
665.85 0.657151 0.0142653
666.18 0.651793 0.0147923
666.509 0.649973 0.0146839
666.838 0.651766 0.0143565
667.167 0.650097 0.0141539
667.496 0.668893 0.0146045
667.825 0.672691 0.0147196
668.154 0.652716 0.0144753
668.483 0.668055 0.0145449
668.812 0.661834 0.0142072
669.141 0.685878 0.0143187
669.47 0.679347 0.014075
669.798 0.680388 0.0142299
670.127 0.655897 0.0139845
670.456 0.628633 0.0129166
670.784 0.635431 0.0116484
671.113 0.63997 0.0107307
671.441 0.669339 0.0104863
671.77 0.673767 0.0106957
672.098 0.673735 0.0111162
672.426 0.673756 0.0123589
672.755 0.628391 0.0126906
673.083 0.634628 0.0129337
673.411 0.629047 0.012851
673.739 0.658499 0.0133408
674.067 0.652611 0.0139825
674.395 0.653544 0.0139909
674.723 0.638299 0.0134667
675.051 0.663873 0.0135352
675.379 0.653483 0.0134177
675.706 0.670117 0.0137369
676.034 0.67308 0.0140779
676.362 0.650595 0.0139075
676.689 0.628956 0.0128447
677.017 0.655554 0.0122524
677.344 0.671525 0.0119124
677.672 0.684867 0.0122364
677.999 0.664863 0.0122031
678.327 0.651194 0.0118363
678.654 0.641294 0.0112348
678.981 0.659033 0.0110465
679.308 0.664306 0.0111791
679.636 0.673958 0.0117863
679.963 0.664775 0.0122916
680.29 0.630077 0.0119991
680.617 0.638961 0.0118584
680.944 0.652909 0.0118093
681.271 0.675326 0.0123564
681.597 0.666335 0.0131039
681.924 0.658168 0.0138706
682.251 0.623178 0.0134437
682.578 0.640181 0.0129098
682.904 0.644782 0.0120895
683.231 0.64945 0.0116505
683.557 0.653053 0.0114212
683.884 0.646494 0.0110395
684.21 0.654203 0.0108451
684.536 0.651506 0.010469
684.863 0.655401 0.0103425
685.189 0.662148 0.010571
685.515 0.667668 0.0111895
685.841 0.64331 0.0113432
686.167 0.623849 0.0111814
686.493 0.647677 0.0112568
686.819 0.651208 0.0113515
687.145 0.659703 0.0119242
687.471 0.640977 0.0126397
687.797 0.632568 0.0129777
688.123 0.632529 0.0128984
688.448 0.637228 0.0125215
688.774 0.656227 0.0123249
689.1 0.663097 0.012599
689.425 0.656808 0.0130652
689.751 0.66238 0.0133328
690.076 0.632655 0.0123046
690.402 0.649642 0.0116493
690.727 0.653147 0.0113201
691.052 0.674458 0.0118049
691.377 0.651184 0.0119476
691.703 0.644877 0.0121907
692.028 0.644655 0.0121954
692.353 0.65231 0.0120083
692.678 0.657758 0.0121511
693.003 0.68925 0.0129114
693.328 0.672712 0.0136973
693.652 0.642519 0.0139907
693.977 0.610329 0.01331
694.302 0.628306 0.0127335
694.627 0.670325 0.0129685
694.951 0.67053 0.0134369
695.276 0.675557 0.0147852
695.6 0.636267 0.0145902
695.925 0.606437 0.0125014
696.249 0.640363 0.0113274
696.574 0.670439 0.0109845
696.898 0.697203 0.0117114
697.222 0.661051 0.0120537
697.546 0.643021 0.0123665
697.871 0.640402 0.0126013
698.195 0.649474 0.0127833
698.519 0.649394 0.0131059
698.843 0.655997 0.0135494
699.167 0.649814 0.0139922
699.491 0.648329 0.0145084
699.814 0.638675 0.0145164
700.138 0.654398 0.0147389
700.462 0.669542 0.015155
700.786 0.63543 0.0145678
701.109 0.64301 0.0142933
701.433 0.657161 0.0139492
701.756 0.653532 0.0134141
702.08 0.666661 0.0135493
702.403 0.662777 0.013785
702.726 0.658229 0.0143206
703.05 0.649071 0.0145677
703.373 0.648758 0.014734
703.696 0.652459 0.0147884
704.019 0.664919 0.0154498
704.342 0.66175 0.0159751
704.665 0.652014 0.0165119
704.988 0.654935 0.0164406
705.311 0.648035 0.0153488
705.634 0.626142 0.0135462
705.957 0.64697 0.0124711
706.28 0.652708 0.0116041
706.602 0.677306 0.0116981
706.925 0.666813 0.0118513
707.247 0.675437 0.0124029
707.57 0.65506 0.0126961
707.892 0.65633 0.0131421
708.215 0.673067 0.0139589
708.537 0.634252 0.013884
708.859 0.624622 0.013857
709.182 0.637421 0.0138533
709.504 0.64925 0.0136133
709.826 0.650386 0.0134542
710.148 0.658279 0.0135901
710.47 0.658936 0.0139834
710.792 0.666941 0.0145879
711.114 0.662783 0.0150299
711.436 0.64462 0.0151523
711.758 0.634005 0.0147838
712.079 0.642858 0.0147166
712.401 0.653722 0.0141081
712.723 0.639566 0.013448
713.044 0.643442 0.0127081
713.366 0.65747 0.0127028
713.687 0.670671 0.0129339
714.009 0.659014 0.0131689
714.33 0.654163 0.0134145
714.652 0.658946 0.0138461
714.973 0.664742 0.0143888
715.294 0.656239 0.0150317
715.615 0.66216 0.0160649
715.936 0.647556 0.0161197
716.257 0.651279 0.0163215
716.578 0.657626 0.0165111
716.899 0.665048 0.0162339
717.22 0.668489 0.0152258
717.541 0.664361 0.0147719
717.862 0.675941 0.01485
718.182 0.661011 0.0146562
718.503 0.661941 0.0143477
718.824 0.677293 0.0147199
719.144 0.676385 0.0149452
719.465 0.657117 0.0150672
719.785 0.64107 0.0145751
720.105 0.642642 0.0144012
720.426 0.662469 0.0144403
720.746 0.66959 0.014764
721.066 0.640686 0.0144679
721.386 0.657123 0.0148024
721.706 0.660438 0.0152713
722.026 0.651996 0.015576
722.346 0.661728 0.0158223
722.666 0.661168 0.0156087
722.986 0.66527 0.0152686
723.306 0.65975 0.0153239
723.626 0.665339 0.0156938
723.946 0.656723 0.0155607
724.265 0.649074 0.0146428
724.585 0.643253 0.0138084
724.904 0.668198 0.013969
725.224 0.679328 0.0141224
725.543 0.658241 0.0138986
725.863 0.66263 0.0140785
726.182 0.666486 0.0146926
726.501 0.65868 0.0148364
726.82 0.650056 0.014836
727.14 0.639294 0.0141429
727.459 0.65095 0.0138408
727.778 0.648318 0.0137307
728.097 0.654827 0.0139882
728.416 0.632416 0.0135914
728.734 0.645397 0.0132937
729.053 0.664195 0.0133537
729.372 0.648011 0.0131627
729.691 0.630013 0.0126516
730.009 0.641455 0.0121522
730.328 0.65608 0.0119284
730.647 0.673072 0.0120956
730.965 0.663676 0.0124317
731.283 0.658795 0.0128512
731.602 0.636074 0.0127747
731.92 0.638122 0.0125679
732.238 0.638227 0.0122662
732.557 0.652504 0.012289
732.875 0.633972 0.0118196
733.193 0.633852 0.0111138
733.511 0.647687 0.0109777
733.829 0.663526 0.0114443
734.147 0.66209 0.0121838
734.465 0.626172 0.0123877
734.782 0.640622 0.0125184
735.1 0.630506 0.0120713
735.418 0.644267 0.0121923
735.735 0.64266 0.0122137
736.053 0.632989 0.0119871
736.371 0.645312 0.0122283
736.688 0.644386 0.0126649
737.005 0.652921 0.0135251
737.323 0.639717 0.0138996
737.64 0.624458 0.0137485
737.957 0.624386 0.0130342
738.274 0.630315 0.0120198
738.592 0.656172 0.0119653
738.909 0.670768 0.0124024
739.226 0.663705 0.0134372
739.543 0.646815 0.0142986
739.86 0.651572 0.0151854
740.176 0.6491 0.0155501
740.493 0.644646 0.0159646
740.81 0.6207 0.0157147
741.127 0.63628 0.0157426
741.443 0.641858 0.0149817
741.76 0.66794 0.0147766
742.076 0.66105 0.0148303
742.393 0.68095 0.0158593
742.709 0.67548 0.0166698
743.025 0.664478 0.0168381
743.342 0.653263 0.016542
743.658 0.645473 0.0161266
743.974 0.658649 0.0158399
744.29 0.667805 0.0159333
744.606 0.662335 0.0160375
744.922 0.652416 0.0159455
745.238 0.658906 0.0160733
745.554 0.665221 0.0165409
745.87 0.65513 0.0165879
746.186 0.627615 0.0155669
746.501 0.658917 0.0153636
746.817 0.676157 0.0158111
747.132 0.679936 0.0170188
747.448 0.648036 0.0172676
747.763 0.616316 0.0165881
748.079 0.63668 0.0161583
748.394 0.645502 0.0151672
748.71 0.645287 0.014118
749.025 0.646953 0.0133093
749.34 0.656561 0.0132335
749.655 0.654344 0.0135001
749.97 0.650144 0.0139412
750.285 0.618868 0.0136438
750.6 0.627303 0.0134428
750.915 0.63066 0.0131437
751.23 0.642573 0.0135286
751.545 0.645878 0.0141207
751.859 0.636704 0.0145481
752.174 0.614906 0.0144639
752.489 0.621391 0.0138079
752.803 0.622025 0.0129857
753.118 0.643014 0.0131039
753.432 0.642597 0.0135391
753.747 0.622356 0.013818
754.061 0.610225 0.013219
754.375 0.607708 0.0126396
754.689 0.614536 0.0123148
755.004 0.62702 0.0124192
755.318 0.615041 0.0120319
755.632 0.609442 0.0113928
755.946 0.631743 0.0113898
756.26 0.607406 0.0106689
756.573 0.612458 0.0102502
756.887 0.617489 0.00997887
757.201 0.622495 0.0102319
757.515 0.621275 0.0111971
757.828 0.600758 0.0118086
758.142 0.58699 0.0116339
758.455 0.584654 0.0107829
758.769 0.603534 0.0103751
759.082 0.600747 0.0100695
759.396 0.606892 0.00996879
759.709 0.602819 0.00985824
760.022 0.61654 0.0100578
760.335 0.628308 0.010687
760.648 0.605627 0.0112772
760.962 0.595853 0.0120065
761.275 0.58549 0.0124912
761.587 0.585816 0.0126573
761.9 0.603115 0.0128754
762.213 0.599555 0.0124181
762.526 0.612074 0.0120944
762.839 0.614646 0.0120713
763.151 0.604047 0.0116211
763.464 0.602594 0.0109783
763.776 0.611304 0.0102709
764.089 0.624 0.0101579
764.401 0.621448 0.0104972
764.714 0.616508 0.0110703
765.026 0.600312 0.0116598
765.338 0.592603 0.012335
765.65 0.591479 0.0132639
765.962 0.583107 0.0137819
766.275 0.577225 0.0142028
766.587 0.570333 0.0141644
766.898 0.579467 0.0138191
767.21 0.593369 0.0131573
767.522 0.601714 0.0122933
767.834 0.627959 0.0120985
768.146 0.618888 0.0120975
768.457 0.625736 0.0129076
768.769 0.603676 0.0133531
769.08 0.581559 0.0131654
769.392 0.594475 0.0128295
769.703 0.607872 0.0123019
770.015 0.605464 0.0118091
770.326 0.608138 0.0118581
770.637 0.618746 0.0123936
770.948 0.605748 0.0131581
771.26 0.572367 0.0135938
771.571 0.585439 0.0138989
771.882 0.592682 0.0136448
772.193 0.6118 0.0140036
772.504 0.611487 0.0143503
772.814 0.591684 0.0143977
773.125 0.61185 0.014944
773.436 0.597759 0.0151953
773.747 0.599898 0.0155651
774.057 0.586905 0.015725
774.368 0.610507 0.0162903
774.678 0.622749 0.0168817
774.989 0.5904 0.0166953
775.299 0.618488 0.0176629
775.609 0.604772 0.0172712
775.919 0.600885 0.0170745
776.23 0.638644 0.017624
776.54 0.617011 0.0171763
776.85 0.640326 0.0176817
777.16 0.588399 0.0164461
777.47 0.622728 0.0160401
777.78 0.624336 0.0153529
778.089 0.611503 0.0144306
778.399 0.611275 0.0143365
778.709 0.613153 0.015021
779.019 0.618913 0.0160827
779.328 0.603773 0.0167442
779.638 0.588546 0.0163131
779.947 0.568644 0.0146172
780.257 0.596466 0.0136566
780.566 0.615521 0.0133537
780.875 0.58765 0.0133461
781.185 0.595625 0.0142885
781.494 0.575331 0.014275
781.803 0.58594 0.0147909
782.112 0.573112 0.0148422
782.421 0.591234 0.014877
782.73 0.579641 0.0143425
783.039 0.607351 0.0148676
783.348 0.596027 0.0159039
783.656 0.577614 0.0165165
783.965 0.587414 0.0169058
784.274 0.591405 0.0163187
784.582 0.600856 0.0159377
784.891 0.609817 0.0159614
785.199 0.591896 0.0159633
785.508 0.588237 0.0163522
785.816 0.578341 0.0165089
786.124 0.602539 0.0164788
786.432 0.605426 0.015707
786.741 0.609457 0.0151569
787.049 0.603316 0.0149913
787.357 0.594451 0.0151084
787.665 0.576175 0.0147848
787.973 0.584434 0.0150258
788.281 0.595393 0.0154818
788.588 0.579643 0.0160889
788.896 0.577292 0.0170548
789.204 0.57665 0.0177379
789.511 0.584412 0.0179052
789.819 0.603509 0.018527
790.126 0.598083 0.0184513
790.434 0.620546 0.0187903
790.741 0.621718 0.0187605
791.049 0.599585 0.0184041
791.356 0.620824 0.0193351
791.663 0.590855 0.0192029
791.97 0.62452 0.0197937
792.277 0.612251 0.0192343
792.584 0.604474 0.0181039
792.891 0.588624 0.0158012
793.198 0.589919 0.0146837
793.505 0.59168 0.0144178
793.812 0.588585 0.0147868
794.119 0.559521 0.0147486
794.425 0.582864 0.0155002
794.732 0.571384 0.0160463
795.038 0.579755 0.0178571
795.345 0.559118 0.0188581
795.651 0.558276 0.0198541
795.958 0.579171 0.0202634
796.264 0.56392 0.0186583
796.57 0.601073 0.0185585
796.876 0.625818 0.018774
797.183 0.616952 0.0189851
797.489 0.59908 0.019476
797.795 0.609486 0.0198202
798.101 0.626429 0.0200049
798.406 0.596705 0.0196282
798.712 0.627461 0.0207223
799.018 0.614359 0.0208251
799.324 0.618787 0.0209549
799.629 0.626604 0.021182
799.935 0.614195 0.0211267
800.24 0.648009 0.0221133
800.546 0.634166 0.0218833
800.851 0.611891 0.0216912
801.157 0.622186 0.0228098
801.462 0.612142 0.0228445
801.767 0.618462 0.0230713
802.072 0.640407 0.0225663
802.377 0.631694 0.0215672
802.682 0.630816 0.021205
802.987 0.641908 0.0219847
803.292 0.658155 0.0228303
803.597 0.630728 0.0225398
803.902 0.607626 0.0220675
804.207 0.648125 0.0226484
804.511 0.607386 0.0215891
804.816 0.598188 0.0201306
805.12 0.582603 0.0185627
805.425 0.564425 0.017209
805.729 0.600142 0.0178841
806.034 0.588596 0.0183968
806.338 0.587179 0.0194218
806.642 0.584868 0.0198771
806.946 0.573472 0.0194834
807.251 0.602704 0.0201574
807.555 0.59362 0.0196866
807.859 0.588445 0.0194518
808.162 0.604468 0.020287
808.466 0.59823 0.020869
808.77 0.623852 0.0218758
809.074 0.625064 0.0226459
809.378 0.618863 0.0225726
809.681 0.615574 0.0223352
809.985 0.645106 0.0232346
810.288 0.642652 0.023449
810.592 0.624235 0.0229373
810.895 0.617014 0.0233458
811.198 0.650174 0.0250247
811.502 0.672028 0.0258118
811.805 0.659986 0.0262822
812.108 0.62474 0.0244065
812.411 0.639336 0.0239586
812.714 0.64315 0.0223899
813.017 0.608527 0.0206108
813.32 0.629105 0.0209252
813.623 0.600492 0.0210897
813.926 0.619132 0.0229657
814.228 0.646215 0.0247173
814.531 0.636728 0.0253219
814.833 0.632868 0.025051
815.136 0.61728 0.0248909
815.438 0.636395 0.0255617
815.741 0.629316 0.0243652
816.043 0.620867 0.0239067
816.345 0.623342 0.0237932
816.648 0.676878 0.0249959
816.95 0.62836 0.0244532
817.252 0.681402 0.0260363
817.554 0.642184 0.02533
817.856 0.627708 0.0255777
818.158 0.643759 0.0261276
818.46 0.709031 0.0281156
818.761 0.685689 0.0275481
819.063 0.668448 0.0267275
819.365 0.658888 0.0257517
819.666 0.640902 0.0241278
819.968 0.621175 0.02297
820.269 0.625209 0.0227954
820.571 0.6312 0.0235048
820.872 0.640107 0.0245652
821.173 0.636879 0.0254766
821.475 0.654456 0.0268195
821.776 0.665253 0.0268998
822.077 0.660576 0.0266489
822.378 0.682792 0.0272824
822.679 0.65429 0.027144
822.98 0.679452 0.0274042
823.281 0.695869 0.0286327
823.581 0.668818 0.0277874
823.882 0.710534 0.0290074
824.183 0.691259 0.028321
824.483 0.65368 0.0265612
824.784 0.624125 0.0248877
825.084 0.676101 0.0263676
825.385 0.665565 0.0265043
825.685 0.645831 0.0266699
825.985 0.636371 0.0262475
826.286 0.637504 0.0259101
826.586 0.645422 0.0255591
826.886 0.637754 0.025454
827.186 0.66194 0.0263129
827.486 0.667925 0.0273194
827.786 0.657431 0.027517
828.086 0.642363 0.0269264
828.386 0.646244 0.0266547
828.685 0.660975 0.0268076
828.985 0.686702 0.0281409
829.285 0.674024 0.0280724
829.584 0.680576 0.0286643
829.884 0.678564 0.0290582
830.183 0.72615 0.0316268
830.482 0.721088 0.0311724
830.782 0.694096 0.0307134
831.081 0.779591 0.0337821
831.38 0.70551 0.0310978
831.679 0.726671 0.0316324
831.978 0.734474 0.0318525
832.277 0.712839 0.0303685
832.576 0.692626 0.0293718
832.875 0.683671 0.0291635
833.174 0.684871 0.0290059
833.472 0.6783 0.0290848
833.771 0.72884 0.0305591
834.07 0.689079 0.0290077
834.368 0.685697 0.0292196
834.667 0.709745 0.0305126
834.965 0.742704 0.0316817
835.263 0.728568 0.031421
835.562 0.733079 0.0315324
835.86 0.702622 0.0305855
836.158 0.709438 0.0310832
836.456 0.729805 0.0323566
836.754 0.709951 0.0318242
837.052 0.749286 0.0337321
837.35 0.715953 0.0323339
837.648 0.761021 0.0337781
837.946 0.752848 0.0338825
838.243 0.8052 0.0350508
838.541 0.772072 0.0334205
838.839 0.780503 0.0336517
839.136 0.716582 0.0321764
839.434 0.718015 0.0320128
839.731 0.740104 0.0333763
840.028 0.70576 0.031846
840.326 0.741591 0.0330547
840.623 0.750255 0.0332169
840.92 0.749462 0.033519
841.217 0.84784 0.0366519
841.514 0.80282 0.0358648
841.811 0.767697 0.0339138
842.108 0.790968 0.0354359
842.405 0.768548 0.0351909
842.701 0.795944 0.0359776
842.998 0.768054 0.0342537
843.295 0.788429 0.0354638
843.591 0.794155 0.0356701
843.888 0.781233 0.0349697
844.184 0.797485 0.0355362
844.481 0.738511 0.0336362
844.777 0.761124 0.0343145
845.073 0.753043 0.0343891
845.369 0.805495 0.0359234
845.665 0.85542 0.0375611
845.962 0.764622 0.034815
846.258 0.811804 0.0365678
846.553 0.802928 0.03642
846.849 0.800046 0.0364173
847.145 0.739209 0.0338677
847.441 0.77394 0.0348621
847.737 0.753719 0.0341185
848.032 0.777336 0.0353109
848.328 0.835006 0.0367655
848.623 0.825388 0.0370412
848.919 0.756108 0.0346627
849.214 0.757467 0.034298
849.509 0.781594 0.0353597
849.805 0.817516 0.0368887
850.1 0.79277 0.0371383
850.395 0.882167 0.0390465
850.69 0.852726 0.0386566
850.985 0.77432 0.0355294
851.28 0.759192 0.0350346
851.575 0.810744 0.0366466
851.869 0.76787 0.0355427
852.164 0.768265 0.0350222
852.459 0.77467 0.0342032
852.753 0.772015 0.0336694
853.048 0.720172 0.0308321
853.342 0.667396 0.0294749
853.637 0.712636 0.0310047
853.931 0.675711 0.0298669
854.225 0.634517 0.0288149
854.52 0.724217 0.0319314
854.814 0.725027 0.0320554
855.108 0.698684 0.0304467
855.402 0.695224 0.030927
855.696 0.743851 0.032906
855.99 0.797452 0.0346205
856.283 0.698395 0.031688
856.577 0.767822 0.0339854
856.871 0.700285 0.0321998
857.164 0.750382 0.0336942
857.458 0.790968 0.0357425
857.751 0.7859 0.0350099
858.045 0.734983 0.033446
858.338 0.775702 0.0349214
858.632 0.754223 0.0336462
858.925 0.806881 0.0357142
859.218 0.759569 0.0345038
859.511 0.835576 0.0377037
859.804 0.812326 0.0368036
860.097 0.777934 0.035062
860.39 0.809057 0.0368058
860.683 0.803631 0.0365268
860.976 0.861059 0.0381123
861.268 0.765985 0.0353911
861.561 0.817405 0.0376074
861.854 0.864232 0.0398217
862.146 0.83201 0.0376846
862.439 0.806754 0.0369074
862.731 0.775473 0.0352988
863.023 0.848394 0.0381171
863.316 0.805407 0.0364688
863.608 0.822843 0.0370541
863.9 0.799714 0.0365529
864.192 0.791146 0.0354942
864.484 0.812874 0.036839
864.776 0.821091 0.0373532
865.068 0.754753 0.0355909
865.36 0.789662 0.0363094
865.651 0.83169 0.0382419
865.943 0.769025 0.0360933
866.235 0.838017 0.0378686
866.526 0.853588 0.0392489
866.818 0.793947 0.0365831
867.109 0.768641 0.0357747
867.4 0.79507 0.0370849
867.692 0.824623 0.0379741
867.983 0.824805 0.0376106
868.274 0.835639 0.0383317
868.565 0.805698 0.0371586
868.856 0.846833 0.0383445
869.147 0.813826 0.037488
869.438 0.812865 0.0373649
869.729 0.797455 0.0372305
870.02 0.919137 0.0415461
870.31 0.822682 0.0380798
870.601 0.855988 0.0382833
870.892 0.788052 0.0363556
871.182 0.729509 0.0348318
871.473 0.843367 0.0382658
871.763 0.797304 0.036314
872.053 0.798421 0.0367675
872.343 0.794525 0.0366211
872.634 0.808636 0.0373163
872.924 0.75756 0.0354008
873.214 0.78301 0.0367271
873.504 0.820752 0.0381065
873.794 0.872832 0.0402787
874.084 0.852591 0.039694
874.373 0.815206 0.0378372
874.663 0.753768 0.0355219
874.953 0.857491 0.0391475
875.242 0.87256 0.0389582
875.532 0.799048 0.0369747
875.821 0.854727 0.038479
876.111 0.818498 0.0375119
876.4 0.799094 0.0375282
876.689 0.808751 0.0375033
876.978 0.807364 0.037485
877.268 0.798342 0.0373412
877.557 0.841212 0.038773
877.846 0.82602 0.0382926
878.134 0.833381 0.0388119
878.423 0.833535 0.0388191
878.712 0.833688 0.0388262
