178.41 0.915467 0.148003
178.791 0.921264 0.14894
179.172 0.927019 0.149871
179.553 0.181179 0.181179
179.934 0.317429 0.317429
180.316 0.460745 0.460745
180.697 0.415391 0.415391
181.078 0.858728 0.858728
181.459 0.800764 0.800764
181.84 0.768967 0.768967
182.221 3.026 3.026
182.602 0.672138 0.672138
182.983 1.2261 0.50139
183.364 0.863076 0.164852
183.744 0.419228 0.0725399
184.125 0.533919 0.0710127
184.506 0.448752 0.0533322
184.887 0.553863 0.0528352
185.268 0.498924 0.0431714
185.648 0.529423 0.0430496
186.029 0.619596 0.0444215
186.41 0.534278 0.0401713
186.791 0.653163 0.0426858
187.171 0.535962 0.0330734
187.552 0.403982 0.0233617
187.932 0.536346 0.0274092
188.313 0.489044 0.0244449
188.694 0.49299 0.0245293
189.074 0.454376 0.022704
189.455 0.464531 0.0223193
189.835 0.49789 0.0237592
190.216 0.505254 0.0233036
190.596 0.458005 0.0212335
190.977 0.496286 0.0219314
191.357 0.491753 0.0218955
191.737 0.488982 0.021561
192.118 0.496748 0.0216249
192.498 0.47367 0.0204615
192.878 0.489388 0.0209583
193.258 0.479032 0.0203775
193.639 0.475847 0.0200578
194.019 0.491586 0.0205665
194.399 0.486734 0.0202882
194.779 0.43901 0.0184957
195.159 0.452428 0.0193204
195.54 0.436729 0.0184134
195.92 0.459675 0.0189468
196.3 0.457192 0.0186219
196.68 0.455907 0.0186885
197.06 0.433542 0.0181156
197.44 0.440615 0.0180875
197.82 0.437864 0.0178893
198.2 0.437455 0.0178726
198.58 0.413684 0.0169215
198.959 0.417659 0.0169718
199.339 0.415385 0.016999
199.719 0.410238 0.0165698
200.099 0.393921 0.0162759
200.479 0.395486 0.0162621
200.858 0.387956 0.0158691
201.238 0.39125 0.0156873
201.618 0.390796 0.0158542
201.998 0.374909 0.0151568
202.377 0.373333 0.0151246
202.757 0.356655 0.0145887
203.136 0.366226 0.0146873
203.516 0.352645 0.0141978
203.896 0.345753 0.0138852
204.275 0.334821 0.0133943
204.655 0.329241 0.0133075
205.034 0.319611 0.0129573
205.414 0.336456 0.0131279
205.793 0.328601 0.0128575
206.172 0.322208 0.0127434
206.552 0.302353 0.012134
206.931 0.314275 0.0121813
207.31 0.309633 0.0119607
207.69 0.302901 0.0117355
208.069 0.293057 0.0113904
208.448 0.297445 0.0113309
208.827 0.295487 0.0112286
209.207 0.299224 0.0112698
209.586 0.281268 0.0106406
209.965 0.276212 0.0105112
210.344 0.274036 0.010317
210.723 0.278167 0.0102668
211.102 0.278971 0.0101037
211.481 0.271943 0.009923
211.86 0.271571 0.00981752
212.239 0.270827 0.00970501
212.618 0.264198 0.00944691
212.997 0.255096 0.00913134
213.376 0.267027 0.00930905
213.755 0.25851 0.00903075
214.134 0.256755 0.00887813
214.513 0.258071 0.00875678
214.891 0.256457 0.00867108
215.27 0.253197 0.0084538
215.649 0.251007 0.00834795
216.028 0.247783 0.00815093
216.406 0.238128 0.0079073
216.785 0.23732 0.00776543
217.164 0.232734 0.00761305
217.542 0.235926 0.00750438
217.921 0.228482 0.00729048
218.3 0.228104 0.00725865
218.678 0.231637 0.00719959
219.057 0.22741 0.00700658
219.435 0.220644 0.00678816
219.814 0.225106 0.00680592
220.192 0.22323 0.00666825
220.57 0.219231 0.00653077
220.949 0.215108 0.00636053
221.327 0.222016 0.00635441
221.705 0.216193 0.00620631
222.084 0.204327 0.0059027
222.462 0.214258 0.00597242
222.84 0.21349 0.0059125
223.218 0.205612 0.0056579
223.597 0.208621 0.00564157
223.975 0.203692 0.00547418
224.353 0.206296 0.00544855
224.731 0.207577 0.00537736
225.109 0.200885 0.00518312
225.487 0.196414 0.00505226
225.865 0.198839 0.00500561
226.243 0.199313 0.00494795
226.621 0.201278 0.0049068
226.999 0.195038 0.00473119
227.377 0.20266 0.00477593
227.755 0.195025 0.00462397
228.133 0.199747 0.00462019
228.511 0.198215 0.00454766
228.889 0.194477 0.00441844
229.266 0.197183 0.00440685
229.644 0.190574 0.00424708
230.022 0.19397 0.00422928
230.4 0.190079 0.0041472
230.777 0.192144 0.00412998
231.155 0.190537 0.00405922
231.533 0.188673 0.00398212
231.91 0.189465 0.00393645
232.288 0.193592 0.0039414
232.665 0.190434 0.00385879
233.043 0.188699 0.00380491
233.42 0.188045 0.00374698
233.798 0.190299 0.0037418
234.175 0.189246 0.00368283
234.553 0.187886 0.0036305
234.93 0.188079 0.00359598
235.307 0.188394 0.00356984
235.685 0.187435 0.00353168
236.062 0.185064 0.00346826
236.439 0.186244 0.0034621
236.816 0.189008 0.00344504
237.194 0.185348 0.0033754
237.571 0.187151 0.00336224
237.948 0.187847 0.0033507
238.325 0.186608 0.00330266
238.702 0.185723 0.00327537
239.079 0.186191 0.00324695
239.456 0.18887 0.00324839
239.833 0.189513 0.00323292
240.21 0.189881 0.00320617
240.587 0.191064 0.00320125
240.964 0.188434 0.0031532
241.341 0.188088 0.00312369
241.718 0.189931 0.00310924
242.095 0.189001 0.00310069
242.472 0.190384 0.00308734
242.849 0.1877 0.00304262
243.225 0.189546 0.00303089
243.602 0.189724 0.00301704
243.979 0.188518 0.00299705
244.356 0.192877 0.00301906
244.732 0.189795 0.00296435
245.109 0.189741 0.00294317
245.486 0.191182 0.00295022
245.862 0.193087 0.00295023
246.239 0.190888 0.00290348
246.615 0.190529 0.00289549
246.992 0.190931 0.00287732
247.368 0.193546 0.00289694
247.745 0.193409 0.00287149
248.121 0.193193 0.00285033
248.497 0.19205 0.00283729
248.874 0.193707 0.00283225
249.25 0.19168 0.00279259
249.626 0.194935 0.00281155
250.003 0.193514 0.00278484
250.379 0.192779 0.00275248
250.755 0.196268 0.00277969
251.131 0.193711 0.00274213
251.507 0.195279 0.00274954
251.884 0.194231 0.00272333
252.26 0.195363 0.00273195
252.636 0.196385 0.00271415
253.012 0.193742 0.002686
253.388 0.195247 0.00268829
253.764 0.196368 0.00268497
254.14 0.194274 0.00266426
254.516 0.196097 0.00267308
254.892 0.194695 0.00265004
255.268 0.197074 0.00266335
255.643 0.196393 0.00264758
256.019 0.199945 0.00266943
256.395 0.199008 0.00265761
256.771 0.197977 0.0026314
257.147 0.200941 0.00264801
257.522 0.198511 0.00262778
257.898 0.200356 0.00263562
258.274 0.199861 0.00262556
258.649 0.198876 0.00261747
259.025 0.20102 0.00261709
259.4 0.198996 0.00260247
259.776 0.199842 0.00259995
260.151 0.20276 0.00262766
260.527 0.200661 0.00260238
260.902 0.202578 0.00260767
261.278 0.202299 0.00260037
261.653 0.202757 0.00260323
262.028 0.202615 0.00260483
262.404 0.202773 0.00259389
262.779 0.201567 0.00257969
263.154 0.202728 0.00258256
263.53 0.203458 0.00258014
263.905 0.205117 0.00259567
264.28 0.20455 0.00259073
264.655 0.203586 0.00257711
265.03 0.203751 0.00258611
265.405 0.204318 0.00258108
265.781 0.205693 0.00259282
266.156 0.205157 0.00258667
266.531 0.205988 0.00257822
266.906 0.206831 0.00259776
267.281 0.205685 0.00257774
267.655 0.206427 0.00259203
268.03 0.205916 0.00259027
268.405 0.206193 0.00258856
268.78 0.208765 0.00260459
269.155 0.207794 0.00259275
269.53 0.208586 0.00260664
269.904 0.209847 0.00261156
270.279 0.209822 0.00261306
270.654 0.208733 0.00259886
271.029 0.207614 0.0025968
271.403 0.208189 0.00259304
271.778 0.209588 0.00260913
272.152 0.210776 0.002619
272.527 0.210321 0.00261388
272.901 0.209902 0.00260106
273.276 0.207948 0.00258302
273.65 0.211793 0.00261498
274.025 0.209873 0.00259634
274.399 0.210581 0.00261318
274.774 0.210749 0.00260818
275.148 0.210415 0.00259787
275.522 0.210762 0.00260697
275.897 0.20999 0.00260078
276.271 0.212867 0.00262115
276.645 0.210106 0.00259656
277.019 0.21023 0.00259029
277.393 0.210593 0.00258552
277.768 0.21081 0.00259909
278.142 0.211035 0.00259787
278.516 0.211214 0.00260355
278.89 0.210002 0.00259095
279.264 0.211564 0.00260891
279.638 0.21037 0.00258895
280.012 0.211994 0.0026035
280.386 0.212353 0.00261932
280.76 0.21026 0.00259648
281.133 0.212092 0.00261255
281.507 0.211989 0.00260982
281.881 0.212098 0.00260452
282.255 0.20944 0.00259177
282.629 0.211414 0.00261152
283.002 0.211388 0.00261276
283.376 0.210596 0.00260073
283.75 0.211219 0.00261341
284.123 0.21029 0.00259856
284.497 0.210437 0.00260421
284.87 0.210195 0.00260537
285.244 0.210236 0.00260083
285.618 0.212255 0.00262
285.991 0.209992 0.002617
286.364 0.210085 0.00261661
286.738 0.208512 0.00260631
287.111 0.212163 0.00263014
287.485 0.210784 0.00262306
287.858 0.209272 0.0026234
288.231 0.208071 0.00261127
288.605 0.210049 0.00263084
288.978 0.209501 0.00262181
289.351 0.20743 0.00262238
289.724 0.207126 0.00262037
290.097 0.207981 0.00262891
290.47 0.207028 0.00263135
290.843 0.207281 0.00263203
291.217 0.206178 0.00262554
291.59 0.206784 0.00264761
291.963 0.205516 0.00263366
292.336 0.204744 0.00263711
292.708 0.204532 0.00264077
293.081 0.206747 0.00266725
293.454 0.204766 0.00264275
293.827 0.202883 0.00263839
294.2 0.204717 0.00266757
294.573 0.20192 0.00264082
294.945 0.202846 0.00266252
295.318 0.201539 0.0026529
295.691 0.203203 0.00267032
296.064 0.201741 0.00266557
296.436 0.199045 0.00264583
296.809 0.198106 0.00263249
297.181 0.200069 0.0026597
297.554 0.196604 0.00264059
297.926 0.198439 0.00265499
298.299 0.196522 0.00264496
298.671 0.197163 0.00263774
299.044 0.194578 0.00263474
299.416 0.195234 0.00264318
299.788 0.194476 0.00263394
300.161 0.19361 0.00263963
300.533 0.192247 0.00262666
300.905 0.191147 0.00260917
301.278 0.190501 0.00261022
301.65 0.189731 0.00260202
302.022 0.187755 0.00259408
302.394 0.189389 0.00260955
302.766 0.189133 0.00260411
303.138 0.187195 0.00260091
303.51 0.189516 0.00261017
303.882 0.188657 0.00260099
304.254 0.189341 0.00261082
304.626 0.186198 0.00258127
304.998 0.185676 0.00257689
305.37 0.187158 0.00260161
305.742 0.185393 0.00257961
306.114 0.182806 0.00256045
306.485 0.184279 0.00257132
306.857 0.184017 0.00256765
307.229 0.182882 0.00256867
307.601 0.182512 0.00256536
307.972 0.180614 0.00254936
308.344 0.176728 0.00251863
308.716 0.177345 0.00253342
309.087 0.177014 0.00252788
309.459 0.172684 0.00250056
309.83 0.17343 0.00250628
310.202 0.169404 0.00247299
310.573 0.165022 0.00244223
310.945 0.163715 0.00243084
311.316 0.161613 0.00242674
311.687 0.159929 0.00240439
312.059 0.155483 0.00237905
312.43 0.155184 0.00237244
312.801 0.155797 0.00238551
313.172 0.154219 0.00237486
313.544 0.155231 0.0023851
313.915 0.157934 0.00239048
314.286 0.157102 0.00239452
314.657 0.160574 0.00241548
315.028 0.165186 0.0024551
315.399 0.168571 0.0024793
315.77 0.175159 0.00252371
316.141 0.182716 0.0025883
316.512 0.192957 0.00265946
316.883 0.198795 0.00270484
317.254 0.20925 0.00277226
317.625 0.221313 0.00286862
317.996 0.231811 0.00291979
318.366 0.244339 0.00300509
318.737 0.255737 0.00307129
319.108 0.267176 0.00315006
319.478 0.27984 0.00322492
319.849 0.289381 0.00327788
320.22 0.303356 0.0033594
320.59 0.313002 0.00341044
320.961 0.322482 0.00346765
321.331 0.333736 0.0035281
321.702 0.342767 0.00359363
322.072 0.350297 0.00364388
322.443 0.35872 0.00368012
322.813 0.363634 0.00369837
323.184 0.369536 0.00373872
323.554 0.37754 0.00379099
323.924 0.378085 0.00379177
324.295 0.382803 0.00383386
324.665 0.383499 0.00384014
325.035 0.385185 0.00384354
325.405 0.382385 0.0038453
325.775 0.386493 0.0038847
326.145 0.383339 0.00386511
326.515 0.380215 0.00385644
326.886 0.380138 0.00387554
327.256 0.377328 0.00386487
327.626 0.376822 0.00388616
327.995 0.380618 0.00391531
328.365 0.381527 0.00392547
328.735 0.384156 0.00395876
329.105 0.391624 0.00404036
329.475 0.397561 0.00410284
329.845 0.404461 0.00419815
330.215 0.405947 0.00419007
330.584 0.415323 0.00419734
330.954 0.428667 0.00416346
331.324 0.436179 0.00408155
331.693 0.447984 0.00406543
332.063 0.456148 0.00405812
332.432 0.465396 0.00407791
332.802 0.471061 0.00413633
333.171 0.471042 0.00419053
333.541 0.473836 0.00428135
333.91 0.474582 0.00430648
334.28 0.482049 0.0043651
334.649 0.486442 0.00439765
335.018 0.486998 0.00441517
335.388 0.487646 0.00443236
335.757 0.489036 0.00443931
336.126 0.486051 0.00444164
336.495 0.486466 0.00442852
336.865 0.484981 0.00444006
337.234 0.484923 0.0044649
337.603 0.481654 0.00444075
337.972 0.484437 0.00446382
338.341 0.478975 0.00443132
338.71 0.476179 0.00441536
339.079 0.476612 0.00443338
339.448 0.471934 0.00440461
339.817 0.47358 0.00442319
340.186 0.468488 0.00440214
340.554 0.463903 0.0043748
340.923 0.461944 0.00437468
341.292 0.455491 0.00434811
341.661 0.457162 0.00436154
342.029 0.453432 0.00433619
342.398 0.449386 0.0043226
342.767 0.444776 0.00431691
343.135 0.443748 0.00430869
343.504 0.440748 0.00430749
343.872 0.432893 0.00425305
344.241 0.430797 0.00425267
344.609 0.428315 0.00425726
344.978 0.421738 0.00422017
345.346 0.417757 0.00418442
345.715 0.416302 0.00419327
346.083 0.412356 0.00418265
346.451 0.407936 0.00415357
346.82 0.404752 0.00415119
347.188 0.397515 0.00410613
347.556 0.394938 0.00411392
347.924 0.395907 0.00411398
348.292 0.38684 0.00407584
348.66 0.38417 0.00405817
349.028 0.379649 0.00403929
349.396 0.378599 0.0040496
349.764 0.37587 0.0040299
350.132 0.372772 0.00401119
350.5 0.369791 0.00400164
350.868 0.368763 0.00400333
351.236 0.365884 0.0039845
351.604 0.363884 0.00398904
351.972 0.361039 0.00397792
352.34 0.358702 0.00397079
352.707 0.357361 0.0039651
353.075 0.355961 0.00395837
353.443 0.355575 0.00396525
353.81 0.354908 0.00397137
354.178 0.351432 0.00395409
354.545 0.354489 0.00396153
354.913 0.353982 0.00397553
355.28 0.353544 0.00397361
355.648 0.351981 0.00395644
356.015 0.355292 0.00398196
356.383 0.354215 0.00397138
356.75 0.35429 0.00398193
357.117 0.355102 0.00398869
357.485 0.356825 0.00400117
357.852 0.361262 0.00405377
358.219 0.361081 0.00403264
358.586 0.36055 0.004029
358.954 0.363824 0.00406426
359.321 0.3633 0.00405152
359.688 0.366399 0.00408879
360.055 0.36583 0.0040798
360.422 0.371739 0.00411858
360.789 0.370465 0.0041186
361.156 0.376124 0.00414628
361.523 0.378506 0.00417623
361.89 0.377302 0.00416453
362.256 0.3785 0.00415444
362.623 0.385329 0.0042335
362.99 0.382043 0.00419523
363.357 0.386868 0.00423888
363.724 0.389357 0.00425432
364.09 0.392981 0.00426547
364.457 0.398859 0.00432934
364.823 0.401611 0.00431634
365.19 0.404815 0.00433997
365.557 0.410194 0.00436193
365.923 0.415857 0.00440649
366.29 0.422619 0.00445613
366.656 0.426832 0.00445987
367.022 0.430061 0.00447111
367.389 0.435067 0.0045172
367.755 0.439048 0.00455942
368.121 0.446451 0.00459584
368.488 0.448904 0.00460222
368.854 0.45532 0.00465258
369.22 0.459696 0.00469692
369.586 0.463885 0.00473434
369.952 0.468632 0.00476885
370.318 0.471118 0.00478375
370.684 0.480129 0.00484336
371.051 0.482134 0.0048548
371.416 0.492001 0.00493454
371.782 0.490058 0.00491006
372.148 0.499505 0.00496736
372.514 0.501045 0.00498571
372.88 0.511158 0.00505056
373.246 0.509481 0.00503763
373.612 0.521154 0.00509262
373.977 0.519448 0.0050728
374.343 0.523407 0.00507601
374.709 0.528206 0.00508268
375.074 0.531486 0.0051137
375.44 0.538208 0.00516798
375.806 0.542125 0.00521538
376.171 0.538159 0.00517
376.537 0.545783 0.00520173
376.902 0.551218 0.00523677
377.268 0.558969 0.00525181
377.633 0.561618 0.00525459
377.998 0.562379 0.00523801
378.364 0.569371 0.00524768
378.729 0.570394 0.00526124
379.094 0.580594 0.0053313
379.459 0.585182 0.00542402
379.825 0.581356 0.0053823
380.19 0.586535 0.00541461
380.555 0.587356 0.00545647
380.92 0.591586 0.00554451
381.285 0.597035 0.00555945
381.65 0.597077 0.00551638
382.015 0.59929 0.00553474
382.38 0.605896 0.00558678
382.745 0.609037 0.00563559
383.11 0.61321 0.00567015
383.474 0.609094 0.0056344
383.839 0.615921 0.00567611
384.204 0.621952 0.00572224
384.569 0.628944 0.00576135
384.933 0.630974 0.00578744
385.298 0.62908 0.00578776
385.663 0.632206 0.00578565
386.027 0.634639 0.00578479
386.392 0.635461 0.00576384
386.756 0.636213 0.00573824
387.121 0.642352 0.00576421
387.485 0.647482 0.00576939
387.849 0.651759 0.00576132
388.214 0.655498 0.00584194
388.578 0.65586 0.00587294
388.942 0.65675 0.00590686
389.307 0.65848 0.00590924
389.671 0.667697 0.00597236
390.035 0.665225 0.00593414
390.399 0.667449 0.0059301
390.763 0.667588 0.00589574
391.127 0.675883 0.00591087
391.492 0.677255 0.00583549
391.856 0.678274 0.00577257
392.219 0.683823 0.00575289
392.583 0.689017 0.00580758
392.947 0.698582 0.00597394
393.311 0.694369 0.00601086
393.675 0.69562 0.0060344
394.039 0.701457 0.00609719
394.403 0.701715 0.00610135
394.766 0.701386 0.00611649
395.13 0.708411 0.00616331
395.494 0.70606 0.00615063
395.857 0.707233 0.00612885
396.221 0.713689 0.00612888
396.584 0.718646 0.00610406
396.948 0.71706 0.0060315
397.311 0.723842 0.00597071
397.675 0.730169 0.00596435
398.038 0.729373 0.005964
398.401 0.729257 0.0060483
398.765 0.735774 0.00616921
399.128 0.736534 0.00626058
399.491 0.742972 0.00633572
399.854 0.740357 0.00633356
400.218 0.750793 0.00639659
400.581 0.751059 0.00641596
400.944 0.754567 0.00646241
401.307 0.756777 0.00654976
401.67 0.760803 0.00654807
402.033 0.765147 0.00658589
402.396 0.767108 0.00659799
402.759 0.774221 0.00663659
403.122 0.773073 0.00659931
403.485 0.778619 0.00662123
403.847 0.778895 0.00656731
404.21 0.785454 0.00656082
404.573 0.795365 0.00659488
404.936 0.78806 0.00653219
405.298 0.793667 0.00662734
405.661 0.794316 0.006723
406.023 0.800254 0.00684377
406.386 0.803184 0.00688056
406.749 0.80748 0.00693049
407.111 0.809376 0.00692972
407.473 0.801761 0.00678668
407.836 0.815438 0.00683434
408.198 0.818135 0.00680395
408.561 0.816901 0.00681839
408.923 0.826263 0.00686747
409.285 0.829289 0.00689274
409.647 0.832759 0.00696767
410.009 0.831877 0.00702985
410.372 0.833822 0.00702781
410.734 0.83556 0.0070705
411.096 0.832808 0.00704646
411.458 0.840597 0.00707763
411.82 0.848779 0.00706533
412.182 0.845985 0.00700016
412.544 0.847163 0.0070207
412.906 0.853446 0.00703422
413.267 0.859734 0.00708533
413.629 0.857512 0.00713186
413.991 0.860483 0.00717778
414.353 0.864178 0.00721299
414.714 0.868125 0.00730559
415.076 0.866095 0.00727892
415.438 0.869057 0.00728341
415.799 0.872459 0.00726854
416.161 0.867193 0.00731011
416.522 0.874175 0.00736968
416.884 0.869806 0.00735582
417.245 0.885037 0.00744732
417.607 0.881144 0.00741259
417.968 0.875523 0.00738059
418.329 0.883643 0.00740546
418.691 0.883041 0.00740048
419.052 0.88679 0.007411
419.413 0.886336 0.00734245
419.774 0.896195 0.0073602
420.135 0.889045 0.00716758
420.497 0.890431 0.00705997
420.858 0.895754 0.00698336
421.219 0.906172 0.00704757
421.58 0.899733 0.00711202
421.941 0.910598 0.00728046
422.302 0.905649 0.00735803
422.662 0.912139 0.00741613
423.023 0.904837 0.00741897
423.384 0.91433 0.00748279
423.745 0.907968 0.00741172
424.106 0.910466 0.00741773
424.466 0.918146 0.00743446
424.827 0.923162 0.00755765
425.187 0.916581 0.00762596
425.548 0.922123 0.00772125
425.909 0.920951 0.00775714
426.269 0.924691 0.00771807
426.63 0.916206 0.00763049
426.99 0.924853 0.00760349
427.35 0.926182 0.00764292
427.711 0.921077 0.0075678
428.071 0.920595 0.00750248
428.431 0.922125 0.00736526
428.792 0.923497 0.00711847
429.152 0.928313 0.00694082
429.512 0.932226 0.0069424
429.872 0.931624 0.00698832
430.232 0.940666 0.00714616
430.592 0.943368 0.00735949
430.952 0.939669 0.00756192
431.312 0.948582 0.00778672
431.672 0.938009 0.00783237
432.032 0.935612 0.00779846
432.392 0.940422 0.00771274
432.752 0.935991 0.00731601
433.111 0.9378 0.00715956
433.471 0.950922 0.00732228
433.831 0.948451 0.00759917
434.19 0.946369 0.00759181
434.55 0.949867 0.00760445
434.91 0.949253 0.00769067
435.269 0.939358 0.00754511
435.629 0.948322 0.00756432
435.988 0.948492 0.00753261
436.348 0.95897 0.00768994
436.707 0.95324 0.0077836
437.066 0.952912 0.00777802
437.426 0.944584 0.00765203
437.785 0.947696 0.00764315
438.144 0.953573 0.00765726
438.503 0.960858 0.00778788
438.862 0.956653 0.00778522
439.222 0.957446 0.00785059
439.581 0.955218 0.0078751
439.94 0.952184 0.00775243
440.299 0.951564 0.00748867
440.658 0.961363 0.00733554
441.017 0.962982 0.00734409
441.376 0.966634 0.00744387
441.734 0.967982 0.00752557
442.093 0.953916 0.00746744
442.452 0.955368 0.00741946
442.811 0.963332 0.00741757
443.169 0.959262 0.00739911
443.528 0.964738 0.0075741
443.887 0.960689 0.00756303
444.245 0.975854 0.00765588
444.604 0.969162 0.00769309
444.962 0.964814 0.00771234
445.321 0.963194 0.00771305
445.679 0.962948 0.00767153
446.038 0.965504 0.00765366
446.396 0.972693 0.00778793
446.754 0.968194 0.00787622
447.112 0.973791 0.00793889
447.471 0.967709 0.00792314
447.829 0.960269 0.00793391
448.187 0.969781 0.00795893
448.545 0.971276 0.00794069
448.903 0.968026 0.00794793
449.261 0.967059 0.00796706
449.619 0.973074 0.00806748
449.977 0.97808 0.00812761
450.335 0.98018 0.00822547
450.693 0.980415 0.00824683
451.051 0.971148 0.0081915
451.409 0.978884 0.00825631
451.766 0.973635 0.00824464
452.124 0.984786 0.00840805
452.482 0.971618 0.00843438
452.839 0.978489 0.00855867
453.197 0.971325 0.00854234
453.555 0.976176 0.00859905
453.912 0.973138 0.00856311
454.27 0.972484 0.00842521
454.627 0.977169 0.00834568
454.984 0.974836 0.0083554
455.342 0.984924 0.00852729
455.699 0.983657 0.00861688
456.056 0.971452 0.00851243
456.414 0.982242 0.00848305
456.771 0.973257 0.00828975
457.128 0.97676 0.00827289
457.485 0.981405 0.00826378
457.842 0.978887 0.00830425
458.199 0.985216 0.00832141
458.556 0.98424 0.00823705
458.913 0.979589 0.00821791
459.27 0.983919 0.0081894
459.627 0.980957 0.00829603
459.984 0.97619 0.0082155
460.341 0.983308 0.0082348
460.697 0.977446 0.00830803
461.054 0.99157 0.00861434
461.411 0.982302 0.00875062
461.767 0.978027 0.00883452
462.124 0.978747 0.00881568
462.481 0.992269 0.0087702
462.837 0.980918 0.00858454
463.194 0.988947 0.00843919
463.55 0.977665 0.00844487
463.907 0.984725 0.00825281
464.263 0.982187 0.0081287
464.619 0.985902 0.00798988
464.976 0.983075 0.00786793
465.332 0.992029 0.00790172
465.688 0.9908 0.00813915
466.044 0.991497 0.00843433
466.4 0.992243 0.00856878
466.756 0.984059 0.00858936
467.112 0.984344 0.00859053
467.468 0.988656 0.0085966
467.824 0.992386 0.00870115
468.18 0.991519 0.00881095
468.536 0.991579 0.00881858
468.892 0.994052 0.00897043
469.248 0.993828 0.0090092
469.604 0.986834 0.00903144
469.959 0.994436 0.00906295
470.315 0.990761 0.00904131
470.671 0.99057 0.00903141
471.026 0.98622 0.0089355
471.382 0.987934 0.0088577
471.737 0.991849 0.00880383
472.093 0.986701 0.00864397
472.448 0.990261 0.00849331
472.804 0.987925 0.00841095
473.159 0.989998 0.00835065
473.514 1.00075 0.00843853
473.87 0.98716 0.00826163
474.225 0.991348 0.00804256
474.58 0.992086 0.00788691
474.935 1.00088 0.00798917
475.29 1.00193 0.00810114
475.645 0.993514 0.00807522
476 0.987592 0.00806149
476.355 0.996081 0.00816895
476.71 0.98456 0.0081168
477.065 0.981644 0.00786869
477.42 0.994898 0.00781716
477.775 0.994839 0.00782635
478.13 0.99828 0.00791039
478.485 0.991223 0.00782527
478.839 0.989625 0.00772542
479.194 0.990261 0.00752986
479.549 0.998187 0.00746722
479.903 0.996905 0.00748232
480.258 0.98987 0.00751455
480.612 0.996059 0.0074397
480.967 0.994314 0.00726132
481.321 1.00178 0.00731188
481.675 1.00131 0.007451
482.03 1.00648 0.007602
482.384 0.995622 0.00759263
482.738 0.993458 0.00751205
483.093 0.995024 0.00746307
483.447 0.991153 0.00728677
483.801 0.988485 0.00704975
484.155 0.993393 0.00697704
484.509 0.911117 0.00581839
484.863 0.945847 0.00404062
485.217 0.973293 0.00372525
485.571 1.01316 0.00389897
485.925 1.05975 0.00507963
486.279 1.03099 0.00580963
486.632 1.02163 0.00625496
486.986 1.0221 0.00676295
487.34 1.01311 0.00718769
487.694 1.00454 0.00735702
488.047 0.997798 0.00737375
488.401 1.0016 0.00739716
488.754 1.00326 0.0074503
489.108 1.00706 0.00758622
489.461 0.997949 0.00758838
489.815 0.998468 0.00766952
490.168 0.997662 0.00758186
490.522 0.999142 0.0075552
490.875 0.999685 0.00756861
491.228 0.998709 0.00761694
491.581 0.999652 0.00756825
491.935 1.00346 0.0076107
492.288 0.99948 0.00762688
492.641 1.0059 0.00759707
492.994 0.99324 0.00754347
493.347 1.00323 0.00747601
493.7 0.999211 0.00746674
494.053 1.00243 0.00750434
494.406 1.0057 0.00763815
494.759 1.00106 0.0077759
495.111 0.991271 0.00749615
495.464 0.990598 0.00716473
495.817 1.00225 0.00707655
496.169 1.00595 0.00728856
496.522 1.00794 0.0076251
496.875 0.998625 0.00784327
497.227 1.0023 0.00793533
497.58 1.00477 0.00793126
497.932 0.998117 0.00781215
498.285 0.990774 0.0077123
498.637 0.987499 0.00750778
498.989 0.996982 0.00745975
499.342 0.999401 0.00752418
499.694 1.00673 0.00771866
500.046 0.993394 0.00773322
500.398 0.996163 0.00755436
500.751 0.999552 0.00749818
501.103 0.995176 0.0074579
501.455 0.999423 0.00748526
501.807 1.00168 0.00750495
502.159 1.00173 0.00750922
502.511 0.997622 0.00747519
502.862 0.999999 0.00751633
503.214 1.00126 0.00762389
503.566 1.00206 0.00778152
503.918 0.989759 0.00781728
504.27 1.00123 0.00785412
504.621 1.00727 0.00789702
504.973 1.00024 0.00791381
505.324 1.00189 0.00786918
505.676 0.997338 0.00771447
506.027 1.01115 0.00778867
506.379 1.00445 0.00802152
506.73 1.00059 0.00812816
507.082 1.0087 0.00810314
507.433 0.999819 0.00791796
507.784 1.00195 0.00786013
508.136 1.00013 0.00798999
508.487 1.00888 0.00810724
508.838 1.00171 0.00815413
509.189 1.00304 0.00815056
509.54 1.00311 0.00804188
509.891 1.00966 0.00816144
510.242 1.00481 0.00815089
510.593 1.00169 0.00819001
510.944 1.0043 0.00824654
511.295 1.01221 0.00845134
511.646 1.01299 0.00854824
511.996 1.00241 0.00841589
512.347 1.00282 0.00835426
512.698 1.00449 0.00838886
513.049 1.00344 0.00843615
513.399 1.00848 0.00849653
513.75 1.00346 0.00845
514.1 1.01173 0.00864573
514.451 1.01042 0.00881982
514.801 1.00136 0.00874161
515.152 1.00908 0.00869767
515.502 0.997253 0.00851255
515.852 1.01135 0.00852647
516.202 1.00801 0.00850099
516.553 1.01559 0.00865763
516.903 1.00614 0.00874867
517.253 1.01146 0.00890409
517.603 1.00254 0.00886315
517.953 1.00483 0.00883015
518.303 1.00693 0.00863189
518.653 1.00672 0.0085603
519.003 1.00758 0.00862972
519.353 1.01142 0.00895541
519.703 0.998574 0.00908705
520.052 0.997726 0.00912977
520.402 1.01004 0.00913532
520.752 1.00449 0.00900592
521.102 1.01848 0.00921541
521.451 1.00973 0.00924104
521.801 1.01218 0.00922579
522.15 0.994152 0.00899175
522.5 1.00509 0.0090264
522.849 0.995638 0.00895565
523.199 1.00758 0.00892408
523.548 0.998369 0.00879781
523.897 1.00689 0.00893744
524.246 1.006 0.00908219
524.596 1.01277 0.00924165
524.945 1.00703 0.00916171
525.294 1.00625 0.00915712
525.643 1.00973 0.00915247
525.992 1.00918 0.00913435
526.341 1.00217 0.00904581
526.69 1.01493 0.0091749
527.039 1.01433 0.00926156
527.388 0.998814 0.00925474
527.737 0.999238 0.00897505
528.086 0.990247 0.00860586
528.434 1.00572 0.00851411
528.783 1.01941 0.0088061
529.132 1.01858 0.00897009
529.48 1.00831 0.00903957
529.829 1.00386 0.00906931
530.177 1.01772 0.00922541
530.526 1.00908 0.00920872
530.874 1.00495 0.00910225
531.223 1.00234 0.00907729
531.571 1.00178 0.00915292
531.919 0.994333 0.00902923
532.268 0.999067 0.00877432
532.616 1.01018 0.00854093
532.964 1.00074 0.00837483
533.312 1.00675 0.00840429
533.66 1.01108 0.00846038
534.008 1.00752 0.00842625
534.356 1.00944 0.00843982
534.704 1.01938 0.00855837
535.052 1.01711 0.00866378
535.4 1.01956 0.00885759
535.748 1.0116 0.00903299
536.095 1.01455 0.00927535
536.443 1.0095 0.00926378
536.791 0.998554 0.00901855
537.139 1.00141 0.00882351
537.486 0.998515 0.00860696
537.834 1.00754 0.00859995
538.181 1.00283 0.00853057
538.529 1.00815 0.00860137
538.876 1.01435 0.00860539
539.223 1.01356 0.00874752
539.571 1.015 0.00894098
539.918 1.00847 0.00888056
540.265 0.999728 0.00866768
540.613 1.00485 0.00854038
540.96 1.01304 0.00868129
541.307 1.00387 0.00865767
541.654 1.00387 0.00865552
542.001 1.00518 0.00868814
542.348 1.00998 0.00870722
542.695 1.0087 0.00871273
543.042 1.00805 0.00857625
543.388 1.00654 0.00846145
543.735 1.00548 0.00844525
544.082 1.01528 0.00847336
544.429 1.01471 0.00850998
544.775 1.01771 0.00871024
545.122 1.02309 0.00899214
545.469 1.00843 0.00907345
545.815 1.00124 0.00898873
546.162 1.00218 0.00892141
546.508 1.00651 0.00875709
546.854 0.998079 0.00839712
547.201 0.995173 0.00807789
547.547 1.02185 0.00816175
547.893 1.024 0.00835375
548.24 1.03327 0.00884091
548.586 1.01147 0.00911092
548.932 1.01847 0.00927838
549.278 1.00846 0.00923922
549.624 1.01602 0.00922426
549.97 1.01469 0.00930447
550.316 1.01289 0.00948185
550.662 1.01209 0.00957561
551.008 0.991706 0.00898828
551.353 0.999416 0.00854106
551.699 1.01365 0.00841142
552.045 1.02244 0.0086753
552.391 1.00684 0.00878725
552.736 1.01188 0.00884944
553.082 1.00577 0.00883564
553.427 1.0131 0.00902452
553.773 1.01916 0.00935117
554.118 0.9972 0.00925044
554.464 1.0043 0.00904512
554.809 0.997363 0.00865582
555.154 1.00979 0.00859228
555.5 1.01636 0.00863972
555.845 1.01664 0.00897691
556.19 1.01997 0.00923553
556.535 1.01501 0.00941995
556.88 1.00958 0.00924322
557.225 1.00618 0.00919347
557.57 1.01929 0.00943371
557.915 1.02578 0.00972028
558.26 1.01911 0.00980801
558.605 1.01098 0.00973419
558.95 0.996616 0.00945166
559.295 0.992552 0.00892935
559.639 0.99804 0.008617
559.984 1.00498 0.00831645
560.329 1.00478 0.00828486
560.673 1.02119 0.00838126
561.018 1.01765 0.00861223
561.362 1.02626 0.00887917
561.707 1.01847 0.00906715
562.051 1.00784 0.00890974
562.395 1.00268 0.00876953
562.74 1.01237 0.00863694
563.084 1.00798 0.00851168
563.428 1.00662 0.00832833
563.772 1.01483 0.00840097
564.117 1.00451 0.00829706
564.461 1.01242 0.00830328
564.805 1.00451 0.00834281
565.149 1.00932 0.0083242
565.493 1.0085 0.00833359
565.836 1.01282 0.00819097
566.18 1.00516 0.00804068
566.524 0.995351 0.00746138
566.868 1.01105 0.00731836
567.212 1.01483 0.00720724
567.555 1.00968 0.00709808
567.899 1.00716 0.00676073
568.242 1.0041 0.00647479
568.586 0.994154 0.006029
568.929 0.997257 0.00565213
569.273 1.00375 0.00536119
569.616 1.01647 0.00540266
569.96 1.01063 0.00527831
570.303 1.01133 0.00511606
570.646 1.01321 0.00505722
570.989 1.00715 0.0048859
571.333 1.02262 0.00498458
571.676 1.02941 0.00518802
572.019 1.02344 0.00559363
572.362 1.00401 0.00522757
572.705 0.993578 0.00482672
573.048 1.00288 0.00461574
573.391 1.00245 0.00446419
573.733 1.00929 0.00441715
574.076 1.00773 0.00436495
574.419 1.02918 0.0045456
574.762 1.02947 0.00478848
575.104 1.03711 0.00514483
575.447 1.00531 0.00499693
575.789 0.997108 0.00467772
576.132 1.00735 0.00444177
576.474 0.997857 0.00437132
576.817 0.986808 0.0040213
577.159 0.986499 0.00380153
577.501 1.00823 0.0038735
577.844 1.02763 0.00418538
578.186 1.04192 0.00472713
578.528 1.02415 0.00487808
578.87 1.0225 0.00489542
579.212 0.999975 0.00467972
579.554 1.01299 0.00455959
579.896 1.01147 0.00458391
580.238 0.983544 0.00425961
580.58 0.977819 0.00373166
580.922 0.903164 0.00344675
581.264 0.90312 0.00344658
581.606 0.984397 0.00375676
581.947 1.02278 0.00406468
582.289 1.04533 0.00456533
582.631 1.04393 0.00506052
582.972 1.03319 0.00537202
583.314 1.01511 0.00526609
583.655 0.999197 0.00505068
583.997 0.988889 0.00458647
584.338 0.992833 0.00427441
584.679 0.998286 0.00411235
585.021 1.02338 0.00427817
585.362 1.03599 0.00462514
585.703 1.04027 0.00498496
586.044 1.00839 0.00492629
586.385 1.00143 0.00464543
586.726 1.00187 0.0044378
587.067 1.0283 0.00467239
587.408 1.02809 0.00493979
587.749 1.03693 0.0051962
588.09 1.02788 0.00538912
588.431 1.03753 0.00573689
588.772 1.02583 0.00593279
589.113 1.01558 0.00580115
589.453 1.01909 0.00577964
589.794 1.02611 0.00599811
590.134 1.02721 0.00632154
590.475 1.02356 0.00645696
590.815 1.0144 0.00636852
591.156 1.02027 0.00639602
591.496 0.987862 0.00610176
591.837 0.987578 0.00524849
592.177 0.991695 0.00477767
592.517 1.01279 0.00462255
592.857 1.03249 0.00492095
593.198 1.04199 0.00525974
593.538 1.04323 0.00580571
593.878 1.02882 0.00594973
594.218 1.00866 0.00570109
594.558 1.01658 0.00551071
594.898 1.03531 0.00571787
595.237 1.04219 0.00609252
595.577 1.03715 0.00647038
595.917 1.02651 0.00675858
596.257 1.01318 0.0064332
596.596 1.00587 0.00624886
596.936 1.02901 0.00621542
597.276 1.01881 0.00642629
597.615 1.00339 0.00626446
597.955 0.988948 0.00546977
598.294 1.01042 0.0051872
598.633 1.02409 0.00523948
598.973 1.02566 0.00544113
599.312 1.0231 0.00541776
599.651 1.03007 0.00547928
599.991 1.02329 0.00558049
600.33 1.03195 0.00569065
600.669 1.02858 0.0058442
601.008 1.03028 0.0060512
601.347 1.0224 0.00623345
601.686 1.01489 0.00602914
602.025 1.0144 0.0060679
602.364 1.00729 0.00574533
602.702 1.01038 0.0056716
603.041 1.02486 0.00574992
603.38 1.03622 0.00605825
603.719 1.03975 0.00634502
604.057 1.02244 0.0064688
604.396 1.01784 0.00644404
604.734 0.995406 0.00608637
605.073 1.01981 0.00569937
605.411 1.02132 0.00575895
605.75 1.03808 0.00601798
606.088 1.02808 0.00630241
606.426 1.01469 0.00610774
606.764 1.01851 0.00603512
607.103 1.03605 0.00627975
607.441 1.02463 0.0064606
607.779 1.0284 0.00662938
608.117 1.02049 0.00655867
608.455 1.03104 0.00687209
608.793 1.00808 0.00686066
609.131 1.00305 0.00638461
609.469 1.01558 0.00626936
609.806 1.02679 0.00638861
610.144 1.03238 0.00690906
610.482 1.01611 0.00692559
610.819 1.02685 0.00694687
611.157 1.01886 0.00695621
611.495 1.02678 0.00722792
611.832 1.01462 0.00720646
612.17 1.0149 0.00715503
612.507 1.01703 0.00708256
612.844 1.01643 0.00715486
613.182 1.0219 0.00719064
613.519 1.01634 0.0071269
613.856 1.01919 0.00711828
614.193 1.00467 0.00697827
614.53 1.01388 0.00686412
614.867 1.02825 0.00690511
615.205 1.02851 0.0072518
615.541 1.02998 0.00751925
615.878 1.01724 0.00778985
616.215 1.01573 0.00770463
616.552 1.02191 0.007807
616.889 1.01112 0.00758737
617.226 1.01457 0.00752235
617.562 1.02725 0.00780983
617.899 1.03006 0.00829279
618.235 1.0244 0.0086961
618.572 1.0198 0.00899797
618.908 1.00025 0.00860211
619.245 1.00955 0.00828931
619.581 1.01931 0.00818325
619.918 1.0461 0.00897879
620.254 1.04179 0.0101079
620.59 1.02031 0.0101538
620.926 0.998363 0.00936497
621.262 1.00013 0.00885266
621.599 1.01537 0.00896037
621.935 1.00316 0.00879422
622.271 1.00817 0.00848562
622.606 1.0122 0.00831883
622.942 1.02175 0.0085652
623.278 1.01679 0.00879346
623.614 1.00585 0.00833497
623.95 1.01793 0.00835129
624.285 1.01773 0.00850613
624.621 1.01745 0.00896699
624.957 1.01442 0.00923213
625.292 1.02842 0.00957668
625.628 1.0253 0.00985146
625.963 1.00586 0.00982243
626.299 1.00973 0.00963869
626.634 1.00278 0.00945476
626.969 1.02173 0.00972016
627.304 1.03234 0.0105908
627.64 1.02326 0.0113098
627.975 0.996516 0.0109377
628.31 0.989 0.0102997
628.645 1.01696 0.0102054
628.98 1.01672 0.0104284
629.315 1.01696 0.0106296
629.65 1.01837 0.0107218
629.985 1.01476 0.0106727
630.319 1.02334 0.0111864
630.654 1.00622 0.0112188
630.989 1.01604 0.0112182
631.323 1.01551 0.0114096
631.658 1.02346 0.011921
631.993 1.02471 0.0124447
632.327 1.01206 0.0124148
632.662 1.01262 0.012351
632.996 1.00649 0.0120404
633.33 0.998981 0.0118178
633.665 1.01295 0.0123169
633.999 1.01653 0.0127135
634.333 1.01063 0.012674
634.667 1.00182 0.0126623
635.001 1.01583 0.0124399
635.335 0.995649 0.0118471
635.669 1.0073 0.011474
636.003 1.02283 0.0117231
636.337 1.03526 0.0123836
636.671 1.03367 0.0130205
637.005 1.01012 0.0132209
637.339 1.01022 0.0131631
637.672 0.99278 0.0125725
638.006 1.00871 0.0123476
638.339 1.01137 0.0125441
638.673 1.00603 0.0129093
639.006 1.02354 0.0134302
639.34 1.00394 0.0132936
639.673 1.01667 0.0135685
640.007 1.00183 0.0134353
640.34 1.01243 0.0137418
640.673 1.00969 0.0138277
641.006 1.01386 0.0140599
641.34 1.00984 0.0141848
641.673 1.01538 0.0145633
642.006 1.01038 0.0147777
642.339 1.00393 0.01447
642.672 1.00666 0.0144006
643.004 1.00287 0.0144555
643.337 1.01995 0.0150477
643.67 1.00177 0.0149089
644.003 1.00279 0.0147703
644.336 1.00259 0.0147069
644.668 0.987313 0.0145683
645.001 1.02348 0.0150892
645.333 1.02108 0.0154421
645.666 1.01555 0.015718
645.998 1.0038 0.0159836
646.331 1.02736 0.0164158
646.663 1.00737 0.0160881
646.995 0.992312 0.0149937
647.327 0.989456 0.0137494
647.66 1.00257 0.0130828
647.992 1.00043 0.0128692
648.324 1.00485 0.01285
648.656 1.01965 0.0131242
648.988 1.02342 0.0136719
649.32 1.03709 0.014722
649.652 1.02508 0.0153232
649.983 1.01766 0.0155964
650.315 1.01982 0.0157135
650.647 0.99561 0.0151697
650.979 0.990168 0.0144381
651.31 0.99152 0.0138923
651.642 1.0034 0.0136615
651.973 1.0032 0.013651
652.305 1.00631 0.0136203
652.636 1.02697 0.0139501
652.967 1.02057 0.0142208
653.299 1.01703 0.0145271
653.63 0.999013 0.0142351
653.961 0.989472 0.0131604
654.292 0.894327 0.00960339
654.623 0.793832 0.00327942
654.955 0.896366 0.00342081
655.286 0.896311 0.0034206
655.616 0.896256 0.00342039
655.947 0.896199 0.00342017
656.278 0.896142 0.00341995
656.609 0.981387 0.00374527
656.94 1.15232 0.00537023
657.27 1.13057 0.00623627
657.601 1.10642 0.00711558
657.932 1.08749 0.00843778
658.262 1.06871 0.0101894
658.593 1.04563 0.0120901
658.923 1.03743 0.0140811
659.254 1.03103 0.0155062
659.584 1.01225 0.0163129
659.914 1.00178 0.0169939
660.244 1.0044 0.0174411
660.575 0.995313 0.0172351
660.905 0.995492 0.0172622
661.235 0.995395 0.0170198
661.565 0.995288 0.0168964
661.895 0.998647 0.0168283
662.225 0.985418 0.0169798
662.555 0.995303 0.0173017
662.884 0.985077 0.0170202
663.214 0.99579 0.0168765
663.544 1.00967 0.0168169
663.873 0.992849 0.0164291
664.203 1.01169 0.0164037
664.533 0.997051 0.0158435
664.862 0.997827 0.0157394
665.192 0.997824 0.0161921
665.521 1.01108 0.0171842
665.85 0.986843 0.0174813
666.18 1.0069 0.0183855
666.509 0.998071 0.0181959
666.838 0.98524 0.0176511
667.167 0.97815 0.0173616
667.496 0.994955 0.0178119
667.825 0.989195 0.0178496
668.154 0.981156 0.0177474
668.483 1.00066 0.0178011
668.812 1.00201 0.0174812
669.141 0.993229 0.0172308
669.47 1.01398 0.0171956
669.798 1.01324 0.0173651
670.127 0.979472 0.0170894
670.456 0.958849 0.0159523
670.784 0.972695 0.0144119
671.113 0.980497 0.0132822
671.441 1.00492 0.0128489
671.77 1.00758 0.0130796
672.098 1.01067 0.013615
672.426 1.04307 0.0153775
672.755 1.00792 0.0160724
673.083 1.01731 0.0163753
673.411 1.00049 0.016207
673.739 0.997 0.0164154
674.067 0.998688 0.0172971
674.395 1.00059 0.0173115
674.723 0.980261 0.0166886
675.051 0.991592 0.016542
675.379 0.996706 0.0165709
675.706 1.00993 0.016864
676.034 1.00384 0.0171924
676.362 0.984807 0.0171107
676.689 0.986897 0.0160898
677.017 0.995812 0.0151011
677.344 0.997109 0.0145157
677.672 1.00819 0.0148464
677.999 0.996031 0.0149362
678.327 1.00444 0.0147002
678.654 1.0085 0.0140888
678.981 1.00372 0.0136326
679.308 1.01613 0.013826
679.636 1.02938 0.0145663
679.963 1.03852 0.0153631
680.29 1.00212 0.0151325
680.617 0.998486 0.0148238
680.944 1.00706 0.0146665
681.271 1.03109 0.015268
681.597 1.02316 0.0162378
681.924 1.02233 0.0172871
682.251 0.988674 0.0169333
682.578 1.00017 0.0161364
682.904 0.980925 0.0149114
683.231 0.997232 0.0144368
683.557 0.992079 0.014077
683.884 0.989188 0.0136555
684.21 0.999934 0.013408
684.536 1.00232 0.0129853
684.863 1.01383 0.0128634
685.189 1.01706 0.0131012
685.515 1.02571 0.013869
685.841 1.01445 0.0142443
686.167 0.994086 0.0141146
686.493 1.02569 0.0141659
686.819 1.02029 0.0142087
687.145 1.02069 0.014832
687.471 1.02363 0.015973
687.797 1.01449 0.016435
688.123 0.996325 0.0161881
688.448 1.00143 0.0156971
688.774 1.00391 0.0152442
689.1 0.997246 0.0154507
689.425 1.00643 0.0161729
689.751 1.0096 0.0164604
690.076 0.990998 0.0154
690.402 0.992582 0.0143995
690.727 0.988126 0.0139236
691.052 1.00556 0.0144142
691.377 0.999443 0.0148016
691.703 1.01878 0.0153224
692.028 0.985871 0.0150815
692.353 1.01109 0.0149503
692.678 1.0117 0.0150698
693.003 1.04084 0.0158664
693.328 1.01703 0.0168417
693.652 1.00883 0.017531
693.977 0.979904 0.016865
694.302 0.979434 0.0158982
694.627 0.999691 0.0158373
694.951 1.00263 0.0164308
695.276 1.0219 0.0181845
695.6 0.985573 0.0181587
695.925 0.973766 0.0158414
696.249 0.980964 0.0140199
696.574 1.00345 0.0134384
696.898 1.0416 0.0143147
697.222 1.02137 0.0149829
697.546 1.01174 0.0155121
697.871 1.01626 0.0158742
698.195 1.00375 0.0158918
698.519 0.994676 0.0162201
698.843 1.01483 0.0168526
699.167 0.996392 0.0173263
699.491 1.01075 0.0181152
699.814 0.999841 0.0181629
700.138 0.994852 0.0181729
700.462 1.00524 0.0185695
700.786 0.986326 0.0181497
701.109 1.00424 0.0178624
701.433 0.994095 0.0171565
701.756 0.990311 0.0165125
702.08 0.997453 0.0165734
702.403 1.00109 0.0169417
702.726 1.00148 0.0176642
703.05 0.993116 0.0180196
703.373 0.998052 0.0182749
703.696 0.997065 0.0182812
704.019 1.00799 0.0190225
704.342 1.00641 0.0197009
704.665 1.01979 0.0206502
704.988 0.986768 0.0201802
705.311 0.961338 0.0186945
705.634 0.957335 0.0167499
705.957 0.979859 0.0153477
706.28 0.987354 0.0142721
706.602 1.0073 0.014266
706.925 1.01712 0.0146369
707.247 1.02349 0.0152677
707.57 0.999532 0.015683
707.892 1.01233 0.0163217
708.215 1.03378 0.0172997
708.537 0.995145 0.0173911
708.859 1.00025 0.0175354
709.182 0.997925 0.0173336
709.504 1.0028 0.0169186
709.826 1.00682 0.0167397
710.148 1.00082 0.016757
710.47 1.00763 0.0172918
710.792 1.00216 0.0178821
711.114 1.0016 0.0184764
711.436 0.999298 0.0188658
711.758 0.994884 0.0185194
712.079 0.985972 0.0182256
712.401 0.992518 0.0173837
712.723 0.978447 0.0166334
713.044 0.983989 0.0157152
713.366 1.0015 0.0156779
713.687 1.01386 0.0159024
714.009 1.01047 0.0163067
714.33 1.00747 0.0166475
714.652 1.01174 0.0171568
714.973 1.00284 0.0176731
715.294 0.996795 0.0185259
715.615 1.0168 0.0199074
715.936 0.987934 0.0199105
716.257 0.982961 0.0200515
716.578 0.998163 0.0203417
716.899 1.00035 0.0199101
717.22 0.984437 0.0184769
717.541 0.983151 0.0179699
717.862 1.00081 0.0180696
718.182 0.972807 0.0177799
718.503 0.982883 0.0174833
718.824 1.00337 0.0179162
719.144 1.00359 0.0182046
719.465 0.990398 0.0184976
719.785 0.971803 0.0179452
720.105 0.988757 0.0178632
720.426 0.993614 0.0176849
720.746 1.00755 0.0181106
721.066 1.00196 0.0180929
721.386 0.983447 0.0181086
721.706 1.00482 0.0188366
722.026 1.0091 0.0193776
722.346 1.00011 0.0194516
722.666 1.01339 0.0193241
722.986 0.987351 0.018601
723.306 0.994614 0.0188152
723.626 1.00398 0.0192783
723.946 0.979255 0.0190014
724.265 0.988335 0.0180687
724.585 0.979389 0.0170384
724.904 0.986987 0.0169773
725.224 0.994428 0.0170867
725.543 0.998655 0.0171193
725.863 0.995264 0.017254
726.182 1.02057 0.0181813
726.501 0.988391 0.0181742
726.82 1.01743 0.0185607
727.14 0.974368 0.0174602
727.459 0.98675 0.0170408
727.778 0.973395 0.0168246
728.097 0.986567 0.0171697
728.416 0.975967 0.0168842
728.734 0.983231 0.0164081
729.053 0.999771 0.0163833
729.372 1.00408 0.0163847
729.691 0.990471 0.0158632
730.009 1.00311 0.0151967
730.328 0.996141 0.0146981
730.647 1.00719 0.0147963
730.965 1.00904 0.0153288
731.283 1.01796 0.0159748
731.602 0.987757 0.0159193
731.92 0.998938 0.0157246
732.238 0.990638 0.015282
732.557 1.00857 0.0152785
732.875 0.982613 0.014715
733.193 0.991381 0.0138991
733.511 1.00003 0.0136406
733.829 1.01509 0.0141551
734.147 1.02247 0.0151408
734.465 1.01323 0.0157579
734.782 1.0239 0.0158262
735.1 1.00529 0.0152425
735.418 1.00066 0.0151948
735.735 1.0077 0.0152941
736.053 0.994177 0.0150228
736.371 1.01265 0.0153183
736.688 1.00031 0.0157795
737.005 1.01862 0.0168933
737.323 1.00479 0.0174198
737.64 0.991449 0.0173236
737.957 0.982365 0.0163491
738.274 0.982562 0.0150072
738.592 1.01721 0.0148978
738.909 1.00636 0.0151914
739.226 1.00663 0.0165483
739.543 1.00738 0.0178443
739.86 1.02633 0.0190584
740.176 1.02224 0.0195144
740.493 1.00395 0.019923
740.81 0.967772 0.0196224
741.127 0.99024 0.0196392
741.443 0.982952 0.0185399
741.76 0.98335 0.0179291
742.076 1.00357 0.0182729
742.393 0.994952 0.0191702
742.709 1.02113 0.0204957
743.025 1.01123 0.0207719
743.342 0.981723 0.0202786
743.658 0.985962 0.0199313
743.974 0.990426 0.0194239
744.29 0.982857 0.0193298
744.606 0.974938 0.0194575
744.922 0.988973 0.0196321
745.238 0.96923 0.0194943
745.554 0.990106 0.0201798
745.87 0.98529 0.0203427
746.186 0.970113 0.0193538
746.501 0.995804 0.018887
746.817 0.983701 0.0190708
747.132 1.0224 0.0208693
747.448 0.98685 0.0213087
747.763 0.958084 0.0206823
748.079 0.956004 0.0198
748.394 0.997937 0.0188586
748.71 0.962523 0.0172426
749.025 0.97915 0.0163736
749.34 0.989499 0.0162459
749.655 1.01213 0.0167901
749.97 1.01982 0.0174605
750.285 0.993529 0.0172872
750.6 0.989031 0.0168794
750.915 0.974239 0.0163363
751.23 1.00833 0.016947
751.545 1.02982 0.0178303
751.859 0.990364 0.0181441
752.174 0.99168 0.0183682
752.489 0.983075 0.0173676
752.803 0.993452 0.016411
753.118 0.999009 0.0163333
753.432 0.997576 0.0168691
753.747 1.01956 0.0176862
754.061 1.00188 0.016938
754.375 0.977176 0.0160277
754.689 0.985423 0.0155942
755.004 1.00777 0.0157447
755.318 1.00084 0.0153484
755.632 0.988895 0.0145124
755.946 1.00163 0.0143416
756.26 0.977742 0.0135361
756.573 0.998861 0.0130902
756.887 0.995891 0.0126728
757.201 1.00352 0.0129912
757.515 1.02516 0.0143832
757.828 1.02062 0.0153915
758.142 0.99639 0.0151574
758.455 0.992433 0.0140487
758.769 0.997858 0.0133406
759.082 0.993062 0.0129465
759.396 1.00119 0.012804
759.709 1.00908 0.0127547
760.022 1.02247 0.0129523
760.335 1.02542 0.0136527
760.648 1.03716 0.0147578
760.962 1.03545 0.0158275
761.275 1.01688 0.0164619
761.587 1.01691 0.0166765
761.9 1.01295 0.0166861
762.213 0.998885 0.0160287
762.526 1.0063 0.0155077
762.839 0.990319 0.0153225
763.151 0.997252 0.0149319
763.464 0.991619 0.014083
763.776 0.996048 0.0131105
764.089 1.00717 0.0129051
764.401 1.01435 0.0134111
764.714 1.00993 0.0141689
765.026 1.02222 0.0152151
765.338 1.0128 0.0161258
765.65 1.02526 0.017463
765.962 1.01148 0.0181515
766.275 1.00576 0.0187477
766.587 0.990363 0.0186651
766.898 0.967926 0.0178602
767.21 0.975686 0.0168717
767.522 0.985349 0.0157315
767.834 0.996113 0.0152377
768.146 0.986334 0.0152722
768.457 1.02464 0.0165172
768.769 1.0077 0.0172522
769.08 0.976279 0.0170578
769.392 0.978752 0.0164619
769.703 0.997651 0.01576
770.015 0.99716 0.0151549
770.326 1.01208 0.0152976
770.637 1.01785 0.0158959
770.948 1.01122 0.0170008
771.26 1.00155 0.0179822
771.571 1.01051 0.0182604
771.882 0.984378 0.0175847
772.193 1.01671 0.0180523
772.504 1.01195 0.0184606
772.814 1.00897 0.0188012
773.125 1.00641 0.019166
773.436 0.987149 0.019527
773.747 0.971529 0.019808
774.057 0.995715 0.020482
774.368 1.00768 0.0209288
774.678 0.990797 0.0212937
774.989 0.968689 0.0213853
775.299 0.982838 0.0222658
775.609 0.981063 0.0219976
775.919 0.982158 0.0218294
776.23 0.989801 0.0219407
776.54 0.967797 0.0215117
776.85 0.989747 0.021983
777.16 0.968448 0.0210992
777.47 0.973108 0.0200511
777.78 0.966509 0.0191023
778.089 0.988783 0.01835
778.399 0.975002 0.0181063
778.709 1.0118 0.0192957
779.019 1.01113 0.0205565
779.328 0.985777 0.0213952
779.638 0.985592 0.0211103
779.947 0.974852 0.0191387
780.257 0.976741 0.0174758
780.566 0.997181 0.0169969
780.875 0.983092 0.0172621
781.185 1.00645 0.0185737
781.494 0.981955 0.0186493
781.803 0.997411 0.0192977
782.112 0.987715 0.0194847
782.421 0.991763 0.0192681
782.73 0.980384 0.0186528
783.039 0.990698 0.0189886
783.348 0.991651 0.020514
783.656 0.99158 0.0216403
783.965 0.955585 0.0215624
784.274 0.978998 0.0209958
784.582 0.99406 0.0204996
784.891 0.992657 0.0203643
785.199 0.969939 0.0204349
785.508 0.992233 0.0212377
785.816 0.978565 0.0214744
786.124 0.971232 0.0209215
786.432 0.974213 0.0199246
786.741 0.988061 0.0192988
787.049 0.992948 0.0192322
787.357 0.997639 0.0195726
787.665 1.00501 0.0195265
787.973 1.02646 0.0199132
788.281 0.990348 0.019967
788.588 0.993094 0.0210592
788.896 0.98704 0.0223006
789.204 1.00708 0.023441
789.511 1.0159 0.0236073
789.819 0.9959 0.0237997
790.126 0.975616 0.0235659
790.434 0.998816 0.0238391
790.741 0.997407 0.0237621
791.049 0.987588 0.0236199
791.356 0.966009 0.0241186
791.663 0.969959 0.0246039
791.97 0.963432 0.0245847
792.277 0.95753 0.024054
792.584 0.949714 0.0226923
792.891 0.938461 0.0199517
793.198 0.975462 0.0188818
793.505 0.990265 0.0186523
793.812 0.973638 0.0190182
794.119 0.979462 0.0195135
794.425 1.00322 0.0203353
794.732 0.983263 0.0210497
795.038 1.01688 0.0236497
795.345 0.991548 0.0251132
795.651 0.989083 0.0264267
795.958 0.969065 0.0262111
796.264 0.920264 0.0238353
796.57 0.984795 0.0237548
796.876 1.00469 0.0237875
797.183 0.972607 0.0238373
797.489 0.96368 0.0247015
797.795 0.969103 0.0249926
798.101 0.988602 0.0251311
798.406 0.966267 0.0249776
798.712 0.979177 0.0258866
799.018 0.950474 0.0259028
799.324 0.955271 0.0260362
799.629 0.949454 0.026074
799.935 0.970309 0.0265542
800.24 0.998686 0.0274522
800.546 0.946827 0.0267391
800.851 0.933915 0.0267978
801.157 0.955013 0.0282596
801.462 0.931432 0.0281793
801.767 0.958474 0.0287214
802.072 0.941216 0.0273576
802.377 0.970588 0.0267336
802.682 0.968346 0.0262726
802.987 0.978749 0.0271469
803.292 0.932715 0.0271783
803.597 0.945714 0.0276
803.902 0.938484 0.0274251
804.207 0.959462 0.0275564
804.511 0.950966 0.0270137
804.816 0.903785 0.0247441
805.12 0.946143 0.0236556
805.425 0.958657 0.0224276
805.729 1.0046 0.0231386
806.034 0.986299 0.0238143
806.338 0.974338 0.0250184
806.642 0.969763 0.0255952
806.946 0.961177 0.0252238
807.251 0.978173 0.0256798
807.555 0.987301 0.0253888
807.859 0.977764 0.025074
808.162 0.980845 0.0258423
808.466 1.00449 0.0270421
808.77 0.952781 0.0270346
809.074 0.981043 0.0283708
809.378 0.987931 0.0285198
809.681 0.930991 0.0274678
809.985 0.990985 0.0287974
810.288 0.986039 0.0290458
810.592 0.979838 0.0287372
810.895 0.94843 0.0289444
811.198 0.947642 0.0302117
811.502 0.948866 0.0306709
811.805 0.946833 0.0314797
812.108 0.906398 0.0293978
812.411 0.958191 0.0293307
812.714 0.937488 0.027032
813.017 0.970058 0.0260227
813.32 0.962105 0.0258773
813.623 0.950331 0.026531
813.926 0.977907 0.0288626
814.228 0.999934 0.0307467
814.531 0.970062 0.0312549
814.833 0.926699 0.0303136
815.136 0.948188 0.0308494
815.438 0.957492 0.0313541
815.741 0.895434 0.0290638
816.043 0.910625 0.0289528
816.345 0.923738 0.0289644
816.648 0.935472 0.0293853
816.95 0.913473 0.0294835
817.252 0.94432 0.0306505
817.554 0.923003 0.0303674
817.856 0.915813 0.0308949
818.158 0.893784 0.0307861
818.46 0.945977 0.0324754
818.761 0.964717 0.032676
819.063 0.907683 0.0311452
819.365 0.914481 0.0303381
819.666 0.89113 0.0284507
819.968 0.968133 0.0286761
820.269 0.943116 0.0279973
820.571 0.941759 0.0287107
820.872 0.91531 0.029375
821.173 0.903553 0.0303452
821.475 0.937519 0.0320997
821.776 0.911564 0.0314883
822.077 0.925849 0.0315492
822.378 0.941589 0.0320383
822.679 0.940241 0.0325394
822.98 0.902255 0.0315792
823.281 0.949086 0.0334389
823.581 0.909817 0.0324095
823.882 0.929568 0.0331786
824.183 0.930794 0.0328636
824.483 0.911495 0.0313648
824.784 0.892763 0.0297657
825.084 0.935495 0.031016
825.385 0.950666 0.0316764
825.685 0.915529 0.031754
825.985 0.876707 0.0308078
826.286 0.878666 0.0304186
826.586 0.873389 0.0297322
826.886 0.932238 0.0307747
827.186 0.95981 0.0316848
827.486 0.918472 0.0320362
827.786 0.935942 0.0328322
828.086 0.93316 0.0324538
828.386 0.903348 0.031514
828.685 0.921928 0.0316602
828.985 0.95375 0.0331643
829.285 0.904553 0.0325206
829.584 0.860979 0.0322403
829.884 0.941958 0.0342365
830.183 0.934424 0.0358768
830.482 0.889359 0.0346191
830.782 0.900387 0.0349811
831.081 0.913477 0.0365681
831.38 0.853029 0.0341948
831.679 0.921223 0.035616
831.978 0.921829 0.0356845
832.277 0.89667 0.03406
832.576 0.903423 0.0335449
832.875 0.890715 0.0332878
833.174 0.861845 0.0325384
833.472 0.91796 0.0338351
833.771 0.899265 0.0339444
834.07 0.921947 0.0335531
834.368 0.891854 0.0333239
834.667 0.9047 0.0344493
834.965 0.934745 0.0355424
835.263 0.928838 0.0354777
835.562 0.90281 0.0349929
835.86 0.946869 0.0355059
836.158 0.844808 0.0339193
836.456 0.896816 0.0358683
836.754 0.866344 0.0351551
837.052 0.882238 0.0366026
837.35 0.872347 0.0356911
837.648 0.854859 0.0358001
837.946 0.857823 0.0361677
838.243 0.895496 0.0369639
838.541 0.813808 0.0343119
838.839 0.920182 0.036539
839.136 0.845516 0.0349515
839.434 0.906004 0.0359602
839.731 0.968226 0.0381751
840.028 0.860064 0.0351553
840.326 0.885993 0.0361299
840.623 0.938116 0.0371436
840.92 0.831822 0.0353127
841.217 0.902995 0.0378253
841.514 0.907204 0.0381252
841.811 0.87675 0.0362426
842.108 0.883157 0.0374441
842.405 0.884516 0.0377526
842.701 0.897762 0.0382096
842.998 0.849829 0.0360311
843.295 0.889212 0.0376622
843.591 0.895827 0.0378847
843.888 0.880099 0.0371165
844.184 0.851277 0.0367152
844.481 0.863537 0.0363721
844.777 0.84044 0.0360581
845.073 0.891446 0.0374161
845.369 0.880361 0.0375558
845.665 0.880571 0.0381093
845.962 0.87286 0.0371976
846.258 0.894395 0.0383829
846.553 0.87497 0.0380188
846.849 0.857783 0.0377085
847.145 0.86848 0.0367098
847.441 0.850888 0.0365541
847.737 0.860054 0.0364459
848.032 0.909587 0.0381967
848.328 0.869325 0.0375134
848.623 0.908255 0.0388562
848.919 0.821832 0.0361378
849.214 0.814633 0.0355687
849.509 0.865882 0.0372175
849.805 0.88115 0.0382975
850.1 0.918522 0.0399754
850.395 0.913431 0.0397324
850.69 0.933635 0.0404489
850.985 0.824173 0.0366553
851.28 0.880157 0.0377225
851.575 0.916327 0.0389599
851.869 0.939001 0.0393042
852.164 0.909877 0.0381135
852.459 0.839666 0.0356091
852.753 0.942497 0.0372017
853.048 0.908494 0.0346295
853.342 0.90698 0.0343605
853.637 0.953595 0.0358654
853.931 0.925032 0.0349452
854.225 0.878418 0.0339036
854.52 0.947888 0.0365311
854.814 0.920098 0.0361112
855.108 0.87638 0.0340994
855.402 0.872535 0.0346471
855.696 0.915781 0.0365114
855.99 0.910658 0.0369963
856.283 0.909804 0.0361675
856.577 0.90459 0.0368882
856.871 0.894967 0.0364015
857.164 0.848951 0.0358389
857.458 0.949768 0.0391665
857.751 0.860979 0.036644
858.045 0.850562 0.0359798
858.338 0.888392 0.037372
858.632 0.836266 0.035429
858.925 0.890599 0.0375213
859.218 0.855036 0.0366079
859.511 0.915095 0.039457
859.804 0.905852 0.0388645
860.097 0.827586 0.0361636
860.39 0.893965 0.0386889
860.683 0.898646 0.0386258
860.976 0.90497 0.039072
861.268 0.835939 0.0369718
861.561 0.8708 0.0388163
861.854 0.96405 0.0420586
862.146 0.896308 0.0391136
862.439 0.9163 0.0393334
862.731 0.83645 0.0366603
863.023 0.877422 0.0387637
863.316 0.809981 0.0365722
863.608 0.915001 0.0390741
863.9 0.883017 0.0384095
864.192 0.852454 0.0368438
864.484 0.913146 0.0390451
864.776 0.927007 0.0396893
865.068 0.841807 0.0375874
865.36 0.81751 0.0369441
865.651 0.894447 0.0396585
865.943 0.870817 0.0384079
866.235 0.869469 0.0385726
866.526 0.928231 0.040929
866.818 0.842612 0.0376876
867.109 0.822405 0.0370048
867.4 0.935787 0.040233
867.692 0.883065 0.0392967
867.983 0.893286 0.0391408
868.274 0.896389 0.0397005
868.565 0.845474 0.0380647
868.856 0.872338 0.0389177
869.147 0.880344 0.0389899
869.438 0.862949 0.0384988
869.729 0.867885 0.0388398
870.02 0.933409 0.0418674
870.31 0.872582 0.0392176
870.601 0.875302 0.0387127
870.892 0.89214 0.0386821
871.182 0.829462 0.0371415
871.473 0.887102 0.0392454
871.763 0.857723 0.0376648
872.053 0.874207 0.0384729
872.343 0.872474 0.0383754
872.634 0.846641 0.0381831
872.924 0.832565 0.0371119
873.214 0.889455 0.0391439
873.504 0.90748 0.0400693
873.794 0.898557 0.040868
874.084 0.867153 0.0400316
874.373 0.844499 0.0385111
874.663 0.852935 0.0377864
874.953 0.867517 0.0393757
875.242 0.867029 0.0388346
875.532 0.873697 0.0386633
875.821 0.875757 0.0389495
876.111 0.861804 0.0384914
876.4 0.884503 0.0394828
876.689 0.908784 0.0397551
876.978 0.896629 0.0395029
877.268 0.900306 0.0396542
877.557 0.885729 0.0397857
877.846 0.852612 0.0389041
878.134 0.888674 0.0400788
878.423 0.888837 0.0400861
878.712 0.889001 0.0400935
