178.41 0.501282 0.109519
178.791 0.504456 0.110213
179.172 0.507607 0.110901
179.553 0.457001 0.457001
179.934 0.657204 0.657204
180.316 0.652639 0.652639
180.697 0.444038 0.444038
181.078 1.04041 1.04041
181.459 0.499233 0.499233
181.84 0.2148 0.2148
182.221 0.0570519 0.0570519
182.602 0.110961 0.110961
182.983 1.42498 0.540527
183.364 0.335658 0.102806
183.744 0.632106 0.0890731
184.125 0.580766 0.0740626
184.506 0.474802 0.0548583
184.887 0.529973 0.0516832
185.268 0.481218 0.0423985
185.648 0.496868 0.041705
186.029 0.517397 0.0405929
186.41 0.48725 0.0383626
186.791 0.589141 0.0405399
187.171 0.478674 0.0312559
187.552 0.457926 0.0248726
187.932 0.542467 0.0275652
188.313 0.494384 0.024578
188.694 0.491391 0.0244895
189.074 0.503793 0.0239068
189.455 0.455512 0.0221016
189.835 0.506065 0.0239535
190.216 0.48494 0.0228304
190.596 0.474868 0.0216209
190.977 0.492816 0.0218546
191.357 0.505967 0.0222097
191.737 0.487195 0.0215215
192.118 0.483502 0.0213347
192.498 0.487804 0.0207646
192.878 0.476508 0.0206807
193.258 0.480601 0.0204109
193.639 0.470191 0.0199382
194.019 0.489977 0.0205328
194.399 0.48539 0.0202601
194.779 0.458966 0.0189114
195.159 0.467023 0.0196296
195.54 0.46189 0.0189364
195.92 0.466617 0.0190894
196.3 0.449971 0.0184742
196.68 0.470746 0.0189902
197.06 0.457855 0.0186166
197.44 0.438595 0.018046
197.82 0.441877 0.0179711
198.2 0.423056 0.017576
198.58 0.409054 0.0168265
198.959 0.40719 0.0167578
199.339 0.40639 0.016814
199.719 0.400072 0.0163632
200.099 0.383517 0.0160595
200.479 0.388552 0.0161189
200.858 0.38932 0.0158969
201.238 0.37065 0.0152688
201.618 0.39232 0.0158851
201.998 0.361784 0.0148891
202.377 0.359166 0.0148349
202.757 0.359424 0.0146453
203.136 0.36162 0.0145946
203.516 0.360316 0.0143513
203.896 0.340127 0.0137718
204.275 0.324715 0.0131907
204.655 0.342397 0.0135708
205.034 0.335733 0.01328
205.414 0.328393 0.0129696
205.793 0.32695 0.0128251
206.172 0.315843 0.0126169
206.552 0.312195 0.0123299
206.931 0.315927 0.0122133
207.31 0.295426 0.0116831
207.69 0.299091 0.0116615
208.069 0.300123 0.0115269
208.448 0.292973 0.0112454
208.827 0.303138 0.011373
209.207 0.294831 0.0111868
209.586 0.289625 0.0107975
209.965 0.279988 0.0105828
210.344 0.278585 0.0104023
210.723 0.282495 0.0103463
211.102 0.280047 0.0101232
211.481 0.276281 0.0100018
211.86 0.276923 0.00991379
212.239 0.273814 0.00975839
212.618 0.273683 0.009615
212.997 0.269073 0.00937815
213.376 0.269263 0.00934795
213.755 0.261128 0.00907637
214.134 0.263376 0.00899189
214.513 0.263387 0.0088465
214.891 0.257566 0.00868979
215.27 0.251636 0.0084277
215.649 0.254483 0.00840555
216.028 0.251818 0.00821704
216.406 0.251039 0.00811883
216.785 0.248236 0.00794201
217.164 0.242519 0.00777143
217.542 0.24167 0.00759517
217.921 0.249076 0.00761196
218.3 0.240748 0.00745712
218.678 0.234935 0.00725067
219.057 0.232841 0.00708976
219.435 0.233066 0.00697662
219.814 0.237337 0.00698838
220.192 0.234395 0.00683297
220.57 0.235763 0.00677254
220.949 0.235469 0.00665475
221.327 0.234493 0.00653051
221.705 0.232315 0.00643356
222.084 0.227509 0.00622855
222.462 0.227115 0.00614901
222.84 0.227418 0.00610232
223.218 0.21968 0.00584826
223.597 0.225985 0.00587167
223.975 0.223519 0.00573441
224.353 0.225153 0.00569212
224.731 0.22325 0.00557668
225.109 0.221904 0.00544753
225.487 0.219667 0.00534296
225.865 0.221048 0.00527776
226.243 0.223585 0.00524057
226.621 0.221466 0.00514699
226.999 0.217341 0.00499438
227.377 0.219122 0.00496611
227.755 0.217587 0.00488412
228.133 0.221892 0.00486956
228.511 0.217077 0.00475911
228.889 0.214425 0.00463952
229.266 0.216602 0.00461875
229.644 0.212668 0.00448652
230.022 0.218046 0.00448408
230.4 0.215482 0.00441563
230.777 0.218073 0.00439984
231.155 0.22032 0.00436495
231.533 0.215772 0.00425851
231.91 0.21457 0.00418914
232.288 0.214769 0.00415137
232.665 0.214765 0.00409789
233.043 0.217925 0.00408896
233.42 0.213901 0.00399628
233.798 0.217068 0.00399632
234.175 0.219295 0.00396445
234.553 0.215496 0.00388812
234.93 0.218865 0.00387914
235.307 0.219054 0.00384938
235.685 0.218585 0.00381386
236.062 0.218479 0.00376839
236.439 0.220048 0.00376319
236.816 0.2197 0.00371423
237.194 0.221102 0.00368662
237.571 0.219702 0.00364292
237.948 0.218704 0.00361544
238.325 0.221312 0.00359667
238.702 0.221514 0.00357707
239.079 0.223532 0.00355768
239.456 0.221631 0.00351885
239.833 0.222637 0.00350408
240.21 0.22461 0.00348706
240.587 0.224797 0.00347236
240.964 0.226249 0.00345513
241.341 0.22492 0.00341587
241.718 0.22564 0.00338894
242.095 0.226684 0.00339576
242.472 0.227689 0.0033763
242.849 0.228166 0.00335461
243.225 0.230459 0.00334203
243.602 0.22688 0.00329928
243.979 0.228182 0.0032973
244.356 0.228178 0.00328374
244.732 0.228931 0.00325566
245.109 0.231508 0.003251
245.486 0.229596 0.00323305
245.862 0.231725 0.00323196
246.239 0.230744 0.00319223
246.615 0.234456 0.00321198
246.992 0.233568 0.00318241
247.368 0.234061 0.00318575
247.745 0.233223 0.00315323
248.121 0.23609 0.00315092
248.497 0.235372 0.00314105
248.874 0.235845 0.00312515
249.25 0.236921 0.00310471
249.626 0.237614 0.0031041
250.003 0.237884 0.00308764
250.379 0.235316 0.00304103
250.755 0.238154 0.00306196
251.131 0.239796 0.00305093
251.507 0.23762 0.00303302
251.884 0.239962 0.003027
252.26 0.242355 0.00304283
252.636 0.241042 0.00300695
253.012 0.240869 0.00299491
253.388 0.24342 0.00300167
253.764 0.242236 0.00298211
254.14 0.243864 0.00298499
254.516 0.243804 0.00298055
254.892 0.244161 0.00296765
255.268 0.245885 0.00297494
255.643 0.246881 0.00296845
256.019 0.247573 0.0029704
256.395 0.247957 0.0029665
256.771 0.248637 0.00294891
257.147 0.24874 0.00294617
257.522 0.249055 0.00294337
257.898 0.250298 0.00294585
258.274 0.249059 0.00293095
258.649 0.251585 0.00294397
259.025 0.252286 0.00293188
259.4 0.250865 0.00292202
259.776 0.25469 0.00293513
260.151 0.255561 0.00295003
260.527 0.254266 0.00292943
260.902 0.255452 0.00292827
261.278 0.255551 0.00292265
261.653 0.257898 0.00293596
262.028 0.258203 0.00294052
262.404 0.255978 0.0029144
262.779 0.25892 0.00292376
263.154 0.260731 0.00292879
263.53 0.261913 0.00292742
263.905 0.2613 0.00292967
264.28 0.26178 0.00293084
264.655 0.260676 0.00291614
265.03 0.264581 0.00294697
265.405 0.263906 0.00293341
265.781 0.266544 0.00295153
266.156 0.265533 0.00294277
266.531 0.264956 0.00292406
266.906 0.267697 0.00295537
267.281 0.269402 0.0029501
267.655 0.26937 0.00296096
268.03 0.271376 0.00297361
268.405 0.269315 0.00295836
268.78 0.270229 0.00296331
269.155 0.271182 0.00296192
269.53 0.271318 0.00297288
269.904 0.274393 0.00298631
270.279 0.276722 0.00300086
270.654 0.276164 0.00298931
271.029 0.277531 0.00300238
271.403 0.276365 0.0029876
271.778 0.278728 0.00300887
272.152 0.280638 0.00302203
272.527 0.279894 0.00301538
272.901 0.280632 0.00300753
273.276 0.278724 0.00299046
273.65 0.284864 0.00303272
274.025 0.283022 0.00301504
274.399 0.283354 0.00303127
274.774 0.28617 0.00303925
275.148 0.28385 0.00301733
275.522 0.287859 0.0030467
275.897 0.289242 0.00305236
276.271 0.288996 0.0030541
276.645 0.290385 0.00305257
277.019 0.29086 0.00304679
277.393 0.289758 0.0030328
277.768 0.293356 0.00306601
278.142 0.29 0.00304536
278.516 0.294329 0.00307342
278.89 0.296582 0.00307907
279.264 0.297098 0.00309164
279.638 0.297615 0.00307935
280.012 0.299525 0.00309465
280.386 0.300472 0.00311575
280.76 0.302412 0.00311391
281.133 0.302455 0.00311984
281.507 0.303308 0.00312173
281.881 0.306208 0.00312944
282.255 0.306104 0.00313329
282.629 0.3115 0.00316996
283.002 0.311712 0.00317276
283.376 0.311556 0.00316329
283.75 0.311619 0.00317434
284.123 0.311367 0.00316199
284.497 0.3156 0.00318921
284.87 0.318256 0.00320588
285.244 0.318049 0.00319894
285.618 0.320844 0.00322122
285.991 0.320695 0.00323406
286.364 0.320665 0.00323271
286.738 0.32309 0.00324431
287.111 0.3267 0.00326376
287.485 0.327621 0.00327021
287.858 0.329273 0.00329068
288.231 0.329459 0.00328584
288.605 0.331151 0.0033033
288.978 0.331829 0.00329963
289.351 0.333899 0.00332712
289.724 0.332892 0.00332198
290.097 0.336661 0.00334472
290.47 0.341659 0.00338034
290.843 0.339857 0.00337023
291.217 0.338958 0.00336644
291.59 0.342658 0.00340821
291.963 0.344554 0.00341009
292.336 0.344763 0.00342203
292.708 0.347603 0.00344264
293.081 0.354913 0.00349466
293.454 0.35268 0.0034683
293.827 0.356399 0.0034969
294.2 0.357798 0.00352661
294.573 0.359785 0.0035251
294.945 0.360455 0.00354923
295.318 0.362823 0.00355949
295.691 0.366213 0.00358479
296.064 0.369909 0.00360945
296.436 0.365012 0.00358295
296.809 0.368065 0.00358823
297.181 0.371504 0.0036243
297.554 0.372007 0.0036323
297.926 0.373721 0.00364355
298.299 0.373639 0.00364704
298.671 0.37735 0.00364914
299.044 0.381959 0.00369148
299.416 0.385639 0.00371483
299.788 0.381927 0.00369116
300.161 0.387749 0.00373556
300.533 0.386203 0.0037229
300.905 0.387725 0.00371604
301.278 0.391538 0.00374211
301.65 0.39396 0.00374945
302.022 0.392857 0.00375237
302.394 0.397442 0.00378029
302.766 0.397779 0.00377656
303.138 0.398121 0.00379303
303.51 0.402777 0.00380521
303.882 0.403322 0.00380301
304.254 0.40225 0.00380541
304.626 0.403114 0.00379805
304.998 0.406455 0.00381262
305.37 0.40828 0.00384253
305.742 0.408846 0.00383078
306.114 0.4126 0.00384667
306.485 0.413502 0.00385173
306.857 0.416358 0.00386225
307.229 0.416452 0.00387618
307.601 0.416406 0.00387491
307.972 0.417581 0.00387638
308.344 0.419432 0.00388009
308.716 0.419804 0.00389782
309.087 0.423853 0.00391165
309.459 0.420835 0.00390361
309.83 0.426947 0.00393237
310.202 0.426891 0.00392572
310.573 0.425243 0.00392043
310.945 0.427427 0.00392775
311.316 0.429629 0.0039567
311.687 0.428749 0.0039368
312.059 0.430502 0.00395867
312.43 0.431624 0.00395663
312.801 0.43462 0.00398434
313.172 0.433472 0.00398153
313.544 0.436432 0.00399921
313.915 0.433414 0.00396003
314.286 0.437785 0.00399723
314.657 0.437527 0.0039872
315.028 0.437811 0.00399692
315.399 0.437382 0.00399364
315.77 0.439167 0.00399612
316.141 0.440783 0.00402013
316.512 0.441948 0.00402483
316.883 0.441802 0.0040323
317.254 0.442916 0.00403331
317.625 0.443687 0.00406169
317.996 0.442175 0.00403256
318.366 0.443523 0.00404873
318.737 0.443366 0.00404394
319.108 0.446162 0.00407068
319.478 0.443643 0.00406052
319.849 0.444432 0.0040622
320.22 0.444395 0.00406602
320.59 0.443447 0.00405936
320.961 0.443107 0.00406478
321.331 0.44749 0.00408537
321.702 0.441544 0.00407869
322.072 0.442465 0.00409529
322.443 0.444331 0.00409579
322.813 0.439298 0.00406497
323.184 0.442062 0.00408918
323.554 0.442371 0.0041036
323.924 0.440701 0.00409373
324.295 0.441829 0.00411885
324.665 0.442268 0.00412389
325.035 0.442656 0.00412031
325.405 0.440674 0.00412799
325.775 0.439081 0.00414056
326.145 0.440504 0.00414329
326.515 0.438133 0.00413975
326.886 0.438242 0.0041612
327.256 0.440505 0.0041759
327.626 0.436125 0.00418078
327.995 0.438135 0.00420074
328.365 0.435561 0.00419424
328.735 0.435059 0.00421289
329.105 0.434414 0.00425537
329.475 0.434069 0.00428709
329.845 0.427537 0.00431625
330.215 0.424281 0.00428365
330.584 0.42257 0.0042338
330.954 0.420003 0.00412117
331.324 0.422155 0.00401539
331.693 0.423537 0.00395294
332.063 0.423415 0.0039098
332.432 0.424606 0.00389511
332.802 0.420024 0.00390583
333.171 0.413949 0.00392837
333.541 0.409687 0.00398101
333.91 0.409618 0.00400089
334.28 0.407005 0.00401096
334.649 0.407257 0.00402383
335.018 0.404629 0.0040245
335.388 0.405236 0.00404052
335.757 0.402651 0.00402818
336.126 0.403868 0.00404876
336.495 0.395384 0.00399247
336.865 0.39404 0.00400218
337.234 0.394745 0.00402841
337.603 0.390489 0.00399846
337.972 0.390452 0.00400748
338.341 0.386459 0.00398041
338.71 0.383387 0.00396187
339.079 0.3826 0.00397215
339.448 0.379014 0.00394725
339.817 0.37937 0.00395887
340.186 0.376016 0.00394382
340.554 0.370503 0.00390967
340.923 0.373975 0.00393616
341.292 0.368869 0.00391289
341.661 0.367969 0.003913
342.029 0.366493 0.00389839
342.398 0.364527 0.00389314
342.767 0.362659 0.00389809
343.135 0.360137 0.00388161
343.504 0.361374 0.00390038
343.872 0.359771 0.00387725
344.241 0.361142 0.00389372
344.609 0.358314 0.00389386
344.978 0.359229 0.00389489
345.346 0.357021 0.0038683
345.715 0.35631 0.00387939
346.083 0.355505 0.00388363
346.451 0.357499 0.00388833
346.82 0.358111 0.00390469
347.188 0.353341 0.00387127
347.556 0.358807 0.00392123
347.924 0.359257 0.00391893
348.292 0.359835 0.003931
348.66 0.361189 0.00393492
349.028 0.361708 0.0039427
349.396 0.3659 0.0039811
349.764 0.368624 0.00399087
350.132 0.368099 0.00398597
350.5 0.372439 0.00401595
350.868 0.376669 0.00404602
351.236 0.378133 0.00405065
351.604 0.382795 0.00409138
351.972 0.388121 0.00412442
352.34 0.389568 0.00413811
352.707 0.394608 0.00416662
353.075 0.398969 0.00419068
353.443 0.404184 0.0042276
353.81 0.406802 0.00425181
354.178 0.41216 0.00428213
354.545 0.419654 0.00431029
354.913 0.430793 0.0043857
355.28 0.433236 0.00439872
355.648 0.435873 0.00440275
356.015 0.440795 0.0044353
356.383 0.447171 0.00446216
356.75 0.452017 0.00449771
357.117 0.457051 0.00452519
357.485 0.465435 0.00456971
357.852 0.479366 0.00466962
358.219 0.479139 0.00464534
358.586 0.485018 0.00467297
358.954 0.495801 0.00474449
359.321 0.498355 0.0047452
359.688 0.505637 0.00480327
360.055 0.512165 0.0048273
360.422 0.520823 0.00487498
360.789 0.528464 0.00491908
361.156 0.532415 0.00493308
361.523 0.538132 0.00497957
361.89 0.547228 0.00501539
362.256 0.551563 0.00501507
362.623 0.561406 0.00511002
362.99 0.563842 0.00509658
363.357 0.576007 0.0051723
363.724 0.581186 0.00519774
364.09 0.581748 0.00518977
364.457 0.596912 0.00529623
364.823 0.598107 0.00526747
365.19 0.603756 0.00530017
365.557 0.609755 0.00531816
365.923 0.619718 0.0053792
366.29 0.624822 0.00541828
366.656 0.627507 0.00540758
367.022 0.633473 0.00542644
367.389 0.640227 0.00547972
367.755 0.642009 0.00551346
368.121 0.651959 0.00555377
368.488 0.654883 0.00555869
368.854 0.656772 0.00558783
369.22 0.665211 0.00565012
369.586 0.67243 0.00570003
369.952 0.670323 0.00570348
370.318 0.675622 0.00572869
370.684 0.685113 0.00578561
371.051 0.68935 0.00580507
371.416 0.694423 0.0058624
371.782 0.69996 0.00586813
372.148 0.703856 0.00589655
372.514 0.70847 0.00592855
372.88 0.713684 0.00596781
373.246 0.713914 0.00596328
373.612 0.721675 0.00599279
373.977 0.721546 0.00597873
374.343 0.728244 0.00598744
374.709 0.729213 0.00597198
375.074 0.731724 0.00600016
375.44 0.737847 0.00605103
375.806 0.744315 0.00611104
376.171 0.738304 0.00605554
376.537 0.74826 0.00609066
376.902 0.750216 0.00610935
377.268 0.757716 0.0061146
377.633 0.755466 0.00609432
377.998 0.759039 0.00608533
378.364 0.767692 0.00609345
378.729 0.772326 0.0061221
379.094 0.772235 0.00614853
379.459 0.770594 0.00622427
379.825 0.770542 0.00619648
380.19 0.774921 0.0062237
380.555 0.778883 0.00628343
380.92 0.783711 0.00638164
381.285 0.788889 0.00639058
381.65 0.781537 0.00631123
382.015 0.788352 0.00634803
382.38 0.789534 0.00637746
382.745 0.792243 0.00642756
383.11 0.796728 0.00646316
383.474 0.794909 0.00643672
383.839 0.800444 0.00647073
384.204 0.803746 0.00650499
384.569 0.802789 0.00650907
384.933 0.808432 0.00655092
385.298 0.805298 0.0065484
385.663 0.805121 0.00652911
386.027 0.810055 0.00653554
386.392 0.812459 0.0065173
386.756 0.811907 0.00648233
387.121 0.815063 0.00649305
387.485 0.819514 0.00649075
387.849 0.81891 0.00645798
388.214 0.823452 0.00654772
388.578 0.821727 0.00657375
388.942 0.825237 0.00662133
389.307 0.822231 0.00660324
389.671 0.830846 0.00666218
390.035 0.828539 0.00662262
390.399 0.82977 0.00661198
390.763 0.822973 0.00654602
391.127 0.832696 0.00656083
391.492 0.834158 0.00647628
391.856 0.832002 0.00639335
392.219 0.834907 0.00635672
392.583 0.83838 0.00640621
392.947 0.85081 0.00659278
393.311 0.842066 0.00661934
393.675 0.84707 0.00665899
394.039 0.850457 0.0067136
394.403 0.848921 0.00671087
394.766 0.844647 0.00671215
395.13 0.847286 0.00674041
395.494 0.847663 0.00673923
395.857 0.846008 0.00670324
396.221 0.85425 0.00670532
396.584 0.854695 0.00665682
396.948 0.84732 0.00655648
397.311 0.84829 0.00646362
397.675 0.852034 0.00644288
398.038 0.859162 0.00647292
398.401 0.854515 0.00654715
398.765 0.860014 0.00666976
399.128 0.861651 0.00677148
399.491 0.860124 0.00681695
399.854 0.851978 0.00679425
400.218 0.862028 0.00685408
400.581 0.860851 0.00686892
400.944 0.86005 0.00689934
401.307 0.864447 0.0070002
401.67 0.865638 0.00698466
402.033 0.861207 0.00698708
402.396 0.865991 0.00701036
402.759 0.869263 0.00703214
403.122 0.862385 0.0069701
403.485 0.872157 0.00700767
403.847 0.86091 0.00690441
404.21 0.868813 0.00690019
404.573 0.872971 0.00690913
404.936 0.870636 0.00686589
405.298 0.872443 0.00694846
405.661 0.870965 0.00703991
406.023 0.878237 0.00716948
406.386 0.874367 0.00717898
406.749 0.876234 0.00721951
407.111 0.871829 0.0071921
407.473 0.868799 0.00706471
407.836 0.880242 0.00710072
408.198 0.875646 0.00703903
408.561 0.87925 0.0070738
408.923 0.876527 0.00707327
409.285 0.879055 0.00709654
409.647 0.882539 0.0071729
410.009 0.887986 0.00726305
410.372 0.879486 0.00721768
410.734 0.883717 0.0072714
411.096 0.882816 0.00725493
411.458 0.88398 0.00725796
411.82 0.882859 0.00720578
412.182 0.885707 0.00716261
412.544 0.88322 0.00716855
412.906 0.887134 0.00717171
413.267 0.891268 0.0072141
413.629 0.893946 0.00728179
413.991 0.883644 0.00727374
414.353 0.894337 0.00733777
414.714 0.889801 0.00739623
415.076 0.888636 0.00737303
415.438 0.892318 0.00738024
415.799 0.889679 0.00733992
416.161 0.894918 0.00742604
416.522 0.892209 0.00744531
416.884 0.889437 0.00743836
417.245 0.897405 0.00749917
417.607 0.889512 0.00744771
417.968 0.880907 0.00740325
418.329 0.896072 0.00745736
418.691 0.891144 0.00743436
419.052 0.895063 0.0074455
419.413 0.891103 0.00736217
419.774 0.892286 0.00734413
420.135 0.8851 0.00715166
420.497 0.890492 0.00706022
420.858 0.892887 0.00697217
421.219 0.90114 0.00702797
421.58 0.900813 0.00711628
421.941 0.907669 0.00726874
422.302 0.898782 0.00733009
422.662 0.905528 0.0073892
423.023 0.892097 0.00736656
423.384 0.898928 0.0074195
423.745 0.89351 0.00735247
424.106 0.897382 0.00736424
424.466 0.906755 0.0073882
424.827 0.903234 0.00747564
425.187 0.905757 0.0075808
425.548 0.906642 0.00765616
425.909 0.903039 0.00768134
426.269 0.9014 0.00762025
426.63 0.895427 0.00754347
426.99 0.909045 0.00753823
427.35 0.903663 0.00754943
427.711 0.895397 0.00746155
428.071 0.898216 0.00741073
428.431 0.897308 0.00726547
428.792 0.899549 0.00702557
429.152 0.904943 0.00685289
429.512 0.900227 0.00682221
429.872 0.90573 0.00689052
430.232 0.91171 0.00703531
430.592 0.910745 0.00723112
430.952 0.912914 0.00745349
431.312 0.916333 0.00765321
431.672 0.907184 0.0077026
432.032 0.905991 0.00767402
432.392 0.904895 0.00756565
432.752 0.899217 0.00717086
433.111 0.908729 0.00704772
433.471 0.917304 0.00719169
433.831 0.914484 0.00746185
434.19 0.906838 0.00743156
434.55 0.91092 0.00744692
434.91 0.910099 0.00753039
435.269 0.907651 0.00741667
435.629 0.910759 0.00741299
435.988 0.905166 0.00735856
436.348 0.916519 0.00751781
436.707 0.915708 0.00762882
437.066 0.909624 0.0075993
437.426 0.902215 0.00747845
437.785 0.90574 0.00747204
438.144 0.91064 0.0074829
438.503 0.920326 0.00762185
438.862 0.910908 0.0075968
439.222 0.914994 0.00767457
439.581 0.911496 0.00769276
439.94 0.907003 0.00756627
440.299 0.905759 0.0073062
440.658 0.906883 0.00712466
441.017 0.918505 0.00717248
441.376 0.916207 0.00724711
441.734 0.919894 0.00733626
442.093 0.911252 0.00729854
442.452 0.909474 0.00723906
442.811 0.919365 0.00724633
443.169 0.914643 0.00722498
443.528 0.926851 0.00742389
443.887 0.912902 0.00737253
444.245 0.919676 0.00743225
444.604 0.91445 0.00747279
444.962 0.911258 0.00749523
445.321 0.911066 0.00750143
445.679 0.914531 0.00747618
446.038 0.917286 0.00746009
446.396 0.920301 0.00757529
446.754 0.91872 0.00767234
447.112 0.921395 0.00772236
447.471 0.913318 0.00769726
447.829 0.910313 0.00772477
448.187 0.914869 0.00773032
448.545 0.915735 0.00771031
448.903 0.914989 0.00772713
449.261 0.91333 0.00774258
449.619 0.920138 0.00784498
449.977 0.925558 0.00790638
450.335 0.923233 0.00798295
450.693 0.922664 0.00800026
451.051 0.922008 0.00798157
451.409 0.919596 0.00800238
451.766 0.91858 0.00800815
452.124 0.921676 0.00813418
452.482 0.917854 0.00819771
452.839 0.926007 0.00832599
453.197 0.919357 0.00831068
453.555 0.925581 0.00837324
453.912 0.914871 0.00830279
454.27 0.913866 0.00816734
454.627 0.915005 0.00807586
454.984 0.92529 0.0081403
455.342 0.926849 0.00827206
455.699 0.930804 0.00838219
456.056 0.923696 0.00830056
456.414 0.921957 0.0082186
456.771 0.910404 0.00801761
457.128 0.925775 0.00805408
457.485 0.925509 0.008025
457.842 0.920067 0.00805089
458.199 0.919668 0.00803983
458.556 0.928804 0.00800172
458.913 0.923077 0.00797735
459.27 0.935678 0.00798612
459.627 0.929248 0.00807441
459.984 0.91996 0.00797538
460.341 0.927673 0.00799844
460.697 0.928325 0.00809659
461.054 0.928959 0.00833794
461.411 0.928478 0.00850751
461.767 0.922555 0.00858033
462.124 0.922611 0.00855913
462.481 0.92924 0.00848709
462.837 0.91728 0.00830141
463.194 0.923775 0.00815638
463.55 0.921881 0.0082004
463.907 0.919576 0.00797513
464.263 0.92175 0.00787464
464.619 0.927849 0.00775108
464.976 0.924017 0.00762793
465.332 0.929284 0.00764775
465.688 0.93806 0.00791957
466.044 0.926902 0.00815496
466.4 0.936437 0.00832433
466.756 0.928305 0.00834248
467.112 0.929857 0.00834939
467.468 0.927336 0.00832573
467.824 0.929863 0.00842259
468.18 0.926519 0.00851725
468.536 0.924559 0.00851535
468.892 0.929982 0.00867653
469.248 0.925835 0.00869555
469.604 0.928705 0.00876141
469.959 0.931735 0.00877258
470.315 0.920328 0.00871401
470.671 0.925718 0.00873076
471.026 0.928751 0.00867125
471.382 0.920976 0.00855227
471.737 0.927717 0.00851445
472.093 0.92528 0.00837061
472.448 0.919492 0.0081842
472.804 0.920263 0.00811781
473.159 0.926866 0.00808
473.514 0.933133 0.00814848
473.87 0.920051 0.00797587
474.225 0.925805 0.00777215
474.58 0.92558 0.00761797
474.935 0.938055 0.00773437
475.29 0.934506 0.00782381
475.645 0.936089 0.00783837
476 0.923989 0.00779758
476.355 0.934322 0.00791165
476.71 0.924391 0.00786487
477.065 0.917666 0.00760795
477.42 0.92974 0.00755684
477.775 0.930925 0.00757077
478.13 0.930848 0.00763855
478.485 0.931405 0.00758548
478.839 0.924854 0.00746833
479.194 0.922357 0.00726711
479.549 0.931818 0.0072147
479.903 0.934166 0.00724305
480.258 0.930004 0.00728377
480.612 0.929936 0.00718852
480.967 0.923037 0.00699622
481.321 0.936743 0.00707056
481.675 0.933376 0.00719381
482.03 0.938713 0.00734161
482.384 0.929145 0.00733478
482.738 0.929394 0.00726581
483.093 0.928834 0.00721058
483.447 0.920791 0.00702336
483.801 0.922372 0.00680992
484.155 0.927979 0.00674341
484.509 0.839611 0.00558541
484.863 0.876665 0.00389005
485.217 0.915747 0.00361345
485.571 0.958573 0.00379248
485.925 0.997931 0.00492923
486.279 0.964673 0.00561968
486.632 0.955668 0.00604966
486.986 0.959604 0.00655294
487.34 0.94404 0.00693835
487.694 0.940318 0.00711796
488.047 0.930629 0.00712124
488.401 0.938019 0.00715853
488.754 0.933545 0.00718677
489.108 0.939972 0.00732916
489.461 0.931736 0.00733231
489.815 0.934819 0.00742104
490.168 0.934274 0.00733704
490.522 0.936677 0.00731521
490.875 0.932764 0.00731089
491.228 0.932891 0.00736167
491.581 0.92961 0.0072983
491.935 0.942993 0.00737782
492.288 0.937435 0.00738636
492.641 0.941565 0.00735011
492.994 0.931141 0.00730384
493.347 0.930714 0.00720077
493.7 0.936778 0.00722971
494.053 0.937317 0.00725653
494.406 0.942159 0.00739292
494.759 0.938553 0.00752921
495.111 0.925763 0.00724423
495.464 0.922544 0.00691424
495.817 0.938337 0.00684721
496.169 0.9453 0.00706542
496.522 0.946121 0.00738758
496.875 0.937402 0.00759904
497.227 0.94467 0.00770382
497.58 0.936019 0.00765509
497.932 0.929478 0.00753875
498.285 0.927033 0.00746009
498.637 0.9219 0.00725413
498.989 0.932515 0.00721454
499.342 0.940631 0.00729959
499.694 0.94117 0.00746312
500.046 0.93178 0.00748956
500.398 0.928693 0.00729405
500.751 0.935951 0.00725571
501.103 0.934933 0.00722864
501.455 0.93253 0.00723042
501.807 0.940178 0.00727091
502.159 0.938129 0.00726691
502.511 0.936415 0.00724225
502.862 0.941283 0.00729232
503.214 0.938312 0.00738033
503.566 0.941673 0.0075434
503.918 0.938083 0.00761047
504.27 0.936511 0.00759604
504.621 0.943736 0.00764389
504.973 0.93893 0.00766742
505.324 0.938514 0.00761621
505.676 0.932051 0.0074577
506.027 0.94293 0.00752134
506.379 0.9383 0.00775289
506.73 0.943546 0.00789308
507.082 0.937723 0.00781284
507.433 0.930539 0.00763871
507.784 0.934907 0.00759261
508.136 0.939399 0.00774361
508.487 0.944016 0.00784228
508.838 0.939684 0.00789763
509.189 0.93489 0.00786881
509.54 0.932644 0.00775429
509.891 0.940106 0.00787531
510.242 0.940783 0.00788693
510.593 0.940818 0.00793727
510.944 0.933183 0.00794919
511.295 0.942909 0.00815691
511.646 0.943047 0.00824784
511.996 0.93579 0.00813141
512.347 0.932897 0.00805776
512.698 0.940741 0.00811831
513.049 0.941735 0.00817263
513.399 0.937345 0.00819138
513.75 0.930463 0.00813685
514.1 0.947492 0.00836676
514.451 0.949835 0.0085513
514.801 0.933566 0.00844052
515.152 0.935762 0.00837575
515.502 0.933338 0.00823524
515.852 0.937267 0.00820826
516.202 0.935998 0.00819171
516.553 0.943187 0.00834332
516.903 0.944055 0.00847447
517.253 0.943976 0.00860195
517.603 0.941297 0.00858817
517.953 0.938575 0.00853407
518.303 0.940722 0.00834329
518.653 0.936513 0.0082564
519.003 0.939137 0.00833146
519.353 0.945027 0.00865648
519.703 0.933696 0.0087869
520.052 0.937534 0.00885009
520.402 0.943321 0.00882846
520.752 0.943661 0.00872899
521.102 0.945276 0.00887805
521.451 0.94512 0.00894052
521.801 0.944778 0.00891334
522.15 0.928609 0.00869029
522.5 0.93223 0.00869309
522.849 0.931053 0.00866031
523.199 0.940931 0.0086239
523.548 0.924962 0.0084682
523.897 0.937556 0.00862423
524.246 0.952208 0.00883603
524.596 0.943111 0.00891818
524.945 0.939906 0.0088511
525.294 0.945626 0.00887697
525.643 0.934644 0.00880561
525.992 0.937637 0.00880463
526.341 0.935392 0.00873924
526.69 0.945659 0.00885624
527.039 0.940805 0.00891957
527.388 0.937418 0.00896579
527.737 0.930928 0.00866285
528.086 0.927088 0.0083269
528.434 0.937556 0.00822053
528.783 0.950741 0.00850434
529.132 0.951015 0.00866746
529.48 0.940784 0.00873163
529.829 0.93836 0.00876842
530.177 0.9467 0.00889769
530.526 0.93597 0.00886888
530.874 0.945174 0.00882741
531.223 0.932842 0.00875697
531.571 0.947496 0.00890149
531.919 0.936673 0.00876352
532.268 0.925982 0.00844728
532.616 0.93635 0.00822291
532.964 0.939724 0.00811551
533.312 0.939818 0.00812012
533.66 0.939268 0.00815437
534.008 0.942206 0.00814853
534.356 0.947855 0.00817832
534.704 0.952065 0.00827096
535.052 0.945774 0.00835446
535.4 0.946183 0.0085329
535.748 0.941896 0.00871624
536.095 0.942439 0.00893966
536.443 0.937409 0.00892689
536.791 0.935853 0.00873082
537.139 0.93112 0.0085082
537.486 0.939405 0.00834831
537.834 0.934186 0.00828098
538.181 0.935456 0.00823904
538.529 0.939569 0.00830364
538.876 0.938503 0.00827741
539.223 0.941034 0.00842872
539.571 0.950931 0.00865418
539.918 0.94051 0.00857613
540.265 0.931688 0.00836753
540.613 0.934232 0.00823484
540.96 0.946776 0.00839258
541.307 0.939299 0.00837462
541.654 0.93928 0.00837245
542.001 0.941755 0.00840957
542.348 0.940326 0.00840161
542.695 0.944012 0.00842871
543.042 0.935595 0.00826227
543.388 0.93916 0.00817332
543.735 0.936819 0.00815179
544.082 0.936824 0.00813939
544.429 0.945237 0.0082135
544.775 0.946172 0.00839852
545.122 0.954365 0.00868489
545.469 0.942886 0.00877364
545.815 0.932739 0.0086758
546.162 0.930011 0.00859417
546.508 0.936689 0.00844789
546.854 0.926749 0.0080915
547.201 0.932429 0.0078191
547.547 0.948183 0.00786204
547.893 0.952616 0.00805732
548.24 0.960321 0.00852311
548.586 0.940967 0.00878763
548.932 0.944571 0.00893543
549.278 0.933772 0.00889051
549.624 0.946158 0.00890148
549.97 0.945961 0.00898384
550.316 0.94292 0.00914847
550.662 0.935055 0.00920397
551.008 0.920312 0.0086587
551.353 0.935916 0.00826527
551.699 0.949582 0.00814124
552.045 0.958319 0.00839886
552.391 0.940818 0.00849427
552.736 0.939064 0.0085251
553.082 0.936732 0.00852701
553.427 0.94898 0.00873427
553.773 0.952135 0.00903844
554.118 0.930297 0.00893475
554.464 0.930601 0.0087069
554.809 0.928998 0.0083539
555.154 0.938877 0.00828509
555.5 0.948158 0.00834481
555.845 0.954721 0.00869923
556.19 0.949635 0.00891143
556.535 0.952868 0.00912704
556.88 0.943727 0.00893668
557.225 0.93973 0.00888469
557.57 0.951596 0.00911507
557.915 0.950216 0.0093554
558.26 0.946774 0.00945353
558.605 0.945916 0.00941573
558.95 0.927118 0.00911616
559.295 0.923081 0.00861119
559.639 0.926035 0.00830033
559.984 0.927805 0.00799073
560.329 0.938751 0.00800804
560.673 0.941613 0.00804808
561.018 0.94757 0.00831042
561.362 0.953882 0.00856033
561.707 0.947444 0.00874526
562.051 0.936988 0.00859086
562.395 0.930967 0.0084501
562.74 0.938946 0.00831784
563.084 0.930336 0.0081773
563.428 0.936611 0.00803351
563.772 0.945888 0.00811061
564.117 0.936873 0.00801284
564.461 0.942064 0.00800958
564.805 0.940217 0.00807143
565.149 0.944163 0.00805105
565.493 0.94432 0.00806406
565.836 0.933958 0.00786563
566.18 0.932918 0.00774636
566.524 0.92218 0.0071819
566.868 0.934834 0.00703711
567.212 0.935795 0.00692089
567.555 0.934215 0.00682766
567.899 0.934163 0.00651113
568.242 0.929068 0.00622819
568.586 0.923702 0.00581144
568.929 0.925918 0.00544622
569.273 0.93284 0.00516834
569.616 0.947684 0.00521665
569.96 0.937254 0.00508308
570.303 0.937889 0.0049268
570.646 0.93753 0.00486467
570.989 0.934085 0.00470534
571.333 0.953629 0.00481349
571.676 0.959484 0.00500871
572.019 0.949 0.00538636
572.362 0.92453 0.00501638
572.705 0.921911 0.00464939
573.048 0.934883 0.00445652
573.391 0.931822 0.00430404
573.733 0.932577 0.00424597
574.076 0.938056 0.00421135
574.419 0.958194 0.00438604
574.762 0.953474 0.00460834
575.104 0.961614 0.00495403
575.447 0.926085 0.004796
575.789 0.921598 0.00449712
576.132 0.936645 0.00428306
576.474 0.922199 0.00420234
576.817 0.919645 0.00388204
577.159 0.921665 0.00367449
577.501 0.943854 0.0037478
577.844 0.962058 0.00404964
578.186 0.96659 0.00455305
578.528 0.941357 0.00467675
578.87 0.94745 0.00471233
579.212 0.924851 0.00450051
579.554 0.940861 0.00439425
579.896 0.944202 0.00442886
580.238 0.909611 0.00409639
580.58 0.918541 0.00361678
580.922 0.904584 0.00344946
581.264 0.90454 0.00344929
581.606 0.956065 0.00370231
581.947 0.960111 0.00393818
582.289 0.970549 0.004399
582.631 0.965572 0.00486688
582.972 0.952828 0.00515887
583.314 0.942291 0.0050737
583.655 0.925971 0.00486209
583.997 0.915941 0.00441406
584.338 0.924221 0.00412407
584.679 0.933277 0.0039762
585.021 0.957274 0.00413769
585.362 0.958537 0.00444888
585.703 0.960157 0.00478916
586.044 0.929658 0.00473006
586.385 0.928493 0.00447307
586.726 0.935182 0.00428756
587.067 0.961626 0.00451839
587.408 0.954735 0.00476031
587.749 0.962792 0.005007
588.09 0.951621 0.00518536
588.431 0.964971 0.00553264
588.772 0.942888 0.00568788
589.113 0.939834 0.00558061
589.453 0.938091 0.00554519
589.794 0.955826 0.00578905
590.134 0.955987 0.00609845
590.475 0.94688 0.0062104
590.815 0.937257 0.00612159
591.156 0.945929 0.0061586
591.496 0.909119 0.00585353
591.837 0.909546 0.00503687
592.177 0.922181 0.00460718
592.517 0.94322 0.00446096
592.857 0.95798 0.00474006
593.198 0.967321 0.00506779
593.538 0.959993 0.00556929
593.878 0.946954 0.0057081
594.218 0.924507 0.0054581
594.558 0.942839 0.00530708
594.898 0.955047 0.00549176
595.237 0.964495 0.00586101
595.577 0.962968 0.00623468
595.917 0.941216 0.0064717
596.257 0.936572 0.00618522
596.596 0.930741 0.00601096
596.936 0.957507 0.0059956
597.276 0.945464 0.00619067
597.615 0.92946 0.00602925
597.955 0.911975 0.00525259
598.294 0.93806 0.00499801
598.633 0.947492 0.00503972
598.973 0.946883 0.00522801
599.312 0.939579 0.00519192
599.651 0.949262 0.00525997
599.991 0.942878 0.00535675
600.33 0.951335 0.00546386
600.669 0.944849 0.00560127
601.008 0.949431 0.00580893
601.347 0.94178 0.00598264
601.686 0.936884 0.00579279
602.025 0.940164 0.00584164
602.364 0.932486 0.00552789
602.702 0.938376 0.00546576
603.041 0.949165 0.0055335
603.38 0.954182 0.00581349
603.719 0.95664 0.00608614
604.057 0.937753 0.00619511
604.396 0.941623 0.00619808
604.734 0.916302 0.00583953
605.073 0.945558 0.00548796
605.411 0.943339 0.00553472
605.75 0.956891 0.00577786
606.088 0.948828 0.00605463
606.426 0.93881 0.00587494
606.764 0.941828 0.00580349
607.103 0.958222 0.00603928
607.441 0.945122 0.00620487
607.779 0.947808 0.00636432
608.117 0.9422 0.00630206
608.455 0.951482 0.00660164
608.793 0.930789 0.00659242
609.131 0.927603 0.0061398
609.469 0.941658 0.00603687
609.806 0.952084 0.00615182
610.144 0.952007 0.00663467
610.482 0.936956 0.00665039
610.819 0.945572 0.00666627
611.157 0.942771 0.00669142
611.495 0.944816 0.00693345
611.832 0.933698 0.00691312
612.17 0.93959 0.00688445
612.507 0.942683 0.00681877
612.844 0.943635 0.00689387
613.182 0.936379 0.00688319
613.519 0.937839 0.00684613
613.856 0.936693 0.00682412
614.193 0.927795 0.00670598
614.53 0.935439 0.00659326
614.867 0.948178 0.00663082
615.205 0.948659 0.00696461
615.541 0.953965 0.00723645
615.878 0.937601 0.00747872
616.215 0.941745 0.00741872
616.552 0.933055 0.00745986
616.889 0.935584 0.00729847
617.226 0.938447 0.00723465
617.562 0.95461 0.00752864
617.899 0.945452 0.00794492
618.235 0.944531 0.0083502
618.572 0.935744 0.00861918
618.908 0.92523 0.00827322
619.245 0.925293 0.00793585
619.581 0.939056 0.00785449
619.918 0.96725 0.00863377
620.254 0.955117 0.0096783
620.59 0.929545 0.00969159
620.926 0.919887 0.00898937
621.262 0.923593 0.00850717
621.599 0.935825 0.00860224
621.935 0.921063 0.00842671
622.271 0.926783 0.0081359
622.606 0.928914 0.00796925
622.942 0.945794 0.00824069
623.278 0.92786 0.0084001
623.614 0.920127 0.00797187
623.95 0.937748 0.00801562
624.285 0.939168 0.00817122
624.621 0.939325 0.00861586
624.957 0.928651 0.00883322
625.292 0.93909 0.00915134
625.628 0.937815 0.00942181
625.963 0.931906 0.00945443
626.299 0.927536 0.00923804
626.634 0.937659 0.00914259
626.969 0.941638 0.00933142
627.304 0.94911 0.0101549
627.64 0.934696 0.0108093
627.975 0.918654 0.0105017
628.31 0.900982 0.00983074
628.645 0.941306 0.00981848
628.98 0.930309 0.00997545
629.315 0.94016 0.0102203
629.65 0.928631 0.0102385
629.985 0.9318 0.0102271
630.319 0.934801 0.0106915
630.654 0.930105 0.0107862
630.989 0.936734 0.0107715
631.323 0.932755 0.0109348
631.658 0.948472 0.0114759
631.993 0.93749 0.0119033
632.327 0.930507 0.0119041
632.662 0.928347 0.0118259
632.996 0.930388 0.0115763
633.33 0.920403 0.0113435
633.665 0.941276 0.0118732
633.999 0.931079 0.0121674
634.333 0.926571 0.0121355
634.667 0.928362 0.0121893
635.001 0.923022 0.011858
635.335 0.918955 0.0113816
635.669 0.926768 0.0110058
636.003 0.942258 0.0112519
636.337 0.945461 0.0118344
636.671 0.95773 0.0125331
637.005 0.932973 0.012706
637.339 0.927168 0.0126104
637.672 0.921502 0.0121128
638.006 0.933795 0.0118802
638.339 0.934367 0.0120571
638.673 0.935665 0.0124497
639.006 0.937005 0.0128499
639.34 0.929765 0.0127931
639.673 0.926725 0.0129544
640.007 0.934842 0.0129783
640.34 0.931803 0.0131832
640.673 0.918337 0.0131874
641.006 0.939566 0.013535
641.34 0.931506 0.0136236
641.673 0.935085 0.0139756
642.006 0.921342 0.0141116
642.339 0.930296 0.0139292
642.672 0.929497 0.0138377
643.004 0.927729 0.0139034
643.337 0.931527 0.0143806
643.67 0.9225 0.0143069
644.003 0.927446 0.0142046
644.336 0.930817 0.0141708
644.668 0.910876 0.013993
645.001 0.938494 0.0144491
645.333 0.950218 0.0148966
645.666 0.933308 0.0150681
645.998 0.922993 0.0153267
646.331 0.936123 0.01567
646.663 0.9385 0.0155284
646.995 0.907011 0.0143347
647.327 0.915406 0.0132249
647.66 0.920654 0.012537
647.992 0.920048 0.0123414
648.324 0.929311 0.0123575
648.656 0.933886 0.0125602
648.988 0.938606 0.0130932
649.32 0.956285 0.0141369
649.652 0.936082 0.0146429
649.983 0.91981 0.0148276
650.315 0.928017 0.0149896
650.647 0.913837 0.0145334
650.979 0.918299 0.0139043
651.31 0.917211 0.0133616
651.642 0.920565 0.0130854
651.973 0.924716 0.0131062
652.305 0.926251 0.0130673
652.636 0.929198 0.0132694
652.967 0.942047 0.0136628
653.299 0.929034 0.0138844
653.63 0.906949 0.0135633
653.961 0.899717 0.0125494
654.292 0.809987 0.00913935
654.623 0.699652 0.00307875
654.955 0.897776 0.0034235
655.286 0.897721 0.00342329
655.616 0.897665 0.00342308
655.947 0.897608 0.00342286
656.278 0.897551 0.00342264
656.609 0.98293 0.00374822
656.94 0.989422 0.00497619
657.27 0.979563 0.00580486
657.601 0.98836 0.00672524
657.932 1.00276 0.00810239
658.262 1.00337 0.00987304
658.593 0.994808 0.0117926
658.923 0.971286 0.0136248
659.254 0.944651 0.0148425
659.584 0.924896 0.0155932
659.914 0.941509 0.0164748
660.244 0.936315 0.0168396
660.575 0.919236 0.0165633
660.905 0.927301 0.0166605
661.235 0.920176 0.0163641
661.565 0.918368 0.0162304
661.895 0.917377 0.016129
662.225 0.910705 0.0163234
662.555 0.916471 0.0166024
662.884 0.911338 0.0163708
663.214 0.911666 0.0161479
663.544 0.921062 0.016062
663.873 0.900137 0.0156432
664.203 0.917094 0.015618
664.533 0.924945 0.0152598
664.862 0.918399 0.0150999
665.192 0.914467 0.015501
665.521 0.934114 0.0165172
665.85 0.919319 0.0168726
666.18 0.920319 0.0175772
666.509 0.919275 0.0174629
666.838 0.89728 0.0168448
667.167 0.897579 0.0166312
667.496 0.918796 0.0171166
667.825 0.913549 0.0171535
668.154 0.9046 0.0170409
668.483 0.912629 0.0170001
668.812 0.914017 0.016696
669.141 0.921197 0.0165942
669.47 0.921424 0.016392
669.798 0.932552 0.0166594
670.127 0.908896 0.0164622
670.456 0.889761 0.0153669
670.784 0.894828 0.013823
671.113 0.896565 0.012701
671.441 0.915194 0.0122619
671.77 0.920238 0.0124998
672.098 0.927039 0.0130395
672.426 0.941378 0.0146087
672.755 0.912092 0.0152893
673.083 0.912549 0.0155093
673.411 0.906262 0.0154249
673.739 0.932831 0.0158784
674.067 0.93168 0.0167067
674.395 0.923672 0.0166329
674.723 0.896898 0.0159633
675.051 0.919062 0.0159255
675.379 0.905873 0.0157978
675.706 0.925524 0.0161438
676.034 0.907563 0.0163472
676.362 0.901832 0.016374
676.689 0.889325 0.0152737
677.017 0.919177 0.0145084
677.344 0.915517 0.0139092
677.672 0.927394 0.0142391
677.999 0.918738 0.014345
678.327 0.90895 0.013984
678.654 0.909628 0.0133804
678.981 0.923723 0.013078
679.308 0.922784 0.0131756
679.636 0.937236 0.0138991
679.963 0.943305 0.0146419
680.29 0.900724 0.0143465
680.617 0.914523 0.0141869
680.944 0.919977 0.014018
681.271 0.947854 0.0146388
681.597 0.937232 0.015541
681.924 0.934214 0.0165253
682.251 0.885731 0.0160275
682.578 0.909957 0.0153915
682.904 0.897735 0.0142651
683.231 0.91433 0.0138237
683.557 0.903828 0.0134363
683.884 0.901813 0.0130384
684.21 0.912035 0.0128051
684.536 0.910652 0.0123772
684.863 0.908843 0.0121791
685.189 0.913557 0.0124167
685.515 0.925035 0.0131708
685.841 0.915694 0.0135332
686.167 0.904242 0.0134617
686.493 0.924602 0.0134497
686.819 0.922787 0.0135128
687.145 0.929346 0.0141528
687.471 0.925278 0.0151862
687.797 0.919947 0.0156504
688.123 0.905628 0.0154337
688.448 0.905303 0.0149247
688.774 0.919783 0.0145915
689.1 0.916181 0.0148094
689.425 0.92115 0.0154726
689.751 0.909037 0.0156192
690.076 0.898554 0.0146641
690.402 0.906433 0.0137604
690.727 0.899611 0.0132854
691.052 0.923586 0.0138142
691.377 0.91038 0.0141267
691.703 0.91069 0.0144868
692.028 0.893947 0.0143612
692.353 0.908849 0.0141743
692.678 0.914432 0.014327
693.003 0.9388 0.0150686
693.328 0.923129 0.0160454
693.652 0.910093 0.016651
693.977 0.8875 0.0160501
694.302 0.888764 0.0151445
694.627 0.916045 0.0151602
694.951 0.921028 0.015748
695.276 0.93239 0.0173698
695.6 0.891483 0.0172702
695.925 0.865192 0.0149322
696.249 0.887178 0.0133329
696.574 0.912436 0.0128145
696.898 0.932241 0.0135424
697.222 0.90857 0.0141313
697.546 0.903719 0.0146606
697.871 0.894793 0.0148954
698.195 0.900484 0.0150522
698.519 0.902643 0.0154515
698.843 0.918515 0.0160329
699.167 0.902872 0.0164932
699.491 0.90347 0.0171269
699.814 0.895434 0.0171884
700.138 0.899911 0.017284
700.462 0.906669 0.0176356
700.786 0.897194 0.0173102
701.109 0.911112 0.0170141
701.433 0.905495 0.0163741
701.756 0.909672 0.0158259
702.08 0.917654 0.0158966
702.403 0.91889 0.0162313
702.726 0.921688 0.0169459
703.05 0.902445 0.0171773
703.373 0.904451 0.0173969
703.696 0.894618 0.0173166
704.019 0.912407 0.0180981
704.342 0.907837 0.0187112
704.665 0.90641 0.0194684
704.988 0.884294 0.0191037
705.311 0.866443 0.0177479
705.634 0.881845 0.016076
705.957 0.892285 0.0146458
706.28 0.89134 0.0135604
706.602 0.908308 0.0135469
706.925 0.921133 0.0139291
707.247 0.908119 0.0143815
707.57 0.90211 0.0148991
707.892 0.908453 0.0154616
708.215 0.914433 0.0162704
708.537 0.892676 0.0164714
708.859 0.892192 0.0165611
709.182 0.89473 0.0164129
709.504 0.896144 0.0159936
709.826 0.900447 0.0158307
710.148 0.910715 0.0159849
710.47 0.903907 0.0163777
710.792 0.897383 0.0169215
711.114 0.894092 0.0174566
711.436 0.89217 0.0178259
711.758 0.867523 0.0172934
712.079 0.88628 0.0172796
712.401 0.882403 0.016391
712.723 0.883644 0.0158071
713.044 0.876171 0.0148292
713.366 0.897012 0.0148375
713.687 0.912258 0.0150846
714.009 0.897966 0.0153721
714.33 0.90337 0.015764
714.652 0.889503 0.0160871
714.973 0.911111 0.0168454
715.294 0.912428 0.0177246
715.615 0.907901 0.0188112
715.936 0.873596 0.018723
716.257 0.900808 0.0191953
716.578 0.908127 0.0194026
716.899 0.911894 0.0190094
717.22 0.896723 0.0176345
717.541 0.897981 0.0171739
717.862 0.894742 0.0170853
718.182 0.875656 0.0168688
718.503 0.886177 0.016601
718.824 0.908171 0.0170451
719.144 0.894465 0.0171864
719.465 0.887138 0.0175068
719.785 0.878231 0.0170594
720.105 0.880105 0.0168532
720.426 0.882485 0.0166667
720.746 0.908201 0.0171946
721.066 0.881806 0.0169734
721.386 0.876633 0.0170969
721.706 0.882093 0.0176488
722.026 0.8919 0.0182176
722.346 0.885138 0.0182994
722.666 0.907056 0.0182822
722.986 0.891151 0.0176717
723.306 0.890783 0.017806
723.626 0.896494 0.0182171
723.946 0.889344 0.0181081
724.265 0.878932 0.0170394
724.585 0.87835 0.0161356
724.904 0.896905 0.016184
725.224 0.902667 0.0162792
725.543 0.898827 0.0162412
725.863 0.899899 0.0164066
726.182 0.902824 0.0171003
726.501 0.885493 0.0172022
726.82 0.89607 0.0174186
727.14 0.890179 0.0166888
727.459 0.886821 0.0161549
727.778 0.867621 0.0158842
728.097 0.888154 0.0162908
728.416 0.874765 0.0159848
728.734 0.893449 0.015641
729.053 0.896561 0.0155147
729.372 0.871745 0.0152668
729.691 0.862517 0.0148032
730.009 0.886805 0.0142885
730.328 0.879659 0.0138121
730.647 0.894499 0.013944
730.965 0.906533 0.0145293
731.283 0.898442 0.0150077
731.602 0.8633 0.0148826
731.92 0.882509 0.0147799
732.238 0.865866 0.0142873
732.557 0.896799 0.014407
732.875 0.873931 0.0138774
733.193 0.869467 0.0130165
733.511 0.891194 0.0128769
733.829 0.8996 0.0133255
734.147 0.909653 0.0142811
734.465 0.890962 0.0147765
734.782 0.895671 0.0148021
735.1 0.885075 0.0143021
735.418 0.885567 0.0142943
735.735 0.888765 0.0143632
736.053 0.873056 0.0140779
736.371 0.887356 0.0143394
736.688 0.884758 0.0148402
737.005 0.913477 0.0159977
737.323 0.88853 0.0163811
737.64 0.870441 0.016232
737.957 0.862504 0.0153193
738.274 0.872334 0.0141404
738.592 0.894568 0.0139709
738.909 0.894655 0.0143235
739.226 0.893017 0.0155866
739.543 0.890093 0.0167734
739.86 0.913659 0.017982
740.176 0.888891 0.0181971
740.493 0.883635 0.0186911
740.81 0.860764 0.0185057
741.127 0.860814 0.0183108
741.443 0.866869 0.0174108
741.76 0.874833 0.016911
742.076 0.890387 0.0172116
742.393 0.902272 0.0182556
742.709 0.883863 0.0190685
743.025 0.898739 0.0195826
743.342 0.867884 0.0190667
743.658 0.8651 0.0186697
743.974 0.875121 0.0182582
744.29 0.887966 0.018373
744.606 0.878559 0.0184707
744.922 0.878901 0.0185074
745.238 0.879257 0.0185674
745.554 0.883667 0.0190643
745.87 0.886304 0.0192938
746.186 0.853323 0.0181515
746.501 0.86377 0.0175904
746.817 0.894161 0.0181822
747.132 0.897383 0.0195517
747.448 0.863392 0.0199313
747.763 0.850842 0.0194904
748.079 0.863321 0.0188158
748.394 0.861401 0.017521
748.71 0.85707 0.0162707
749.025 0.858783 0.0153342
749.34 0.883591 0.0153519
749.655 0.897851 0.0158138
749.97 0.871556 0.0161414
750.285 0.867207 0.0161509
750.6 0.871016 0.0158403
750.915 0.876437 0.0154946
751.23 0.883921 0.0158671
751.545 0.903356 0.0166997
751.859 0.883274 0.0171351
752.174 0.869221 0.0171967
752.489 0.866717 0.0163074
752.803 0.875816 0.0154087
753.118 0.866668 0.0152131
753.432 0.884402 0.0158834
753.747 0.876423 0.0163977
754.061 0.870853 0.0157916
754.375 0.853976 0.0149833
754.689 0.864107 0.0146028
755.004 0.880228 0.0147147
755.318 0.861364 0.0142388
755.632 0.852485 0.0134743
755.946 0.879283 0.0134372
756.26 0.855781 0.0126638
756.573 0.870936 0.0122232
756.887 0.86732 0.0118265
757.201 0.880457 0.0121686
757.515 0.892035 0.0134169
757.828 0.880789 0.0142983
758.142 0.87365 0.0141931
758.455 0.851553 0.0130134
758.769 0.870171 0.0124579
759.082 0.8564 0.0120227
759.396 0.862196 0.011882
759.709 0.870906 0.0118493
760.022 0.881752 0.0120281
760.335 0.891204 0.0127279
760.648 0.888774 0.0136613
760.962 0.896741 0.0147292
761.275 0.871453 0.0152394
761.587 0.873863 0.0154591
761.9 0.879347 0.0155468
762.213 0.870025 0.0149591
762.526 0.86383 0.014368
762.839 0.871647 0.0143752
763.151 0.861512 0.0138786
763.464 0.866572 0.0131651
763.776 0.867105 0.0122325
764.089 0.871372 0.0120036
764.401 0.867241 0.0124006
764.714 0.881593 0.0132381
765.026 0.880325 0.0141196
765.338 0.875505 0.014993
765.65 0.883681 0.0162125
765.962 0.859621 0.0167336
766.275 0.867277 0.0174093
766.587 0.853962 0.0173321
766.898 0.860701 0.0168419
767.21 0.85379 0.0157827
767.522 0.850667 0.0146169
767.834 0.869684 0.0142379
768.146 0.857657 0.0142412
768.457 0.885734 0.0153569
768.769 0.870453 0.0160344
769.08 0.85656 0.0159778
769.392 0.851203 0.0153518
769.703 0.862181 0.0146509
770.015 0.854536 0.0140293
770.326 0.864272 0.0141364
770.637 0.878863 0.0147708
770.948 0.868905 0.0157591
771.26 0.857263 0.0166365
771.571 0.833568 0.0165848
771.882 0.853558 0.0163746
772.193 0.866973 0.01667
772.504 0.870071 0.0171177
772.814 0.854075 0.017298
773.125 0.876477 0.0178861
773.436 0.855284 0.0181761
773.747 0.855921 0.0185921
774.057 0.86276 0.0190656
774.368 0.869343 0.0194392
774.678 0.873006 0.0199879
774.989 0.829751 0.0197923
775.299 0.866704 0.020909
775.609 0.863026 0.0206319
775.919 0.855827 0.0203772
776.23 0.865353 0.020515
776.54 0.83663 0.0200009
776.85 0.856629 0.0204513
777.16 0.822381 0.019443
777.47 0.843518 0.0186683
777.78 0.85447 0.017961
778.089 0.85322 0.0170458
778.399 0.853211 0.0169377
778.709 0.874487 0.0179387
779.019 0.888623 0.019271
779.328 0.861923 0.020006
779.638 0.82707 0.0193383
779.947 0.812074 0.0174679
780.257 0.835658 0.0161645
780.566 0.855537 0.0157435
780.875 0.852954 0.016079
781.185 0.861073 0.0171799
781.494 0.847286 0.0173233
781.803 0.860224 0.0179215
782.112 0.853115 0.0181085
782.421 0.857497 0.0179164
782.73 0.844547 0.0173124
783.039 0.860883 0.0177008
783.348 0.858273 0.0190846
783.656 0.829777 0.0197961
783.965 0.837889 0.0201909
784.274 0.845949 0.0195171
784.582 0.862159 0.0190912
784.891 0.860143 0.0189564
785.199 0.849322 0.0191222
785.508 0.869189 0.0198773
785.816 0.86448 0.0201838
786.124 0.845309 0.0195182
786.432 0.852452 0.018638
786.741 0.846231 0.0178601
787.049 0.865346 0.017954
787.357 0.848327 0.0180486
787.665 0.853174 0.0179911
787.973 0.865121 0.0182813
788.281 0.852412 0.0185244
788.588 0.840723 0.0193764
788.896 0.847857 0.0206686
789.204 0.875038 0.0218504
789.511 0.84682 0.0215534
789.819 0.860945 0.0221285
790.126 0.843514 0.0219125
790.434 0.851407 0.0220097
790.741 0.860257 0.022068
791.049 0.83426 0.021709
791.356 0.858274 0.0227339
791.663 0.835483 0.0228347
791.97 0.846513 0.0230447
792.277 0.831953 0.0224213
792.584 0.82955 0.0212082
792.891 0.806344 0.018494
793.198 0.85644 0.0176924
793.505 0.845694 0.0172371
793.812 0.85187 0.0177892
794.119 0.829326 0.0179558
794.425 0.846028 0.0186743
794.732 0.859023 0.019675
795.038 0.86273 0.0217835
795.345 0.850581 0.0232596
795.651 0.813206 0.0239622
795.958 0.844602 0.02447
796.264 0.813105 0.0224046
796.57 0.832417 0.0218398
796.876 0.856472 0.0219628
797.183 0.853286 0.0223272
797.489 0.843176 0.0231056
797.795 0.830307 0.0231337
798.101 0.848782 0.0232862
798.406 0.846594 0.0233797
798.712 0.839922 0.0239753
799.018 0.817578 0.0240238
799.324 0.8486 0.0245395
799.629 0.805149 0.0240109
799.935 0.852278 0.0248868
800.24 0.851914 0.0253548
800.546 0.846553 0.0252835
800.851 0.82764 0.0252271
801.157 0.868999 0.026957
801.462 0.841277 0.0267808
801.767 0.831355 0.0267491
802.072 0.817613 0.025498
802.377 0.839777 0.0248669
802.682 0.847803 0.024583
802.987 0.86677 0.0255468
803.292 0.833904 0.0256984
803.597 0.814597 0.0256154
803.902 0.860817 0.0262658
804.207 0.827798 0.0255959
804.511 0.829838 0.0252347
804.816 0.815067 0.0234982
805.12 0.819114 0.0220104
805.425 0.801874 0.0205118
805.729 0.857686 0.0213798
806.034 0.855913 0.0221844
806.338 0.837287 0.0231922
806.642 0.840654 0.0238305
806.946 0.834137 0.0234979
807.251 0.846138 0.0238838
807.555 0.848923 0.0235424
807.859 0.830671 0.0231111
808.162 0.836392 0.0238636
808.466 0.860959 0.0250356
808.77 0.842703 0.025425
809.074 0.846603 0.0263553
809.378 0.840278 0.0263024
809.681 0.821392 0.0258004
809.985 0.856665 0.0267747
810.288 0.892745 0.0276376
810.592 0.837393 0.0265664
810.895 0.83358 0.0271353
811.198 0.842107 0.0284798
811.502 0.816395 0.0284495
811.805 0.863648 0.0300651
812.108 0.797558 0.0275764
812.411 0.853082 0.0276753
812.714 0.848606 0.0257187
813.017 0.844208 0.0242761
813.32 0.833099 0.02408
813.623 0.81369 0.0245496
813.926 0.868467 0.0271997
814.228 0.866053 0.0286144
814.531 0.853711 0.0293207
814.833 0.829443 0.0286788
815.136 0.782297 0.0280212
815.438 0.851 0.0295591
815.741 0.784289 0.0272003
816.043 0.813913 0.0273722
816.345 0.833745 0.0275174
816.648 0.832542 0.0277215
816.95 0.832529 0.0281469
817.252 0.869229 0.0294067
817.554 0.807226 0.028399
817.856 0.808505 0.0290285
818.158 0.802535 0.0291723
818.46 0.845961 0.0307107
818.761 0.807887 0.0299023
819.063 0.835964 0.0298894
819.365 0.818585 0.0287034
819.666 0.813376 0.0271812
819.968 0.859955 0.0270266
820.269 0.833033 0.0263127
820.571 0.823517 0.0268479
820.872 0.818642 0.0277806
821.173 0.826273 0.0290185
821.475 0.859112 0.0307281
821.776 0.845007 0.030317
822.077 0.827598 0.0298282
822.378 0.834571 0.0301627
822.679 0.849061 0.0309214
822.98 0.806803 0.0298621
823.281 0.817335 0.0310312
823.581 0.829984 0.0309549
823.882 0.839307 0.0315266
824.183 0.839431 0.0312091
824.483 0.809472 0.0295574
824.784 0.798463 0.0281498
825.084 0.85 0.0295647
825.385 0.856931 0.0300742
825.685 0.812652 0.0299168
825.985 0.818702 0.0297712
826.286 0.815124 0.0292981
826.586 0.812053 0.0286692
826.886 0.823108 0.0289173
827.186 0.84125 0.0296634
827.486 0.844409 0.0307174
827.786 0.842341 0.0311472
828.086 0.806656 0.030174
828.386 0.848499 0.0305423
828.685 0.838209 0.0301885
828.985 0.827116 0.0308843
829.285 0.800869 0.0306001
829.584 0.805782 0.0311897
829.884 0.825249 0.0320454
830.183 0.872975 0.0346771
830.482 0.813949 0.0331188
830.782 0.824742 0.0334794
831.081 0.868858 0.0356638
831.38 0.783683 0.0327755
831.679 0.830935 0.0338257
831.978 0.868011 0.0346272
832.277 0.822861 0.032628
832.576 0.809471 0.0317527
832.875 0.818698 0.0319138
833.174 0.832791 0.0319853
833.472 0.849318 0.0325455
833.771 0.823271 0.0324785
834.07 0.830912 0.0318535
834.368 0.818366 0.0319214
834.667 0.833195 0.0330599
834.965 0.854564 0.0339838
835.263 0.854958 0.0340375
835.562 0.833841 0.0336297
835.86 0.806445 0.0327674
836.158 0.786711 0.0327322
836.456 0.829923 0.0345047
836.754 0.8269 0.0343455
837.052 0.813537 0.0351486
837.35 0.801743 0.0342163
837.648 0.855878 0.0358215
837.946 0.837679 0.0357405
838.243 0.829506 0.0355759
838.541 0.840195 0.0348638
838.839 0.822927 0.0345542
839.136 0.837079 0.0347767
839.434 0.830572 0.0344307
839.731 0.872889 0.0362469
840.028 0.837431 0.0346897
840.326 0.811427 0.0345761
840.623 0.836626 0.0350769
840.92 0.831987 0.0353162
841.217 0.90271 0.0378193
841.514 0.870145 0.0373384
841.811 0.782634 0.0342422
842.108 0.857677 0.0369
842.405 0.857736 0.0371767
842.701 0.874897 0.0377199
842.998 0.815793 0.0353022
843.295 0.852746 0.0368819
843.591 0.871026 0.0373566
843.888 0.851876 0.0365165
844.184 0.821824 0.0360744
844.481 0.818113 0.0354026
844.777 0.84587 0.0361744
845.073 0.864026 0.0368362
845.369 0.851459 0.0369342
845.665 0.871401 0.0379103
845.962 0.829441 0.0362606
846.258 0.838061 0.0371544
846.553 0.82034 0.0368128
846.849 0.875835 0.0381032
847.145 0.803542 0.0353107
847.441 0.823469 0.0359604
847.737 0.768252 0.0344459
848.032 0.83792 0.0366611
848.328 0.830959 0.0366763
848.623 0.826419 0.0370644
848.919 0.79361 0.0355119
849.214 0.780451 0.0348145
849.509 0.847005 0.0368096
849.805 0.848293 0.0375767
850.1 0.865911 0.0388137
850.395 0.865091 0.0386668
850.69 0.864747 0.0389281
850.985 0.824353 0.0366593
851.28 0.839981 0.0368515
851.575 0.845132 0.0374157
851.869 0.899534 0.0384694
852.164 0.829476 0.0363907
852.459 0.821423 0.0352202
852.753 0.885684 0.0360631
853.048 0.796916 0.0324333
853.342 0.832339 0.0329162
853.637 0.84877 0.0338368
853.931 0.828412 0.0330699
854.225 0.803726 0.0324302
854.52 0.895445 0.0355061
854.814 0.852835 0.0347662
855.108 0.78937 0.0323624
855.402 0.788117 0.0329284
855.696 0.861514 0.0354131
855.99 0.892938 0.0366346
856.283 0.813431 0.0341983
856.577 0.89752 0.0367438
856.871 0.822552 0.0348978
857.164 0.810946 0.0350275
857.458 0.914704 0.0384367
857.751 0.828867 0.0359542
858.045 0.8037 0.0349746
858.338 0.8284 0.0360881
858.632 0.798141 0.0346119
858.925 0.86254 0.0369255
859.218 0.863202 0.0367823
859.511 0.934082 0.0398642
859.804 0.820913 0.0369976
860.097 0.820585 0.0360103
860.39 0.874207 0.038259
860.683 0.871053 0.0380282
860.976 0.863539 0.0381671
861.268 0.843068 0.0371291
861.561 0.891598 0.0392771
861.854 0.961646 0.0420061
862.146 0.887774 0.038927
862.439 0.868619 0.0382964
862.731 0.801984 0.0358971
863.023 0.912101 0.0395223
863.316 0.84342 0.0373195
863.608 0.82623 0.0371303
863.9 0.833914 0.0373263
864.192 0.807484 0.0358588
864.484 0.812006 0.0368193
864.776 0.855875 0.0381362
865.068 0.827222 0.0372604
865.36 0.779795 0.0360819
865.651 0.87718 0.0392739
865.943 0.861873 0.0382101
866.235 0.837127 0.0378484
866.526 0.9141 0.0406162
866.818 0.853804 0.0379371
867.109 0.852343 0.0376723
867.4 0.856996 0.038502
867.692 0.89069 0.0394659
867.983 0.843378 0.0380317
868.274 0.853697 0.0387436
868.565 0.869484 0.0386014
868.856 0.864647 0.0387457
869.147 0.890826 0.0392214
869.438 0.874336 0.038752
869.729 0.860672 0.0386781
870.02 0.913372 0.0414156
870.31 0.867276 0.0390982
870.601 0.850715 0.0381651
870.892 0.866646 0.0381254
871.182 0.806993 0.036635
871.473 0.865122 0.0387562
871.763 0.856036 0.0376277
872.053 0.84031 0.0377196
872.343 0.83723 0.0375924
872.634 0.840477 0.0380439
872.924 0.829455 0.0370425
873.214 0.813415 0.0374333
873.504 0.840425 0.0385606
873.794 0.921438 0.0413851
874.084 0.900917 0.0408035
874.373 0.806812 0.0376419
874.663 0.801359 0.0366261
874.953 0.859618 0.039196
875.242 0.828223 0.0379555
875.532 0.788936 0.03674
875.821 0.889702 0.0392583
876.111 0.857609 0.0383976
876.4 0.825196 0.0381362
876.689 0.917863 0.0399532
876.978 0.865232 0.0388051
877.268 0.828173 0.0380324
877.557 0.850934 0.0389964
877.846 0.867913 0.0392516
878.134 0.907327 0.0404972
878.423 0.907494 0.0405047
878.712 0.907661 0.0405121
