178.41 0.718305 0.1311
178.791 0.722853 0.13193
179.172 0.727368 0.132754
179.553 0.431011 0.431011
179.934 0.896074 0.896074
180.316 0.630176 0.630176
180.697 0.438556 0.438556
181.078 0.743528 0.743528
181.459 0.653172 0.653172
181.84 0.750623 0.750623
182.221 1.99231 1.99231
182.602 0.658515 0.658515
182.983 2.87662 0.767987
183.364 1.05326 0.182112
183.744 0.796157 0.0999658
184.125 0.671814 0.0796568
184.506 0.503324 0.056482
184.887 0.594336 0.0547316
185.268 0.56086 0.0457727
185.648 0.515596 0.0424837
186.029 0.549881 0.0418479
186.41 0.650593 0.0443289
186.791 0.646942 0.042482
187.171 0.588924 0.034669
187.552 0.55036 0.0272676
187.932 0.555899 0.0279044
188.313 0.539752 0.025681
188.694 0.564779 0.0262546
189.074 0.554912 0.0250904
189.455 0.542493 0.0241196
189.835 0.582879 0.0257072
190.216 0.576343 0.0248891
190.596 0.546838 0.0232015
190.977 0.568586 0.0234747
191.357 0.60647 0.0243157
191.737 0.567443 0.0232264
192.118 0.57976 0.023362
192.498 0.574125 0.022527
192.878 0.578676 0.0227901
193.258 0.550529 0.0218454
193.639 0.585293 0.0222452
194.019 0.585194 0.0224393
194.399 0.601929 0.0225616
194.779 0.539882 0.0205108
195.159 0.56089 0.021512
195.54 0.553259 0.0207249
195.92 0.579059 0.0212654
196.3 0.551464 0.0204518
196.68 0.54897 0.0205074
197.06 0.553997 0.0204781
197.44 0.564404 0.0204712
197.82 0.552474 0.0200946
198.2 0.552162 0.0200796
198.58 0.517723 0.0189301
198.959 0.537101 0.0192462
199.339 0.550225 0.0195645
199.719 0.53029 0.0188389
200.099 0.550508 0.0192408
200.479 0.517742 0.0186066
200.858 0.546593 0.0188362
201.238 0.520765 0.0180985
201.618 0.546865 0.0187547
201.998 0.522896 0.0178999
202.377 0.513533 0.0177386
202.757 0.515967 0.0175471
203.136 0.515444 0.0174244
203.516 0.498429 0.0168792
203.896 0.494415 0.0166041
204.275 0.488546 0.0161796
204.655 0.493593 0.0162938
205.034 0.481313 0.0159007
205.414 0.476268 0.0156191
205.793 0.486917 0.0156512
206.172 0.476156 0.0154914
206.552 0.461014 0.0149832
206.931 0.467349 0.0148545
207.31 0.470086 0.0147375
207.69 0.463889 0.0145231
208.069 0.451436 0.0141371
208.448 0.45059 0.013946
208.827 0.442303 0.0137378
209.207 0.468542 0.0141024
209.586 0.43925 0.0132972
209.965 0.444805 0.0133387
210.344 0.438585 0.013052
210.723 0.435121 0.0128406
211.102 0.426882 0.0124985
211.481 0.431955 0.0125061
211.86 0.420105 0.0122107
212.239 0.425532 0.0121651
212.618 0.417492 0.0118754
212.997 0.41334 0.0116235
213.376 0.409937 0.0115342
213.755 0.418063 0.0114843
214.134 0.424715 0.0114186
214.513 0.423312 0.0112151
214.891 0.410206 0.0109665
215.27 0.412949 0.0107962
215.649 0.407585 0.0106377
216.028 0.404657 0.0104163
216.406 0.412643 0.010409
216.785 0.407701 0.0101782
217.164 0.402779 0.0100153
217.542 0.407724 0.00986528
217.921 0.400531 0.00965269
218.3 0.407104 0.0096971
218.678 0.406995 0.0095433
219.057 0.405194 0.00935262
219.435 0.408313 0.00923427
219.814 0.402832 0.00910448
220.192 0.407387 0.00900822
220.57 0.41231 0.00895623
220.949 0.409127 0.00877191
221.327 0.409897 0.00863416
221.705 0.418759 0.00863764
222.084 0.414883 0.00841105
222.462 0.41223 0.00828423
222.84 0.419463 0.0082876
223.218 0.418919 0.00807601
223.597 0.435514 0.00815122
223.975 0.43456 0.0079957
224.353 0.431543 0.00788038
224.731 0.43741 0.00780591
225.109 0.434631 0.00762391
225.487 0.443558 0.00759233
225.865 0.447825 0.00751208
226.243 0.453012 0.00745955
226.621 0.457803 0.00740013
226.999 0.461496 0.00727771
227.377 0.466106 0.00724296
227.755 0.466087 0.00714831
228.133 0.47264 0.00710697
228.511 0.480398 0.00707979
228.889 0.484431 0.00697349
229.266 0.486455 0.00692173
229.644 0.49004 0.00681043
230.022 0.495412 0.00675901
230.4 0.5023 0.00674169
230.777 0.512546 0.0067453
231.155 0.512688 0.00665855
231.533 0.518019 0.00659831
231.91 0.520688 0.00652573
232.288 0.529551 0.00651869
232.665 0.53234 0.00645169
233.043 0.536378 0.00641498
233.42 0.536519 0.0063291
233.798 0.552115 0.00637349
234.175 0.553809 0.00630011
234.553 0.556123 0.00624605
234.93 0.561706 0.00621444
235.307 0.565185 0.00618316
235.685 0.571826 0.00616861
236.062 0.572698 0.00610118
236.439 0.575815 0.0060875
236.816 0.584743 0.00605949
237.194 0.586213 0.00600287
237.571 0.584943 0.00594415
237.948 0.59528 0.00596476
238.325 0.592638 0.00588564
238.702 0.599023 0.00588232
239.079 0.603314 0.00584479
239.456 0.611069 0.00584293
239.833 0.611927 0.00580932
240.21 0.617329 0.00578101
240.587 0.61839 0.00575918
240.964 0.619035 0.00571517
241.341 0.621478 0.00567806
241.718 0.627078 0.0056496
242.095 0.627844 0.00565135
242.472 0.629503 0.00561395
242.849 0.632347 0.00558462
243.225 0.63369 0.00554181
243.602 0.636088 0.00552433
243.979 0.638222 0.00551447
244.356 0.645684 0.00552385
244.732 0.646184 0.00546971
245.109 0.641971 0.00541368
245.486 0.651168 0.00544473
245.862 0.651029 0.00541726
246.239 0.653898 0.00537384
246.615 0.655223 0.00536953
246.992 0.6538 0.00532442
247.368 0.661999 0.00535766
247.745 0.661364 0.00530994
248.121 0.662072 0.00527657
248.497 0.661806 0.00526699
248.874 0.67176 0.0052743
249.25 0.66268 0.00519244
249.626 0.670076 0.0052127
250.003 0.668804 0.00517719
250.379 0.666696 0.00511869
250.755 0.671639 0.00514208
251.131 0.671765 0.00510647
251.507 0.670158 0.00509356
251.884 0.672308 0.0050667
252.26 0.672651 0.00506928
252.636 0.673185 0.00502513
253.012 0.675296 0.00501465
253.388 0.678986 0.0050132
253.764 0.679217 0.00499354
254.14 0.679457 0.00498253
254.516 0.678979 0.00497399
254.892 0.677966 0.00494513
255.268 0.684986 0.00496539
255.643 0.682718 0.00493635
256.019 0.682111 0.0049305
256.395 0.682292 0.00492087
256.771 0.683752 0.00489022
257.147 0.686114 0.00489309
257.522 0.683899 0.00487745
257.898 0.687897 0.00488364
258.274 0.68817 0.00487198
258.649 0.691047 0.00487916
259.025 0.685948 0.00483443
259.4 0.685305 0.00482954
259.776 0.686078 0.00481734
260.151 0.696668 0.0048707
260.527 0.691086 0.00482953
260.902 0.693266 0.00482399
261.278 0.693009 0.00481291
261.653 0.691106 0.00480616
262.028 0.692174 0.0048145
262.404 0.694988 0.00480215
262.779 0.691334 0.00477752
263.154 0.690621 0.00476664
263.53 0.692846 0.00476129
263.905 0.692521 0.00476941
264.28 0.69357 0.00477055
264.655 0.68773 0.00473661
265.03 0.688853 0.0047551
265.405 0.694011 0.00475698
265.781 0.693886 0.0047622
266.156 0.693528 0.00475586
266.531 0.691766 0.00472474
266.906 0.698452 0.00477374
267.281 0.696421 0.00474321
267.655 0.695763 0.0047587
268.03 0.697113 0.00476596
268.405 0.697654 0.00476147
268.78 0.697669 0.0047614
269.155 0.695617 0.00474382
269.53 0.701352 0.00477977
269.904 0.699682 0.00476868
270.279 0.702226 0.00478038
270.654 0.6978 0.00475174
271.029 0.697121 0.00475843
271.403 0.69551 0.0047395
271.778 0.697514 0.00475981
272.152 0.69988 0.0047724
272.527 0.701382 0.00477334
272.901 0.697447 0.0047413
273.276 0.697343 0.00473014
273.65 0.702407 0.0047622
274.025 0.697067 0.00473174
274.399 0.698197 0.00475827
274.774 0.697961 0.00474646
275.148 0.69794 0.00473138
275.522 0.701824 0.00475723
275.897 0.69692 0.00473801
276.271 0.698819 0.0047492
276.645 0.703137 0.00475005
277.019 0.700405 0.00472797
277.393 0.701102 0.00471755
277.768 0.698972 0.00473267
278.142 0.698833 0.00472745
278.516 0.698944 0.00473616
278.89 0.69965 0.0047292
279.264 0.703515 0.00475746
279.638 0.699213 0.00471995
280.012 0.702175 0.00473825
280.386 0.705531 0.00477439
280.76 0.700344 0.00473873
281.133 0.704163 0.00476034
281.507 0.703223 0.00475335
281.881 0.701447 0.00473649
282.255 0.702327 0.0047461
282.629 0.7058 0.00477162
283.002 0.702661 0.00476358
283.376 0.698285 0.00473572
283.75 0.704074 0.00477146
284.123 0.697807 0.0047336
284.497 0.701895 0.0047561
284.87 0.703181 0.00476532
285.244 0.703778 0.00475857
285.618 0.704238 0.00477235
285.991 0.703493 0.00478996
286.364 0.705178 0.00479391
286.738 0.702109 0.00478258
287.111 0.710318 0.0048125
287.485 0.703947 0.00479358
287.858 0.707946 0.00482512
288.231 0.705778 0.00480927
288.605 0.706555 0.00482511
288.978 0.703378 0.004804
289.351 0.706184 0.0048386
289.724 0.701598 0.00482269
290.097 0.705462 0.00484173
290.47 0.710208 0.00487368
290.843 0.70714 0.00486144
291.217 0.703766 0.00485078
291.59 0.708354 0.00490029
291.963 0.706029 0.00488145
292.336 0.705448 0.00489503
292.708 0.708801 0.004916
293.081 0.716051 0.00496382
293.454 0.708733 0.00491663
293.827 0.704056 0.00491495
294.2 0.707184 0.00495797
294.573 0.70819 0.00494567
294.945 0.707071 0.00497095
295.318 0.713616 0.00499198
295.691 0.709204 0.00498865
296.064 0.70907 0.00499733
296.436 0.707501 0.00498828
296.809 0.703479 0.00496071
297.181 0.705676 0.00499512
297.554 0.708785 0.00501376
297.926 0.709544 0.00502042
298.299 0.709441 0.00502542
298.671 0.705082 0.00498814
299.044 0.714197 0.00504778
299.416 0.711863 0.00504716
299.788 0.70846 0.00502726
300.161 0.709953 0.00505469
300.533 0.711047 0.00505153
300.905 0.709895 0.00502823
301.278 0.711561 0.0050447
301.65 0.706867 0.00502239
302.022 0.706796 0.0050331
302.394 0.708902 0.00504872
302.766 0.705554 0.00502968
303.138 0.708959 0.00506162
303.51 0.709978 0.00505206
303.882 0.70758 0.0050372
304.254 0.707093 0.00504535
304.626 0.710176 0.00504115
304.998 0.711944 0.00504592
305.37 0.707931 0.0050598
305.742 0.705099 0.00503074
306.114 0.704933 0.00502799
306.485 0.709581 0.00504566
306.857 0.70849 0.00503818
307.229 0.708337 0.00505524
307.601 0.706671 0.00504791
307.972 0.707272 0.00504486
308.344 0.705774 0.0050332
308.716 0.710423 0.00507058
309.087 0.708326 0.00505672
309.459 0.703447 0.00504692
309.83 0.707795 0.00506316
310.202 0.704331 0.00504254
310.573 0.708925 0.00506192
310.945 0.704052 0.00504099
311.316 0.708186 0.00507995
311.687 0.707073 0.00505561
312.059 0.707285 0.0050741
312.43 0.703513 0.00505136
312.801 0.710463 0.00509416
313.172 0.709959 0.00509548
313.544 0.708348 0.00509495
313.915 0.703709 0.00504596
314.286 0.711873 0.00509718
314.657 0.702435 0.00505207
315.028 0.704419 0.00506988
315.399 0.701185 0.00505655
315.77 0.703404 0.00505739
316.141 0.704548 0.00508256
316.512 0.704005 0.00507984
316.883 0.70608 0.0050976
317.254 0.70418 0.00508561
317.625 0.704019 0.00511636
317.996 0.703322 0.00508582
318.366 0.703305 0.00509838
318.737 0.702044 0.00508868
319.108 0.708941 0.00513128
319.478 0.703819 0.0051144
319.849 0.701249 0.00510263
320.22 0.703921 0.00511738
320.59 0.701149 0.00510438
320.961 0.697572 0.00510008
321.331 0.701356 0.00511457
321.702 0.699993 0.00513548
322.072 0.704599 0.00516793
322.443 0.700376 0.00514221
322.813 0.699968 0.00513118
323.184 0.697699 0.00513722
323.554 0.70149 0.00516752
323.924 0.694578 0.00513934
324.295 0.700584 0.00518655
324.665 0.700533 0.00519014
325.035 0.700065 0.00518162
325.405 0.702213 0.00521092
325.775 0.702074 0.00523574
326.145 0.702779 0.00523336
326.515 0.696909 0.00522107
326.886 0.701681 0.0052654
327.256 0.702363 0.00527298
327.626 0.696812 0.00528458
327.995 0.688454 0.00526574
328.365 0.681909 0.00524798
328.735 0.676399 0.005253
329.105 0.678866 0.00531958
329.475 0.691471 0.00541091
329.845 0.71804 0.00559363
330.215 0.73738 0.0056472
330.584 0.746489 0.0056272
330.954 0.740304 0.00547141
331.324 0.723213 0.00525564
331.693 0.708135 0.00511132
332.063 0.694686 0.00500801
332.432 0.684146 0.00494426
332.802 0.684563 0.00498636
333.171 0.687047 0.00506095
333.541 0.690753 0.00516926
333.91 0.690977 0.00519636
334.28 0.693205 0.00523455
334.649 0.693095 0.0052493
335.018 0.694189 0.00527136
335.388 0.697342 0.00530037
335.757 0.698238 0.00530453
336.126 0.697165 0.00531949
336.495 0.694025 0.00528956
336.865 0.695834 0.00531838
337.234 0.695256 0.00534623
337.603 0.691724 0.00532176
337.972 0.697936 0.00535791
338.341 0.695176 0.00533856
338.71 0.695598 0.00533654
339.079 0.69701 0.00536133
339.448 0.697263 0.00535384
339.817 0.69408 0.00535481
340.186 0.693731 0.00535685
340.554 0.69463 0.0053533
340.923 0.694676 0.00536466
341.292 0.692535 0.00536144
341.661 0.69527 0.00537875
342.029 0.69067 0.00535165
342.398 0.691486 0.00536201
342.767 0.691419 0.00538236
343.135 0.693514 0.00538648
343.504 0.690931 0.0053932
343.872 0.693573 0.0053834
344.241 0.692478 0.00539174
344.609 0.693935 0.00541886
344.978 0.691351 0.00540329
345.346 0.690097 0.00537809
345.715 0.693183 0.00541094
346.083 0.691378 0.00541593
346.451 0.689394 0.00539958
346.82 0.690158 0.00542066
347.188 0.689654 0.00540844
347.556 0.692072 0.00544587
347.924 0.691204 0.00543586
348.292 0.687587 0.00543394
348.66 0.687874 0.00543029
349.028 0.689414 0.0054432
349.396 0.687959 0.00545888
349.764 0.688618 0.00545462
350.132 0.686162 0.00544208
350.5 0.686096 0.0054507
350.868 0.684112 0.0054527
351.236 0.684188 0.00544866
351.604 0.683847 0.00546848
351.972 0.690699 0.00550203
352.34 0.685504 0.00548927
352.707 0.687877 0.00550118
353.075 0.688569 0.0055054
353.443 0.684913 0.00550328
353.81 0.683318 0.00551053
354.178 0.689781 0.00553965
354.545 0.686152 0.00551152
354.913 0.689959 0.00555029
355.28 0.685375 0.00553258
355.648 0.688116 0.00553191
356.015 0.681432 0.00551462
356.383 0.680242 0.00550351
356.75 0.683926 0.00553246
357.117 0.680739 0.00552262
357.485 0.685567 0.00554606
357.852 0.69206 0.00561074
358.219 0.68291 0.00554586
358.586 0.677808 0.00552418
358.954 0.686592 0.00558323
359.321 0.678566 0.00553709
359.688 0.684183 0.00558732
360.055 0.679157 0.00555884
360.422 0.684171 0.00558741
360.789 0.682246 0.00558916
361.156 0.677593 0.00556516
361.523 0.68161 0.00560423
361.89 0.677153 0.0055791
362.256 0.674052 0.00554404
362.623 0.680056 0.00562414
362.99 0.675318 0.00557769
363.357 0.679051 0.00561592
363.724 0.68171 0.00562933
364.09 0.677027 0.00559866
364.457 0.680743 0.00565592
364.823 0.680757 0.00561965
365.19 0.678516 0.00561873
365.557 0.675532 0.00559766
365.923 0.678747 0.00562956
366.29 0.679376 0.00564987
366.656 0.678285 0.00562212
367.022 0.673532 0.00559538
367.389 0.679039 0.00564337
367.755 0.682802 0.00568592
368.121 0.67611 0.0056557
368.488 0.675756 0.00564658
368.854 0.672432 0.00565405
369.22 0.678055 0.0057044
369.586 0.678273 0.00572474
369.952 0.677989 0.005736
370.318 0.670347 0.00570628
370.684 0.671976 0.00572987
371.051 0.675477 0.00574636
371.416 0.677488 0.00579047
371.782 0.678846 0.00577895
372.148 0.676539 0.00578099
372.514 0.67719 0.0057962
372.88 0.676901 0.00581199
373.246 0.677477 0.00580911
373.612 0.674761 0.00579474
373.977 0.669931 0.00576092
374.343 0.673531 0.00575813
374.709 0.674429 0.00574327
375.074 0.669497 0.00573936
375.44 0.674463 0.00578529
375.806 0.681577 0.00584782
376.171 0.666864 0.00575511
376.537 0.669683 0.00576199
376.902 0.672079 0.00578245
377.268 0.670168 0.00575051
377.633 0.667836 0.00572998
377.998 0.672794 0.00572918
378.364 0.669008 0.00568834
378.729 0.672063 0.00571091
379.094 0.678117 0.00576168
379.459 0.674003 0.00582112
379.825 0.669341 0.00577525
380.19 0.670103 0.00578749
380.555 0.671139 0.00583267
380.92 0.674154 0.0059188
381.285 0.672816 0.00590174
381.65 0.665904 0.00582566
382.015 0.667841 0.00584272
382.38 0.670105 0.00587535
382.745 0.672938 0.00592386
383.11 0.668582 0.00592062
383.474 0.668729 0.00590379
383.839 0.664593 0.00589611
384.204 0.671206 0.0059445
384.569 0.665788 0.0059277
384.933 0.668159 0.00595553
385.298 0.665324 0.00595215
385.663 0.663701 0.00592802
386.027 0.661424 0.0059056
386.392 0.660659 0.005877
386.756 0.661789 0.00585245
387.121 0.660876 0.00584673
387.485 0.665308 0.00584827
387.849 0.66288 0.00581027
388.214 0.671604 0.00591327
388.578 0.668065 0.00592733
388.942 0.665062 0.00594412
389.307 0.661714 0.00592373
389.671 0.666314 0.00596617
390.035 0.661576 0.00591784
390.399 0.662798 0.0059094
390.763 0.659616 0.00586044
391.127 0.6619 0.00584941
391.492 0.656867 0.00574698
391.856 0.653286 0.00566524
392.219 0.661254 0.00565716
392.583 0.667484 0.00571612
392.947 0.675773 0.0058756
393.311 0.666667 0.00588974
393.675 0.661515 0.00588462
394.039 0.664425 0.00593407
394.403 0.660931 0.00592139
394.766 0.65828 0.00592556
395.13 0.660038 0.00594916
395.494 0.657663 0.00593609
395.857 0.656215 0.00590365
396.221 0.653985 0.00586693
396.584 0.653192 0.00581945
396.948 0.649869 0.00574196
397.311 0.649594 0.0056562
397.675 0.655092 0.00564941
398.038 0.663693 0.00568914
398.401 0.65747 0.00574289
398.765 0.663944 0.00586034
399.128 0.667256 0.00595887
399.491 0.662762 0.00598395
399.854 0.651761 0.00594253
400.218 0.652407 0.00596277
400.581 0.654538 0.00598952
400.944 0.658531 0.00603717
401.307 0.656473 0.00610028
401.67 0.656443 0.00608241
402.033 0.649902 0.00606968
402.396 0.65475 0.00609567
402.759 0.654704 0.00610288
403.122 0.651128 0.0060565
403.485 0.656862 0.00608154
403.847 0.652572 0.00601121
404.21 0.649598 0.00596651
404.573 0.655448 0.00598677
404.936 0.656645 0.00596271
405.298 0.662186 0.00605355
405.661 0.659794 0.00612732
406.023 0.658368 0.00620749
406.386 0.653824 0.00620792
406.749 0.653443 0.0062345
407.111 0.649356 0.006207
407.473 0.636927 0.00604895
407.836 0.648818 0.00609625
408.198 0.653656 0.00608168
408.561 0.654167 0.00610156
408.923 0.654147 0.00611048
409.285 0.652836 0.00611562
409.647 0.651349 0.00616219
410.009 0.656474 0.00624489
410.372 0.653285 0.00622063
410.734 0.651371 0.00624275
411.096 0.647526 0.00621336
411.458 0.651774 0.00623221
411.82 0.649569 0.00618084
412.182 0.650523 0.00613844
412.544 0.649127 0.00614556
412.906 0.64539 0.00611701
413.267 0.651732 0.00616897
413.629 0.65387 0.00622771
413.991 0.651754 0.00624685
414.353 0.650986 0.00626036
414.714 0.64884 0.00631587
415.076 0.64707 0.00629158
415.438 0.650123 0.00629954
415.799 0.64809 0.00626459
416.161 0.647404 0.00631617
416.522 0.645822 0.00633441
416.884 0.643562 0.00632725
417.245 0.647904 0.00637198
417.607 0.648721 0.00636027
417.968 0.640244 0.00631146
418.329 0.642445 0.0063144
418.691 0.645832 0.00632892
419.052 0.646195 0.00632628
419.413 0.637907 0.00622903
419.774 0.641091 0.00622513
420.135 0.638112 0.00607238
420.497 0.634622 0.00596019
420.858 0.638859 0.00589756
421.219 0.649235 0.00596534
421.58 0.65185 0.00605355
421.941 0.655918 0.00617903
422.302 0.648964 0.00622862
422.662 0.649654 0.00625875
423.023 0.64377 0.00625783
423.384 0.646844 0.00629378
423.745 0.643469 0.00623947
424.106 0.638159 0.00621017
424.466 0.646837 0.0062401
424.827 0.651947 0.00635117
425.187 0.652094 0.00643227
425.548 0.646218 0.00646372
425.909 0.642652 0.00647995
426.269 0.642328 0.00643264
426.63 0.641172 0.00638327
426.99 0.64375 0.00634359
427.35 0.639363 0.00635016
427.711 0.636034 0.00628871
428.071 0.633482 0.00622354
428.431 0.62374 0.00605752
428.792 0.623222 0.00584777
429.152 0.627501 0.00570651
429.512 0.640679 0.00575532
429.872 0.642243 0.00580233
430.232 0.653347 0.00595562
430.592 0.656835 0.00614094
430.952 0.655829 0.00631743
431.312 0.656401 0.00647741
431.672 0.643312 0.00648635
432.032 0.631245 0.0064056
432.392 0.631261 0.00631905
432.752 0.618274 0.00594606
433.111 0.632368 0.00587917
433.471 0.65598 0.00608162
433.831 0.654609 0.0063132
434.19 0.639037 0.00623847
434.55 0.63865 0.00623545
434.91 0.637184 0.00630094
435.269 0.633761 0.00619744
435.629 0.634386 0.00618684
435.988 0.637805 0.00617693
436.348 0.645351 0.00630839
436.707 0.643953 0.00639744
437.066 0.638464 0.00636665
437.426 0.631445 0.0062564
437.785 0.630618 0.00623478
438.144 0.638637 0.00626648
438.503 0.642566 0.00636866
438.862 0.639219 0.00636383
439.222 0.641444 0.00642576
439.581 0.633763 0.00641458
439.94 0.624502 0.00627833
440.299 0.613512 0.00601308
440.658 0.620976 0.00589557
441.017 0.636664 0.00597151
441.376 0.644127 0.0060765
441.734 0.641014 0.00612406
442.093 0.633738 0.00608655
442.452 0.626326 0.00600741
442.811 0.631092 0.00600372
443.169 0.630924 0.00600066
443.528 0.647667 0.00620587
443.887 0.634091 0.00614441
444.245 0.637042 0.00618567
444.604 0.637702 0.00624039
444.962 0.631404 0.00623904
445.321 0.635594 0.00626555
445.679 0.630741 0.00620878
446.038 0.63156 0.00619012
446.396 0.637577 0.00630522
446.754 0.634733 0.00637723
447.112 0.6415 0.00644356
447.471 0.634118 0.00641372
447.829 0.627592 0.006414
448.187 0.622814 0.00637819
448.545 0.628552 0.00638789
448.903 0.630305 0.00641336
449.261 0.632968 0.00644558
449.619 0.63341 0.0065089
449.977 0.638277 0.00656569
450.335 0.634558 0.00661826
450.693 0.635349 0.00663878
451.051 0.62552 0.00657418
451.409 0.630991 0.00662876
451.766 0.635047 0.00665851
452.124 0.63526 0.00675305
452.482 0.634521 0.00681598
452.839 0.639287 0.00691793
453.197 0.633223 0.0068972
453.555 0.635724 0.00693938
453.912 0.624479 0.00685967
454.27 0.622706 0.00674187
454.627 0.625837 0.00667894
454.984 0.633899 0.0067377
455.342 0.6372 0.00685879
455.699 0.634896 0.00692277
456.056 0.625063 0.00682818
456.414 0.625431 0.00676913
456.771 0.62426 0.00663912
457.128 0.625749 0.0066216
457.485 0.628861 0.00661503
457.842 0.633981 0.00668301
458.199 0.634109 0.00667595
458.556 0.629392 0.00658691
458.913 0.623424 0.00655588
459.27 0.626545 0.00653504
459.627 0.634103 0.00666998
459.984 0.622699 0.00656154
460.341 0.630318 0.00659307
460.697 0.629122 0.00666529
461.054 0.643732 0.00694086
461.411 0.638098 0.00705278
461.767 0.631484 0.00709887
462.124 0.627753 0.00706016
462.481 0.621211 0.00693928
462.837 0.614622 0.00679524
463.194 0.622997 0.00669818
463.55 0.624319 0.0067484
463.907 0.616339 0.00652911
464.263 0.615747 0.00643613
464.619 0.620944 0.00634088
464.976 0.621907 0.00625792
465.332 0.62822 0.00628804
465.688 0.649184 0.00658825
466.044 0.640631 0.00677968
466.4 0.638729 0.00687493
466.756 0.626043 0.00685097
467.112 0.628928 0.00686668
467.468 0.625404 0.0068373
467.824 0.635809 0.00696466
468.18 0.634082 0.00704604
468.536 0.628785 0.00702241
468.892 0.628134 0.00713074
469.248 0.629101 0.00716788
469.604 0.625504 0.00719035
469.959 0.626958 0.00719615
470.315 0.621846 0.00716289
470.671 0.621593 0.00715428
471.026 0.61913 0.00707983
471.382 0.618597 0.00700908
471.737 0.625173 0.00698955
472.093 0.619823 0.006851
472.448 0.61144 0.00667389
472.804 0.622806 0.0066782
473.159 0.623445 0.00662677
473.514 0.629358 0.00669196
473.87 0.615689 0.00652458
474.225 0.609298 0.00630516
474.58 0.61246 0.00619685
474.935 0.631595 0.00634644
475.29 0.634731 0.00644796
475.645 0.622832 0.00639371
476 0.617862 0.00637635
476.355 0.623424 0.00646265
476.71 0.616308 0.00642189
477.065 0.602985 0.00616707
477.42 0.608169 0.00611184
477.775 0.620771 0.00618227
478.13 0.625689 0.00626254
478.485 0.621284 0.00619525
478.839 0.609253 0.00606157
479.194 0.606388 0.00589234
479.549 0.611347 0.00584382
479.903 0.626193 0.00593012
480.258 0.619799 0.0059462
480.612 0.611915 0.0058312
480.967 0.607338 0.00567504
481.321 0.623854 0.00577012
481.675 0.629395 0.00590735
482.03 0.621985 0.00597606
482.384 0.61931 0.00598824
482.738 0.613322 0.0059024
483.093 0.606519 0.0058267
483.447 0.606113 0.00569825
483.801 0.59718 0.00547951
484.155 0.605985 0.00544931
484.509 0.512094 0.00436205
484.863 0.489633 0.00290719
485.217 0.579233 0.00287383
485.571 0.671522 0.00317425
485.925 0.782051 0.00436362
486.279 0.701168 0.00479107
486.632 0.632324 0.00492093
486.986 0.634508 0.00532854
487.34 0.637021 0.00569952
487.694 0.620625 0.00578273
488.047 0.609681 0.00576393
488.401 0.614112 0.00579218
488.754 0.617569 0.00584533
489.108 0.622303 0.00596345
489.461 0.616821 0.00596587
489.815 0.616909 0.00602853
490.168 0.613576 0.00594591
490.522 0.610476 0.00590563
490.875 0.611758 0.00592072
491.228 0.612493 0.00596502
491.581 0.60708 0.00589785
491.935 0.621864 0.0059913
492.288 0.613011 0.00597302
492.641 0.611771 0.00592466
492.994 0.612256 0.00592257
493.347 0.609596 0.00582763
493.7 0.613392 0.00585021
494.053 0.612243 0.00586473
494.406 0.621658 0.00600523
494.759 0.622622 0.00613242
495.111 0.598857 0.00582644
495.464 0.588726 0.00552341
495.817 0.601807 0.00548356
496.169 0.63563 0.00579369
496.522 0.63699 0.00606171
496.875 0.626021 0.00620998
497.227 0.61819 0.00623199
497.58 0.611626 0.00618801
497.932 0.609076 0.00610261
498.285 0.604148 0.00602238
498.637 0.596349 0.00583436
498.989 0.608209 0.00582649
499.342 0.618846 0.0059208
499.694 0.625913 0.00608616
500.046 0.610305 0.0060614
500.398 0.59399 0.00583341
500.751 0.601609 0.00581715
501.103 0.605599 0.0058178
501.455 0.609683 0.00584635
501.807 0.6099 0.00585617
502.159 0.611862 0.00586875
502.511 0.606934 0.00583055
502.862 0.60963 0.00586866
503.214 0.616569 0.00598264
503.566 0.622591 0.00613364
503.918 0.611076 0.00614241
504.27 0.609404 0.0061275
504.621 0.61392 0.00616517
504.973 0.611487 0.00618766
505.324 0.604216 0.00611103
505.676 0.603972 0.00600335
506.027 0.616416 0.00608125
506.379 0.624647 0.00632573
506.73 0.610937 0.0063513
507.082 0.603502 0.00626774
507.433 0.598624 0.00612674
507.784 0.609946 0.00613271
508.136 0.613013 0.00625538
508.487 0.620946 0.00636033
508.838 0.61086 0.00636762
509.189 0.609263 0.0063523
509.54 0.598673 0.00621268
509.891 0.61028 0.00634518
510.242 0.607405 0.00633728
510.593 0.609815 0.00639024
510.944 0.607667 0.00641464
511.295 0.617308 0.00659997
511.646 0.618136 0.00667753
511.996 0.598628 0.00650362
512.347 0.598101 0.00645186
512.698 0.613666 0.00655687
513.049 0.610034 0.00657771
513.399 0.605777 0.00658512
513.75 0.603892 0.00655521
514.1 0.613686 0.00673353
514.451 0.61357 0.0068729
514.801 0.603013 0.0067836
515.152 0.602477 0.00672065
515.502 0.595795 0.00657969
515.852 0.608067 0.00661143
516.202 0.609036 0.00660782
516.553 0.619826 0.00676355
516.903 0.612274 0.00682475
517.253 0.612722 0.00693024
517.603 0.605028 0.00688533
517.953 0.602235 0.00683604
518.303 0.598721 0.00665609
518.653 0.606023 0.00664168
519.003 0.613912 0.00673612
519.353 0.625232 0.00704109
519.703 0.611684 0.00711207
520.052 0.602457 0.00709442
520.402 0.602282 0.00705432
520.752 0.604404 0.00698586
521.102 0.620865 0.0071951
521.451 0.612243 0.00719583
521.801 0.608416 0.0071528
522.15 0.598801 0.00697845
522.5 0.605269 0.00700466
522.849 0.59861 0.00694414
523.199 0.603572 0.00690699
523.548 0.603296 0.00683903
523.897 0.609122 0.00695143
524.246 0.616306 0.00710868
524.596 0.612251 0.00718554
524.945 0.600703 0.00707596
525.294 0.606105 0.00710688
525.643 0.604709 0.00708287
525.992 0.605067 0.00707287
526.341 0.606296 0.0070359
526.69 0.60816 0.00710217
527.039 0.611886 0.00719332
527.388 0.604053 0.00719713
527.737 0.58825 0.00688626
528.086 0.594236 0.00666657
528.434 0.603799 0.00659702
528.783 0.624527 0.00689263
529.132 0.616683 0.00697958
529.48 0.614425 0.00705643
529.829 0.604888 0.00704002
530.177 0.609932 0.00714187
530.526 0.604907 0.00712988
530.874 0.600419 0.00703566
531.223 0.59789 0.00701068
531.571 0.604665 0.00711101
531.919 0.59271 0.00697117
532.268 0.58214 0.00669776
532.616 0.591333 0.00653465
532.964 0.607063 0.00652278
533.312 0.605316 0.00651676
533.66 0.606416 0.00655211
534.008 0.600997 0.00650793
534.356 0.601098 0.00651277
534.704 0.613783 0.00664094
535.052 0.613338 0.00672782
535.4 0.615371 0.00688142
535.748 0.611308 0.00702195
536.095 0.606095 0.0071691
536.443 0.598672 0.00713395
536.791 0.585739 0.00690722
537.139 0.591182 0.00677946
537.486 0.596563 0.00665274
537.834 0.607807 0.00667956
538.181 0.602466 0.00661197
538.529 0.604762 0.00666187
538.876 0.60112 0.00662457
539.223 0.609784 0.00678495
539.571 0.607668 0.00691807
539.918 0.595825 0.00682604
540.265 0.589383 0.0066552
540.613 0.596071 0.00657774
540.96 0.610885 0.00674143
541.307 0.600144 0.00669409
541.654 0.593055 0.00665276
542.001 0.602747 0.00672779
542.348 0.60453 0.00673647
542.695 0.60205 0.00673114
543.042 0.59482 0.00658792
543.388 0.592731 0.00649318
543.735 0.608991 0.0065725
544.082 0.59764 0.00650104
544.429 0.604135 0.00656637
544.775 0.612101 0.00675507
545.122 0.61761 0.00698657
545.469 0.597898 0.00698657
545.815 0.59353 0.00692071
546.162 0.58983 0.00684421
546.508 0.58892 0.00669851
546.854 0.583171 0.00641868
547.201 0.584274 0.00618952
547.547 0.605557 0.00628299
547.893 0.615774 0.00647803
548.24 0.626052 0.00688169
548.586 0.607209 0.00705918
548.932 0.600146 0.0071224
549.278 0.594162 0.00709184
549.624 0.599094 0.00708317
549.97 0.608392 0.00720472
550.316 0.602386 0.00731221
550.662 0.602955 0.00739093
551.008 0.570735 0.00681871
551.353 0.583045 0.00652364
551.699 0.60362 0.00649092
552.045 0.620723 0.00675949
552.391 0.598425 0.00677452
552.736 0.591883 0.00676815
553.082 0.592894 0.00678387
553.427 0.607326 0.0069873
553.773 0.610018 0.00723462
554.118 0.585164 0.00708615
554.464 0.584969 0.00690317
554.809 0.576524 0.00658098
555.154 0.600553 0.00662626
555.5 0.600249 0.0066396
555.845 0.616406 0.00698998
556.19 0.604782 0.00711162
556.535 0.597192 0.00722555
556.88 0.589465 0.00706289
557.225 0.598871 0.00709263
557.57 0.611118 0.0073046
557.915 0.612776 0.0075128
558.26 0.597909 0.00751257
558.605 0.600207 0.0075003
558.95 0.589652 0.00727013
559.295 0.580879 0.00683103
559.639 0.586323 0.00660466
559.984 0.589266 0.00636816
560.329 0.597228 0.00638736
560.673 0.603407 0.0064426
561.018 0.599559 0.00661048
561.362 0.606044 0.00682331
561.707 0.602446 0.00697357
562.051 0.586942 0.00679934
562.395 0.578228 0.00665954
562.74 0.586874 0.00657602
563.084 0.591892 0.00652246
563.428 0.591293 0.00638303
563.772 0.597651 0.006447
564.117 0.588303 0.0063496
564.461 0.593475 0.00635728
564.805 0.591463 0.00640177
565.149 0.59488 0.00639063
565.493 0.59302 0.00639041
565.836 0.59233 0.006264
566.18 0.585388 0.00613618
566.524 0.570551 0.00564909
566.868 0.588113 0.00558159
567.212 0.593225 0.00551038
567.555 0.585901 0.00540705
567.899 0.574811 0.00510749
568.242 0.578231 0.00491348
568.586 0.56891 0.00456079
568.929 0.569878 0.00427267
569.273 0.580084 0.00407562
569.616 0.597243 0.00414129
569.96 0.582205 0.00400623
570.303 0.578315 0.00386875
570.646 0.587091 0.00384958
570.989 0.577711 0.00370044
571.333 0.598419 0.00381306
571.676 0.604295 0.00397495
572.019 0.597825 0.00427513
572.362 0.549505 0.00386737
572.705 0.557164 0.00361446
573.048 0.578677 0.00350619
573.391 0.578628 0.00339164
573.733 0.583948 0.00335986
574.076 0.585585 0.00332738
574.419 0.602464 0.00347786
574.762 0.5976 0.00364834
575.104 0.601592 0.0039184
575.447 0.556972 0.00371938
575.789 0.552756 0.00348281
576.132 0.578275 0.00336538
576.474 0.576096 0.00332144
576.817 0.566201 0.00304604
577.159 0.581875 0.00291961
577.501 0.621671 0.00304162
577.844 0.62331 0.00325963
578.186 0.607721 0.00361022
578.528 0.563035 0.00361688
578.87 0.567185 0.00364603
579.212 0.557484 0.00349415
579.554 0.581334 0.0034541
579.896 0.584117 0.00348345
580.238 0.553191 0.00319456
580.58 0.567362 0.00284252
580.922 0.618998 0.00285346
581.264 0.672371 0.00297386
581.606 0.62923 0.00300354
581.947 0.608977 0.00313643
582.289 0.601943 0.00346436
582.631 0.584438 0.00378641
582.972 0.566335 0.00397726
583.314 0.560189 0.00391201
583.655 0.558345 0.00377551
583.997 0.554249 0.00343366
584.338 0.572235 0.00324508
584.679 0.586813 0.00315292
585.021 0.613926 0.00331359
585.362 0.603712 0.0035307
585.703 0.594588 0.00376874
586.044 0.552756 0.0036473
586.385 0.558511 0.00346922
586.726 0.5729 0.00335584
587.067 0.60799 0.00359276
587.408 0.594439 0.00375619
587.749 0.586969 0.00390948
588.09 0.584679 0.00406448
588.431 0.59174 0.00433252
588.772 0.573865 0.00443737
589.113 0.568033 0.00433853
589.453 0.578305 0.00435384
589.794 0.598031 0.00457909
590.134 0.597618 0.00482176
590.475 0.578288 0.00485338
590.815 0.569642 0.00477239
591.156 0.584041 0.00483921
591.496 0.554883 0.00457307
591.837 0.541342 0.00388583
592.177 0.561826 0.00359607
592.517 0.595203 0.00354368
592.857 0.609647 0.00378133
593.198 0.6027 0.00400022
593.538 0.596208 0.00438899
593.878 0.56389 0.00440478
594.218 0.548032 0.00420232
594.558 0.57456 0.0041429
594.898 0.597177 0.00434261
595.237 0.60483 0.0046413
595.577 0.590645 0.00488283
595.917 0.577373 0.00506876
596.257 0.554568 0.0047595
596.596 0.562394 0.00467251
596.936 0.595102 0.00472669
597.276 0.591854 0.00489804
597.615 0.564299 0.00469789
597.955 0.54111 0.00404599
598.294 0.578354 0.00392445
598.633 0.601115 0.00401418
598.973 0.592194 0.00413447
599.312 0.568509 0.00403859
599.651 0.585759 0.0041319
599.991 0.579175 0.00419835
600.33 0.581709 0.00427254
600.669 0.582717 0.0043988
601.008 0.590272 0.00458026
601.347 0.573612 0.00466904
601.686 0.565565 0.00450076
602.025 0.574426 0.00456615
602.364 0.564164 0.00429973
602.702 0.577347 0.00428727
603.041 0.588799 0.00435825
603.38 0.594149 0.00458743
603.719 0.586665 0.0047661
604.057 0.572496 0.00484051
604.396 0.569751 0.00482127
604.734 0.548441 0.00451776
605.073 0.574121 0.0042763
605.411 0.58951 0.0043753
605.75 0.600699 0.00457787
606.088 0.582473 0.00474386
606.426 0.563518 0.00455164
606.764 0.573443 0.00452844
607.103 0.600228 0.00477981
607.441 0.581719 0.00486794
607.779 0.572952 0.00494824
608.117 0.574927 0.00492286
608.455 0.594988 0.00522042
608.793 0.565182 0.00513705
609.131 0.547584 0.00471736
609.469 0.578942 0.0047335
609.806 0.599346 0.00488096
610.144 0.597128 0.00525452
610.482 0.565637 0.00516722
610.819 0.57867 0.00521496
611.157 0.580766 0.00525189
611.495 0.584105 0.00545156
611.832 0.572705 0.00541423
612.17 0.570659 0.00536523
612.507 0.577143 0.00533537
612.844 0.578255 0.00539661
613.182 0.57906 0.00541284
613.519 0.574671 0.00535909
613.856 0.580324 0.00537135
614.193 0.564322 0.00522998
614.53 0.574035 0.0051649
614.867 0.587969 0.00522155
615.205 0.593205 0.00550736
615.541 0.58382 0.00566107
615.878 0.56759 0.00581883
616.215 0.566946 0.00575616
616.552 0.574844 0.00585534
616.889 0.571876 0.00570612
617.226 0.583658 0.00570548
617.562 0.595401 0.00594578
617.899 0.594146 0.0062982
618.235 0.58225 0.00655607
618.572 0.567138 0.00671015
618.908 0.557286 0.0064208
619.245 0.566862 0.00621144
619.581 0.586499 0.00620734
619.918 0.622772 0.0069278
620.254 0.607936 0.00772147
620.59 0.553932 0.0074815
620.926 0.545156 0.00692026
621.262 0.571311 0.00669085
621.599 0.599057 0.00688254
621.935 0.574852 0.0066572
622.271 0.573807 0.00640176
622.606 0.583245 0.00631474
622.942 0.600308 0.00656527
623.278 0.578677 0.00663379
623.614 0.555821 0.00619589
623.95 0.583483 0.00632279
624.285 0.592771 0.00649171
624.621 0.596095 0.00686354
624.957 0.577635 0.00696658
625.292 0.585696 0.00722715
625.628 0.582714 0.00742683
625.963 0.562189 0.00734329
626.299 0.571547 0.00725171
626.634 0.577856 0.00717723
626.969 0.590135 0.00738723
627.304 0.610521 0.00814456
627.64 0.585167 0.00855265
627.975 0.560144 0.00820035
628.31 0.552803 0.0077004
628.645 0.589847 0.00777228
628.98 0.595746 0.0079827
629.315 0.596504 0.00814085
629.65 0.581247 0.0081002
629.985 0.585095 0.00810411
630.319 0.596955 0.00854381
630.654 0.573298 0.00846821
630.989 0.587113 0.00852766
631.323 0.587016 0.00867466
631.658 0.605452 0.00916885
631.993 0.591471 0.00945477
632.327 0.586481 0.00945069
632.662 0.586441 0.00939917
632.996 0.581412 0.00915121
633.33 0.57568 0.00897119
633.665 0.594969 0.00943967
633.999 0.590526 0.00969004
634.333 0.576969 0.00957624
634.667 0.583496 0.00966358
635.001 0.585761 0.0094464
635.335 0.574897 0.00900228
635.669 0.581708 0.0087194
636.003 0.598817 0.00896988
636.337 0.607324 0.00948491
636.671 0.602466 0.00994035
637.005 0.580166 0.0100196
637.339 0.580152 0.00997518
637.672 0.572684 0.0095489
638.006 0.589255 0.00943737
638.339 0.600567 0.00966642
638.673 0.599748 0.00996739
639.006 0.59598 0.0102481
639.34 0.585656 0.0101534
639.673 0.585563 0.0102974
640.007 0.585776 0.0102734
640.34 0.595471 0.0105388
640.673 0.59141 0.0105828
641.006 0.600055 0.0108166
641.34 0.59347 0.0108742
641.673 0.597256 0.0111693
642.006 0.597212 0.0113613
642.339 0.585344 0.011049
642.672 0.59889 0.0111074
643.004 0.596644 0.0111498
643.337 0.59582 0.011501
643.67 0.588098 0.0114232
644.003 0.589752 0.0113271
644.336 0.595035 0.0113301
644.668 0.586512 0.0112285
645.001 0.602802 0.0115801
645.333 0.610681 0.0119422
645.666 0.606945 0.0121513
645.998 0.599174 0.0123488
646.331 0.602792 0.0125743
646.663 0.60545 0.0124723
646.995 0.578734 0.0114505
647.327 0.573907 0.0104715
647.66 0.594197 0.0100719
647.992 0.60324 0.00999318
648.324 0.599061 0.00992172
648.656 0.593426 0.0100122
648.988 0.613512 0.0105856
649.32 0.603768 0.011233
649.652 0.586141 0.011587
649.983 0.574295 0.0117163
650.315 0.590751 0.0119595
650.647 0.578196 0.0115603
650.979 0.578474 0.0110357
651.31 0.587347 0.0106923
651.642 0.580795 0.0103938
651.973 0.597462 0.0105348
652.305 0.596011 0.0104821
652.636 0.605593 0.0107124
652.967 0.597714 0.010883
653.299 0.584479 0.0110127
653.63 0.576416 0.0108129
653.961 0.547949 0.00979352
654.292 0.453525 0.00683875
654.623 0.330897 0.00211729
654.955 0.899884 0.00342752
655.286 0.899829 0.00342731
655.616 0.899773 0.00342709
655.947 0.899716 0.00342688
656.278 0.899658 0.00342666
656.609 0.410511 0.00242229
656.94 0.36369 0.00301698
657.27 0.325986 0.00334869
657.601 0.333931 0.00390912
657.932 0.367977 0.00490824
658.262 0.415665 0.00635464
658.593 0.464261 0.00805605
658.923 0.503198 0.00980676
659.254 0.543801 0.0112614
659.584 0.573335 0.012277
659.914 0.58543 0.0129911
660.244 0.596349 0.0134391
660.575 0.583675 0.0131983
660.905 0.60646 0.0134735
661.235 0.595667 0.0131661
661.565 0.590233 0.0130117
661.895 0.595402 0.0129939
662.225 0.616741 0.013433
662.555 0.610354 0.0135488
662.884 0.590497 0.0131777
663.214 0.606086 0.0131663
663.544 0.613816 0.0131122
663.873 0.600656 0.0127787
664.203 0.608571 0.0127225
664.533 0.594302 0.0122319
664.862 0.603016 0.0122356
665.192 0.604489 0.0126029
665.521 0.615319 0.0134056
665.85 0.6039 0.0136751
666.18 0.615067 0.0143695
666.509 0.596229 0.0140637
666.838 0.594964 0.0137166
667.167 0.603183 0.0136336
667.496 0.616528 0.0140212
667.825 0.612441 0.0140449
668.154 0.600936 0.0138892
668.483 0.610864 0.0139084
668.812 0.611625 0.0136577
669.141 0.618414 0.0135963
669.47 0.616802 0.0134114
669.798 0.629158 0.0136837
670.127 0.602192 0.0133998
670.456 0.566658 0.0122633
670.784 0.565613 0.0109898
671.113 0.575513 0.010176
671.441 0.606699 0.00998362
671.77 0.618192 0.0102451
672.098 0.607671 0.0105572
672.426 0.624412 0.0118978
672.755 0.58742 0.0122699
673.083 0.578806 0.0123518
673.411 0.57053 0.0122387
673.739 0.599187 0.0127258
674.067 0.599304 0.0133993
674.395 0.603579 0.0134454
674.723 0.579895 0.0128359
675.051 0.596404 0.012829
675.379 0.599465 0.0128512
675.706 0.606713 0.0130709
676.034 0.603676 0.0133323
676.362 0.593324 0.0132813
676.689 0.576671 0.0122992
677.017 0.590362 0.0116273
677.344 0.591918 0.011184
677.672 0.61569 0.0116019
677.999 0.59736 0.0115671
678.327 0.583263 0.0112019
678.654 0.586513 0.0107442
678.981 0.586216 0.0104184
679.308 0.61228 0.0107324
679.636 0.622197 0.0113247
679.963 0.608327 0.0117582
680.29 0.580075 0.0115131
680.617 0.580891 0.0113067
680.944 0.588433 0.0112111
681.271 0.612061 0.0117634
681.597 0.616663 0.0126061
681.924 0.606774 0.013318
682.251 0.573567 0.0128975
682.578 0.576431 0.0122502
682.904 0.575733 0.0114238
683.231 0.58916 0.0110966
683.557 0.586722 0.0108256
683.884 0.585622 0.0105069
684.21 0.582978 0.0102377
684.536 0.582529 0.00989932
684.863 0.592328 0.00983226
685.189 0.599662 0.0100599
685.515 0.608491 0.0106822
685.841 0.584153 0.0108091
686.167 0.560915 0.0106024
686.493 0.590683 0.0107501
686.819 0.586549 0.0107732
687.145 0.59927 0.0113649
687.471 0.599747 0.0122264
687.797 0.580369 0.0124307
688.123 0.577776 0.0123275
688.448 0.579325 0.0119391
688.774 0.587558 0.0116623
689.1 0.60405 0.012025
689.425 0.611709 0.0126087
689.751 0.586554 0.0125465
690.076 0.572539 0.0117054
690.402 0.580305 0.0110101
690.727 0.59423 0.0107975
691.052 0.606805 0.0111972
691.377 0.601961 0.0114872
691.703 0.594923 0.011709
692.028 0.576369 0.0115315
692.353 0.581773 0.0113405
692.678 0.58704 0.0114793
693.003 0.620786 0.0122534
693.328 0.619449 0.0131439
693.652 0.595461 0.0134687
693.977 0.571623 0.012881
694.302 0.564808 0.0120729
694.627 0.591576 0.0121829
694.951 0.62475 0.0129701
695.276 0.627449 0.0142491
695.6 0.577631 0.0139016
695.925 0.552394 0.0119314
696.249 0.567538 0.0106639
696.574 0.591643 0.0103188
696.898 0.637156 0.0111958
697.222 0.610873 0.0115872
697.546 0.591535 0.0118611
697.871 0.587668 0.0120714
698.195 0.587123 0.0121542
698.519 0.58 0.0123859
698.843 0.607005 0.0130336
699.167 0.59987 0.0134437
699.491 0.604161 0.0140055
699.814 0.592374 0.0139803
700.138 0.607465 0.0142006
700.462 0.617209 0.0145507
700.786 0.599247 0.014147
701.109 0.584321 0.0136254
701.433 0.595124 0.0132745
701.756 0.602833 0.0128833
702.08 0.603316 0.0128895
702.403 0.627512 0.0134132
702.726 0.616688 0.0138613
703.05 0.614506 0.0141745
703.373 0.598632 0.0141533
703.696 0.593566 0.0141052
704.019 0.611582 0.0148172
704.342 0.624064 0.0155136
704.665 0.616099 0.0160507
704.988 0.605757 0.0158113
705.311 0.57945 0.0145139
705.634 0.563857 0.0128548
705.957 0.57652 0.0117725
706.28 0.58286 0.0109657
706.602 0.6151 0.011148
706.925 0.610666 0.0113414
707.247 0.61288 0.0118146
707.57 0.596458 0.0121149
707.892 0.588858 0.0124483
708.215 0.607113 0.0132574
708.537 0.583992 0.0133225
708.859 0.580339 0.0133567
709.182 0.581123 0.0132274
709.504 0.587429 0.012949
709.826 0.606676 0.0129942
710.148 0.59757 0.0129483
710.47 0.618765 0.0135505
710.792 0.614889 0.0140071
711.114 0.615244 0.0144808
711.436 0.604494 0.0146731
711.758 0.589414 0.0142545
712.079 0.589457 0.0140921
712.401 0.594356 0.0134523
712.723 0.59425 0.0129628
713.044 0.571991 0.0119817
713.366 0.595848 0.0120929
713.687 0.599226 0.0122256
714.009 0.601682 0.012583
714.33 0.602904 0.0128782
714.652 0.605052 0.0132678
714.973 0.605304 0.0137304
715.294 0.600126 0.0143747
715.615 0.601841 0.0153157
715.936 0.590664 0.0153953
716.257 0.603115 0.0157064
716.578 0.611015 0.0159152
716.899 0.612459 0.0155788
717.22 0.608217 0.0145232
717.541 0.608903 0.0141419
717.862 0.621347 0.0142377
718.182 0.603707 0.0140065
718.503 0.589694 0.0135421
718.824 0.608749 0.0139552
719.144 0.617616 0.0142811
719.465 0.609579 0.014512
719.785 0.585519 0.0139293
720.105 0.58795 0.0137748
720.426 0.593529 0.0136683
720.746 0.618546 0.0141901
721.066 0.589392 0.0138767
721.386 0.590565 0.0140327
721.706 0.60966 0.0146725
722.026 0.602041 0.0149674
722.346 0.596877 0.015027
722.666 0.607506 0.0149619
722.986 0.603166 0.0145385
723.306 0.605578 0.0146813
723.626 0.602131 0.0149297
723.946 0.588602 0.0147315
724.265 0.585154 0.0139031
724.585 0.599066 0.0133257
724.904 0.603014 0.0132702
725.224 0.602812 0.0133034
725.543 0.59612 0.0132265
725.863 0.603446 0.0134351
726.182 0.614799 0.0141114
726.501 0.594116 0.0140905
726.82 0.59866 0.0142374
727.14 0.575505 0.0134187
727.459 0.581189 0.0130781
727.778 0.586025 0.0130544
728.097 0.605816 0.0134545
728.416 0.583355 0.0130536
728.734 0.590639 0.0127172
729.053 0.598612 0.0126772
729.372 0.584287 0.0124988
729.691 0.571546 0.0120503
730.009 0.57426 0.0114981
730.328 0.584079 0.0112548
730.647 0.605158 0.0114692
730.965 0.607518 0.0118941
731.283 0.602946 0.0122945
731.602 0.575538 0.0121516
731.92 0.566778 0.0118445
732.238 0.567656 0.0115682
732.557 0.58185 0.0116046
732.875 0.574653 0.0112531
733.193 0.561206 0.0104575
733.511 0.590598 0.0104827
733.829 0.597079 0.0108562
734.147 0.601361 0.0116116
734.465 0.573629 0.0118566
734.782 0.577597 0.0118867
735.1 0.569706 0.0114745
735.418 0.580878 0.011577
735.735 0.587136 0.0116742
736.053 0.581457 0.0114888
736.371 0.583245 0.0116254
736.688 0.582364 0.0120399
737.005 0.598118 0.012945
737.323 0.583918 0.0132796
737.64 0.568744 0.0131208
737.957 0.563206 0.0123792
738.274 0.556291 0.011292
738.592 0.576684 0.0112172
738.909 0.603703 0.0117661
739.226 0.602726 0.012805
739.543 0.599797 0.0137691
739.86 0.597598 0.0145428
740.176 0.591377 0.0148426
740.493 0.600769 0.0154117
740.81 0.592432 0.0153527
741.127 0.581945 0.0150554
741.443 0.584229 0.0142933
741.76 0.597287 0.0139732
742.076 0.601509 0.0141466
742.393 0.624829 0.0151917
742.709 0.621318 0.0159875
743.025 0.613374 0.0161776
743.342 0.591483 0.0157404
743.658 0.590709 0.0154274
743.974 0.592267 0.0150205
744.29 0.613796 0.0152755
744.606 0.621778 0.0155388
744.922 0.589578 0.0151581
745.238 0.586365 0.0151627
745.554 0.608751 0.0158232
745.87 0.603184 0.0159166
746.186 0.599665 0.0152163
746.501 0.598586 0.0146433
746.817 0.609751 0.0150146
747.132 0.615468 0.0161919
747.448 0.602117 0.0166446
747.763 0.587144 0.0161908
748.079 0.583656 0.0154709
748.394 0.591428 0.014518
748.71 0.581317 0.0134
749.025 0.581415 0.0126172
749.34 0.589695 0.0125415
749.655 0.600644 0.0129343
749.97 0.597611 0.0133661
750.285 0.570864 0.0131039
750.6 0.566594 0.0127758
750.915 0.572186 0.0125196
751.23 0.591703 0.012982
751.545 0.598866 0.0135971
751.859 0.575307 0.0138289
752.174 0.561096 0.0138165
752.489 0.552665 0.013022
752.803 0.56182 0.0123413
753.118 0.572838 0.0123682
753.432 0.574297 0.0127994
753.747 0.568253 0.0132038
754.061 0.555654 0.0126141
754.375 0.55656 0.012096
754.689 0.555909 0.0117126
755.004 0.567944 0.0118197
755.318 0.558756 0.0114681
755.632 0.542466 0.0107486
755.946 0.560107 0.0107246
756.26 0.542067 0.0100788
756.573 0.553498 0.00974431
756.887 0.552475 0.00943893
757.201 0.563455 0.00973456
757.515 0.575246 0.0107743
757.828 0.55775 0.0113781
758.142 0.52976 0.0110522
758.455 0.51872 0.0101567
758.769 0.547767 0.00988414
759.082 0.533213 0.00948668
759.396 0.547934 0.00947221
759.709 0.541318 0.00934183
760.022 0.552081 0.00951752
760.335 0.559919 0.0100886
760.648 0.560392 0.0108478
760.962 0.549078 0.0115256
761.275 0.525784 0.0118372
761.587 0.523285 0.0119628
761.9 0.544129 0.0122296
762.213 0.52968 0.0116721
762.526 0.54953 0.0114598
762.839 0.552364 0.0114434
763.151 0.551632 0.0111055
763.464 0.536455 0.0103583
763.776 0.533449 0.0095946
764.089 0.55842 0.00960927
764.401 0.558273 0.00994936
764.714 0.565882 0.010606
765.026 0.552441 0.0111852
765.338 0.541366 0.0117897
765.65 0.549268 0.0127819
765.962 0.533392 0.0131813
766.275 0.529561 0.0136038
766.587 0.532471 0.0136861
766.898 0.531912 0.0132399
767.21 0.541516 0.0125693
767.522 0.535702 0.0115994
767.834 0.556367 0.0113879
768.146 0.558876 0.0114961
768.457 0.576617 0.0123907
768.769 0.552256 0.0127717
769.08 0.531521 0.0125863
769.392 0.536639 0.0121894
769.703 0.537712 0.0115702
770.015 0.554601 0.0113022
770.326 0.558483 0.0113637
770.637 0.556264 0.0117512
770.948 0.566848 0.0127286
771.26 0.537686 0.0131756
771.571 0.529724 0.013221
771.882 0.530519 0.0129094
772.193 0.546422 0.0132342
772.504 0.564905 0.0137929
772.814 0.562823 0.0140422
773.125 0.559838 0.0142947
773.436 0.554412 0.0146339
773.747 0.548313 0.0148808
774.057 0.571435 0.0155163
774.368 0.573216 0.0157849
774.678 0.580125 0.0162937
774.989 0.573692 0.0164574
775.299 0.575249 0.0170343
775.609 0.573028 0.0168118
775.919 0.577165 0.016734
776.23 0.581021 0.0168102
776.54 0.568942 0.0164936
776.85 0.594132 0.017032
777.16 0.566201 0.0161329
777.47 0.555842 0.0151542
777.78 0.564817 0.0146028
778.089 0.570563 0.0139392
778.399 0.563734 0.0137678
778.709 0.575318 0.0145501
779.019 0.584853 0.0156339
779.328 0.576524 0.016362
779.638 0.543985 0.0156834
779.947 0.516457 0.0139303
780.257 0.538709 0.0129785
780.566 0.551196 0.0126367
780.875 0.546888 0.0128749
781.185 0.563195 0.0138941
781.494 0.540482 0.0138359
781.803 0.552411 0.0143615
782.112 0.534901 0.0143389
782.421 0.535828 0.0141627
782.73 0.544728 0.0139038
783.039 0.555383 0.0142173
783.348 0.569975 0.0155524
783.656 0.53952 0.0159626
783.965 0.545011 0.0162842
784.274 0.546151 0.0156819
784.582 0.545506 0.0151858
784.891 0.563582 0.0153444
785.199 0.558448 0.0155057
785.508 0.558886 0.015939
785.816 0.576744 0.0164861
786.124 0.553208 0.0157898
786.432 0.555316 0.015043
786.741 0.544196 0.0143224
787.049 0.563119 0.0144832
787.357 0.552761 0.014569
787.665 0.542721 0.0143492
787.973 0.559775 0.0147054
788.281 0.554464 0.0149402
788.588 0.552313 0.015705
788.896 0.543272 0.0165447
789.204 0.556827 0.0174303
789.511 0.561394 0.017549
789.819 0.574354 0.018074
790.126 0.557673 0.017817
790.434 0.568479 0.0179847
790.741 0.58427 0.0181867
791.049 0.568876 0.0179266
791.356 0.590962 0.0188643
791.663 0.577299 0.0189814
791.97 0.597105 0.0193544
792.277 0.56269 0.0184394
792.584 0.551512 0.0172926
792.891 0.529491 0.0149865
793.198 0.546488 0.0141328
793.505 0.538576 0.0137556
793.812 0.561575 0.0144435
794.119 0.533486 0.0144014
794.425 0.52831 0.014757
794.732 0.54025 0.015603
795.038 0.561319 0.0175709
795.345 0.554259 0.0187759
795.651 0.559865 0.0198824
795.958 0.538696 0.0195425
796.264 0.541097 0.0182769
796.57 0.562333 0.0179504
796.876 0.583809 0.0181329
797.183 0.591282 0.018586
797.489 0.576039 0.0190978
797.795 0.585664 0.019429
798.101 0.592026 0.0194478
798.406 0.582126 0.019387
798.712 0.604665 0.0203424
799.018 0.616935 0.0208688
799.324 0.606759 0.0207502
799.629 0.590615 0.0205647
799.935 0.594073 0.0207778
800.24 0.624986 0.0217169
800.546 0.611338 0.0214858
800.851 0.577981 0.0210816
801.157 0.624779 0.0228573
801.462 0.619363 0.0229788
801.767 0.618935 0.0230801
802.072 0.60782 0.0219847
802.377 0.632099 0.0215741
802.682 0.585937 0.0204368
802.987 0.640191 0.0219553
803.292 0.616087 0.0220886
803.597 0.600442 0.021992
803.902 0.6083 0.0220797
804.207 0.601375 0.0218163
804.511 0.590458 0.0212861
804.816 0.56395 0.019546
805.12 0.552091 0.0180701
805.425 0.552163 0.017021
805.729 0.567446 0.0173901
806.034 0.579845 0.0182595
806.338 0.587166 0.0194216
806.642 0.553773 0.0193415
806.946 0.566363 0.0193623
807.251 0.580814 0.019788
807.555 0.56377 0.0191853
807.859 0.538541 0.0186087
808.162 0.569676 0.0196945
808.466 0.599868 0.0208975
808.77 0.596966 0.0213992
809.074 0.600926 0.0222043
809.378 0.59581 0.0221482
809.681 0.599755 0.0220464
809.985 0.637055 0.0230891
810.288 0.635379 0.0233159
810.592 0.637805 0.0231852
810.895 0.596256 0.0229497
811.198 0.663514 0.0252801
811.502 0.651249 0.0254096
811.805 0.698481 0.0270378
812.108 0.624997 0.0244115
812.411 0.610623 0.0234144
812.714 0.628388 0.0221314
813.017 0.588611 0.0202707
813.32 0.571934 0.0199518
813.623 0.613032 0.0213087
813.926 0.618885 0.0229611
814.228 0.630417 0.0244133
814.531 0.629579 0.0251793
814.833 0.623874 0.0248723
815.136 0.621245 0.0249708
815.438 0.659927 0.02603
815.741 0.574008 0.0232699
816.043 0.635706 0.0241907
816.345 0.627184 0.0238665
816.648 0.631952 0.0241522
816.95 0.618378 0.0242581
817.252 0.64704 0.0253714
817.554 0.643583 0.0253576
817.856 0.653368 0.0260953
818.158 0.684882 0.0269492
818.46 0.668282 0.0272957
818.761 0.679402 0.0274216
819.063 0.657238 0.0265024
819.365 0.62667 0.0251143
819.666 0.647569 0.024253
819.968 0.618763 0.0229253
820.269 0.624494 0.0227824
820.571 0.608907 0.023086
820.872 0.655558 0.0248599
821.173 0.631957 0.025378
821.475 0.654127 0.0268127
821.776 0.648915 0.0265675
822.077 0.63558 0.0261399
822.378 0.641705 0.0264488
822.679 0.689683 0.0278685
822.98 0.665039 0.0271119
823.281 0.68417 0.028391
823.581 0.679924 0.0280172
823.882 0.694749 0.0286834
824.183 0.703407 0.0285688
824.483 0.646935 0.0264238
824.784 0.613148 0.0246678
825.084 0.665026 0.0261507
825.385 0.676605 0.0267232
825.685 0.67951 0.0273565
825.985 0.654137 0.0266114
826.286 0.599899 0.0251343
826.586 0.65027 0.0256549
826.886 0.637733 0.0254536
827.186 0.645936 0.0259928
827.486 0.707146 0.0281101
827.786 0.67177 0.0278154
828.086 0.653537 0.0271596
828.386 0.661493 0.0269674
828.685 0.660649 0.026801
828.985 0.681454 0.0280332
829.285 0.673335 0.028058
829.584 0.663457 0.0283015
829.884 0.654548 0.0285394
830.183 0.752294 0.0321911
830.482 0.715334 0.0310478
830.782 0.696379 0.0307639
831.081 0.760472 0.0333653
831.38 0.720259 0.0314212
831.679 0.722361 0.0315384
831.978 0.774782 0.0327148
832.277 0.71685 0.0304538
832.576 0.672834 0.0289491
832.875 0.693884 0.0293805
833.174 0.70191 0.0293645
833.472 0.673336 0.0289782
833.771 0.719384 0.0303602
834.07 0.674865 0.028707
834.368 0.705432 0.0296371
834.667 0.724227 0.0308223
834.965 0.735406 0.0315256
835.263 0.712036 0.0310625
835.562 0.70267 0.0308715
835.86 0.685607 0.0302129
836.158 0.698203 0.030836
836.456 0.743619 0.0326614
836.754 0.747555 0.0326562
837.052 0.779855 0.0344133
837.35 0.784688 0.0338504
837.648 0.780976 0.0342181
837.946 0.819853 0.0353582
838.243 0.736357 0.0335189
838.541 0.758502 0.0331255
838.839 0.739747 0.0327614
839.136 0.75302 0.0329844
839.434 0.745519 0.0326202
839.731 0.798986 0.0346786
840.028 0.735908 0.0325191
840.326 0.793792 0.0341983
840.623 0.75524 0.0333271
840.92 0.817446 0.0350062
841.217 0.814123 0.0359157
841.514 0.799167 0.0357832
841.811 0.758738 0.0337154
842.108 0.778347 0.0351521
842.405 0.807832 0.036079
842.701 0.838356 0.0369237
842.998 0.74766 0.0337958
843.295 0.78208 0.0353207
843.591 0.775954 0.035259
843.888 0.787417 0.0351078
844.184 0.789378 0.0353551
844.481 0.753264 0.0339705
844.777 0.778219 0.0346977
845.073 0.712902 0.03346
845.369 0.789105 0.0355561
845.665 0.809536 0.0365398
845.962 0.771344 0.0349676
846.258 0.76364 0.0354664
846.553 0.81274 0.0366419
846.849 0.817419 0.0368106
847.145 0.802564 0.0352892
847.441 0.797087 0.0353796
847.737 0.754568 0.0341378
848.032 0.767295 0.0350821
848.328 0.782169 0.0355833
848.623 0.823011 0.0369879
848.919 0.747066 0.0344548
849.214 0.780793 0.0348221
849.509 0.771132 0.0351223
849.805 0.784425 0.0361344
850.1 0.81744 0.0377117
850.395 0.776707 0.0366383
850.69 0.844752 0.0384754
850.985 0.826097 0.036698
851.28 0.788067 0.0356946
851.575 0.818231 0.0368154
851.869 0.835997 0.0370859
852.164 0.803117 0.0358078
852.459 0.763087 0.0339465
852.753 0.77573 0.0337504
853.048 0.738493 0.0312218
853.342 0.692481 0.0300237
853.637 0.705339 0.0308456
853.931 0.691038 0.0302037
854.225 0.674218 0.0297027
854.52 0.722598 0.0318957
854.814 0.731022 0.0321877
855.108 0.719355 0.0308938
855.402 0.706121 0.0311684
855.696 0.75209 0.0330878
855.99 0.783789 0.0343226
856.283 0.719588 0.0321652
856.577 0.757127 0.0337479
856.871 0.734709 0.0329817
857.164 0.776102 0.0342667
857.458 0.810188 0.0361741
857.751 0.762864 0.034493
858.045 0.747919 0.033739
858.338 0.775687 0.034921
858.632 0.760152 0.0337782
858.925 0.829723 0.0362162
859.218 0.759976 0.034513
859.511 0.836512 0.0377248
859.804 0.83642 0.0373454
860.097 0.803012 0.0356227
860.39 0.776725 0.0360628
860.683 0.787112 0.0361494
860.976 0.836632 0.0375678
861.268 0.804936 0.0362797
861.561 0.858602 0.0385434
861.854 0.924581 0.0411886
862.146 0.764657 0.0361271
862.439 0.822524 0.0372664
862.731 0.757204 0.0348805
863.023 0.866342 0.0385182
863.316 0.827865 0.0369737
863.608 0.801986 0.0365815
863.9 0.852292 0.0377353
864.192 0.81731 0.0360763
864.484 0.83179 0.0372652
864.776 0.822025 0.0373744
865.068 0.807116 0.0368048
865.36 0.79674 0.0364718
865.651 0.84115 0.0384588
865.943 0.813221 0.037116
866.235 0.871967 0.038628
866.526 0.819245 0.0384512
866.818 0.81114 0.0369771
867.109 0.82154 0.0369853
867.4 0.835789 0.0380226
867.692 0.840484 0.0383375
867.983 0.842778 0.0380182
868.274 0.882006 0.0393808
868.565 0.84604 0.0380775
868.856 0.819713 0.0377256
869.147 0.80008 0.03717
869.438 0.866435 0.0385765
869.729 0.809761 0.0375167
870.02 0.870085 0.0404223
870.31 0.826648 0.0381715
870.601 0.831675 0.0377356
870.892 0.780404 0.0361787
871.182 0.856421 0.0377402
871.473 0.799007 0.0372458
871.763 0.785545 0.0360452
872.053 0.797913 0.0367558
872.343 0.828031 0.0373853
872.634 0.821792 0.0376186
872.924 0.797908 0.0363313
873.214 0.835793 0.0379448
873.504 0.883984 0.0395472
873.794 0.910769 0.0411448
874.084 0.893469 0.0406345
874.373 0.838599 0.0383763
874.663 0.790796 0.0363839
874.953 0.835669 0.0386462
875.242 0.838972 0.0382011
875.532 0.807277 0.0371647
875.821 0.819804 0.0376847
876.111 0.843839 0.0380881
876.4 0.84409 0.0385703
876.689 0.847203 0.0383845
876.978 0.86116 0.0387137
877.268 0.820121 0.0378471
877.557 0.847789 0.0389242
877.846 0.852185 0.0388943
878.134 0.862591 0.0394862
878.423 0.86275 0.0394935
878.712 0.862908 0.0395008
