178.41 0.533823 0.113018
178.791 0.537203 0.113734
179.172 0.540559 0.114444
179.553 0.396359 0.396359
179.934 0.832644 0.832644
180.316 0.615771 0.615771
180.697 0.497359 0.497359
181.078 0.796923 0.796923
181.459 0.515535 0.515535
181.84 0.874694 0.874694
182.221 2.2498 2.2498
182.602 0.131176 0.131176
182.983 3.6373 0.863579
183.364 1.60178 0.22458
183.744 0.487886 0.0782548
184.125 0.620623 0.0765618
184.506 0.487035 0.0555605
184.887 0.666208 0.0579465
185.268 0.520404 0.044091
185.648 0.594428 0.045616
186.029 0.556251 0.0420895
186.41 0.505161 0.0390613
186.791 0.677934 0.0434877
187.171 0.576719 0.0343079
187.552 0.508142 0.0262009
187.932 0.609603 0.0292212
188.313 0.556749 0.0260822
188.694 0.573786 0.0264631
189.074 0.545904 0.0248859
189.455 0.545838 0.0241939
189.835 0.577731 0.0255934
190.216 0.595238 0.0252938
190.596 0.533725 0.0229217
190.977 0.572153 0.0235482
191.357 0.586309 0.0239081
191.737 0.581989 0.0235222
192.118 0.59229 0.0236131
192.498 0.549853 0.0220457
192.878 0.594177 0.0230934
193.258 0.590031 0.0226155
193.639 0.590561 0.0223451
194.019 0.602962 0.0227774
194.399 0.572264 0.0219986
194.779 0.549575 0.0206941
195.159 0.593331 0.0221253
195.54 0.556993 0.0207948
195.92 0.564486 0.0209961
196.3 0.563259 0.0206694
196.68 0.59207 0.0212972
197.06 0.580316 0.0209589
197.44 0.574896 0.0206606
197.82 0.565075 0.0203225
198.2 0.582495 0.0206237
198.58 0.565642 0.0197867
198.959 0.543529 0.0193611
199.339 0.562802 0.0197868
199.719 0.554865 0.0192705
200.099 0.56646 0.0195176
200.479 0.55684 0.0192964
200.858 0.544938 0.0188076
201.238 0.542427 0.0184711
201.618 0.549226 0.0187951
201.998 0.539496 0.0181818
202.377 0.557282 0.0184788
202.757 0.537856 0.0179154
203.136 0.540201 0.0178379
203.516 0.532451 0.0174458
203.896 0.533727 0.0172516
204.275 0.505018 0.0164501
204.655 0.519217 0.0167114
205.034 0.524104 0.0165925
205.414 0.528807 0.0164581
205.793 0.496838 0.0158099
206.172 0.504133 0.01594
206.552 0.500117 0.0156057
206.931 0.488889 0.015193
207.31 0.494149 0.01511
207.69 0.497417 0.0150387
208.069 0.480349 0.0145829
208.448 0.484111 0.0144554
208.827 0.490561 0.0144678
209.207 0.489311 0.0144116
209.586 0.474452 0.0138198
209.965 0.465833 0.0136504
210.344 0.469371 0.0135023
210.723 0.458122 0.0131757
211.102 0.456692 0.0129275
211.481 0.463673 0.0129572
211.86 0.458471 0.012756
212.239 0.461158 0.0126641
212.618 0.458338 0.0124428
212.997 0.453766 0.0121786
213.376 0.466344 0.0123022
213.755 0.463672 0.0120946
214.134 0.452056 0.0117804
214.513 0.445187 0.0115013
214.891 0.456481 0.0115685
215.27 0.445869 0.0112183
215.649 0.451134 0.0111915
216.028 0.442726 0.0108953
216.406 0.455382 0.0109348
216.785 0.445147 0.0106353
217.164 0.443429 0.0105085
217.542 0.443849 0.010293
217.921 0.449259 0.010223
218.3 0.453534 0.0102351
218.678 0.437575 0.00989534
219.057 0.445405 0.00980572
219.435 0.449839 0.00969246
219.814 0.452703 0.00965161
220.192 0.453567 0.00950509
220.57 0.452957 0.00938733
220.949 0.45775 0.00927853
221.327 0.462942 0.00917584
221.705 0.462946 0.00908193
222.084 0.462201 0.00887775
222.462 0.467195 0.00881925
222.84 0.477153 0.00883916
223.218 0.467406 0.00853058
223.597 0.476451 0.00852571
223.975 0.482879 0.00842851
224.353 0.487191 0.00837306
224.731 0.494904 0.00830309
225.109 0.496189 0.00814594
225.487 0.50453 0.00809735
225.865 0.507085 0.00799368
226.243 0.504103 0.00786896
226.621 0.514616 0.00784588
226.999 0.516407 0.00769851
227.377 0.527689 0.0077066
227.755 0.532647 0.0076417
228.133 0.545116 0.00763244
228.511 0.544549 0.00753768
228.889 0.551939 0.00744355
229.266 0.559076 0.00742042
229.644 0.556938 0.00726042
230.022 0.564385 0.00721419
230.4 0.571429 0.00719066
230.777 0.577987 0.00716298
231.155 0.587735 0.00712924
231.533 0.594332 0.00706764
231.91 0.596278 0.00698337
232.288 0.599254 0.00693444
232.665 0.605362 0.00687997
233.043 0.616623 0.00687812
233.42 0.616679 0.00678546
233.798 0.632101 0.00681955
234.175 0.635034 0.00674632
234.553 0.635185 0.00667528
234.93 0.641528 0.00664134
235.307 0.651343 0.00663774
235.685 0.655981 0.00660695
236.062 0.658497 0.00654226
236.439 0.664276 0.00653841
236.816 0.664523 0.00645965
237.194 0.673969 0.00643652
237.571 0.675979 0.00638998
237.948 0.68004 0.00637529
238.325 0.681838 0.00631305
238.702 0.687989 0.00630403
239.079 0.692526 0.00626202
239.456 0.697002 0.00624026
239.833 0.702654 0.0062251
240.21 0.70267 0.00616767
240.587 0.709882 0.00617053
240.964 0.715894 0.00614605
241.341 0.719362 0.00610886
241.718 0.715085 0.00603303
242.095 0.726523 0.00607927
242.472 0.726867 0.0060325
242.849 0.729641 0.00599889
243.225 0.730768 0.00595118
243.602 0.733559 0.00593251
243.979 0.736044 0.00592202
244.356 0.742576 0.00592383
244.732 0.743659 0.00586777
245.109 0.74228 0.00582128
245.486 0.750943 0.005847
245.862 0.754929 0.00583355
246.239 0.748075 0.00574781
246.615 0.757685 0.00577413
246.992 0.759508 0.00573873
247.368 0.759196 0.00573751
247.745 0.759019 0.00568848
248.121 0.761722 0.00565975
248.497 0.764918 0.00566245
248.874 0.770005 0.00564683
249.25 0.765835 0.00558196
249.626 0.773134 0.00559923
250.003 0.773116 0.0055663
250.379 0.766926 0.00548999
250.755 0.775627 0.00552583
251.131 0.774328 0.00548245
251.507 0.77675 0.0054837
251.884 0.779161 0.00545449
252.26 0.781399 0.00546371
252.636 0.778494 0.00540391
253.012 0.778548 0.00538439
253.388 0.783923 0.00538668
253.764 0.782582 0.00536005
254.14 0.785431 0.00535702
254.516 0.789133 0.00536231
254.892 0.780168 0.00530479
255.268 0.786961 0.00532218
255.643 0.787885 0.00530294
256.019 0.792809 0.00531555
256.395 0.790462 0.0052966
256.771 0.785374 0.00524104
257.147 0.790159 0.005251
257.522 0.792593 0.00525075
257.898 0.794626 0.00524884
258.274 0.793078 0.00523016
258.649 0.794905 0.00523298
259.025 0.794818 0.00520395
259.4 0.793965 0.00519834
259.776 0.797601 0.00519414
260.151 0.801152 0.00522319
260.527 0.796727 0.00518553
260.902 0.795185 0.00516643
261.278 0.797471 0.00516292
261.653 0.799182 0.00516831
262.028 0.798058 0.00516965
262.404 0.797978 0.00514568
262.779 0.798175 0.00513343
263.154 0.802225 0.00513737
263.53 0.801323 0.00512047
263.905 0.797239 0.00511732
264.28 0.800206 0.00512418
264.655 0.797288 0.00509995
265.03 0.80129 0.00512852
265.405 0.80053 0.00510901
265.781 0.803586 0.00512483
266.156 0.804968 0.00512373
266.531 0.794886 0.00506467
266.906 0.807334 0.00513237
267.281 0.805516 0.00510122
267.655 0.806303 0.00512279
268.03 0.806297 0.00512562
268.405 0.806283 0.00511876
268.78 0.804976 0.00511449
269.155 0.80921 0.00511651
269.53 0.806394 0.00512522
269.904 0.808482 0.00512606
270.279 0.812927 0.0051434
270.654 0.808795 0.00511572
271.029 0.805208 0.00511404
271.403 0.807304 0.00510621
271.778 0.812082 0.00513586
272.152 0.808053 0.00512797
272.527 0.807873 0.0051229
272.901 0.809107 0.00510675
273.276 0.80621 0.00508598
273.65 0.813614 0.00512534
274.025 0.807911 0.00509408
274.399 0.814837 0.00514038
274.774 0.809695 0.00511229
275.148 0.808352 0.00509189
275.522 0.808904 0.00510726
275.897 0.80787 0.00510124
276.271 0.811416 0.00511752
276.645 0.812952 0.00510753
277.019 0.81261 0.00509262
277.393 0.810059 0.00507089
277.768 0.809996 0.00509469
278.142 0.80943 0.00508779
278.516 0.810224 0.00509926
278.89 0.810992 0.00509161
279.264 0.813259 0.00511508
279.638 0.810163 0.00508064
280.012 0.813752 0.00510083
280.386 0.810272 0.00511653
280.76 0.810962 0.00509925
281.133 0.815288 0.00512221
281.507 0.811695 0.00510681
281.881 0.813127 0.00509962
282.255 0.814967 0.00511254
282.629 0.813268 0.00512203
283.002 0.813544 0.00512567
283.376 0.813173 0.00511048
283.75 0.815744 0.00513593
284.123 0.810819 0.00510254
284.497 0.813373 0.00511988
284.87 0.815663 0.00513233
285.244 0.814353 0.00511876
285.618 0.814074 0.00513103
285.991 0.814575 0.00515428
286.364 0.819415 0.00516764
286.738 0.818528 0.00516389
287.111 0.820742 0.00517306
287.485 0.815967 0.0051609
287.858 0.81915 0.00519027
288.231 0.811992 0.00515847
288.605 0.818942 0.00519471
288.978 0.816462 0.00517579
289.351 0.817368 0.00520558
289.724 0.813121 0.00519186
290.097 0.817331 0.0052115
290.47 0.817146 0.00522774
290.843 0.817877 0.00522824
291.217 0.81647 0.00522478
291.59 0.81953 0.00527083
291.963 0.820457 0.00526218
292.336 0.816657 0.00526675
292.708 0.816577 0.00527653
293.081 0.823976 0.00532477
293.454 0.815811 0.00527498
293.827 0.820667 0.00530638
294.2 0.819677 0.00533776
294.573 0.820906 0.00532472
294.945 0.820771 0.00535574
295.318 0.82653 0.00537242
295.691 0.824148 0.00537774
296.064 0.822428 0.00538198
296.436 0.820743 0.00537267
296.809 0.821299 0.00536005
297.181 0.820828 0.00538727
297.554 0.822329 0.00540043
297.926 0.819373 0.005395
298.299 0.815821 0.00538904
298.671 0.81921 0.00537671
299.044 0.824884 0.00542485
299.416 0.823019 0.00542692
299.788 0.81887 0.00540481
300.161 0.824599 0.00544755
300.533 0.824107 0.00543833
300.905 0.824759 0.00541978
301.278 0.821927 0.00542183
301.65 0.820591 0.00541135
302.022 0.819478 0.00541947
302.394 0.822239 0.00543735
302.766 0.820458 0.0054238
303.138 0.823195 0.00545419
303.51 0.825133 0.00544639
303.882 0.817573 0.00541458
304.254 0.822722 0.00544227
304.626 0.823346 0.00542798
304.998 0.822495 0.00542356
305.37 0.823426 0.00545695
305.742 0.819811 0.00542456
306.114 0.819132 0.00541997
306.485 0.823969 0.00543716
306.857 0.82188 0.00542639
307.229 0.819993 0.0054391
307.601 0.822977 0.00544749
307.972 0.821179 0.00543594
308.344 0.812946 0.00540185
308.716 0.825209 0.00546488
309.087 0.82394 0.00545381
309.459 0.819822 0.00544842
309.83 0.823673 0.00546192
310.202 0.818666 0.00543644
310.573 0.823961 0.00545718
310.945 0.817654 0.00543248
311.316 0.818824 0.00546237
311.687 0.817665 0.00543662
312.059 0.81974 0.00546261
312.43 0.819355 0.00545141
312.801 0.822546 0.00548128
313.172 0.820353 0.00547733
313.544 0.822145 0.00548897
313.915 0.815065 0.00543054
314.286 0.819973 0.00547052
314.657 0.8154 0.00544316
315.028 0.82056 0.00547189
315.399 0.81348 0.00544642
315.77 0.815717 0.0054462
316.141 0.814112 0.00546348
316.512 0.821033 0.00548583
316.883 0.813186 0.00547058
317.254 0.815705 0.00547353
317.625 0.819124 0.00551878
317.996 0.815405 0.00547609
318.366 0.817862 0.00549795
318.737 0.816052 0.00548633
319.108 0.819292 0.00551619
319.478 0.818148 0.00551417
319.849 0.81481 0.0055003
320.22 0.814477 0.00550459
320.59 0.810801 0.00548902
320.961 0.811008 0.00549915
321.331 0.815726 0.00551584
321.702 0.808949 0.00552071
322.072 0.8156 0.00556012
322.443 0.811416 0.00553485
322.813 0.810764 0.00552237
323.184 0.811798 0.00554138
323.554 0.813129 0.00556354
323.924 0.810964 0.00555326
324.295 0.811051 0.0055805
324.665 0.814178 0.00559532
325.035 0.811108 0.00557745
325.405 0.811175 0.00560064
325.775 0.818641 0.00565371
326.145 0.811857 0.00562485
326.515 0.814327 0.00564379
326.886 0.816736 0.00568071
327.256 0.816493 0.00568527
327.626 0.811245 0.00570202
327.995 0.80595 0.00569739
328.365 0.797595 0.00567571
328.735 0.791455 0.00568223
329.105 0.788302 0.00573234
329.475 0.800003 0.00582008
329.845 0.829546 0.00601228
330.215 0.848376 0.00605733
330.584 0.86506 0.00605765
330.954 0.854298 0.00587758
331.324 0.829415 0.00562831
331.693 0.812126 0.00547377
332.063 0.80037 0.00537547
332.432 0.796402 0.00533449
332.802 0.798741 0.00538617
333.171 0.807833 0.00548782
333.541 0.809504 0.00559599
333.91 0.805342 0.00560993
334.28 0.800205 0.00562405
334.649 0.803698 0.00565265
335.018 0.803262 0.00567038
335.388 0.807721 0.00570445
335.757 0.809478 0.00571146
336.126 0.809605 0.00573243
336.495 0.805203 0.00569751
336.865 0.808615 0.00573321
337.234 0.812466 0.00577934
337.603 0.811211 0.00576309
337.972 0.803687 0.00574952
338.341 0.807828 0.00575488
338.71 0.803858 0.00573681
339.079 0.806613 0.00576747
339.448 0.807135 0.00576023
339.817 0.808508 0.00577938
340.186 0.80324 0.00576417
340.554 0.800821 0.00574794
340.923 0.809709 0.00579183
341.292 0.797618 0.00575385
341.661 0.807792 0.00579768
342.029 0.802979 0.00577038
342.398 0.800438 0.00576899
342.767 0.797465 0.0057804
343.135 0.80507 0.00580355
343.504 0.801648 0.00580926
343.872 0.800038 0.00578184
344.241 0.801586 0.00580097
344.609 0.806833 0.00584306
344.978 0.805526 0.00583242
345.346 0.802586 0.00579987
345.715 0.804508 0.00582927
346.083 0.800888 0.0058291
346.451 0.799295 0.00581406
346.82 0.802341 0.00584463
347.188 0.80068 0.00582755
347.556 0.799544 0.00585346
347.924 0.803267 0.00585997
348.292 0.799642 0.00586002
348.66 0.79986 0.00585565
349.028 0.793049 0.00583801
349.396 0.800455 0.00588831
349.764 0.80058 0.00588136
350.132 0.792253 0.00584767
350.5 0.794138 0.00586419
350.868 0.797947 0.00588891
351.236 0.797383 0.00588215
351.604 0.794749 0.00589525
351.972 0.799601 0.00591991
352.34 0.796235 0.00591603
352.707 0.798867 0.0059284
353.075 0.798605 0.005929
353.443 0.797232 0.00593741
353.81 0.796199 0.0059483
354.178 0.796645 0.00595332
354.545 0.793598 0.00592737
354.913 0.800142 0.00597706
355.28 0.795786 0.00596159
355.648 0.793445 0.00594022
356.015 0.791159 0.00594205
356.383 0.790859 0.00593414
356.75 0.786542 0.00593301
357.117 0.790091 0.00594967
357.485 0.791699 0.0059599
357.852 0.795919 0.00601703
358.219 0.791887 0.00597198
358.586 0.795591 0.00598493
358.954 0.79237 0.00599791
359.321 0.784223 0.00595258
359.688 0.790338 0.00600515
360.055 0.786652 0.00598261
360.422 0.790727 0.00600678
360.789 0.787366 0.00600433
361.156 0.785696 0.00599267
361.523 0.789688 0.0060322
361.89 0.788343 0.00601975
362.256 0.784055 0.00597934
362.623 0.794736 0.00607988
362.99 0.784342 0.00601108
363.357 0.791933 0.00606477
363.724 0.789591 0.0060584
364.09 0.784077 0.00602504
364.457 0.791295 0.00609791
364.823 0.789712 0.00605267
365.19 0.785318 0.00604479
365.557 0.785039 0.00603433
365.923 0.786288 0.00605915
366.29 0.792169 0.00610088
366.656 0.785389 0.00604973
367.022 0.787799 0.00605144
367.389 0.788824 0.00608249
367.755 0.787268 0.00610541
368.121 0.786198 0.00609879
368.488 0.785522 0.00608793
368.854 0.78594 0.00611266
369.22 0.785223 0.00613867
369.586 0.788232 0.00617136
369.952 0.784568 0.0061704
370.318 0.780047 0.0061555
370.684 0.785245 0.00619399
371.051 0.784078 0.00619109
371.416 0.788741 0.00624785
371.782 0.781285 0.00619965
372.148 0.782739 0.0062182
372.514 0.78187 0.0062281
372.88 0.783794 0.00625408
373.246 0.783912 0.00624879
373.612 0.785548 0.00625237
373.977 0.780038 0.00621634
374.343 0.781812 0.00620374
374.709 0.783638 0.00619083
375.074 0.779927 0.00619464
375.44 0.781808 0.00622868
375.806 0.782002 0.00626384
376.171 0.779085 0.00622053
376.537 0.777797 0.00620971
376.902 0.775162 0.00621009
377.268 0.778907 0.00619951
377.633 0.775541 0.00617477
377.998 0.77683 0.00615623
378.364 0.780035 0.00614224
378.729 0.780726 0.0061553
379.094 0.784223 0.00619607
379.459 0.783748 0.00627717
379.825 0.777757 0.00622542
380.19 0.777986 0.00623599
380.555 0.77767 0.00627854
380.92 0.784341 0.0063842
381.285 0.773286 0.00632706
381.65 0.772332 0.00627395
382.015 0.780102 0.00631472
382.38 0.779435 0.00633654
382.745 0.779392 0.00637522
383.11 0.777881 0.00638626
383.474 0.774658 0.0063542
383.839 0.778143 0.00637996
384.204 0.777561 0.00639815
384.569 0.78057 0.00641837
384.933 0.777633 0.00642493
385.298 0.774789 0.00642316
385.663 0.764866 0.00636379
386.027 0.768373 0.00636518
386.392 0.765505 0.00632617
386.756 0.767485 0.0063025
387.121 0.769853 0.00631041
387.485 0.769365 0.00628901
387.849 0.772991 0.00627431
388.214 0.777385 0.00636193
388.578 0.775623 0.00638668
388.942 0.771824 0.00640347
389.307 0.772031 0.00639849
389.671 0.775916 0.00643819
390.035 0.77339 0.00639842
390.399 0.769396 0.0063669
390.763 0.766111 0.00631583
391.127 0.770782 0.00631221
391.492 0.764855 0.00620142
391.856 0.758721 0.0061053
392.219 0.767936 0.00609645
392.583 0.774168 0.00615599
392.947 0.779826 0.00631177
393.311 0.770547 0.00633201
393.675 0.768455 0.00634246
394.039 0.768554 0.00638214
394.403 0.773829 0.00640719
394.766 0.768488 0.0064024
395.13 0.77078 0.0064289
395.494 0.763494 0.0063959
395.857 0.759916 0.00635302
396.221 0.758461 0.0063182
396.584 0.763016 0.00628968
396.948 0.763333 0.00622307
397.311 0.754125 0.00609432
397.675 0.764438 0.00610271
398.038 0.76334 0.00610129
398.401 0.764725 0.00619363
398.765 0.766543 0.00629688
399.128 0.765465 0.00638235
399.491 0.764437 0.00642658
399.854 0.758019 0.00640866
400.218 0.764423 0.00645439
400.581 0.760125 0.00645456
400.944 0.762022 0.00649425
401.307 0.761738 0.00657119
401.67 0.756188 0.00652818
402.033 0.756626 0.00654911
402.396 0.7602 0.00656822
402.759 0.761412 0.00658146
403.122 0.755017 0.00652179
403.485 0.758183 0.00653376
403.847 0.75175 0.00645185
404.21 0.752547 0.00642191
404.573 0.758608 0.00644069
404.936 0.757243 0.00640319
405.298 0.760756 0.00648848
405.661 0.764696 0.00659646
406.023 0.762519 0.00668047
406.386 0.756703 0.0066785
406.749 0.762639 0.00673531
407.111 0.754269 0.00668965
407.473 0.746191 0.00654727
407.836 0.753636 0.00657025
408.198 0.754024 0.00653193
408.561 0.757813 0.00656717
408.923 0.753624 0.00655866
409.285 0.754111 0.00657289
409.647 0.760801 0.00665984
410.009 0.763293 0.00673382
410.372 0.755294 0.00668869
410.734 0.756392 0.00672721
411.096 0.753049 0.00670054
411.458 0.752806 0.00669785
411.82 0.7512 0.0066468
412.182 0.749957 0.0065909
412.544 0.752776 0.00661805
412.906 0.751542 0.00660092
413.267 0.757996 0.0066529
413.629 0.755964 0.00669627
413.991 0.752874 0.00671398
414.353 0.756239 0.00674751
414.714 0.753918 0.0068081
415.076 0.752121 0.0067831
415.438 0.752714 0.00677838
415.799 0.748245 0.00673126
416.161 0.747658 0.00678762
416.522 0.750627 0.00682907
416.884 0.747039 0.00681697
417.245 0.752531 0.00686722
417.607 0.7478 0.00682872
417.968 0.74566 0.00681126
418.329 0.74975 0.00682138
418.691 0.748423 0.00681307
419.052 0.751849 0.00682389
419.413 0.738381 0.00670165
419.774 0.74751 0.00672198
420.135 0.737882 0.00652986
420.497 0.735265 0.00641542
420.858 0.746429 0.00637476
421.219 0.75296 0.00642421
421.58 0.755094 0.00651533
421.941 0.760265 0.00665239
422.302 0.747688 0.00668562
422.662 0.75781 0.00675969
423.023 0.742995 0.00672282
423.384 0.744541 0.00675237
423.745 0.739489 0.00668882
424.106 0.74402 0.0067055
424.466 0.754943 0.00674141
424.827 0.758847 0.00685212
425.187 0.752392 0.00690926
425.548 0.745826 0.00694403
425.909 0.741006 0.00695816
426.269 0.742539 0.00691624
426.63 0.740964 0.00686206
426.99 0.742869 0.00681448
427.35 0.746073 0.00685964
427.711 0.741457 0.00678992
428.071 0.734206 0.00670007
428.431 0.730201 0.00655412
428.792 0.725307 0.00630856
429.152 0.731408 0.00616089
429.512 0.747927 0.0062184
429.872 0.745143 0.00624989
430.232 0.761778 0.00643086
430.592 0.756992 0.00659254
430.952 0.754134 0.00677437
431.312 0.755964 0.00695132
431.672 0.744875 0.00697961
432.032 0.733246 0.00690376
432.392 0.732489 0.00680688
432.752 0.713843 0.00638911
433.111 0.731614 0.00632371
433.471 0.753699 0.00651888
433.831 0.760097 0.00680288
434.19 0.737268 0.00670082
434.55 0.738797 0.00670655
434.91 0.735806 0.00677103
435.269 0.736305 0.00668003
435.629 0.734023 0.00665498
435.988 0.741626 0.00666072
436.348 0.751225 0.00680622
436.707 0.751249 0.00690989
437.066 0.735497 0.00683334
437.426 0.728631 0.00672064
437.785 0.732343 0.00671885
438.144 0.736577 0.00672985
438.503 0.741453 0.00684118
438.862 0.742618 0.00685924
439.222 0.740556 0.00690437
439.581 0.735099 0.00690841
439.94 0.722642 0.00675366
440.299 0.71729 0.00650179
440.658 0.724155 0.00636655
441.017 0.740651 0.00644074
441.376 0.747481 0.00654588
441.734 0.739579 0.00657806
442.093 0.727898 0.00652307
442.452 0.723474 0.00645652
442.811 0.733518 0.00647261
443.169 0.733284 0.00646915
443.528 0.744185 0.00665222
443.887 0.73593 0.00661946
444.245 0.736714 0.006652
444.604 0.738079 0.00671358
444.962 0.734971 0.0067313
445.321 0.725978 0.00669624
445.679 0.725289 0.00665789
446.038 0.733789 0.00667233
446.396 0.740386 0.00679459
446.754 0.738957 0.00688091
447.112 0.739746 0.0069194
447.471 0.736677 0.00691295
447.829 0.727692 0.0069066
448.187 0.73477 0.00692777
448.545 0.731779 0.0068925
448.903 0.732363 0.00691311
449.261 0.728435 0.0069146
449.619 0.736573 0.00701896
449.977 0.740129 0.00707016
450.335 0.736544 0.00713029
450.693 0.733449 0.00713291
451.051 0.732094 0.0071122
451.409 0.725937 0.00711001
451.766 0.733788 0.00715747
452.124 0.740955 0.00729324
452.482 0.734067 0.00733117
452.839 0.737144 0.00742856
453.197 0.73026 0.00740684
453.555 0.728794 0.00743
453.912 0.723657 0.00738432
454.27 0.716424 0.00723143
454.627 0.724409 0.0071857
454.984 0.7295 0.00722794
455.342 0.739586 0.00738931
455.699 0.732332 0.00743503
456.056 0.724888 0.00735324
456.414 0.722702 0.0072765
456.771 0.718201 0.00712116
457.128 0.726902 0.00713676
457.485 0.730315 0.00712869
457.842 0.733527 0.00718857
458.199 0.728514 0.00715567
458.556 0.728181 0.00708502
458.913 0.723428 0.00706215
459.27 0.732719 0.0070671
459.627 0.732158 0.00716717
459.984 0.720974 0.00706036
460.341 0.730264 0.00709656
460.697 0.733135 0.00719522
461.054 0.743235 0.00745802
461.411 0.732796 0.00755802
461.767 0.727601 0.00761999
462.124 0.720347 0.00756295
462.481 0.724163 0.00749226
462.837 0.715037 0.00732934
463.194 0.726003 0.00723075
463.55 0.725613 0.00727529
463.907 0.712319 0.0070191
464.263 0.716561 0.00694305
464.619 0.713975 0.00679931
464.976 0.721759 0.0067416
465.332 0.728366 0.00677071
465.688 0.751307 0.00708753
466.044 0.735493 0.00726431
466.4 0.736372 0.00738174
466.756 0.724288 0.00736895
467.112 0.730869 0.00740229
467.468 0.720775 0.00734013
467.824 0.732958 0.00747783
468.18 0.730877 0.00756474
468.536 0.7323 0.00757843
468.892 0.732665 0.00770125
469.248 0.732485 0.00773446
469.604 0.722788 0.0077293
469.959 0.723107 0.00772827
470.315 0.726803 0.00774382
470.671 0.721885 0.00770987
471.026 0.720347 0.00763665
471.382 0.718074 0.00755165
471.737 0.719002 0.00749573
472.093 0.715725 0.00736196
472.448 0.709964 0.00719152
472.804 0.718549 0.00717317
473.159 0.723393 0.00713823
473.514 0.726877 0.00719176
473.87 0.713177 0.00702216
474.225 0.705019 0.00678237
474.58 0.707474 0.0066602
474.935 0.730081 0.00682333
475.29 0.733845 0.00693313
475.645 0.720952 0.00687892
476 0.717476 0.00687116
476.355 0.72064 0.00694829
476.71 0.717445 0.0069288
477.065 0.703187 0.00665979
477.42 0.709344 0.00660067
477.775 0.718657 0.00665187
478.13 0.721078 0.006723
478.485 0.713671 0.00663992
478.839 0.70271 0.00650991
479.194 0.704645 0.00635181
479.549 0.709535 0.00629564
479.903 0.723828 0.00637569
480.258 0.719012 0.00640445
480.612 0.707538 0.00627029
480.967 0.706502 0.00612083
481.321 0.72695 0.00622868
481.675 0.727892 0.00635279
482.03 0.72422 0.00644852
482.384 0.719077 0.00645257
482.738 0.707832 0.00634087
483.093 0.706592 0.00628905
483.447 0.70485 0.00614487
483.801 0.6947 0.00591
484.155 0.707747 0.00588911
484.509 0.595083 0.00470224
484.863 0.582234 0.0031702
485.217 0.68464 0.00312439
485.571 0.783425 0.00342854
485.925 0.893502 0.0046642
486.279 0.791596 0.00509065
486.632 0.720881 0.00525423
486.986 0.730948 0.00571917
487.34 0.737578 0.00613289
487.694 0.716188 0.006212
488.047 0.706123 0.00620308
488.401 0.713527 0.00624343
488.754 0.714181 0.00628594
489.108 0.724393 0.00643404
489.461 0.720113 0.00644607
489.815 0.714411 0.00648747
490.168 0.706743 0.00638138
490.522 0.708761 0.00636329
490.875 0.7129 0.00639144
491.228 0.713913 0.00643997
491.581 0.70672 0.00636348
491.935 0.713033 0.00641547
492.288 0.715622 0.00645359
492.641 0.709223 0.00637911
492.994 0.70975 0.00637671
493.347 0.706317 0.00627293
493.7 0.710386 0.00629578
494.053 0.712656 0.00632741
494.406 0.72182 0.00647095
494.759 0.718144 0.00658606
495.111 0.690621 0.00625694
495.464 0.685187 0.00595875
495.817 0.70754 0.00594579
496.169 0.730225 0.00620985
496.522 0.736005 0.00651582
496.875 0.717707 0.0066492
497.227 0.712965 0.00669268
497.58 0.706577 0.00665101
497.932 0.7031 0.00655674
498.285 0.699862 0.00648191
498.637 0.694016 0.00629402
498.989 0.706319 0.00627887
499.342 0.716732 0.00637188
499.694 0.720137 0.00652821
500.046 0.706103 0.00651979
500.398 0.694852 0.00630926
500.751 0.711171 0.00632471
501.103 0.704816 0.00627631
501.455 0.713073 0.00632265
501.807 0.705001 0.00629621
502.159 0.706005 0.00630409
502.511 0.702954 0.00627484
502.862 0.708881 0.00632838
503.214 0.711781 0.00642799
503.566 0.711637 0.00655762
503.918 0.704558 0.00659552
504.27 0.706546 0.00659783
504.621 0.706956 0.00661585
504.973 0.710006 0.00666751
505.324 0.699783 0.00657658
505.676 0.696599 0.00644728
506.027 0.711074 0.0065315
506.379 0.721668 0.00679926
506.73 0.704988 0.00682269
507.082 0.697155 0.00673653
507.433 0.695877 0.0066057
507.784 0.709805 0.00661571
508.136 0.71246 0.00674371
508.487 0.716523 0.00683232
508.838 0.703954 0.00683562
509.189 0.696485 0.00679179
509.54 0.700243 0.00671906
509.891 0.707695 0.00683286
510.242 0.708533 0.00684453
510.593 0.707621 0.00688365
510.944 0.70608 0.00691458
511.295 0.714862 0.00710235
511.646 0.710339 0.00715825
511.996 0.697172 0.00701854
512.347 0.697871 0.00696923
512.698 0.710837 0.00705692
513.049 0.708633 0.00708938
513.399 0.706997 0.00711403
513.75 0.698767 0.00705136
514.1 0.710556 0.00724551
514.451 0.714134 0.00741477
514.801 0.697724 0.0072969
515.152 0.697345 0.00723044
515.502 0.688369 0.00707241
515.852 0.704985 0.00711884
516.202 0.705483 0.00711181
516.553 0.715141 0.007265
516.903 0.711833 0.00735873
517.253 0.711146 0.00746613
517.603 0.703839 0.00742632
517.953 0.698995 0.00736476
518.303 0.690034 0.00714566
518.653 0.70404 0.00715867
519.003 0.711864 0.00725362
519.353 0.716651 0.00753829
519.703 0.710483 0.00766495
520.052 0.700748 0.0076513
520.402 0.69703 0.00758894
520.752 0.698109 0.00750788
521.102 0.71469 0.00771964
521.451 0.701248 0.00770114
521.801 0.704195 0.00769524
522.15 0.690148 0.00749185
522.5 0.698542 0.00752504
522.849 0.694951 0.0074821
523.199 0.697465 0.00742482
523.548 0.695358 0.00734232
523.897 0.704677 0.00747682
524.246 0.710842 0.00763445
524.596 0.711252 0.00774473
524.945 0.698298 0.00762914
525.294 0.701828 0.00764752
525.643 0.70257 0.00763451
525.992 0.699851 0.00760671
526.341 0.698989 0.00755461
526.69 0.704306 0.00764299
527.039 0.708553 0.0077407
527.388 0.697997 0.00773657
527.737 0.682584 0.00741789
528.086 0.684753 0.00715632
528.434 0.702112 0.00711384
528.783 0.720145 0.00740149
529.132 0.711321 0.00749603
529.48 0.708499 0.0075774
529.829 0.700167 0.00757422
530.177 0.70615 0.00768457
530.526 0.696627 0.00765135
530.874 0.69236 0.00755515
531.223 0.698172 0.00757584
531.571 0.703429 0.0076698
531.919 0.691689 0.00753078
532.268 0.684229 0.00726134
532.616 0.681894 0.00701721
532.964 0.698591 0.00699725
533.312 0.707388 0.00704481
533.66 0.698102 0.00703001
534.008 0.696697 0.00700694
534.356 0.704317 0.00704981
534.704 0.702589 0.00710515
535.052 0.706308 0.00721974
535.4 0.707513 0.00737864
535.748 0.705004 0.00754091
536.095 0.698841 0.0076981
536.443 0.693636 0.00767894
536.791 0.685892 0.00747445
537.139 0.684243 0.00729357
537.486 0.685041 0.00712903
537.834 0.698948 0.00716288
538.181 0.697966 0.00711675
538.529 0.699486 0.00716463
538.876 0.691104 0.00710311
539.223 0.708506 0.00731359
539.571 0.705531 0.00745435
539.918 0.694588 0.00737009
540.265 0.685582 0.0071778
540.613 0.691836 0.00708646
540.96 0.697764 0.00720487
541.307 0.689789 0.00717665
541.654 0.685393 0.00715195
542.001 0.695251 0.00722563
542.348 0.692462 0.00720977
542.695 0.690243 0.00720731
543.042 0.689594 0.00709337
543.388 0.687943 0.00699528
543.735 0.695268 0.00702265
544.082 0.692826 0.00699963
544.429 0.701231 0.00707438
544.775 0.703391 0.0072413
545.122 0.70693 0.00747473
545.469 0.694742 0.00753117
545.815 0.687016 0.00744583
546.162 0.684015 0.00737043
546.508 0.682361 0.00721037
546.854 0.671994 0.00689018
547.201 0.677655 0.00666581
547.547 0.703582 0.00677245
547.893 0.715036 0.00698065
548.24 0.727877 0.00742025
548.586 0.70163 0.0075882
548.932 0.690617 0.00764041
549.278 0.67988 0.00758617
549.624 0.693049 0.00761837
549.97 0.698402 0.00771931
550.316 0.699396 0.00787902
550.662 0.689859 0.00790564
551.008 0.659421 0.00732937
551.353 0.680517 0.00704787
551.699 0.69971 0.00698849
552.045 0.724247 0.00730144
552.391 0.69825 0.00731777
552.736 0.686786 0.00729059
553.082 0.682654 0.0072793
553.427 0.700479 0.00750405
553.773 0.705093 0.00777799
554.118 0.676464 0.00761892
554.464 0.67459 0.00741314
554.809 0.667535 0.00708139
555.154 0.690739 0.0071064
555.5 0.697081 0.00715514
555.845 0.705342 0.00747726
556.19 0.703066 0.00766773
556.535 0.689971 0.00776657
556.88 0.67901 0.00758038
557.225 0.69405 0.00763547
557.57 0.698913 0.0078117
557.915 0.706225 0.00806534
558.26 0.687253 0.00805433
558.605 0.687315 0.00802612
558.95 0.682504 0.00782162
559.295 0.667528 0.00732282
559.639 0.679327 0.00710921
559.984 0.681166 0.00684675
560.329 0.696073 0.0068957
560.673 0.696169 0.00692011
561.018 0.701017 0.00714795
561.362 0.696472 0.00731468
561.707 0.687832 0.00745139
562.051 0.678602 0.007311
562.395 0.675793 0.00719949
562.74 0.683149 0.00709493
563.084 0.680169 0.00699195
563.428 0.689322 0.00689187
563.772 0.693984 0.00694718
564.117 0.687446 0.00686381
564.461 0.689283 0.00685123
564.805 0.682093 0.00687477
565.149 0.68355 0.00685037
565.493 0.686668 0.00687651
565.836 0.681597 0.00671945
566.18 0.677061 0.00659918
566.524 0.660779 0.00607938
566.868 0.687488 0.00603476
567.212 0.687371 0.00593154
567.555 0.679458 0.00582277
567.899 0.663438 0.00548712
568.242 0.675384 0.00531023
568.586 0.66208 0.00492009
568.929 0.662299 0.00460613
569.273 0.672802 0.00438926
569.616 0.695523 0.00446906
569.96 0.678133 0.0043237
570.303 0.674796 0.00417903
570.646 0.680844 0.00414558
570.989 0.671014 0.00398808
571.333 0.695932 0.00411201
571.676 0.704577 0.00429211
572.019 0.695103 0.00460985
572.362 0.636605 0.0041626
572.705 0.650183 0.00390453
573.048 0.677835 0.00379472
573.391 0.675763 0.00366528
573.733 0.682663 0.00363277
574.076 0.681957 0.00359075
574.419 0.703594 0.00375844
574.762 0.692929 0.00392857
575.104 0.698698 0.00422282
575.447 0.642973 0.00399623
575.789 0.645238 0.00376291
576.132 0.674899 0.00363568
576.474 0.670755 0.00358394
576.817 0.660529 0.00329
577.159 0.67903 0.00315395
577.501 0.724166 0.00328279
577.844 0.726768 0.00351977
578.186 0.703322 0.00388381
578.528 0.652779 0.00389448
578.87 0.660775 0.00393536
579.212 0.649415 0.00377126
579.554 0.680644 0.00373751
579.896 0.680017 0.00375854
580.238 0.642453 0.00344266
580.58 0.660773 0.0030676
580.922 0.719404 0.00307619
581.264 0.776337 0.00319552
581.606 0.733392 0.00324262
581.947 0.706692 0.0033787
582.289 0.696739 0.00372718
582.631 0.677816 0.00407769
582.972 0.655774 0.0042798
583.314 0.645484 0.00419928
583.655 0.648834 0.00406996
583.997 0.642478 0.00369687
584.338 0.667878 0.00350579
584.679 0.685228 0.00340707
585.021 0.716584 0.00357992
585.362 0.701479 0.00380586
585.703 0.687307 0.00405195
586.044 0.637618 0.00391728
586.385 0.649553 0.00374131
586.726 0.668634 0.0036254
587.067 0.712123 0.00388828
587.408 0.692592 0.00405446
587.749 0.682722 0.00421632
588.09 0.677074 0.00437386
588.431 0.690367 0.00467968
588.772 0.660622 0.00476099
589.113 0.656348 0.00466362
589.453 0.671919 0.00469302
589.794 0.693958 0.0049327
590.134 0.691679 0.00518736
590.475 0.671013 0.00522803
590.815 0.660336 0.00513828
591.156 0.677215 0.00521094
591.496 0.643808 0.0049259
591.837 0.62897 0.00418855
592.177 0.658756 0.00389394
592.517 0.696512 0.00383342
592.857 0.709609 0.00407957
593.198 0.703104 0.00432059
593.538 0.691254 0.00472591
593.878 0.653565 0.00474211
594.218 0.638089 0.00453448
594.558 0.670726 0.0044762
594.898 0.698125 0.00469533
595.237 0.70206 0.00500046
595.577 0.687361 0.00526745
595.917 0.666158 0.00544455
596.257 0.644262 0.00512998
596.596 0.656315 0.00504761
596.936 0.692945 0.00510048
597.276 0.688153 0.0052815
597.615 0.655515 0.00506336
597.955 0.626555 0.00435374
598.294 0.678278 0.00424997
598.633 0.702993 0.00434104
598.973 0.691233 0.00446684
599.312 0.662628 0.0043601
599.651 0.680236 0.00445266
599.991 0.674878 0.00453197
600.33 0.679022 0.0046161
600.669 0.676848 0.00474079
601.008 0.68416 0.00493109
601.347 0.664088 0.00502378
601.686 0.65639 0.00484871
602.025 0.675301 0.00495087
602.364 0.658049 0.00464373
602.702 0.674209 0.00463297
603.041 0.688066 0.00471134
603.38 0.697699 0.00497113
603.719 0.686871 0.0051571
604.057 0.665753 0.00521989
604.396 0.657968 0.00518109
604.734 0.635267 0.00486224
605.073 0.666694 0.00460819
605.411 0.691721 0.00473944
605.75 0.706784 0.00496568
606.088 0.672871 0.0050987
606.426 0.658179 0.00491911
606.764 0.665488 0.00487836
607.103 0.699711 0.00516074
607.441 0.676098 0.005248
607.779 0.670207 0.00535176
608.117 0.662712 0.00528534
608.455 0.68905 0.00561794
608.793 0.654055 0.0055262
609.131 0.640842 0.00510327
609.469 0.6765 0.00511681
609.806 0.700186 0.00527561
610.144 0.691653 0.00565514
610.482 0.654383 0.00555781
610.819 0.670333 0.00561282
611.157 0.672864 0.005653
611.495 0.67735 0.0058706
611.832 0.666621 0.00584132
612.17 0.658465 0.00576324
612.507 0.673836 0.00576501
612.844 0.673193 0.00582279
613.182 0.670536 0.00582472
613.519 0.663268 0.00575739
613.856 0.672051 0.00578028
614.193 0.658074 0.00564773
614.53 0.665849 0.00556263
614.867 0.683408 0.0056294
615.205 0.689859 0.00593911
615.541 0.679918 0.00610925
615.878 0.658479 0.00626743
616.215 0.659328 0.00620744
616.552 0.664337 0.00629465
616.889 0.658485 0.00612298
617.226 0.674942 0.00613544
617.562 0.69374 0.00641804
617.899 0.688402 0.0067794
618.235 0.674412 0.00705588
618.572 0.653768 0.00720443
618.908 0.645873 0.00691232
619.245 0.657552 0.00668989
619.581 0.678929 0.00667858
619.918 0.723228 0.00746567
620.254 0.699908 0.00828498
620.59 0.637514 0.00802611
620.926 0.629399 0.00743575
621.262 0.658954 0.00718576
621.599 0.69912 0.00743516
621.935 0.666378 0.0071676
622.271 0.666961 0.00690187
622.606 0.67754 0.00680608
622.942 0.699138 0.00708511
623.278 0.680004 0.00719116
623.614 0.645575 0.00667744
623.95 0.675676 0.00680399
624.285 0.69183 0.00701318
624.621 0.688559 0.00737668
624.957 0.667224 0.00748736
625.292 0.680642 0.00779095
625.628 0.665416 0.00793638
625.963 0.654235 0.00792166
626.299 0.655628 0.00776682
626.634 0.674007 0.00775138
626.969 0.687168 0.00797145
627.304 0.702244 0.00873497
627.64 0.668965 0.00914455
627.975 0.636501 0.00874142
628.31 0.637544 0.00826957
628.645 0.683836 0.00836864
628.98 0.689843 0.00859002
629.315 0.688925 0.00874882
629.65 0.672766 0.0087146
629.985 0.671724 0.00868336
630.319 0.682752 0.00913718
630.654 0.659414 0.00908197
630.989 0.675276 0.00914554
631.323 0.678595 0.0093268
631.658 0.703145 0.00988092
631.993 0.68086 0.0101441
632.327 0.666641 0.0100759
632.662 0.670934 0.0100535
632.996 0.666713 0.00979955
633.33 0.675631 0.00971884
633.665 0.691752 0.0101785
633.999 0.680755 0.010404
634.333 0.666609 0.0102933
634.667 0.669109 0.0103483
635.001 0.672156 0.0101191
635.335 0.660195 0.00964703
635.669 0.672975 0.00937851
636.003 0.698026 0.00968446
636.337 0.700997 0.0101902
636.671 0.686449 0.0106106
637.005 0.664747 0.0107251
637.339 0.661163 0.0106489
637.672 0.656485 0.0102237
638.006 0.677202 0.0101171
638.339 0.694618 0.0103958
638.673 0.68803 0.0106758
639.006 0.681318 0.0109573
639.34 0.673731 0.0108901
639.673 0.673121 0.0110405
640.007 0.672779 0.01101
640.34 0.682352 0.0112814
640.673 0.66845 0.011251
641.006 0.688616 0.0115873
641.34 0.67783 0.0116214
641.673 0.681369 0.0119299
642.006 0.680626 0.0121288
642.339 0.669384 0.0118156
642.672 0.685962 0.0118875
643.004 0.689147 0.011983
643.337 0.687301 0.0123525
643.67 0.672088 0.0122117
644.003 0.674962 0.0121178
644.336 0.678593 0.0120995
644.668 0.663091 0.011939
645.001 0.688349 0.0123746
645.333 0.699567 0.0127818
645.666 0.680754 0.0128689
645.998 0.681932 0.0131741
646.331 0.681493 0.01337
646.663 0.676605 0.0131849
646.995 0.65607 0.0121915
647.327 0.646116 0.0111107
647.66 0.679645 0.0107717
647.992 0.684144 0.0106422
648.324 0.68661 0.010622
648.656 0.691576 0.0108086
648.988 0.68482 0.0111838
649.32 0.698972 0.0120862
649.652 0.679486 0.0124756
649.983 0.663483 0.0125933
650.315 0.672923 0.0127642
650.647 0.656514 0.0123184
650.979 0.659797 0.0117859
651.31 0.664406 0.0113721
651.642 0.672121 0.0111811
651.973 0.680326 0.0112417
652.305 0.672711 0.0111361
652.636 0.682355 0.0113711
652.967 0.675188 0.0115668
653.299 0.665925 0.011755
653.63 0.648237 0.0114668
653.961 0.628021 0.0104847
654.292 0.517187 0.00730298
654.623 0.376272 0.00225779
654.955 0.899181 0.00342618
655.286 0.899126 0.00342597
655.616 0.89907 0.00342575
655.947 0.899013 0.00342554
656.278 0.898956 0.00342532
656.609 0.463929 0.00257507
656.94 0.406339 0.00318897
657.27 0.368292 0.00355936
657.601 0.388074 0.00421413
657.932 0.445737 0.005402
658.262 0.512639 0.00705708
658.593 0.579149 0.0089978
658.923 0.608027 0.01078
659.254 0.642196 0.0122378
659.584 0.650809 0.0130802
659.914 0.664808 0.0138438
660.244 0.672594 0.0142724
660.575 0.658492 0.0140187
660.905 0.679521 0.014262
661.235 0.686245 0.0141318
661.565 0.685531 0.0140228
661.895 0.684155 0.0139287
662.225 0.678607 0.0140907
662.555 0.686925 0.0143736
662.884 0.668566 0.0140218
663.214 0.677159 0.0139169
663.544 0.689001 0.013892
663.873 0.680444 0.0136009
664.203 0.684056 0.0134885
664.533 0.677893 0.0130639
664.862 0.681071 0.0130034
665.192 0.699979 0.0135619
665.521 0.703895 0.014338
665.85 0.680333 0.0145147
666.18 0.678569 0.0150931
666.509 0.673848 0.0149511
666.838 0.663612 0.0144863
667.167 0.665567 0.0143213
667.496 0.698784 0.0149272
667.825 0.687166 0.0148771
668.154 0.685149 0.0148305
668.483 0.680614 0.014681
668.812 0.695122 0.0145601
669.141 0.683639 0.0142953
669.47 0.696202 0.0142485
669.798 0.70978 0.014534
670.127 0.690166 0.0143452
670.456 0.639929 0.0130321
670.784 0.646558 0.0117499
671.113 0.6555 0.0108601
671.441 0.691292 0.0106569
671.77 0.703237 0.0109271
672.098 0.697614 0.0113115
672.426 0.70856 0.0126741
672.755 0.660295 0.0130088
673.083 0.652321 0.0131128
673.411 0.651678 0.0130802
673.739 0.672681 0.0134837
674.067 0.693603 0.0144149
674.395 0.676032 0.0142296
674.723 0.664722 0.0137426
675.051 0.692531 0.0138242
675.379 0.682107 0.0137085
675.706 0.692061 0.01396
676.034 0.687664 0.0142296
676.362 0.678267 0.0142002
676.689 0.648307 0.0130408
677.017 0.66222 0.0123146
677.344 0.674703 0.0119406
677.672 0.71394 0.0124934
677.999 0.683169 0.01237
678.327 0.664578 0.0119573
678.654 0.653826 0.011344
678.981 0.676573 0.0111926
679.308 0.696518 0.0114469
679.636 0.696312 0.0119802
679.963 0.68417 0.0124696
680.29 0.655395 0.0122378
680.617 0.66149 0.0120656
680.944 0.673271 0.0119921
681.271 0.708171 0.0126533
681.597 0.706943 0.0134973
681.924 0.691095 0.0142133
682.251 0.645284 0.0136801
682.578 0.645067 0.012959
682.904 0.651569 0.0121529
683.231 0.672563 0.011856
683.557 0.672207 0.0115875
683.884 0.667978 0.0112214
684.21 0.666819 0.0109492
684.536 0.672126 0.0106334
684.863 0.677754 0.0105174
685.189 0.693101 0.0108152
685.515 0.70007 0.0114578
685.841 0.667583 0.0115552
686.167 0.64113 0.0113352
686.493 0.667496 0.0114277
686.819 0.666722 0.0114859
687.145 0.685204 0.0121524
687.471 0.678406 0.0130035
687.797 0.659861 0.0132547
688.123 0.642266 0.0129973
688.448 0.651875 0.0126646
688.774 0.666021 0.0124166
689.1 0.693233 0.0128821
689.425 0.687195 0.013364
689.751 0.669269 0.013402
690.076 0.65236 0.0124947
690.402 0.659364 0.0117362
690.727 0.680029 0.0115508
691.052 0.708319 0.0120976
691.377 0.662428 0.0120503
691.703 0.671349 0.0124383
692.028 0.661079 0.0123498
692.353 0.672683 0.0121944
692.678 0.668721 0.0122519
693.003 0.70048 0.0130162
693.328 0.696053 0.0139329
693.652 0.668454 0.0142703
693.977 0.632064 0.0135449
694.302 0.636001 0.0128112
694.627 0.688076 0.0131391
694.951 0.699875 0.0137277
695.276 0.712621 0.0151854
695.6 0.652082 0.0147704
695.925 0.611565 0.0125542
696.249 0.65039 0.0114158
696.574 0.683203 0.0110885
696.898 0.726763 0.0119571
697.222 0.693934 0.0123499
697.546 0.677238 0.0126913
697.871 0.661448 0.0128067
698.195 0.678315 0.013064
698.519 0.675532 0.0133671
698.843 0.681296 0.0138082
699.167 0.677198 0.014284
699.491 0.678985 0.0148475
699.814 0.673059 0.0149021
700.138 0.674043 0.0149585
700.462 0.689942 0.0153841
700.786 0.668487 0.0149419
701.109 0.681458 0.0147144
701.433 0.667984 0.0140636
701.756 0.68054 0.0136884
702.08 0.687805 0.0137625
702.403 0.693857 0.0141045
702.726 0.700377 0.0147719
703.05 0.677042 0.0148783
703.373 0.679169 0.0150753
703.696 0.662149 0.0148978
704.019 0.691589 0.0157566
704.342 0.693998 0.0163597
704.665 0.693942 0.0170345
704.988 0.677175 0.0167174
705.311 0.652994 0.0154074
705.634 0.638166 0.0136756
705.957 0.662583 0.0126207
706.28 0.669245 0.0117502
706.602 0.704925 0.0119343
706.925 0.699933 0.012142
707.247 0.699297 0.0126201
707.57 0.681412 0.012949
707.892 0.677095 0.0133484
708.215 0.682513 0.0140565
708.537 0.666198 0.0142293
708.859 0.650905 0.0141455
709.182 0.664049 0.0141397
709.504 0.655016 0.0136736
709.826 0.671625 0.0136721
710.148 0.675888 0.0137707
710.47 0.691142 0.014321
710.792 0.686325 0.0147984
711.114 0.689303 0.0153276
711.436 0.68071 0.0155707
711.758 0.666431 0.0151572
712.079 0.670865 0.0150337
712.401 0.658444 0.014159
712.723 0.66758 0.0137393
713.044 0.661154 0.0128818
713.366 0.684963 0.0129657
713.687 0.690441 0.0131232
714.009 0.682827 0.0134047
714.33 0.675144 0.013628
714.652 0.658376 0.0138401
714.973 0.677867 0.0145301
715.294 0.680268 0.0153044
715.615 0.69161 0.0164183
715.936 0.667607 0.0163674
716.257 0.675264 0.0166194
716.578 0.66816 0.0166428
716.899 0.668028 0.0162702
717.22 0.675716 0.0153079
717.541 0.681139 0.0149573
717.862 0.701105 0.0151239
718.182 0.674542 0.0148055
718.503 0.669096 0.0144251
718.824 0.690954 0.0148676
719.144 0.701862 0.015224
719.465 0.682385 0.0153542
719.785 0.653875 0.0147199
720.105 0.676699 0.0147779
720.426 0.68342 0.0146669
720.746 0.693891 0.0150295
721.066 0.666558 0.0147571
721.386 0.674542 0.0149973
721.706 0.686568 0.0155704
722.026 0.685069 0.0159662
722.346 0.685343 0.0161022
722.666 0.679125 0.0158192
722.986 0.687294 0.0155193
723.306 0.676984 0.0155228
723.626 0.684203 0.0159147
723.946 0.671817 0.0157385
724.265 0.656965 0.0147315
724.585 0.669697 0.0140893
724.904 0.679832 0.0140901
725.224 0.686797 0.0141999
725.543 0.682123 0.0141485
725.863 0.676796 0.0142282
726.182 0.683296 0.0148767
726.501 0.672145 0.0149873
726.82 0.680363 0.0151779
727.14 0.658486 0.0143536
727.459 0.673118 0.0140745
727.778 0.668529 0.0139431
728.097 0.683133 0.0142873
728.416 0.658237 0.0138661
728.734 0.662352 0.0134671
729.053 0.679238 0.013504
729.372 0.678058 0.0134644
729.691 0.6467 0.0128181
730.009 0.655885 0.0122882
730.328 0.669336 0.0120483
730.647 0.684084 0.0121942
730.965 0.68248 0.0126066
731.283 0.683443 0.0130894
731.602 0.649526 0.0129091
731.92 0.641394 0.0126001
732.238 0.651655 0.0123946
732.557 0.675332 0.0125021
732.875 0.649221 0.0119609
733.193 0.63534 0.0111268
733.511 0.661175 0.0110914
733.829 0.703364 0.0117829
734.147 0.697441 0.0125048
734.465 0.65468 0.0126665
734.782 0.657604 0.0126833
735.1 0.646402 0.0122225
735.418 0.668237 0.012417
735.735 0.672776 0.0124966
736.053 0.658818 0.0122293
736.371 0.664994 0.0124134
736.688 0.670518 0.0129191
737.005 0.682821 0.0138313
737.323 0.657052 0.0140866
737.64 0.646631 0.0139904
737.957 0.639065 0.0131865
738.274 0.632899 0.0120444
738.592 0.672203 0.0121106
738.909 0.691345 0.0125912
739.226 0.687966 0.0136806
739.543 0.67208 0.0145751
739.86 0.65738 0.0152529
740.176 0.658025 0.0156567
740.493 0.666494 0.0162329
740.81 0.656821 0.0161655
741.127 0.63845 0.0157694
741.443 0.641561 0.0149782
741.76 0.665301 0.0147474
742.076 0.691543 0.0151685
742.393 0.704286 0.0161288
742.709 0.701537 0.0169883
743.025 0.681524 0.0170527
743.342 0.672921 0.0167891
743.658 0.669998 0.0164302
743.974 0.673619 0.0160189
744.29 0.676381 0.0160353
744.606 0.681821 0.0162717
744.922 0.668289 0.0161383
745.238 0.67564 0.0162761
745.554 0.675668 0.0166703
745.87 0.674022 0.0168253
746.186 0.661558 0.0159823
746.501 0.660006 0.0153762
746.817 0.685315 0.0159178
747.132 0.704677 0.0173257
747.448 0.657179 0.017389
747.763 0.634943 0.0168369
748.079 0.623483 0.01599
748.394 0.645099 0.0151625
748.71 0.651881 0.01419
749.025 0.659441 0.0134371
749.34 0.669594 0.0133642
749.655 0.697369 0.0139369
749.97 0.688896 0.0143506
750.285 0.640236 0.0138773
750.6 0.647099 0.0136533
750.915 0.645132 0.0132937
751.23 0.655817 0.0136673
751.545 0.667371 0.0143537
751.859 0.658886 0.0147994
752.174 0.6222 0.0145494
752.489 0.628034 0.0138815
752.803 0.635826 0.013129
753.118 0.658727 0.013263
753.432 0.662417 0.0137463
753.747 0.666032 0.0142947
754.061 0.635152 0.0134863
754.375 0.627267 0.0128414
754.689 0.641975 0.0125867
755.004 0.657399 0.0127165
755.318 0.631254 0.0121894
755.632 0.620849 0.0114989
755.946 0.645748 0.0115153
756.26 0.635158 0.0109099
756.573 0.639113 0.0104708
756.887 0.642511 0.010179
757.201 0.660586 0.0105403
757.515 0.663472 0.0115711
757.828 0.638098 0.0121701
758.142 0.60028 0.0117649
758.455 0.593056 0.0108601
758.769 0.617938 0.0104982
759.082 0.626744 0.0102851
759.396 0.630558 0.0101613
759.709 0.624841 0.0100367
760.022 0.643934 0.0102788
760.335 0.660006 0.0109532
760.648 0.65252 0.0117056
760.962 0.626431 0.0123107
761.275 0.613757 0.0127892
761.587 0.603781 0.01285
761.9 0.618266 0.0130361
762.213 0.607377 0.0124988
762.526 0.620312 0.0121755
762.839 0.628495 0.0122066
763.151 0.629821 0.0118665
763.464 0.627205 0.0112003
763.776 0.61967 0.0103409
764.089 0.646849 0.0103422
764.401 0.651288 0.0107463
764.714 0.639309 0.0112732
765.026 0.639205 0.0120315
765.338 0.632143 0.0127399
765.65 0.632523 0.0137164
765.962 0.617029 0.0141771
766.275 0.605598 0.0145477
766.587 0.596843 0.0144898
766.898 0.604626 0.0141159
767.21 0.606894 0.0133064
767.522 0.615452 0.0124329
767.834 0.63784 0.0121933
768.146 0.640904 0.0123108
768.457 0.668553 0.0133419
768.769 0.640393 0.0137532
769.08 0.606406 0.0134437
769.392 0.612663 0.0130243
769.703 0.629868 0.0125225
770.015 0.620564 0.0119554
770.326 0.645252 0.0122146
770.637 0.640048 0.0126052
770.948 0.64544 0.0135823
771.26 0.62109 0.0141606
771.571 0.607132 0.014154
771.882 0.613302 0.0138801
772.193 0.627311 0.01418
772.504 0.631458 0.0145828
772.814 0.617575 0.0147093
773.125 0.622128 0.015069
773.436 0.626038 0.0155505
773.747 0.616722 0.0157818
774.057 0.619583 0.0161568
774.368 0.642025 0.0167055
774.678 0.666709 0.0174674
774.989 0.625629 0.0171862
775.299 0.637878 0.0179377
775.609 0.635363 0.0177027
775.919 0.629064 0.0174702
776.23 0.656095 0.0178632
776.54 0.647976 0.017602
776.85 0.643465 0.017725
777.16 0.625394 0.0169553
777.47 0.632198 0.0161615
777.78 0.652146 0.0156911
778.089 0.640139 0.0147646
778.399 0.643847 0.0147135
778.709 0.648461 0.0154474
779.019 0.659697 0.0166042
779.328 0.636055 0.017186
779.638 0.607053 0.0165676
779.947 0.577256 0.0147274
780.257 0.581145 0.01348
780.566 0.621381 0.0134172
780.875 0.628493 0.0138021
781.185 0.648905 0.0149139
781.494 0.641624 0.015075
781.803 0.612221 0.015119
782.112 0.612338 0.0153417
782.421 0.607439 0.0150795
782.73 0.605392 0.0146576
783.039 0.627656 0.0151141
783.348 0.646981 0.0165698
783.656 0.620417 0.0171175
783.965 0.604351 0.0171478
784.274 0.6015 0.0164574
784.582 0.629725 0.016316
784.891 0.631554 0.0162434
785.199 0.642887 0.0166368
785.508 0.622012 0.0168151
785.816 0.623826 0.0171458
786.124 0.62085 0.0167273
786.432 0.600516 0.0156432
786.741 0.616822 0.0152482
787.049 0.638771 0.0154255
787.357 0.633929 0.0156021
787.665 0.617737 0.0153088
787.973 0.630533 0.0156071
788.281 0.629503 0.0159191
788.588 0.6187 0.0166221
788.896 0.614093 0.01759
789.204 0.635113 0.0186153
789.511 0.63085 0.018603
789.819 0.626862 0.0188821
790.126 0.622583 0.0188254
790.434 0.644864 0.0191549
790.741 0.636833 0.0189872
791.049 0.622464 0.018752
791.356 0.65133 0.0198044
791.663 0.632526 0.0198686
791.97 0.629106 0.0198663
792.277 0.632319 0.0195469
792.584 0.626569 0.0184318
792.891 0.588501 0.0157996
793.198 0.604915 0.0148692
793.505 0.628611 0.014861
793.812 0.637019 0.0153832
794.119 0.624102 0.0155765
794.425 0.608594 0.0158386
794.732 0.612455 0.016613
795.038 0.632662 0.0186542
795.345 0.60485 0.0196141
795.651 0.608909 0.0207349
795.958 0.591776 0.0204827
796.264 0.583755 0.0189836
796.57 0.599939 0.0185409
796.876 0.638637 0.0189653
797.183 0.630757 0.0191964
797.489 0.641172 0.0201486
797.795 0.63345 0.0202061
798.101 0.62876 0.0200421
798.406 0.646737 0.0204346
798.712 0.67124 0.021433
799.018 0.63207 0.0211232
799.324 0.651806 0.0215067
799.629 0.63912 0.0213925
799.935 0.647406 0.0216904
800.24 0.658431 0.0222904
800.546 0.689343 0.0228154
800.851 0.645317 0.0222758
801.157 0.65975 0.0234883
801.462 0.661529 0.0237481
801.767 0.654222 0.0237289
802.072 0.633878 0.022451
802.377 0.659528 0.0220372
802.682 0.666592 0.021798
802.987 0.668239 0.0224311
803.292 0.667088 0.0229847
803.597 0.666436 0.0231691
803.902 0.636831 0.0225916
804.207 0.635146 0.0224205
804.511 0.661547 0.0225311
804.816 0.624927 0.0205756
805.12 0.628233 0.0192759
805.425 0.613111 0.0179358
805.729 0.613465 0.0180815
806.034 0.639242 0.0191719
806.338 0.638231 0.0202485
806.642 0.624495 0.0205395
806.946 0.602405 0.0199689
807.251 0.625888 0.0205415
807.555 0.642018 0.0204734
807.859 0.614364 0.0198756
808.162 0.646893 0.0209869
808.466 0.655342 0.0218424
808.77 0.651782 0.0223602
809.074 0.668162 0.0234136
809.378 0.624906 0.0226825
809.681 0.645332 0.0228687
809.985 0.661884 0.0235348
810.288 0.675036 0.0240325
810.592 0.671855 0.0237961
810.895 0.676692 0.0244488
811.198 0.678501 0.025564
811.502 0.678185 0.0259297
811.805 0.687523 0.0268249
812.108 0.639566 0.0246944
812.411 0.671819 0.0245597
812.714 0.639175 0.0223206
813.017 0.642189 0.0211731
813.32 0.662457 0.0214727
813.623 0.663828 0.022174
813.926 0.685331 0.0241623
814.228 0.664385 0.0250624
814.531 0.69286 0.0264145
814.833 0.638471 0.0251616
815.136 0.654778 0.0256358
815.438 0.636086 0.0255555
815.741 0.643174 0.024632
816.043 0.628406 0.0240514
816.345 0.658262 0.0244506
816.648 0.668505 0.0248409
816.95 0.655548 0.0249766
817.252 0.674348 0.0259012
817.554 0.676953 0.0260067
817.856 0.688189 0.0267816
818.158 0.671075 0.0266762
818.46 0.68786 0.0276926
818.761 0.685678 0.0275479
819.063 0.683869 0.027034
819.365 0.683365 0.0262257
819.666 0.624707 0.023821
819.968 0.687648 0.0241678
820.269 0.652445 0.0232866
820.571 0.683393 0.0244573
820.872 0.702214 0.0257294
821.173 0.664844 0.0260299
821.475 0.663776 0.0270098
821.776 0.659999 0.0267934
822.077 0.671208 0.0268625
822.378 0.682465 0.0272759
822.679 0.705944 0.0281952
822.98 0.676302 0.0273406
823.281 0.730895 0.0293444
823.581 0.679589 0.0280103
823.882 0.714537 0.029089
824.183 0.729364 0.0290911
824.483 0.699808 0.0274824
824.784 0.679442 0.0259672
825.084 0.704894 0.0269232
825.385 0.728882 0.0277364
825.685 0.708508 0.0279341
825.985 0.676828 0.027069
826.286 0.667316 0.026509
826.586 0.66861 0.0260142
826.886 0.672539 0.026139
827.186 0.702492 0.0271069
827.486 0.678976 0.0275445
827.786 0.710917 0.0286144
828.086 0.701811 0.0281448
828.386 0.713164 0.0280008
828.685 0.672359 0.0270375
828.985 0.706283 0.0285393
829.285 0.705803 0.0287266
829.584 0.701088 0.029093
829.884 0.73461 0.0302344
830.183 0.737845 0.0318804
830.482 0.709229 0.030915
830.782 0.743389 0.0317853
831.081 0.739304 0.0328976
831.38 0.737352 0.0317919
831.679 0.748509 0.0321042
831.978 0.759518 0.032391
832.277 0.734458 0.0308256
832.576 0.745549 0.0304732
832.875 0.748162 0.030508
833.174 0.699822 0.0293208
833.472 0.751793 0.0306199
833.771 0.754965 0.031102
834.07 0.690789 0.0290437
834.368 0.713899 0.0298145
834.667 0.750619 0.0313789
834.965 0.752259 0.0318848
835.263 0.768503 0.0322707
835.562 0.748826 0.0318693
835.86 0.688257 0.0302712
836.158 0.676195 0.0303462
836.456 0.724898 0.0322477
836.754 0.724088 0.0321395
837.052 0.78028 0.0344227
837.35 0.719239 0.032408
837.648 0.751635 0.0335692
837.946 0.807318 0.0350869
838.243 0.803019 0.0350033
838.541 0.762191 0.033206
838.839 0.711352 0.0321264
839.136 0.760403 0.0331457
839.434 0.773851 0.0332342
839.731 0.776363 0.0341841
840.028 0.715934 0.0320747
840.326 0.764973 0.0335718
840.623 0.739798 0.0329847
840.92 0.787269 0.034354
841.217 0.786252 0.0352956
841.514 0.804166 0.0358949
841.811 0.76554 0.0338662
842.108 0.79635 0.0355563
842.405 0.763939 0.0350852
842.701 0.809295 0.0362781
842.998 0.790572 0.0347522
843.295 0.784792 0.0353819
843.591 0.782763 0.0354134
843.888 0.794961 0.0352756
844.184 0.793875 0.0354557
844.481 0.745007 0.0337838
844.777 0.838321 0.0360126
845.073 0.755242 0.0344393
845.369 0.825922 0.0363761
845.665 0.828718 0.0369702
845.962 0.773135 0.0350082
846.258 0.835145 0.0370897
846.553 0.822107 0.0368525
846.849 0.829652 0.037085
847.145 0.791563 0.0350465
847.441 0.793962 0.0353102
847.737 0.756329 0.0341776
848.032 0.806882 0.0359757
848.328 0.795038 0.0358748
848.623 0.836675 0.0372937
848.919 0.81109 0.0359009
849.214 0.744654 0.0340067
849.509 0.797447 0.0357165
849.805 0.798124 0.0364486
850.1 0.852479 0.0385115
850.395 0.794854 0.0370639
850.69 0.814418 0.0377783
850.985 0.750698 0.0349832
851.28 0.790363 0.0357466
851.575 0.790982 0.0361972
851.869 0.78419 0.0359184
852.164 0.74015 0.0343754
852.459 0.754524 0.0337555
852.753 0.762823 0.0334684
853.048 0.715288 0.0307274
853.342 0.698755 0.0301594
853.637 0.761562 0.0320513
853.931 0.703025 0.0304645
854.225 0.713174 0.0305487
854.52 0.767707 0.0328762
854.814 0.749517 0.0325923
855.108 0.677217 0.0299753
855.402 0.694413 0.0309089
855.696 0.756617 0.0331872
855.99 0.790598 0.0344714
856.283 0.700825 0.0317431
856.577 0.752012 0.0336337
856.871 0.777542 0.0339295
857.164 0.741334 0.0334904
857.458 0.802403 0.0359999
857.751 0.787194 0.0350387
858.045 0.767781 0.0341841
858.338 0.74044 0.0341184
858.632 0.683917 0.0320397
858.925 0.780845 0.0351333
859.218 0.75598 0.0344221
859.511 0.792108 0.0367099
859.804 0.79952 0.0365123
860.097 0.776559 0.035031
860.39 0.798107 0.0365558
860.683 0.820565 0.0369096
860.976 0.795944 0.0366429
861.268 0.785918 0.0358486
861.561 0.826212 0.0378094
861.854 0.856911 0.0396527
862.146 0.787922 0.0366725
862.439 0.83642 0.0375799
862.731 0.761317 0.0349751
863.023 0.777906 0.0364993
863.316 0.801163 0.0363726
863.608 0.803871 0.0366244
863.9 0.843772 0.0375462
864.192 0.784792 0.0353514
864.484 0.813792 0.0368598
864.776 0.827327 0.0374948
865.068 0.767592 0.0358923
865.36 0.80432 0.0366449
865.651 0.846636 0.038584
865.943 0.838208 0.0376819
866.235 0.810808 0.0372487
866.526 0.873025 0.0396932
866.818 0.759475 0.0357801
867.109 0.786573 0.0361896
867.4 0.805847 0.0373353
867.692 0.838998 0.0383036
867.983 0.804825 0.0371523
868.274 0.834127 0.038297
868.565 0.828543 0.0376817
868.856 0.853205 0.0384885
869.147 0.801065 0.0371929
869.438 0.81429 0.0373977
869.729 0.82012 0.0377559
870.02 0.874348 0.0405212
870.31 0.842159 0.0385279
870.601 0.806403 0.0371579
870.892 0.786593 0.0363219
871.182 0.806411 0.0366218
871.473 0.853194 0.038488
871.763 0.780384 0.0359266
872.053 0.839717 0.0377063
872.343 0.804079 0.0368406
872.634 0.822292 0.03763
872.924 0.758007 0.0354112
873.214 0.824544 0.0376885
873.504 0.801148 0.0376487
873.794 0.891252 0.0407015
874.084 0.824223 0.0390281
874.373 0.841092 0.0384333
874.663 0.79935 0.0365802
874.953 0.813347 0.0381265
875.242 0.839459 0.0382121
875.532 0.804848 0.0371087
875.821 0.827669 0.037865
876.111 0.809696 0.0373096
876.4 0.854576 0.0388091
876.689 0.815134 0.037651
876.978 0.798941 0.0372889
877.268 0.867698 0.0389294
877.557 0.866035 0.0393409
877.846 0.857724 0.0390205
878.134 0.811817 0.0383065
878.423 0.811967 0.0383135
878.712 0.812116 0.0383206
