178.41 0.828371 0.140787
178.791 0.833616 0.141678
179.172 0.838824 0.142563
179.553 0.388069 0.388069
179.934 0.855962 0.855962
180.316 0.68175 0.68175
180.697 0.389347 0.389347
181.078 0.605768 0.605768
181.459 0.393216 0.393216
181.84 0.842344 0.842344
182.221 1.49686 1.49686
182.602 0.343869 0.343869
182.983 0.422369 0.294279
183.364 1.27903 0.200683
183.744 0.513492 0.0802821
184.125 0.534675 0.0710629
184.506 0.507127 0.056695
184.887 0.444996 0.0473587
185.268 0.542892 0.0450335
185.648 0.606505 0.0460771
186.029 0.569945 0.0426045
186.41 0.664427 0.0447977
186.791 0.678018 0.0434904
187.171 0.59072 0.0347218
187.552 0.554629 0.0273732
187.932 0.574655 0.0283712
188.313 0.550199 0.0259283
188.694 0.593216 0.0269075
189.074 0.569104 0.0254092
189.455 0.559254 0.0244894
189.835 0.616995 0.0264488
190.216 0.617197 0.0257561
190.596 0.544632 0.0231547
190.977 0.552692 0.0231442
191.357 0.588551 0.0239538
191.737 0.587132 0.023626
192.118 0.579252 0.0233518
192.498 0.576158 0.0225668
192.878 0.601564 0.0232365
193.258 0.592762 0.0226678
193.639 0.577904 0.0221043
194.019 0.589117 0.0225144
194.399 0.595976 0.0224497
194.779 0.557539 0.0208435
195.159 0.616688 0.0225566
195.54 0.592356 0.0214447
195.92 0.581729 0.0213143
196.3 0.58172 0.0210054
196.68 0.586247 0.0211922
197.06 0.577985 0.0209168
197.44 0.571562 0.0206006
197.82 0.56324 0.0202895
198.2 0.577566 0.0205363
198.58 0.5598 0.0196843
198.959 0.569853 0.0198244
199.339 0.574023 0.0199831
199.719 0.544304 0.0190862
200.099 0.567616 0.0195375
200.479 0.571584 0.0195502
200.858 0.568598 0.0192116
201.238 0.534282 0.0183319
201.618 0.55578 0.0189069
201.998 0.536401 0.0181296
202.377 0.539666 0.0181844
202.757 0.530468 0.0177919
203.136 0.52776 0.0176313
203.516 0.541334 0.0175907
203.896 0.530287 0.0171959
204.275 0.508056 0.0164995
204.655 0.515898 0.0166579
205.034 0.524119 0.0165927
205.414 0.521754 0.016348
205.793 0.508192 0.0159895
206.172 0.51068 0.0160432
206.552 0.498895 0.0155866
206.931 0.506183 0.0154594
207.31 0.483504 0.0149463
207.69 0.493979 0.0149867
208.069 0.47563 0.014511
208.448 0.48279 0.0144357
208.827 0.490216 0.0144627
209.207 0.500657 0.0145777
209.586 0.46428 0.0136709
209.965 0.478885 0.0138403
210.344 0.486287 0.0137434
210.723 0.466436 0.0132947
211.102 0.464512 0.0130377
211.481 0.465209 0.0129786
211.86 0.47013 0.0129172
212.239 0.462726 0.0126856
212.618 0.458253 0.0124416
212.997 0.451668 0.0121504
213.376 0.460175 0.0122205
213.755 0.461473 0.0120659
214.134 0.453956 0.0118051
214.513 0.444367 0.0114907
214.891 0.456328 0.0115666
215.27 0.448087 0.0112462
215.649 0.455949 0.0112511
216.028 0.440187 0.010864
216.406 0.437514 0.0107181
216.785 0.437997 0.0105495
217.164 0.448158 0.0105644
217.542 0.439402 0.0102414
217.921 0.441047 0.0101291
218.3 0.447052 0.0101618
218.678 0.442933 0.00995573
219.057 0.453203 0.00989118
219.435 0.441849 0.009606
219.814 0.45134 0.00963707
220.192 0.447338 0.0094396
220.57 0.448223 0.00933815
220.949 0.449541 0.00919495
221.327 0.457225 0.00911901
221.705 0.458727 0.00904046
222.084 0.455912 0.00881714
222.462 0.458179 0.00873373
222.84 0.469511 0.00876809
223.218 0.46993 0.00855358
223.597 0.475119 0.00851378
223.975 0.471859 0.00833178
224.353 0.484208 0.00834739
224.731 0.488683 0.00825074
225.109 0.491792 0.00810977
225.487 0.490206 0.00798158
225.865 0.500088 0.00793834
226.243 0.508495 0.00790316
226.621 0.513554 0.00783778
226.999 0.512111 0.00766642
227.377 0.523304 0.00767451
227.755 0.527796 0.00760682
228.133 0.533102 0.00754787
228.511 0.537998 0.0074922
228.889 0.545147 0.00739761
229.266 0.54823 0.0073481
229.644 0.550033 0.00721527
230.022 0.561507 0.00719577
230.4 0.566986 0.00716264
230.777 0.571786 0.00712446
231.155 0.574998 0.00705157
231.533 0.588802 0.00703468
231.91 0.591679 0.00695638
232.288 0.592966 0.00689797
232.665 0.600576 0.00685272
233.043 0.609126 0.00683617
233.42 0.612943 0.00676487
233.798 0.62407 0.00677609
234.175 0.628949 0.00671392
234.553 0.627394 0.00663422
234.93 0.632564 0.00659478
235.307 0.639157 0.00657535
235.685 0.647954 0.0065664
236.062 0.649924 0.00649953
236.439 0.65746 0.00650477
236.816 0.661709 0.00644596
237.194 0.662296 0.00638054
237.571 0.663773 0.00633203
237.948 0.672495 0.00633982
238.325 0.674118 0.00627721
238.702 0.681014 0.00627199
239.079 0.683443 0.00622082
239.456 0.686615 0.00619359
239.833 0.692041 0.00617791
240.21 0.698265 0.00614831
240.587 0.699977 0.00612733
240.964 0.707832 0.00611134
241.341 0.712082 0.00607787
241.718 0.706549 0.00599691
242.095 0.714671 0.00602948
242.472 0.714939 0.0059828
242.849 0.717423 0.00594845
243.225 0.719439 0.00590487
243.602 0.725075 0.0058981
243.979 0.725478 0.00587936
244.356 0.735711 0.00589638
244.732 0.728322 0.00580695
245.109 0.73557 0.00579491
245.486 0.737396 0.00579402
245.862 0.74081 0.00577874
246.239 0.742394 0.00572595
246.615 0.745138 0.00572612
246.992 0.746907 0.00569093
247.368 0.748654 0.00569753
247.745 0.751925 0.00566183
248.121 0.752248 0.00562444
248.497 0.752592 0.00561664
248.874 0.757693 0.0056015
249.25 0.753814 0.00553798
249.626 0.761778 0.00555795
250.003 0.758737 0.0055143
250.379 0.756818 0.00545369
250.755 0.76596 0.00549128
251.131 0.762038 0.00543877
251.507 0.763591 0.00543705
251.884 0.767089 0.00541207
252.26 0.772327 0.0054319
252.636 0.766381 0.0053617
253.012 0.770386 0.00535609
253.388 0.772039 0.00534569
253.764 0.773528 0.00532895
254.14 0.768146 0.00529775
254.516 0.776185 0.00531814
254.892 0.76938 0.00526798
255.268 0.778045 0.00529194
255.643 0.774812 0.00525876
256.019 0.774951 0.00525534
256.395 0.780313 0.00526249
256.771 0.772463 0.00519778
257.147 0.779351 0.00521497
257.522 0.776201 0.00519617
257.898 0.781515 0.00520536
258.274 0.779611 0.00518557
258.649 0.784727 0.00519937
259.025 0.780345 0.00515636
259.4 0.782707 0.00516135
259.776 0.781557 0.00514163
260.151 0.79054 0.00518848
260.527 0.788206 0.00515773
260.902 0.788366 0.00514423
261.278 0.788761 0.00513465
261.653 0.784379 0.00512022
262.028 0.787509 0.00513536
262.404 0.789364 0.00511783
262.779 0.785408 0.00509221
263.154 0.788842 0.00509434
263.53 0.788341 0.00507883
263.905 0.787625 0.00508637
264.28 0.789346 0.00508929
264.655 0.785266 0.00506136
265.03 0.788082 0.00508607
265.405 0.789978 0.00507523
265.781 0.795784 0.00509989
266.156 0.790365 0.00507704
266.531 0.785424 0.00503444
266.906 0.794477 0.00509134
267.281 0.794245 0.0050654
267.655 0.789142 0.00506798
268.03 0.791547 0.00507852
268.405 0.792752 0.00507562
268.78 0.795066 0.00508291
269.155 0.79312 0.00506539
269.53 0.794021 0.00508575
269.904 0.796377 0.00508754
270.279 0.797309 0.00509375
270.654 0.793932 0.0050685
271.029 0.793979 0.00507825
271.403 0.793737 0.00506313
271.778 0.79647 0.00508625
272.152 0.797889 0.00509561
272.527 0.793725 0.00507785
272.901 0.793108 0.00505601
273.276 0.793669 0.00504627
273.65 0.797722 0.00507504
274.025 0.795073 0.00505344
274.399 0.799791 0.0050927
274.774 0.799146 0.00507887
275.148 0.795421 0.005051
275.522 0.798277 0.00507361
275.897 0.795082 0.0050607
276.271 0.793716 0.0050614
276.645 0.800913 0.00506957
277.019 0.796947 0.0050433
277.393 0.79705 0.00503001
277.768 0.794687 0.00504631
278.142 0.79853 0.00505342
278.516 0.797475 0.00505898
278.89 0.797971 0.00505057
279.264 0.799483 0.00507158
279.638 0.797952 0.00504221
280.012 0.80196 0.00506374
280.386 0.801805 0.00508973
280.76 0.800066 0.00506488
281.133 0.803997 0.00508661
281.507 0.800091 0.00507018
281.881 0.799118 0.0050555
282.255 0.799935 0.00506517
282.629 0.799321 0.00507792
283.002 0.799535 0.00508134
283.376 0.802092 0.00507554
283.75 0.801859 0.00509203
284.123 0.799757 0.00506761
284.497 0.797921 0.00507102
284.87 0.803334 0.00509339
285.244 0.800458 0.00507491
285.618 0.803481 0.00509754
285.991 0.799194 0.00510538
286.364 0.801159 0.00510975
286.738 0.802661 0.00511359
287.111 0.808829 0.00513538
287.485 0.801197 0.00511398
287.858 0.808378 0.00515603
288.231 0.802464 0.00512812
288.605 0.804203 0.00514775
288.978 0.804797 0.00513868
289.351 0.802897 0.0051593
289.724 0.803702 0.0051617
290.097 0.806438 0.00517665
290.47 0.804789 0.00518806
290.843 0.804839 0.0051864
291.217 0.799973 0.00517173
291.59 0.805357 0.00522505
291.963 0.805022 0.00521244
292.336 0.80469 0.00522802
292.708 0.80515 0.00523948
293.081 0.809184 0.00527676
293.454 0.808028 0.00524976
293.827 0.805286 0.00525642
294.2 0.808692 0.00530187
294.573 0.80388 0.00526922
294.945 0.806485 0.00530892
295.318 0.808065 0.00531207
295.691 0.810535 0.00533314
296.064 0.810156 0.00534167
296.436 0.803517 0.00531599
296.809 0.802715 0.00529906
297.181 0.806234 0.00533917
297.554 0.804765 0.00534245
297.926 0.806149 0.00535128
298.299 0.804996 0.00535317
298.671 0.804948 0.0053297
299.044 0.809457 0.00537389
299.416 0.807449 0.00537534
299.788 0.806333 0.00536328
300.161 0.810697 0.00540144
300.533 0.810887 0.00539454
300.905 0.806947 0.00536093
301.278 0.812132 0.00538943
301.65 0.809137 0.00537345
302.022 0.808175 0.00538196
302.394 0.803054 0.00537354
302.766 0.806282 0.00537674
303.138 0.809829 0.00540973
303.51 0.80785 0.00538905
303.882 0.807224 0.0053802
304.254 0.808515 0.00539508
304.626 0.804666 0.00536605
304.998 0.807628 0.00537432
305.37 0.806935 0.00540203
305.742 0.803955 0.00537184
306.114 0.805437 0.00537447
306.485 0.810524 0.00539262
306.857 0.806959 0.00537691
307.229 0.808757 0.00540171
307.601 0.806605 0.00539304
307.972 0.806722 0.00538788
308.344 0.798534 0.00535375
308.716 0.808261 0.00540847
309.087 0.806379 0.00539538
309.459 0.806331 0.00540341
309.83 0.806543 0.00540483
310.202 0.805278 0.0053918
310.573 0.805279 0.00539496
310.945 0.800175 0.0053741
311.316 0.805157 0.0054166
311.687 0.8063 0.00539871
312.059 0.806132 0.00541708
312.43 0.80439 0.0054014
312.801 0.804274 0.00542006
313.172 0.809797 0.00544198
313.544 0.804585 0.00543003
313.915 0.802303 0.00538786
314.286 0.80417 0.00541755
314.657 0.803583 0.00540357
315.028 0.80115 0.00540679
315.399 0.801548 0.00540633
315.77 0.801374 0.00539811
316.141 0.801637 0.00542146
316.512 0.805566 0.00543392
316.883 0.802507 0.00543454
317.254 0.802749 0.00542989
317.625 0.802199 0.00546147
317.996 0.802251 0.00543174
318.366 0.803879 0.00545075
318.737 0.800585 0.00543409
319.108 0.804647 0.00546667
319.478 0.799706 0.00545167
319.849 0.799157 0.00544721
320.22 0.799423 0.00545348
320.59 0.800117 0.00545273
320.961 0.800708 0.00546412
321.331 0.802273 0.00547017
321.702 0.798429 0.00548469
322.072 0.802148 0.00551408
322.443 0.799028 0.00549244
322.813 0.795438 0.00546992
323.184 0.797676 0.00549298
323.554 0.797692 0.00551047
323.924 0.797868 0.00550824
324.295 0.800778 0.00554504
324.665 0.79379 0.00552482
325.035 0.799642 0.00553789
325.405 0.800126 0.00556236
325.775 0.804816 0.00560577
326.145 0.800969 0.005587
326.515 0.79837 0.00558822
326.886 0.799196 0.00561938
327.256 0.796086 0.00561378
327.626 0.79512 0.00564506
327.995 0.791238 0.00564515
328.365 0.779048 0.00560933
328.735 0.774119 0.00561966
329.105 0.770285 0.00566645
329.475 0.786993 0.00577256
329.845 0.816816 0.00596597
330.215 0.836243 0.00601386
330.584 0.851825 0.00601113
330.954 0.842555 0.00583705
331.324 0.822954 0.00560635
331.693 0.80902 0.00546329
332.063 0.790967 0.0053438
332.432 0.781569 0.00528458
332.802 0.778274 0.00531671
333.171 0.784182 0.00540689
333.541 0.788722 0.00552369
333.91 0.785043 0.00553878
334.28 0.788464 0.00558264
334.649 0.79491 0.00562166
335.018 0.791595 0.00562905
335.388 0.800033 0.00567723
335.757 0.795502 0.00566194
336.126 0.790982 0.00566612
336.495 0.794365 0.00565903
336.865 0.793254 0.00567849
337.234 0.793194 0.00571038
337.603 0.790587 0.00568936
337.972 0.796764 0.0057247
338.341 0.795016 0.00570906
338.71 0.790901 0.00569039
339.079 0.78958 0.00570625
339.448 0.796645 0.00572268
339.817 0.79472 0.00572989
340.186 0.794148 0.00573146
340.554 0.788878 0.00570492
340.923 0.790944 0.00572432
341.292 0.785986 0.00571174
341.661 0.79012 0.00573391
342.029 0.78464 0.00570411
342.398 0.784414 0.00571095
342.767 0.788043 0.00574616
343.135 0.79244 0.00575785
343.504 0.789018 0.00576332
343.872 0.786402 0.00573235
344.241 0.787771 0.00575077
344.609 0.791792 0.00578834
344.978 0.788735 0.00577131
345.346 0.787204 0.00574403
345.715 0.784862 0.00575765
346.083 0.784013 0.00576737
346.451 0.790241 0.00578104
346.82 0.787726 0.00579116
347.188 0.786884 0.00577713
347.556 0.790028 0.00581852
347.924 0.78662 0.00579893
348.292 0.786144 0.00581035
348.66 0.785309 0.00580215
349.028 0.783554 0.00580295
349.396 0.786815 0.00583793
349.764 0.780773 0.00580815
350.132 0.781182 0.00580667
350.5 0.785072 0.00583062
350.868 0.788129 0.00585257
351.236 0.780816 0.00582072
351.604 0.780453 0.00584198
351.972 0.789633 0.0058829
352.34 0.779052 0.00585185
352.707 0.780529 0.00585997
353.075 0.782127 0.00586751
353.443 0.78204 0.00588056
353.81 0.784472 0.00590434
354.178 0.783641 0.00590453
354.545 0.781326 0.00588135
354.913 0.784611 0.00591877
355.28 0.778934 0.00589813
355.648 0.77917 0.00588655
356.015 0.777436 0.00589029
356.383 0.777807 0.00588496
356.75 0.773207 0.0058825
357.117 0.776743 0.0058992
357.485 0.779952 0.00591552
357.852 0.785489 0.00597748
358.219 0.778134 0.0059199
358.586 0.779108 0.00592261
358.954 0.78161 0.00595705
359.321 0.776563 0.00592343
359.688 0.78118 0.00597026
360.055 0.77178 0.00592579
360.422 0.778116 0.00595868
360.789 0.775772 0.00595996
361.156 0.775082 0.00595206
361.523 0.773618 0.0059705
361.89 0.775633 0.00597103
362.256 0.768661 0.00592035
362.623 0.780203 0.00602404
362.99 0.769205 0.0059528
363.357 0.778904 0.00601467
363.724 0.779367 0.00601905
364.09 0.773033 0.00598246
364.457 0.781305 0.00605929
364.823 0.775388 0.00599753
365.19 0.771971 0.0059932
365.557 0.773871 0.00599126
365.923 0.776489 0.00602127
366.29 0.770043 0.00601507
366.656 0.771478 0.00599591
367.022 0.773823 0.00599752
367.389 0.776774 0.00603585
367.755 0.777019 0.00606554
368.121 0.770928 0.00603927
368.488 0.770798 0.0060306
368.854 0.771523 0.00605634
369.22 0.77146 0.00608464
369.586 0.775175 0.00612003
369.952 0.770413 0.00611448
370.318 0.766211 0.00610067
370.684 0.768406 0.00612722
371.051 0.765394 0.00611688
371.416 0.770717 0.00617605
371.782 0.768144 0.0061473
372.148 0.771825 0.00617469
372.514 0.771214 0.00618551
372.88 0.770271 0.00619989
373.246 0.768879 0.00618859
373.612 0.773611 0.00620469
373.977 0.772042 0.0061844
374.343 0.770876 0.0061602
374.709 0.770398 0.00613831
375.074 0.761906 0.00612266
375.44 0.768793 0.00617662
375.806 0.769385 0.0062131
376.171 0.766822 0.00617138
376.537 0.763634 0.00615291
376.902 0.763566 0.00616347
377.268 0.768983 0.00615989
377.633 0.762478 0.00612254
377.998 0.758516 0.00608323
378.364 0.765602 0.00608515
378.729 0.764676 0.00609171
379.094 0.776426 0.00616519
379.459 0.773043 0.00623415
379.825 0.761944 0.00616181
380.19 0.765266 0.00618481
380.555 0.760623 0.00620934
380.92 0.769271 0.00632257
381.285 0.763268 0.00628595
381.65 0.757275 0.00621249
382.015 0.766126 0.0062579
382.38 0.764715 0.00627642
382.745 0.768185 0.00632922
383.11 0.762842 0.00632422
383.474 0.759476 0.00629163
383.839 0.761133 0.00630984
384.204 0.767367 0.00635607
384.569 0.756331 0.00631793
384.933 0.766304 0.00637795
385.298 0.757491 0.00635105
385.663 0.756728 0.00632985
386.027 0.756142 0.00631431
386.392 0.755794 0.00628592
386.756 0.757802 0.00626261
387.121 0.759417 0.00626749
387.485 0.759534 0.0062487
387.849 0.759582 0.00621965
388.214 0.763587 0.00630522
388.578 0.764967 0.00634265
388.942 0.758278 0.00634703
389.307 0.757599 0.0063384
389.671 0.754651 0.00634935
390.035 0.755034 0.00632203
390.399 0.75006 0.00628639
390.763 0.754508 0.00626782
391.127 0.751771 0.00623388
391.492 0.752257 0.00615013
391.856 0.747216 0.00605884
392.219 0.753036 0.00603701
392.583 0.760957 0.00610324
392.947 0.770792 0.0062751
393.311 0.757723 0.0062791
393.675 0.756526 0.00629304
394.039 0.755621 0.00632822
394.403 0.755101 0.00632919
394.766 0.75668 0.00635301
395.13 0.755813 0.00636617
395.494 0.745892 0.00632174
395.857 0.751098 0.00631606
396.221 0.748242 0.00627549
396.584 0.744568 0.00621317
396.948 0.743521 0.00614178
397.311 0.740466 0.00603888
397.675 0.747371 0.0060342
398.038 0.754255 0.00606487
398.401 0.757738 0.00616527
398.765 0.755266 0.00625039
399.128 0.756221 0.0063437
399.491 0.749693 0.00636431
399.854 0.744226 0.00635009
400.218 0.748915 0.00638859
400.581 0.750089 0.00641181
400.944 0.748043 0.00643441
401.307 0.751665 0.00652759
401.67 0.747924 0.00649241
402.033 0.743817 0.00649344
402.396 0.745998 0.00650657
402.759 0.74636 0.00651608
403.122 0.743068 0.00646997
403.485 0.743645 0.00647082
403.847 0.741486 0.00640766
404.21 0.741847 0.0063761
404.573 0.748567 0.00639793
404.936 0.743337 0.00634412
405.298 0.751158 0.00644742
405.661 0.747418 0.00652151
406.023 0.754348 0.00664458
406.386 0.746879 0.006635
406.749 0.7447 0.00665562
407.111 0.741103 0.00663101
407.473 0.729329 0.00647287
407.836 0.742809 0.00652289
408.198 0.741193 0.00647612
408.561 0.746423 0.00651762
408.923 0.743498 0.00651444
409.285 0.740837 0.00651478
409.647 0.745469 0.00659239
410.009 0.747189 0.00666241
410.372 0.743091 0.00663444
410.734 0.739884 0.00665339
411.096 0.738235 0.00663431
411.458 0.739396 0.00663792
411.82 0.73568 0.00657778
412.182 0.737556 0.00653618
412.544 0.741752 0.00656941
412.906 0.737191 0.00653759
413.267 0.743954 0.00659099
413.629 0.744341 0.0066446
413.991 0.740829 0.00666006
414.353 0.746721 0.00670491
414.714 0.746695 0.00677541
415.076 0.743422 0.00674376
415.438 0.737522 0.00670963
415.799 0.739485 0.00669175
416.161 0.739418 0.00675011
416.522 0.736603 0.00676498
416.884 0.734469 0.00675937
417.245 0.744096 0.00682863
417.607 0.738177 0.00678464
417.968 0.725456 0.00671835
418.329 0.735458 0.00675605
418.691 0.735001 0.00675171
419.052 0.736794 0.00675522
419.413 0.728512 0.00665671
419.774 0.725024 0.0066201
420.135 0.721148 0.0064554
420.497 0.724726 0.00636927
420.858 0.731161 0.00630923
421.219 0.738126 0.00636061
421.58 0.745414 0.00647343
421.941 0.745849 0.00658902
422.302 0.741141 0.00665629
422.662 0.737807 0.00666988
423.023 0.731563 0.0066709
423.384 0.732162 0.006696
423.745 0.731799 0.00665395
424.106 0.735916 0.00666888
424.466 0.735759 0.00665521
424.827 0.744489 0.00678699
425.187 0.74577 0.00687878
425.548 0.738246 0.00690866
425.909 0.729855 0.00690561
426.269 0.730023 0.00685771
426.63 0.728869 0.00680582
426.99 0.729437 0.00675259
427.35 0.733332 0.00680082
427.711 0.724388 0.00671131
428.071 0.719316 0.00663179
428.431 0.714112 0.00648151
428.792 0.714526 0.0062615
429.152 0.718489 0.00610624
429.512 0.733024 0.00615614
429.872 0.734117 0.00620348
430.232 0.745271 0.00636081
430.592 0.752383 0.00657244
430.952 0.7486 0.00674947
431.312 0.746365 0.00690705
431.672 0.731394 0.00691616
432.032 0.723304 0.0068568
432.392 0.72006 0.00674888
432.752 0.700099 0.0063273
433.111 0.716357 0.00625743
433.471 0.738228 0.00645163
433.831 0.748916 0.00675266
434.19 0.732504 0.00667913
434.55 0.729318 0.00666338
434.91 0.732737 0.0067569
435.269 0.720731 0.00660901
435.629 0.721384 0.00659744
435.988 0.723799 0.00658018
436.348 0.733638 0.00672607
436.707 0.735352 0.00683639
437.066 0.724116 0.00678026
437.426 0.718064 0.00667172
437.785 0.723635 0.00667878
438.144 0.72272 0.00666625
438.503 0.73336 0.00680374
438.862 0.72888 0.0067955
439.222 0.72839 0.00684742
439.581 0.724413 0.00685801
439.94 0.712855 0.00670777
440.299 0.704946 0.0064456
440.658 0.708835 0.00629884
441.017 0.724709 0.00637105
441.376 0.736135 0.00649601
441.734 0.730052 0.00653556
442.093 0.715865 0.00646892
442.452 0.713711 0.00641281
442.811 0.721312 0.00641853
443.169 0.718703 0.00640451
443.528 0.731199 0.00659393
443.887 0.721054 0.00655222
444.245 0.728172 0.00661332
444.604 0.725946 0.00665817
444.962 0.720137 0.00666303
445.321 0.716512 0.00665244
445.679 0.714877 0.00660993
446.038 0.723712 0.00662636
446.396 0.730316 0.00674823
446.754 0.727988 0.00682965
447.112 0.727804 0.00686332
447.471 0.724142 0.00685389
447.829 0.715755 0.00684972
448.187 0.71484 0.00683317
448.545 0.717085 0.00682295
448.903 0.715798 0.00683448
449.261 0.718 0.00686489
449.619 0.72328 0.00695534
449.977 0.724656 0.00699587
450.335 0.723656 0.00706763
450.693 0.722682 0.00708037
451.051 0.71471 0.00702726
451.409 0.721108 0.00708632
451.766 0.727044 0.0071245
452.124 0.726474 0.00722161
452.482 0.724178 0.00728162
452.839 0.722586 0.00735484
453.197 0.71203 0.00731381
453.555 0.718396 0.00737681
453.912 0.717007 0.00735032
454.27 0.706943 0.00718342
454.627 0.709285 0.00711029
454.984 0.720095 0.00718119
455.342 0.735641 0.00736957
455.699 0.724108 0.00739316
456.056 0.713642 0.00729597
456.414 0.709865 0.00721158
456.771 0.704574 0.00705328
457.128 0.707329 0.00704002
457.485 0.717397 0.00706536
457.842 0.723049 0.00713704
458.199 0.713244 0.00708028
458.556 0.714317 0.00701725
458.913 0.71281 0.00701013
459.27 0.712147 0.00696718
459.627 0.721492 0.00711477
459.984 0.709456 0.00700374
460.341 0.716203 0.00702791
460.697 0.715937 0.00711033
461.054 0.732084 0.00740186
461.411 0.730735 0.00754738
461.767 0.717138 0.007565
462.124 0.704156 0.00747748
462.481 0.707992 0.00740813
462.837 0.701298 0.00725859
463.194 0.7078 0.00713953
463.55 0.708185 0.00718739
463.907 0.698223 0.00694931
464.263 0.69408 0.00683327
464.619 0.706705 0.0067646
464.976 0.708514 0.00667946
465.332 0.716381 0.00671478
465.688 0.737529 0.00702224
466.044 0.72877 0.00723103
466.4 0.725026 0.00732465
466.756 0.713884 0.00731583
467.112 0.713256 0.00731256
467.468 0.717806 0.007325
467.824 0.720877 0.00741595
468.18 0.719218 0.00750416
468.536 0.709535 0.00745971
468.892 0.720083 0.00763484
469.248 0.720626 0.00767159
469.604 0.719096 0.00770954
469.959 0.711862 0.00766794
470.315 0.716747 0.00769006
470.671 0.706928 0.00762958
471.026 0.704485 0.00755211
471.382 0.704234 0.00747852
471.737 0.710152 0.00744946
472.093 0.706367 0.00731368
472.448 0.695414 0.00711744
472.804 0.705431 0.00710739
473.159 0.705054 0.00704716
473.514 0.714841 0.00713197
473.87 0.70119 0.0069629
474.225 0.687196 0.00669609
474.58 0.699156 0.00662094
474.935 0.714741 0.00675126
475.29 0.721175 0.00687302
475.645 0.705601 0.00680529
476 0.703735 0.00680504
476.355 0.708275 0.00688842
476.71 0.705075 0.00686881
477.065 0.687007 0.00658273
477.42 0.697567 0.00654565
477.775 0.70825 0.00660353
478.13 0.710551 0.00667374
478.485 0.708041 0.00661368
478.839 0.692912 0.00646436
479.194 0.690408 0.00628731
479.549 0.699739 0.00625203
479.903 0.712479 0.00632551
480.258 0.708802 0.00635882
480.612 0.693808 0.00620916
480.967 0.693945 0.0060662
481.321 0.710277 0.00615683
481.675 0.714485 0.00629401
482.03 0.716532 0.0064142
482.384 0.703125 0.0063806
482.738 0.697472 0.0062943
483.093 0.697759 0.00624962
483.447 0.689153 0.00607606
483.801 0.682948 0.0058598
484.155 0.691979 0.00582314
484.509 0.583631 0.00465677
484.863 0.559794 0.00310851
485.217 0.663303 0.00307532
485.571 0.767904 0.00339441
485.925 0.898638 0.00467758
486.279 0.798979 0.00511434
486.632 0.715994 0.00523639
486.986 0.721776 0.00568318
487.34 0.723846 0.00607553
487.694 0.712406 0.00619558
488.047 0.69784 0.00616659
488.401 0.701988 0.00619274
488.754 0.704587 0.00624358
489.108 0.707477 0.00635847
489.461 0.709372 0.00639781
489.815 0.70311 0.00643595
490.168 0.694565 0.00632616
490.522 0.694347 0.00629826
490.875 0.701855 0.00634174
491.228 0.699378 0.00637407
491.581 0.694644 0.00630888
491.935 0.703285 0.00637147
492.288 0.702104 0.00639235
492.641 0.701169 0.00634279
492.994 0.695496 0.00631235
493.347 0.69165 0.00620746
493.7 0.697612 0.00623892
494.053 0.703257 0.00628554
494.406 0.70998 0.00641766
494.759 0.704586 0.00652359
495.111 0.680065 0.00620894
495.464 0.672702 0.00590422
495.817 0.69348 0.00588642
496.169 0.718649 0.00616044
496.522 0.726459 0.00647343
496.875 0.712767 0.00662628
497.227 0.703184 0.00664662
497.58 0.691676 0.00658051
497.932 0.695759 0.00652243
498.285 0.688862 0.00643077
498.637 0.679681 0.00622868
498.989 0.691707 0.00621358
499.342 0.701945 0.00630581
499.694 0.707249 0.00646952
500.046 0.697378 0.00647938
500.398 0.678869 0.00623628
500.751 0.689116 0.00622586
501.103 0.694898 0.00623199
501.455 0.69514 0.00624264
501.807 0.695657 0.00625434
502.159 0.696083 0.00625964
502.511 0.696271 0.00624494
502.862 0.698368 0.00628128
503.214 0.699628 0.00637288
503.566 0.703019 0.00651779
503.918 0.691096 0.00653221
504.27 0.693243 0.00653542
504.621 0.699693 0.00658177
504.973 0.698828 0.00661482
505.324 0.685641 0.00650979
505.676 0.681752 0.0063782
506.027 0.700154 0.00648116
506.379 0.714699 0.00676635
506.73 0.694731 0.00677288
507.082 0.685867 0.00668177
507.433 0.682211 0.00654051
507.784 0.694416 0.00654359
508.136 0.700792 0.00668826
508.487 0.704734 0.00677588
508.838 0.693299 0.0067837
509.189 0.687401 0.00674736
509.54 0.684972 0.00664539
509.891 0.696055 0.00677644
510.242 0.697911 0.00679303
510.593 0.695896 0.00682638
510.944 0.692464 0.00684759
511.295 0.704039 0.00704838
511.646 0.701711 0.00711464
511.996 0.684212 0.006953
512.347 0.6779 0.00686879
512.698 0.696328 0.00698453
513.049 0.694255 0.00701709
513.399 0.695336 0.00705512
513.75 0.692571 0.00702003
514.1 0.703865 0.00721131
514.451 0.703061 0.00735707
514.801 0.688231 0.00724709
515.152 0.685833 0.00717051
515.502 0.685068 0.00705543
515.852 0.691148 0.00704864
516.202 0.695786 0.00706277
516.553 0.710166 0.00723969
516.903 0.69579 0.00727533
517.253 0.697589 0.00739463
517.603 0.690965 0.00735809
517.953 0.684246 0.00728665
518.303 0.680976 0.0070986
518.653 0.692444 0.00709947
519.003 0.702212 0.00720428
519.353 0.703691 0.00746982
519.703 0.697131 0.00759259
520.052 0.686435 0.00757275
520.402 0.685622 0.00752658
520.752 0.692474 0.00747752
521.102 0.707551 0.00768099
521.451 0.698969 0.00768862
521.801 0.69537 0.00764687
522.15 0.680609 0.00743989
522.5 0.693743 0.00749915
522.849 0.690705 0.0074592
523.199 0.689262 0.00738103
523.548 0.686921 0.00729764
523.897 0.701383 0.00745932
524.246 0.700498 0.00757869
524.596 0.695365 0.00765775
524.945 0.684362 0.00755263
525.294 0.688743 0.00757589
525.643 0.69602 0.00759883
525.992 0.690967 0.00755827
526.341 0.692568 0.00751983
526.69 0.693397 0.00758356
527.039 0.695621 0.00766974
527.388 0.687954 0.00768071
527.737 0.670976 0.00735455
528.086 0.674758 0.0071039
528.434 0.690987 0.00705726
528.783 0.710726 0.00735293
529.132 0.700302 0.00743774
529.48 0.699057 0.00752674
529.829 0.691432 0.00752682
530.177 0.698635 0.00764358
530.526 0.689153 0.00761019
530.874 0.682255 0.00749982
531.223 0.68312 0.00749373
531.571 0.695002 0.00762372
531.919 0.682727 0.00748184
532.268 0.666978 0.00716921
532.616 0.674956 0.00698143
532.964 0.687541 0.00694169
533.312 0.690876 0.00696211
533.66 0.692375 0.00700111
534.008 0.687024 0.00695813
534.356 0.690571 0.00698068
534.704 0.693474 0.00705891
535.052 0.695453 0.00716405
535.4 0.695666 0.0073166
535.748 0.696774 0.00749676
536.095 0.695874 0.00768174
536.443 0.677341 0.0075882
536.791 0.66782 0.00737532
537.139 0.675671 0.00724774
537.486 0.678093 0.00709279
537.834 0.690731 0.00712065
538.181 0.686793 0.00705956
538.529 0.690424 0.00711807
538.876 0.68503 0.00707183
539.223 0.696356 0.00725061
539.571 0.694419 0.00739541
539.918 0.68272 0.00730686
540.265 0.672939 0.00711131
540.613 0.680727 0.00702934
540.96 0.693884 0.00718481
541.307 0.683104 0.00714179
541.654 0.681475 0.00713148
542.001 0.690752 0.00720221
542.348 0.684252 0.0071669
542.695 0.68449 0.00717721
543.042 0.681628 0.00705228
543.388 0.677799 0.00694351
543.735 0.683743 0.0069642
544.082 0.687029 0.00697029
544.429 0.693461 0.00703508
544.775 0.695003 0.00719799
545.122 0.70098 0.0074432
545.469 0.682355 0.00746372
545.815 0.672117 0.00736465
546.162 0.677957 0.00733772
546.508 0.674226 0.00716726
546.854 0.66844 0.00687194
547.201 0.666642 0.00661142
547.547 0.69074 0.00671037
547.893 0.701565 0.00691458
548.24 0.710925 0.00733334
548.586 0.693794 0.00754571
548.932 0.687569 0.00762353
549.278 0.672577 0.00754531
549.624 0.682623 0.00756085
549.97 0.690186 0.00767377
550.316 0.686478 0.00780592
550.662 0.684188 0.00787308
551.008 0.654069 0.00729956
551.353 0.66179 0.00695023
551.699 0.685439 0.00691686
552.045 0.704946 0.00720349
552.391 0.682042 0.00723235
552.736 0.678317 0.0072455
553.082 0.673373 0.00722964
553.427 0.690735 0.00745168
553.773 0.695007 0.00772216
554.118 0.670168 0.00758339
554.464 0.663539 0.00735217
554.809 0.663136 0.00705803
555.154 0.685745 0.00708067
555.5 0.688764 0.00711232
555.845 0.69927 0.007445
556.19 0.692514 0.00760997
556.535 0.680142 0.00771105
556.88 0.670013 0.00752999
557.225 0.680689 0.00756162
557.57 0.689425 0.00775849
557.915 0.694766 0.00799964
558.26 0.681574 0.00802098
558.605 0.680305 0.00798508
558.95 0.667673 0.00773617
559.295 0.661176 0.00728789
559.639 0.672238 0.00707202
559.984 0.672126 0.00680117
560.329 0.681808 0.00682468
560.673 0.685547 0.00686712
561.018 0.691722 0.00710041
561.362 0.687703 0.00726848
561.707 0.674937 0.00738121
562.051 0.673226 0.00728199
562.395 0.661647 0.00712374
562.74 0.676895 0.00706238
563.084 0.677771 0.00697962
563.428 0.677226 0.00683113
563.772 0.683002 0.00689199
564.117 0.671328 0.00678287
564.461 0.678907 0.00679947
564.805 0.677729 0.00685274
565.149 0.677752 0.00682126
565.493 0.678139 0.00683366
565.836 0.66923 0.00665821
566.18 0.666763 0.0065488
566.524 0.653242 0.00604461
566.868 0.675043 0.00597989
567.212 0.681137 0.00590458
567.555 0.669222 0.00577874
567.899 0.657803 0.00546377
568.242 0.665921 0.0052729
568.586 0.65156 0.00488085
568.929 0.656883 0.00458725
569.273 0.665348 0.00436488
569.616 0.684976 0.00443505
569.96 0.667156 0.00428856
570.303 0.664182 0.00414603
570.646 0.674671 0.00412674
570.989 0.664574 0.00396889
571.333 0.683615 0.00407546
571.676 0.694312 0.00426074
572.019 0.681912 0.0045659
572.362 0.628129 0.0041348
572.705 0.638937 0.00387062
573.048 0.668166 0.00376756
573.391 0.664765 0.00363533
573.733 0.671656 0.00360336
574.076 0.674058 0.0035699
574.419 0.693197 0.00373056
574.762 0.682809 0.00389978
575.104 0.688219 0.00419104
575.447 0.632117 0.00396235
575.789 0.635732 0.00373509
576.132 0.666243 0.00361229
576.474 0.662521 0.00356187
576.817 0.652536 0.00327003
577.159 0.671655 0.00313677
577.501 0.71345 0.00325841
577.844 0.716081 0.00349379
578.186 0.69207 0.00385262
578.528 0.645113 0.00387155
578.87 0.651379 0.00390728
579.212 0.641224 0.0037474
579.554 0.671831 0.00371323
579.896 0.670199 0.00373131
580.238 0.634039 0.00342004
580.58 0.6524 0.0030481
580.922 0.707407 0.00305043
581.264 0.766135 0.00317445
581.606 0.720889 0.00321487
581.947 0.697228 0.003356
582.289 0.68782 0.00370325
582.631 0.666195 0.00404258
582.972 0.644746 0.00424367
583.314 0.642186 0.00418854
583.655 0.639293 0.00403993
583.997 0.634739 0.00367453
584.338 0.658569 0.00348128
584.679 0.671378 0.00337246
585.021 0.704679 0.00355006
585.362 0.686419 0.00376479
585.703 0.677703 0.00402354
586.044 0.628025 0.0038877
586.385 0.637691 0.00370699
586.726 0.654971 0.00358817
587.067 0.699879 0.00385471
587.408 0.680504 0.00401892
587.749 0.669717 0.00417597
588.09 0.66465 0.00433355
588.431 0.678091 0.00463788
588.772 0.654633 0.00473936
589.113 0.644598 0.00462169
589.453 0.660791 0.004654
589.794 0.680922 0.00488615
590.134 0.677959 0.00513565
590.475 0.660779 0.005188
590.815 0.651877 0.00510526
591.156 0.667789 0.00517455
591.496 0.633254 0.00488536
591.837 0.623378 0.00416988
592.177 0.647247 0.00385977
592.517 0.686028 0.00380446
592.857 0.698982 0.00404891
593.198 0.688611 0.00427583
593.538 0.678787 0.00468309
593.878 0.64542 0.00471247
594.218 0.628321 0.00449964
594.558 0.660732 0.00444272
594.898 0.685751 0.00465353
595.237 0.693603 0.00497025
595.577 0.672589 0.00521054
595.917 0.657382 0.00540857
596.257 0.639679 0.0051117
596.596 0.645046 0.00500409
596.936 0.681697 0.00505891
597.276 0.677883 0.00524195
597.615 0.649523 0.00504017
597.955 0.618325 0.00432505
598.294 0.666536 0.00421302
598.633 0.688808 0.00429702
598.973 0.680723 0.00443275
599.312 0.65254 0.00432678
599.651 0.670902 0.00442201
599.991 0.668005 0.00450883
600.33 0.665605 0.00457026
600.669 0.665165 0.0046997
601.008 0.674892 0.00489758
601.347 0.655026 0.00498939
601.686 0.644958 0.0048063
602.025 0.659979 0.00489439
602.364 0.647951 0.00460796
602.702 0.662375 0.00459213
603.041 0.674737 0.00466548
603.38 0.68302 0.00491856
603.719 0.675386 0.0051138
604.057 0.652174 0.00516638
604.396 0.64798 0.00514161
604.734 0.628106 0.00483476
605.073 0.658899 0.00458117
605.411 0.677808 0.00469154
605.75 0.691229 0.00491073
606.088 0.66679 0.00507561
606.426 0.646262 0.00487437
606.764 0.657202 0.00484789
607.103 0.685469 0.00510795
607.441 0.667603 0.00521492
607.779 0.654535 0.00528881
608.117 0.658149 0.00526712
608.455 0.676402 0.00556614
608.793 0.641235 0.00547177
609.131 0.634981 0.00507988
609.469 0.665319 0.00507435
609.806 0.689857 0.00523655
610.144 0.681785 0.00561465
610.482 0.646519 0.00552431
610.819 0.663093 0.00558242
611.157 0.663824 0.00561489
611.495 0.671149 0.00584366
611.832 0.654547 0.00578818
612.17 0.649966 0.00572592
612.507 0.661261 0.00571097
612.844 0.663355 0.00578009
613.182 0.660571 0.00578127
613.519 0.658919 0.00573848
613.856 0.664017 0.00574563
614.193 0.645262 0.00559248
614.53 0.655802 0.0055205
614.867 0.677388 0.00560455
615.205 0.679197 0.00589304
615.541 0.672408 0.00607541
615.878 0.646732 0.00621127
616.215 0.646041 0.00614458
616.552 0.654903 0.00624979
616.889 0.650181 0.00608426
617.226 0.668355 0.00610543
617.562 0.681509 0.00636121
617.899 0.675872 0.00671742
618.235 0.663897 0.00700066
618.572 0.643694 0.0071487
618.908 0.63949 0.00687808
619.245 0.650779 0.00665534
619.581 0.668111 0.00662516
619.918 0.716099 0.00742878
620.254 0.688187 0.00821532
620.59 0.624644 0.00794468
620.926 0.625879 0.00741494
621.262 0.654084 0.00715915
621.599 0.687851 0.00737499
621.935 0.656829 0.00711606
622.271 0.657264 0.00685151
622.606 0.668035 0.00675817
622.942 0.688701 0.00703203
623.278 0.660846 0.00708914
623.614 0.638437 0.00664042
623.95 0.665497 0.00675254
624.285 0.671859 0.00691121
624.621 0.673767 0.00729702
624.957 0.659204 0.00744222
625.292 0.664701 0.00769917
625.628 0.668472 0.00795458
625.963 0.650279 0.00789768
626.299 0.652328 0.00774725
626.634 0.661649 0.00767999
626.969 0.677598 0.00791575
627.304 0.692155 0.008672
627.64 0.665099 0.00911809
627.975 0.638844 0.0087575
628.31 0.627161 0.00820196
628.645 0.67807 0.00833329
628.98 0.676521 0.00850667
629.315 0.676464 0.00866933
629.65 0.665465 0.00866718
629.985 0.665985 0.00864618
630.319 0.675918 0.00909134
630.654 0.652534 0.00903448
630.989 0.663819 0.00906762
631.323 0.668086 0.0092543
631.658 0.686673 0.0097645
631.993 0.667994 0.0100478
632.327 0.65164 0.00996186
632.662 0.656556 0.0099452
632.996 0.654119 0.00970655
633.33 0.654981 0.00956916
633.665 0.678533 0.0100808
633.999 0.672855 0.0103435
634.333 0.662359 0.0102604
634.667 0.65946 0.0102734
635.001 0.658885 0.0100187
635.335 0.652504 0.00959068
635.669 0.664973 0.00932258
636.003 0.687898 0.00961395
636.337 0.694592 0.0101435
636.671 0.674253 0.0105159
637.005 0.663812 0.0107176
637.339 0.648919 0.0105498
637.672 0.654162 0.0102056
638.006 0.67085 0.0100696
638.339 0.683883 0.0103152
638.673 0.682343 0.0106316
639.006 0.67477 0.0109045
639.34 0.668142 0.0108448
639.673 0.669581 0.0110114
640.007 0.671169 0.0109968
640.34 0.668903 0.0111697
640.673 0.669541 0.0112602
641.006 0.670226 0.0114315
641.34 0.674953 0.0115967
641.673 0.678462 0.0119044
642.006 0.664348 0.0119829
642.339 0.66511 0.0117778
642.672 0.67561 0.0117974
643.004 0.676278 0.0118706
643.337 0.692478 0.0123989
643.67 0.659312 0.012095
644.003 0.670915 0.0120814
644.336 0.676829 0.0120837
644.668 0.659916 0.0119104
645.001 0.677197 0.0122739
645.333 0.690604 0.0126996
645.666 0.680964 0.0128709
645.998 0.67037 0.0130619
646.331 0.669852 0.0132553
646.663 0.667758 0.0130984
646.995 0.640324 0.0120443
647.327 0.646957 0.0111179
647.66 0.675855 0.0107416
647.992 0.679713 0.0106077
648.324 0.681859 0.0105852
648.656 0.684445 0.0107527
648.988 0.687209 0.0112033
649.32 0.689672 0.0120055
649.652 0.667293 0.0123631
649.983 0.651716 0.0124811
650.315 0.659805 0.0126392
650.647 0.642667 0.0121878
650.979 0.64169 0.011623
651.31 0.653358 0.0112771
651.642 0.677645 0.011227
651.973 0.676388 0.0112091
652.305 0.673972 0.0111466
652.636 0.675652 0.0113151
652.967 0.658042 0.011419
653.299 0.659797 0.0117008
653.63 0.62986 0.011303
653.961 0.622686 0.0104401
654.292 0.520118 0.00732364
654.623 0.382314 0.00227585
654.955 0.89975 0.00342726
655.286 0.899695 0.00342705
655.616 0.899639 0.00342684
655.947 0.899582 0.00342662
656.278 0.899524 0.0034264
656.609 0.449422 0.00253449
656.94 0.389795 0.00312338
657.27 0.352236 0.00348091
657.601 0.370135 0.00411557
657.932 0.422641 0.00526019
658.262 0.487415 0.00688127
658.593 0.550112 0.00876933
658.923 0.594688 0.0106611
659.254 0.624223 0.0120654
659.584 0.646824 0.0130401
659.914 0.652444 0.0137145
660.244 0.656064 0.0140959
660.575 0.645677 0.0138816
660.905 0.676797 0.0142334
661.235 0.674258 0.0140078
661.565 0.683001 0.0139969
661.895 0.669265 0.0137763
662.225 0.679019 0.0140949
662.555 0.675938 0.0142582
662.884 0.651142 0.0138378
663.214 0.673924 0.0138836
663.544 0.689395 0.013896
663.873 0.670318 0.0134993
664.203 0.685678 0.0135045
664.533 0.656949 0.0128605
664.862 0.680532 0.0129982
665.192 0.693037 0.0134944
665.521 0.686944 0.0141643
665.85 0.673734 0.0144442
666.18 0.676061 0.0150652
666.509 0.659756 0.014794
666.838 0.666252 0.0145151
667.167 0.674633 0.0144185
667.496 0.691457 0.0148488
667.825 0.68914 0.0148985
668.154 0.683023 0.0148075
668.483 0.67992 0.0146735
668.812 0.690825 0.014515
669.141 0.685223 0.0143119
669.47 0.694274 0.0142288
669.798 0.70584 0.0144936
670.127 0.673662 0.0141727
670.456 0.637445 0.0130068
670.784 0.641118 0.0117004
671.113 0.648208 0.0107995
671.441 0.680857 0.0105762
671.77 0.698327 0.0108889
672.098 0.695578 0.011295
672.426 0.706703 0.0126575
672.755 0.653375 0.0129405
673.083 0.642207 0.0130107
673.411 0.656399 0.0131275
673.739 0.662013 0.0133764
674.067 0.680757 0.0142808
674.395 0.670317 0.0141693
674.723 0.646328 0.0135512
675.051 0.676385 0.0136621
675.379 0.668718 0.0135733
675.706 0.677675 0.0138141
676.034 0.678954 0.0141392
676.362 0.66436 0.0140538
676.689 0.634979 0.0129061
677.017 0.657636 0.0122719
677.344 0.67176 0.0119145
677.672 0.697561 0.0123492
677.999 0.669477 0.0122454
678.327 0.652022 0.0118438
678.654 0.662165 0.0114162
678.981 0.664784 0.0110946
679.308 0.678709 0.0112996
679.636 0.690408 0.0119293
679.963 0.687854 0.0125032
680.29 0.643595 0.0121271
680.617 0.652742 0.0119856
680.944 0.6559 0.0118363
681.271 0.692318 0.0125109
681.597 0.685376 0.0132898
681.924 0.684068 0.0141408
682.251 0.649071 0.0137202
682.578 0.651042 0.0130189
682.904 0.653258 0.0121687
683.231 0.657411 0.0117217
683.557 0.66943 0.0115635
683.884 0.66074 0.0111605
684.21 0.668291 0.0109613
684.536 0.665747 0.0105828
684.863 0.671224 0.0104666
685.189 0.675465 0.0106768
685.515 0.685796 0.0113404
685.841 0.660103 0.0114903
686.167 0.647004 0.011387
686.493 0.660505 0.0113677
686.819 0.67321 0.0115417
687.145 0.677833 0.0120869
687.471 0.678414 0.0130035
687.797 0.641921 0.0130733
688.123 0.648232 0.0130575
688.448 0.641031 0.0125588
688.774 0.655148 0.0123148
689.1 0.684953 0.012805
689.425 0.689425 0.0133857
689.751 0.659715 0.013306
690.076 0.640899 0.0123845
690.402 0.652049 0.0116709
690.727 0.677787 0.0115317
691.052 0.6993 0.0120204
691.377 0.66634 0.0120859
691.703 0.682807 0.012544
692.028 0.650242 0.0122482
692.353 0.661049 0.0120885
692.678 0.666757 0.0122339
693.003 0.69816 0.0129946
693.328 0.690592 0.0138781
693.652 0.660609 0.0141863
693.977 0.627002 0.0134905
694.302 0.633872 0.0127897
694.627 0.68028 0.0130644
694.951 0.687109 0.013602
695.276 0.700878 0.0150598
695.6 0.649485 0.0147409
695.925 0.614067 0.0125798
696.249 0.648314 0.0113975
696.574 0.683647 0.0110921
696.898 0.719382 0.0118963
697.222 0.688525 0.0123017
697.546 0.663708 0.0125639
697.871 0.652507 0.0127199
698.195 0.671394 0.0129972
698.519 0.667439 0.0132868
698.843 0.674577 0.0137399
699.167 0.670281 0.0142108
699.491 0.6643 0.0146861
699.814 0.646386 0.0146038
700.138 0.657449 0.0147732
700.462 0.687379 0.0153555
700.786 0.668033 0.0149369
701.109 0.645133 0.0143168
701.433 0.667418 0.0140577
701.756 0.675529 0.0136379
702.08 0.67983 0.0136825
702.403 0.689983 0.014065
702.726 0.671975 0.0144693
703.05 0.66897 0.0147893
703.373 0.666069 0.0149292
703.696 0.672312 0.0150117
704.019 0.699289 0.0158441
704.342 0.674017 0.0161225
704.665 0.689284 0.0169772
704.988 0.668314 0.0166077
705.311 0.648751 0.0153573
705.634 0.63476 0.0136391
705.957 0.664576 0.0126396
706.28 0.660277 0.0116712
706.602 0.693138 0.0118341
706.925 0.685546 0.0120166
707.247 0.683502 0.0124768
707.57 0.668956 0.0128301
707.892 0.669698 0.0132752
708.215 0.68044 0.0140352
708.537 0.654411 0.0141029
708.859 0.642298 0.0140517
709.182 0.654628 0.0140391
709.504 0.655181 0.0136753
709.826 0.680325 0.0137603
710.148 0.673259 0.0137439
710.47 0.679652 0.0142015
710.792 0.677837 0.0147066
711.114 0.682497 0.0152518
711.436 0.670909 0.0154582
711.758 0.653493 0.0150093
712.079 0.664692 0.0149644
712.401 0.668415 0.0142658
712.723 0.658045 0.0136408
713.044 0.646421 0.0127374
713.366 0.681257 0.0129305
713.687 0.692783 0.0131454
714.009 0.671367 0.0132918
714.33 0.666792 0.0135434
714.652 0.66757 0.0139364
714.973 0.690652 0.0146665
715.294 0.667164 0.0151563
715.615 0.682497 0.0163097
715.936 0.649803 0.0161477
716.257 0.655741 0.0163774
716.578 0.682296 0.0168179
716.899 0.663174 0.016211
717.22 0.672162 0.0152676
717.541 0.66984 0.0148327
717.862 0.69288 0.015035
718.182 0.667153 0.0147241
718.503 0.668331 0.0144168
718.824 0.683423 0.0147863
719.144 0.696925 0.0151704
719.465 0.670003 0.0152142
719.785 0.660794 0.0147976
720.105 0.665511 0.0146552
720.426 0.659765 0.0144108
720.746 0.690831 0.0149964
721.066 0.658854 0.0146716
721.386 0.660561 0.0148411
721.706 0.658086 0.0152441
722.026 0.673887 0.0158353
722.346 0.670487 0.0159267
722.666 0.661275 0.01561
722.986 0.670638 0.0153301
723.306 0.655194 0.0152709
723.626 0.684629 0.0159197
723.946 0.663511 0.0156409
724.265 0.642279 0.0145659
724.585 0.654926 0.0139331
724.904 0.675396 0.014044
725.224 0.674862 0.0140759
725.543 0.67734 0.0140988
725.863 0.672994 0.0141882
726.182 0.690315 0.014953
726.501 0.648742 0.0147241
726.82 0.669836 0.01506
727.14 0.654938 0.0143149
727.459 0.663348 0.0139719
727.778 0.663949 0.0138953
728.097 0.666259 0.0141098
728.416 0.653552 0.0138166
728.734 0.647221 0.0133124
729.053 0.66924 0.0134043
729.372 0.658134 0.0132651
729.691 0.646428 0.0128154
730.009 0.653802 0.0122686
730.328 0.656204 0.0119295
730.647 0.682067 0.0121762
730.965 0.673021 0.0125189
731.283 0.671992 0.0129793
731.602 0.637211 0.0127861
731.92 0.646043 0.0126456
732.238 0.63862 0.01227
732.557 0.665613 0.0124119
732.875 0.644931 0.0119213
733.193 0.636358 0.0111357
733.511 0.661433 0.0110935
733.829 0.676999 0.0115599
734.147 0.677966 0.012329
734.465 0.652526 0.0126457
734.782 0.64312 0.0125428
735.1 0.632228 0.0120878
735.418 0.657213 0.0123142
735.735 0.653581 0.0123171
736.053 0.65552 0.0121986
736.371 0.655447 0.012324
736.688 0.665041 0.0128662
737.005 0.66858 0.0136863
737.323 0.660492 0.0141235
737.64 0.637737 0.0138939
737.957 0.618063 0.012968
738.274 0.630192 0.0120186
738.592 0.66252 0.0120231
738.909 0.679647 0.0124843
739.226 0.672729 0.0135282
739.543 0.666036 0.0145095
739.86 0.660643 0.0152907
740.176 0.659281 0.0156716
740.493 0.663418 0.0161954
740.81 0.6445 0.0160131
741.127 0.634329 0.0157185
741.443 0.639134 0.0149499
741.76 0.66268 0.0147183
742.076 0.67714 0.0150097
742.393 0.690727 0.0159727
742.709 0.675139 0.0166656
743.025 0.669137 0.016897
743.342 0.650222 0.0165035
743.658 0.660675 0.0163154
743.974 0.669913 0.0159747
744.29 0.673108 0.0159965
744.606 0.673604 0.0161734
744.922 0.652965 0.0159522
745.238 0.656832 0.016048
745.554 0.65776 0.0164479
745.87 0.671573 0.0167947
746.186 0.643685 0.0157649
746.501 0.652337 0.0152866
746.817 0.688931 0.0159598
747.132 0.684345 0.0170739
747.448 0.659903 0.017425
747.763 0.645712 0.0169791
748.079 0.627166 0.0160372
748.394 0.663078 0.0153723
748.71 0.633197 0.0139851
749.025 0.647941 0.0133195
749.34 0.668204 0.0133503
749.655 0.667288 0.013633
749.97 0.670696 0.0141598
750.285 0.630229 0.0137684
750.6 0.617163 0.0133337
750.915 0.630208 0.013139
751.23 0.650386 0.0136106
751.545 0.657532 0.0142475
751.859 0.646696 0.0146619
752.174 0.614722 0.0144617
752.489 0.618326 0.0137738
752.803 0.623982 0.0130061
753.118 0.650473 0.0131797
753.432 0.652555 0.0136436
753.747 0.649533 0.0141165
754.061 0.619044 0.0133142
754.375 0.608949 0.0126525
754.689 0.635924 0.0125272
755.004 0.647035 0.0126159
755.318 0.628926 0.0121669
755.632 0.617463 0.0114675
755.946 0.631576 0.0113883
756.26 0.614891 0.0107345
756.573 0.625166 0.010356
756.887 0.629921 0.0100788
757.201 0.637629 0.0103555
757.515 0.652883 0.0114784
757.828 0.621936 0.012015
758.142 0.595646 0.0117194
758.455 0.587277 0.0108071
758.769 0.604951 0.0103873
759.082 0.616833 0.0102035
759.396 0.618244 0.0100616
759.709 0.623621 0.0100269
760.022 0.632587 0.0101878
760.335 0.634607 0.0107404
760.648 0.623968 0.0114467
760.962 0.611421 0.0121623
761.275 0.595832 0.0126011
761.587 0.59113 0.0127146
761.9 0.611422 0.0129637
762.213 0.597567 0.0123975
762.526 0.60456 0.01202
762.839 0.615369 0.0120784
763.151 0.611991 0.0116973
763.464 0.605998 0.0110093
763.776 0.613281 0.0102875
764.089 0.635142 0.0102481
764.401 0.64169 0.0106668
764.714 0.635562 0.0112401
765.026 0.611918 0.0117719
765.338 0.613418 0.0125498
765.65 0.600658 0.0133664
765.962 0.57866 0.0137293
766.275 0.590302 0.0143628
766.587 0.594007 0.0144553
766.898 0.586731 0.0139054
767.21 0.600423 0.0132353
767.522 0.613656 0.0124147
767.834 0.632456 0.0121417
768.146 0.631142 0.0122167
768.457 0.651135 0.013167
768.769 0.622786 0.0135628
769.08 0.592088 0.013284
769.392 0.603463 0.0129261
769.703 0.598449 0.0122062
770.015 0.604706 0.0118017
770.326 0.63508 0.0121179
770.637 0.624508 0.0124512
770.948 0.623827 0.013353
771.26 0.585685 0.0137511
771.571 0.586089 0.0139066
771.882 0.592073 0.0136377
772.193 0.62081 0.0141063
772.504 0.61562 0.0143987
772.814 0.608112 0.0145962
773.125 0.619187 0.0150334
773.436 0.615149 0.0154147
773.747 0.608831 0.0156805
774.057 0.604382 0.0159574
774.368 0.632666 0.0165833
774.678 0.637375 0.0170788
774.989 0.620615 0.0171172
775.299 0.626428 0.0177759
775.609 0.61918 0.0174758
775.919 0.631393 0.0175025
776.23 0.640424 0.0176486
776.54 0.634855 0.0174229
776.85 0.644989 0.017746
777.16 0.610459 0.0167516
777.47 0.616725 0.0159626
777.78 0.617914 0.0152738
778.089 0.626687 0.0146087
778.399 0.619896 0.0144373
778.709 0.645598 0.0154133
779.019 0.65235 0.0165114
779.328 0.603777 0.0167442
779.638 0.583224 0.0162392
779.947 0.58063 0.0147704
780.257 0.588465 0.0135646
780.566 0.608933 0.0132821
780.875 0.6317 0.0138373
781.185 0.614933 0.0145183
781.494 0.58958 0.0144507
781.803 0.618173 0.0151923
782.112 0.59559 0.0151305
782.421 0.595737 0.0149335
782.73 0.583116 0.0143854
783.039 0.608574 0.0148826
783.348 0.62788 0.0163233
783.656 0.605592 0.0169118
783.965 0.608053 0.0172002
784.274 0.591414 0.0163188
784.582 0.608203 0.0160348
784.891 0.615904 0.0160409
785.199 0.61687 0.0162966
785.508 0.608388 0.01663
785.816 0.614458 0.0170166
786.124 0.613031 0.0166216
786.432 0.594367 0.0155629
786.741 0.613147 0.0152027
787.049 0.607171 0.0150391
787.357 0.607445 0.0152727
787.665 0.598032 0.0150626
787.973 0.622126 0.0155028
788.281 0.597764 0.0155126
788.588 0.609581 0.0164992
788.896 0.59599 0.0173288
789.204 0.604296 0.0181581
789.511 0.606185 0.0182357
789.819 0.608957 0.0186105
790.126 0.606747 0.0185844
790.434 0.615271 0.0187102
790.741 0.620455 0.0187415
791.049 0.620097 0.0187163
791.356 0.642195 0.019665
791.663 0.615494 0.0195992
791.97 0.621703 0.019749
792.277 0.604602 0.0191137
792.584 0.599296 0.0180262
792.891 0.597307 0.0159173
793.198 0.594009 0.0147345
793.505 0.622944 0.0147939
793.812 0.618579 0.0151589
794.119 0.578571 0.0149975
794.425 0.587254 0.0155584
794.732 0.598571 0.0164236
795.038 0.633762 0.0186704
795.345 0.614372 0.0197679
795.651 0.594978 0.0204964
795.958 0.598801 0.0206039
796.264 0.555401 0.0185168
796.57 0.605439 0.0186257
796.876 0.627254 0.0187955
797.183 0.626662 0.0191339
797.489 0.620328 0.0198184
797.795 0.638194 0.0202816
798.101 0.615281 0.0198261
798.406 0.634024 0.0202327
798.712 0.636734 0.0208748
799.018 0.648624 0.021398
799.324 0.612188 0.0208429
799.629 0.620553 0.0210795
799.935 0.634718 0.0214768
800.24 0.647594 0.0221062
800.546 0.646331 0.0220922
800.851 0.629277 0.0219972
801.157 0.654339 0.0233918
801.462 0.652407 0.0235838
801.767 0.650358 0.0236588
802.072 0.656366 0.0228458
802.377 0.647496 0.0218353
802.682 0.649328 0.0215139
802.987 0.658495 0.0222669
803.292 0.640273 0.022518
803.597 0.628465 0.0224993
803.902 0.64184 0.0226803
804.207 0.637631 0.0224643
804.511 0.636876 0.0221069
804.816 0.611574 0.0203546
805.12 0.595443 0.0187662
805.425 0.594102 0.0176556
805.729 0.60869 0.018011
806.034 0.614345 0.0187949
806.338 0.617436 0.0199159
806.642 0.604891 0.0202145
806.946 0.599255 0.0199166
807.251 0.620589 0.0204543
807.555 0.590499 0.0196348
807.859 0.605684 0.0197347
808.162 0.613891 0.0204445
808.466 0.621672 0.0212739
808.77 0.630365 0.0219897
809.074 0.630175 0.0227383
809.378 0.616088 0.0225219
809.681 0.616044 0.0223438
809.985 0.663324 0.0235604
810.288 0.661766 0.0237951
810.592 0.649023 0.0233882
810.895 0.658999 0.024127
811.198 0.648277 0.0249881
811.502 0.635565 0.0251017
811.805 0.697037 0.0270098
812.108 0.65713 0.0250312
812.411 0.678445 0.0246805
812.714 0.627094 0.0221086
813.017 0.630796 0.0209845
813.32 0.644626 0.0211818
813.623 0.644 0.0218403
813.926 0.664904 0.0237994
814.228 0.665217 0.0250781
814.531 0.667533 0.0259272
814.833 0.626145 0.0249176
815.136 0.635487 0.0252554
815.438 0.660831 0.0260479
815.741 0.634665 0.0244685
816.043 0.629483 0.024072
816.345 0.647764 0.0242549
816.648 0.670102 0.0248705
816.95 0.619215 0.0242746
817.252 0.660301 0.02563
817.554 0.671049 0.025893
817.856 0.66403 0.0263073
818.158 0.654893 0.0263526
818.46 0.707147 0.0280782
818.761 0.715173 0.0281342
819.063 0.676634 0.0268906
819.365 0.691095 0.0263736
819.666 0.64657 0.0242343
819.968 0.654802 0.0235835
820.269 0.653409 0.0233038
820.571 0.65794 0.0239976
820.872 0.656925 0.0248859
821.173 0.637175 0.0254825
821.475 0.703958 0.0278153
821.776 0.6739 0.0270741
822.077 0.679164 0.0270212
822.378 0.661513 0.0268539
822.679 0.685573 0.0277854
822.98 0.663812 0.0270869
823.281 0.711573 0.028954
823.581 0.709387 0.0286178
823.882 0.713578 0.0290695
824.183 0.72579 0.0290198
824.483 0.65736 0.0266358
824.784 0.676108 0.0259034
825.084 0.68805 0.0265996
825.385 0.713979 0.0274514
825.685 0.693574 0.0276381
825.985 0.665212 0.0268357
826.286 0.63842 0.0259287
826.586 0.663195 0.0259086
826.886 0.638922 0.0254773
827.186 0.684167 0.026751
827.486 0.698318 0.0279341
827.786 0.70509 0.0284969
828.086 0.6897 0.0279009
828.386 0.673047 0.0272019
828.685 0.666847 0.0269264
828.985 0.705995 0.0285335
829.285 0.671721 0.0280244
829.584 0.663493 0.0283023
829.884 0.685993 0.0292168
830.183 0.713284 0.0313454
830.482 0.701238 0.0307404
830.782 0.711451 0.031095
831.081 0.770895 0.0335931
831.38 0.754884 0.0321676
831.679 0.726299 0.0316243
831.978 0.778747 0.0327984
832.277 0.75063 0.0311631
832.576 0.682051 0.0291467
832.875 0.747851 0.0305017
833.174 0.689073 0.0290948
833.472 0.700598 0.029559
833.771 0.730685 0.0305978
834.07 0.718508 0.0296207
834.368 0.734755 0.0302468
834.667 0.682985 0.0299319
834.965 0.779882 0.032465
835.263 0.753176 0.0319473
835.562 0.764627 0.0322038
835.86 0.70868 0.0307171
836.158 0.745746 0.0318686
836.456 0.753833 0.032885
836.754 0.744359 0.0325863
837.052 0.800568 0.0348673
837.35 0.734615 0.0327526
837.648 0.78273 0.0342565
837.946 0.759786 0.0340383
838.243 0.757184 0.0339897
838.541 0.738032 0.0326755
838.839 0.80067 0.0340837
839.136 0.768233 0.0333159
839.434 0.741509 0.0325323
839.731 0.79733 0.0346426
840.028 0.730247 0.0323937
840.326 0.757488 0.0334072
840.623 0.751107 0.0332358
840.92 0.754154 0.0336237
841.217 0.772373 0.0349827
841.514 0.783305 0.0354263
841.811 0.772821 0.0340268
842.108 0.790555 0.0354267
842.405 0.785032 0.0355662
842.701 0.807506 0.036238
842.998 0.778488 0.0344855
843.295 0.797505 0.0356673
843.591 0.79691 0.0357319
843.888 0.797685 0.0353359
844.184 0.753036 0.0345317
844.481 0.733318 0.0335177
844.777 0.775635 0.03464
845.073 0.742819 0.0341549
845.369 0.811887 0.0360657
845.665 0.843281 0.0372936
845.962 0.788036 0.035344
846.258 0.79408 0.0361664
846.553 0.815598 0.0367063
846.849 0.783602 0.0360411
847.145 0.757286 0.0342793
847.441 0.78823 0.0351825
847.737 0.776963 0.0346406
848.032 0.824671 0.0363701
848.328 0.781764 0.0355741
848.623 0.782019 0.036055
848.919 0.79941 0.0356415
849.214 0.790965 0.0350482
849.509 0.767996 0.0350508
849.805 0.837856 0.0373448
850.1 0.858951 0.0386574
850.395 0.818462 0.0376103
850.69 0.836849 0.038295
850.985 0.809028 0.0363169
851.28 0.794534 0.0358408
851.575 0.800904 0.0364236
851.869 0.826241 0.0368689
852.164 0.769207 0.0350437
852.459 0.756714 0.0338045
852.753 0.753293 0.0332587
853.048 0.726178 0.0309604
853.342 0.757463 0.0314008
853.637 0.727947 0.031336
853.931 0.728887 0.0310198
854.225 0.731389 0.0309364
854.52 0.760977 0.0327318
854.814 0.744741 0.0324883
855.108 0.712244 0.0307407
855.402 0.696408 0.0309533
855.696 0.739324 0.0328057
855.99 0.766354 0.0339387
856.283 0.722075 0.0322207
856.577 0.797276 0.0346311
856.871 0.779689 0.0339763
857.164 0.77872 0.0343245
857.458 0.821235 0.0364199
857.751 0.776183 0.0347928
858.045 0.741055 0.0335839
858.338 0.753881 0.0344267
858.632 0.731258 0.03313
858.925 0.768341 0.0348509
859.218 0.764475 0.034615
859.511 0.825471 0.037475
859.804 0.811875 0.0367934
860.097 0.756426 0.0345739
860.39 0.825701 0.0371824
860.683 0.791412 0.036248
860.976 0.851039 0.0378899
861.268 0.814272 0.0364895
861.561 0.835105 0.0380124
861.854 0.907994 0.0408175
862.146 0.890624 0.0389894
862.439 0.834563 0.0375381
862.731 0.785531 0.0355269
863.023 0.80517 0.0371334
863.316 0.80871 0.0365435
863.608 0.827131 0.0371505
863.9 0.832912 0.0373038
864.192 0.75683 0.0347159
864.484 0.807682 0.0367212
864.776 0.849078 0.0379845
865.068 0.799077 0.036621
865.36 0.798694 0.0365165
865.651 0.824234 0.0380701
865.943 0.795011 0.0366981
866.235 0.818628 0.0374279
866.526 0.915056 0.0406375
866.818 0.804971 0.0368362
867.109 0.819691 0.0369437
867.4 0.867738 0.0387425
867.692 0.815722 0.0377686
867.983 0.809747 0.0372657
868.274 0.881566 0.0393709
868.565 0.8106 0.0372714
868.856 0.79709 0.0372013
869.147 0.816295 0.0375448
869.438 0.807523 0.0372419
869.729 0.837936 0.0381638
870.02 0.908508 0.0413052
870.31 0.845719 0.0386093
870.601 0.826864 0.0376263
870.892 0.759037 0.03568
871.182 0.835732 0.0372816
871.473 0.843402 0.0382665
871.763 0.779028 0.0358953
872.053 0.824394 0.0373607
872.343 0.85394 0.0379657
872.634 0.838961 0.0380095
872.924 0.760406 0.0354672
873.214 0.836827 0.0379682
873.504 0.867477 0.0391762
873.794 0.926122 0.0414901
874.084 0.895613 0.0406832
874.373 0.862061 0.0389094
874.663 0.812224 0.0368736
874.953 0.863103 0.0392754
875.242 0.876039 0.0390358
875.532 0.820452 0.0374667
875.821 0.832155 0.0379675
876.111 0.82926 0.0377577
876.4 0.79913 0.037529
876.689 0.853185 0.0385198
876.978 0.818746 0.0377483
877.268 0.830094 0.0380765
877.557 0.81487 0.0381611
877.846 0.884973 0.0396355
878.134 0.867779 0.0396048
878.423 0.867938 0.0396121
878.712 0.868098 0.0396194
