178.41 0.531191 0.112739
178.791 0.534555 0.113453
179.172 0.537894 0.114162
179.553 0.541209 0.541209
179.934 0.544501 0.544501
180.316 0.547777 0.547777
180.697 0.551021 0.551021
181.078 0.554242 0.554242
181.459 0.557439 0.557439
181.84 0.560612 0.560612
182.221 0.563763 0.563763
182.602 0.56689 0.56689
182.983 0.569994 0.34186
183.364 0.573075 0.134331
183.744 0.576125 0.0850374
184.125 0.57916 0.0739601
184.506 0.582173 0.0607452
184.887 0.585163 0.0543076
185.268 0.58813 0.0468723
185.648 0.591067 0.0454869
186.029 0.59399 0.0434939
186.41 0.596891 0.0424599
186.791 0.599769 0.0409039
187.171 0.602618 0.0350697
187.552 0.605453 0.0285998
187.932 0.608258 0.0291889
188.313 0.611049 0.0273245
188.694 0.613818 0.0273707
189.074 0.616559 0.0264474
189.455 0.619285 0.0257702
189.835 0.621983 0.0265555
190.216 0.624667 0.0259115
190.596 0.627323 0.0248504
190.977 0.629964 0.0247092
191.357 0.632578 0.0248335
191.737 0.635171 0.0245735
192.118 0.63775 0.0245026
192.498 0.640302 0.0237899
192.878 0.642833 0.0240203
193.258 0.645344 0.0236518
193.639 0.647841 0.0234036
194.019 0.650312 0.0236549
194.399 0.652762 0.0234949
194.779 0.655192 0.0225953
195.159 0.657603 0.0232929
195.54 0.659999 0.0226361
195.92 0.66237 0.0227437
196.3 0.664721 0.022454
196.68 0.667053 0.0226056
197.06 0.669365 0.0225096
197.44 0.671658 0.0223317
197.82 0.673932 0.0221938
198.2 0.676187 0.0222205
198.58 0.678422 0.0216697
198.959 0.680633 0.0216658
199.339 0.682831 0.0217949
199.719 0.68501 0.0214115
200.099 0.687171 0.0214968
200.479 0.689313 0.0214693
200.858 0.69143 0.0211853
201.238 0.693536 0.020886
201.618 0.695622 0.0211522
201.998 0.697691 0.0206764
202.377 0.699736 0.0207063
202.757 0.701769 0.020464
203.136 0.703779 0.0203603
203.516 0.705776 0.0200856
203.896 0.707755 0.019866
204.275 0.709712 0.019501
204.655 0.711656 0.0195647
205.034 0.713578 0.0193608
205.414 0.715488 0.019144
205.793 0.717375 0.0189974
206.172 0.719246 0.0190395
206.552 0.721104 0.018739
206.931 0.722941 0.0184752
207.31 0.724761 0.0182992
207.69 0.726569 0.0181756
208.069 0.728356 0.0179571
208.448 0.730126 0.0177524
208.827 0.73188 0.0176716
209.207 0.733622 0.0176464
209.586 0.735344 0.0172049
209.965 0.737049 0.0171703
210.344 0.738739 0.0169393
210.723 0.740412 0.0167501
211.102 0.74207 0.0164788
211.481 0.743712 0.0164099
211.86 0.745339 0.0162644
212.239 0.74695 0.0161174
212.618 0.748545 0.0159014
212.997 0.750126 0.0156585
213.376 0.751691 0.0156188
213.755 0.753241 0.0154153
214.134 0.754776 0.015222
214.513 0.756296 0.0149907
214.891 0.757797 0.0149053
215.27 0.759288 0.0146395
215.649 0.760764 0.0145332
216.028 0.762225 0.014296
216.406 0.763668 0.0141604
216.785 0.765101 0.013943
217.164 0.766519 0.0138163
217.542 0.76792 0.0135389
217.921 0.76931 0.0133777
218.3 0.770686 0.0133422
218.678 0.772045 0.0131439
219.057 0.773394 0.0129212
219.435 0.774725 0.0127198
219.814 0.776047 0.0126368
220.192 0.777351 0.0124435
220.57 0.778642 0.0123079
220.949 0.779923 0.0121113
221.327 0.781188 0.0119196
221.705 0.78244 0.011807
222.084 0.783682 0.01156
222.462 0.784908 0.0114312
222.84 0.786121 0.0113456
223.218 0.787321 0.0110715
223.597 0.788512 0.010968
223.975 0.789688 0.0107785
224.353 0.79085 0.010668
224.731 0.792001 0.0105037
225.109 0.79314 0.0102989
225.487 0.794266 0.0101597
225.865 0.79538 0.0100114
226.243 0.796483 0.00989113
226.621 0.797574 0.00976754
226.999 0.798653 0.00957392
227.377 0.79972 0.0094873
227.755 0.800776 0.0093697
228.133 0.80182 0.00925673
228.511 0.802853 0.00915245
228.889 0.803875 0.00898315
229.266 0.804883 0.00890348
229.644 0.805883 0.00873362
230.022 0.806871 0.00862585
230.4 0.807849 0.00854973
230.777 0.808814 0.00847343
231.155 0.80977 0.00836823
231.533 0.810716 0.00825457
231.91 0.811649 0.00814751
232.288 0.812574 0.00807491
232.665 0.813486 0.00797543
233.043 0.814391 0.00790453
233.42 0.815283 0.00780196
233.798 0.816167 0.00774911
234.175 0.817039 0.00765226
234.553 0.817904 0.00757479
234.93 0.818757 0.00750283
235.307 0.8196 0.00744588
235.685 0.820436 0.00738886
236.062 0.82126 0.00730619
236.439 0.822075 0.00727366
236.816 0.822881 0.00718823
237.194 0.823679 0.00711558
237.571 0.824467 0.00705699
237.948 0.825245 0.00702302
238.325 0.826015 0.00694853
238.702 0.826776 0.00691069
239.079 0.827529 0.00684523
239.456 0.828273 0.00680256
239.833 0.829008 0.00676169
240.21 0.829735 0.00670217
240.587 0.830454 0.00667402
240.964 0.831164 0.0066224
241.341 0.831867 0.00656922
241.718 0.832561 0.00650976
242.095 0.833248 0.00651049
242.472 0.833927 0.00646151
242.849 0.834598 0.00641586
243.225 0.83526 0.00636245
243.602 0.835916 0.00633289
243.979 0.836564 0.00631346
244.356 0.837206 0.00628996
244.732 0.837838 0.00622825
245.109 0.838465 0.00618696
245.486 0.839085 0.00618063
245.862 0.839696 0.00615235
246.239 0.840302 0.00609183
246.615 0.8409 0.00608295
246.992 0.841493 0.00604053
247.368 0.842077 0.00604258
247.745 0.842657 0.0059937
248.121 0.843228 0.00595486
248.497 0.843794 0.00594723
248.874 0.844354 0.00591317
249.25 0.844908 0.00586305
249.626 0.845455 0.00585525
250.003 0.845998 0.00582276
250.379 0.846533 0.00576789
250.755 0.847063 0.00577469
251.131 0.847587 0.00573593
251.507 0.848105 0.00573004
251.884 0.84862 0.00569243
252.26 0.849128 0.00569558
252.636 0.849631 0.0056454
253.012 0.850128 0.00562647
253.388 0.85062 0.00561115
253.764 0.851108 0.0055898
254.14 0.85159 0.00557808
254.516 0.852068 0.00557204
254.892 0.852541 0.00554539
255.268 0.85301 0.00554102
255.643 0.853473 0.00551925
256.019 0.853932 0.00551665
256.395 0.854388 0.00550661
256.771 0.854839 0.0054679
257.147 0.855286 0.00546312
257.522 0.855728 0.00545587
257.898 0.856167 0.0054483
258.274 0.856602 0.00543559
258.649 0.857032 0.00543363
259.025 0.85746 0.00540513
259.4 0.857883 0.00540353
259.776 0.858304 0.00538817
260.151 0.85872 0.0054076
260.527 0.859134 0.0053848
260.902 0.859544 0.00537144
261.278 0.859952 0.00536136
261.653 0.860355 0.00536246
262.028 0.860755 0.00536887
262.404 0.861152 0.00534549
262.779 0.861546 0.00533332
263.154 0.861936 0.00532513
263.53 0.862323 0.00531179
263.905 0.862707 0.00532329
264.28 0.863087 0.0053217
264.655 0.863464 0.00530739
265.03 0.863838 0.00532492
265.405 0.864208 0.00530832
265.781 0.864576 0.00531575
266.156 0.86494 0.00531117
266.531 0.865301 0.00528424
266.906 0.865659 0.00531452
267.281 0.866013 0.00528931
267.655 0.866363 0.00531016
268.03 0.866711 0.00531418
268.405 0.867056 0.00530817
268.78 0.867398 0.00530908
269.155 0.867736 0.00529831
269.53 0.868071 0.00531761
269.904 0.868402 0.00531262
270.279 0.868731 0.005317
270.654 0.869057 0.00530288
271.029 0.869379 0.00531391
271.403 0.869698 0.00529986
271.778 0.870014 0.00531589
272.152 0.870326 0.0053219
272.527 0.870636 0.00531818
272.901 0.870942 0.0052983
273.276 0.871246 0.00528714
273.65 0.871545 0.00530467
274.025 0.871843 0.00529179
274.399 0.872136 0.00531804
274.774 0.872427 0.00530663
275.148 0.872714 0.00529072
275.522 0.872998 0.00530575
275.897 0.87328 0.00530373
276.271 0.873558 0.00530987
276.645 0.873832 0.00529532
277.019 0.874104 0.0052818
277.393 0.874373 0.00526835
277.768 0.874639 0.00529408
278.142 0.874901 0.00528956
278.516 0.87516 0.00529967
278.89 0.875417 0.00528999
279.264 0.87567 0.00530773
279.638 0.87592 0.0052828
280.012 0.876167 0.00529284
280.386 0.87641 0.00532125
280.76 0.876652 0.00530176
281.133 0.876889 0.0053122
281.507 0.877125 0.00530865
281.881 0.877358 0.00529721
282.255 0.87759 0.00530533
282.629 0.877819 0.00532143
283.002 0.878045 0.00532499
283.376 0.878271 0.0053111
283.75 0.878495 0.00532981
284.123 0.878717 0.00531189
284.497 0.878939 0.00532224
284.87 0.879159 0.00532835
285.244 0.879378 0.0053192
285.618 0.879597 0.00533353
285.991 0.879815 0.00535671
286.364 0.880033 0.00535538
286.738 0.880251 0.00535505
287.111 0.880468 0.00535798
287.485 0.880686 0.00536167
287.858 0.880904 0.00538235
288.231 0.881122 0.00537358
288.605 0.881342 0.00538898
288.978 0.881562 0.00537817
289.351 0.881783 0.00540681
289.724 0.882005 0.0054073
290.097 0.882229 0.00541445
290.47 0.882453 0.00543263
290.843 0.882679 0.00543142
291.217 0.882906 0.00543319
291.59 0.883133 0.00547154
291.963 0.883359 0.00546017
292.336 0.883585 0.00547832
292.708 0.88381 0.00548945
293.081 0.884033 0.00551542
293.454 0.884255 0.00549181
293.827 0.884475 0.00550881
294.2 0.884692 0.00554541
294.573 0.884907 0.0055284
294.945 0.885118 0.00556172
295.318 0.885325 0.00556022
295.691 0.885529 0.00557441
296.064 0.885728 0.00558526
296.436 0.885922 0.00558193
296.809 0.886111 0.00556753
297.181 0.886294 0.00559798
297.554 0.886472 0.0056071
297.926 0.886643 0.00561209
298.299 0.886807 0.00561861
298.671 0.886964 0.00559464
299.044 0.887114 0.00562576
299.416 0.887256 0.00563473
299.788 0.887389 0.0056264
300.161 0.887515 0.00565155
300.533 0.887631 0.00564404
300.905 0.887739 0.0056229
301.278 0.88784 0.00563504
301.65 0.887933 0.00562901
302.022 0.88802 0.00564156
302.394 0.8881 0.00565092
302.766 0.888174 0.00564319
303.138 0.888244 0.00566559
303.51 0.888308 0.00565104
303.882 0.888368 0.00564414
304.254 0.888425 0.00565541
304.626 0.888478 0.00563859
304.998 0.888528 0.00563706
305.37 0.888576 0.00566872
305.742 0.888622 0.00564762
306.114 0.888666 0.00564533
306.485 0.888709 0.00564673
306.857 0.888752 0.00564284
307.229 0.888795 0.00566269
307.601 0.888839 0.00566128
307.972 0.888883 0.0056556
308.344 0.888929 0.00564865
308.716 0.888977 0.0056721
309.087 0.889027 0.00566513
309.459 0.88908 0.00567389
309.83 0.889136 0.00567482
310.202 0.889196 0.00566578
310.573 0.88926 0.0056693
310.945 0.889328 0.00566558
311.316 0.8894 0.00569292
311.687 0.889475 0.00567033
312.059 0.889554 0.00569047
312.43 0.889637 0.0056804
312.801 0.889722 0.00570071
313.172 0.889811 0.0057045
313.544 0.889903 0.00571068
313.915 0.889998 0.00567468
314.286 0.890096 0.00569964
314.657 0.890197 0.00568734
315.028 0.890301 0.00569968
315.399 0.890407 0.00569813
315.77 0.890515 0.00569042
316.141 0.890626 0.00571445
316.512 0.890739 0.00571397
316.883 0.890855 0.00572588
317.254 0.890972 0.00572049
317.625 0.891091 0.00575612
317.996 0.891213 0.00572499
318.366 0.891335 0.00573959
318.737 0.89146 0.00573421
319.108 0.891586 0.00575443
319.478 0.891713 0.00575675
319.849 0.891842 0.00575443
320.22 0.891972 0.00576051
320.59 0.892103 0.00575764
320.961 0.892235 0.00576796
321.331 0.892367 0.00576915
321.702 0.8925 0.0057988
322.072 0.892634 0.00581678
322.443 0.892768 0.00580568
322.813 0.892901 0.00579535
323.184 0.893035 0.00581204
323.554 0.893168 0.00583093
323.924 0.893301 0.00582836
324.295 0.893434 0.00585706
324.665 0.893565 0.00586176
325.035 0.893695 0.00585452
325.405 0.893825 0.00587904
325.775 0.893953 0.00590804
326.145 0.894079 0.00590281
326.515 0.894204 0.00591412
326.886 0.894327 0.00594442
327.256 0.894448 0.00595049
327.626 0.894567 0.00598769
327.995 0.894684 0.00600284
328.365 0.894798 0.00601162
328.735 0.894909 0.0060422
329.105 0.895018 0.00610803
329.475 0.895124 0.00615637
329.845 0.895226 0.00624576
330.215 0.895326 0.00622268
330.584 0.895422 0.00616304
330.954 0.895514 0.0060177
331.324 0.895604 0.00584858
331.693 0.895691 0.00574849
332.063 0.895776 0.00568684
332.432 0.895858 0.00565778
332.802 0.895938 0.00570448
333.171 0.896015 0.00577959
333.541 0.896091 0.00588766
333.91 0.896165 0.00591782
334.28 0.896238 0.00595196
334.649 0.896308 0.00596945
335.018 0.896378 0.00599003
335.388 0.896447 0.00600959
335.757 0.896515 0.00601068
336.126 0.896582 0.0060325
336.495 0.896648 0.00601234
336.865 0.896714 0.00603745
337.234 0.89678 0.00607181
337.603 0.896846 0.00605965
337.972 0.896912 0.00607383
338.341 0.896978 0.00606411
338.71 0.897044 0.00606021
339.079 0.897112 0.00608242
339.448 0.89718 0.00607305
339.817 0.897249 0.0060883
340.186 0.897319 0.00609239
340.554 0.89739 0.00608465
340.923 0.897462 0.00609761
341.292 0.897535 0.00610361
341.661 0.897609 0.00611151
342.029 0.897683 0.00610118
342.398 0.897758 0.00610963
342.767 0.897833 0.00613338
343.135 0.897908 0.00612905
343.504 0.897983 0.00614841
343.872 0.898057 0.0061258
344.241 0.898132 0.00614039
344.609 0.898206 0.00616504
344.978 0.898279 0.00615906
345.346 0.898351 0.00613615
345.715 0.898423 0.00616012
346.083 0.898493 0.00617409
346.451 0.898562 0.00616453
346.82 0.89863 0.00618541
347.188 0.898696 0.00617395
347.556 0.898761 0.00620602
347.924 0.898823 0.00619873
348.292 0.898884 0.00621303
348.66 0.898942 0.00620775
349.028 0.898999 0.00621576
349.396 0.899052 0.00624044
349.764 0.899104 0.00623276
350.132 0.899152 0.00622971
350.5 0.899198 0.00624005
350.868 0.899241 0.00625153
351.236 0.899282 0.0062467
351.604 0.899321 0.00627111
351.972 0.899358 0.00627834
352.34 0.899392 0.00628759
352.707 0.899425 0.00629047
353.075 0.899457 0.00629224
353.443 0.899487 0.0063067
353.81 0.899517 0.00632247
354.178 0.899545 0.00632613
354.545 0.899572 0.00631073
354.913 0.899599 0.00633766
355.28 0.899626 0.00633862
355.648 0.899652 0.00632531
356.015 0.899679 0.00633648
356.383 0.899705 0.00632934
356.75 0.899732 0.00634557
357.117 0.899759 0.00634918
357.485 0.899787 0.00635373
357.852 0.899816 0.00639772
358.219 0.899846 0.00636606
358.586 0.899877 0.00636511
358.954 0.89991 0.00639198
359.321 0.899944 0.00637665
359.688 0.899979 0.00640817
360.055 0.900017 0.00639919
360.422 0.900057 0.0064086
360.789 0.900099 0.0064198
361.156 0.900143 0.00641429
361.523 0.900188 0.00644042
361.89 0.900236 0.00643278
362.256 0.900284 0.00640722
362.623 0.900335 0.00647121
362.99 0.900387 0.00644042
363.357 0.90044 0.00646692
363.724 0.900495 0.0064699
364.09 0.900551 0.00645706
364.457 0.900608 0.00650548
364.823 0.900666 0.0064639
365.19 0.900725 0.00647373
365.557 0.900785 0.00646389
365.923 0.900845 0.00648553
366.29 0.900907 0.00650614
366.656 0.900968 0.0064796
367.022 0.901031 0.00647173
367.389 0.901094 0.00650094
367.755 0.901157 0.00653211
368.121 0.90122 0.0065297
368.488 0.901284 0.0065211
368.854 0.901348 0.00654609
369.22 0.901412 0.00657718
369.586 0.901475 0.0065998
369.952 0.901539 0.00661439
370.318 0.901602 0.00661775
370.684 0.901665 0.00663728
371.051 0.901728 0.00663935
371.416 0.901791 0.00668061
371.782 0.901853 0.00666087
372.148 0.901915 0.00667481
372.514 0.901978 0.00668938
372.88 0.90204 0.00670927
373.246 0.902102 0.00670332
373.612 0.902164 0.00670041
373.977 0.902226 0.00668551
374.343 0.902288 0.00666462
374.709 0.90235 0.00664322
375.074 0.902412 0.00666334
375.44 0.902475 0.00669212
375.806 0.902537 0.00672929
376.171 0.9026 0.0066955
376.537 0.902663 0.00668961
376.902 0.902726 0.00670162
377.268 0.902789 0.00667433
377.633 0.902852 0.00666233
377.998 0.902916 0.00663706
378.364 0.90298 0.00660859
378.729 0.903044 0.00661995
379.094 0.903109 0.00664916
379.459 0.903174 0.00673847
379.825 0.903239 0.00670885
380.19 0.903305 0.0067195
380.555 0.903372 0.00676696
380.92 0.903438 0.00685178
381.285 0.903503 0.00683907
381.65 0.903569 0.00678609
382.015 0.903633 0.00679633
382.38 0.903696 0.00682297
382.745 0.903757 0.00686504
383.11 0.903816 0.00688383
383.474 0.903873 0.00686372
383.839 0.903928 0.0068763
384.204 0.90398 0.00689869
384.569 0.904028 0.00690732
384.933 0.904073 0.0069276
385.298 0.904115 0.00693855
385.663 0.904152 0.00691901
386.027 0.904185 0.00690483
386.392 0.904213 0.00687547
386.756 0.904236 0.00684099
387.121 0.904254 0.00683909
387.485 0.904266 0.00681812
387.849 0.904272 0.00678623
388.214 0.904272 0.00686152
388.578 0.904265 0.00689601
388.942 0.904252 0.00693108
389.307 0.904231 0.00692468
389.671 0.904203 0.00695007
390.035 0.904167 0.00691827
390.399 0.904123 0.00690187
390.763 0.904072 0.00686098
391.127 0.904014 0.00683602
391.492 0.90395 0.00674176
391.856 0.903881 0.0066638
392.219 0.903808 0.00661382
392.583 0.90373 0.0066512
392.947 0.90365 0.00679442
393.311 0.903568 0.00685681
393.675 0.903483 0.00687715
394.039 0.903398 0.00691941
394.403 0.903313 0.00692252
394.766 0.903228 0.00694101
395.13 0.903145 0.00695905
395.494 0.903063 0.00695597
395.857 0.902984 0.00692529
396.221 0.902909 0.00689364
396.584 0.902837 0.00684173
396.948 0.90277 0.00676762
397.311 0.902709 0.00666773
397.675 0.902654 0.00663151
398.038 0.902605 0.00663455
398.401 0.902565 0.00672871
398.765 0.902532 0.00683264
399.128 0.902509 0.00693017
399.491 0.902495 0.00698284
399.854 0.902492 0.00699277
400.218 0.902499 0.00701313
400.581 0.902518 0.00703319
400.944 0.902547 0.00706774
401.307 0.902585 0.00715295
401.67 0.902632 0.00713235
402.033 0.902687 0.00715336
402.396 0.902749 0.00715759
402.759 0.902817 0.00716658
403.122 0.902891 0.00713191
403.485 0.902971 0.00713039
403.847 0.903054 0.00707139
404.21 0.903141 0.00703518
404.573 0.90323 0.00702786
404.936 0.903322 0.00699359
405.298 0.903415 0.00707072
405.661 0.903508 0.00717022
406.023 0.903602 0.00727227
406.386 0.903694 0.00729838
406.749 0.903785 0.00733213
407.111 0.903873 0.00732308
407.473 0.903957 0.00720624
407.836 0.904039 0.00719606
408.198 0.904115 0.00715255
408.561 0.904186 0.00717341
408.923 0.904251 0.00718426
409.285 0.904309 0.00719775
409.647 0.904359 0.00726103
410.009 0.904401 0.00732988
410.372 0.904435 0.00731934
410.734 0.904459 0.00735624
411.096 0.904476 0.00734339
411.458 0.904485 0.00734166
411.82 0.904488 0.00729351
412.182 0.904484 0.00723814
412.544 0.904474 0.00725429
412.906 0.904459 0.00724139
413.267 0.904439 0.00726721
413.629 0.904415 0.00732431
413.991 0.904387 0.00735862
414.353 0.904356 0.00737876
414.714 0.904323 0.00745634
415.076 0.904287 0.00743768
415.438 0.904249 0.00742942
415.799 0.904211 0.00739962
416.161 0.904172 0.00746434
416.522 0.904133 0.0074949
416.884 0.904095 0.0074994
417.245 0.904057 0.00752692
417.607 0.904021 0.0075082
417.968 0.903988 0.00749961
418.329 0.903957 0.0074901
418.691 0.903929 0.0074875
419.052 0.903904 0.00748218
419.413 0.903884 0.00741478
419.774 0.903869 0.00739165
420.135 0.903859 0.00722705
420.497 0.903855 0.00711299
420.858 0.903855 0.00701486
421.219 0.903861 0.00703857
421.58 0.903871 0.00712836
421.941 0.903886 0.00725358
422.302 0.903905 0.00735095
422.662 0.903928 0.00738267
423.023 0.903955 0.00741536
423.384 0.903985 0.00744034
423.745 0.904019 0.00739558
424.106 0.904055 0.00739157
424.466 0.904094 0.00737735
424.827 0.904135 0.00747936
425.187 0.904179 0.00757419
425.548 0.904224 0.00764594
425.909 0.904271 0.00768657
426.269 0.90432 0.00763258
426.63 0.90437 0.00758104
426.99 0.90442 0.00751903
427.35 0.904472 0.00755281
427.711 0.904523 0.00749948
428.071 0.904575 0.00743692
428.431 0.904627 0.00729504
428.792 0.904678 0.00704557
429.152 0.904729 0.00685209
429.512 0.904779 0.00683944
429.872 0.904828 0.00688709
430.232 0.904875 0.00700889
430.592 0.904921 0.00720796
430.952 0.904965 0.00742097
431.312 0.905008 0.00760577
431.672 0.905048 0.00769352
432.032 0.905087 0.00767019
432.392 0.905123 0.00756661
432.752 0.905157 0.0071945
433.111 0.905188 0.00703397
433.471 0.905217 0.00714415
433.831 0.905243 0.00742405
434.19 0.905266 0.00742512
434.55 0.905287 0.00742385
434.91 0.905304 0.00751053
435.269 0.905318 0.00740714
435.629 0.905329 0.00739086
435.988 0.905336 0.00735925
436.348 0.90534 0.00747182
436.707 0.90534 0.00758551
437.066 0.905336 0.00758136
437.426 0.905328 0.00749134
437.785 0.905316 0.00747029
438.144 0.9053 0.00746092
438.503 0.905279 0.00755928
438.862 0.905254 0.00757319
439.222 0.905224 0.00763349
439.581 0.905189 0.0076661
439.94 0.90515 0.00755854
440.299 0.905106 0.00730357
440.658 0.905057 0.00711748
441.017 0.905003 0.00711957
441.376 0.904946 0.00720243
441.734 0.904886 0.00727617
442.093 0.904823 0.00727275
442.452 0.904758 0.00722027
442.811 0.904691 0.00718826
443.169 0.904622 0.0071853
443.528 0.904553 0.00733404
443.887 0.904483 0.00733845
444.245 0.904413 0.00737031
444.604 0.904343 0.00743138
444.962 0.904274 0.00746645
445.321 0.904207 0.00747314
445.679 0.904141 0.0074336
446.038 0.904077 0.00740619
446.396 0.904017 0.00750797
446.754 0.903959 0.00761046
447.112 0.903905 0.00764872
447.471 0.903855 0.00765728
447.829 0.90381 0.00769714
448.187 0.90377 0.00768328
448.545 0.903735 0.00765963
448.903 0.903706 0.00767934
449.261 0.903683 0.00770158
449.619 0.903668 0.00777445
449.977 0.903659 0.00781228
450.335 0.903658 0.00789787
450.693 0.903664 0.00791746
451.051 0.903678 0.00790183
451.409 0.903698 0.0079329
451.766 0.903723 0.00794313
452.124 0.903755 0.00805471
452.482 0.903792 0.00813466
452.839 0.903833 0.0082257
453.197 0.903879 0.00824043
453.555 0.903929 0.00827473
453.912 0.903982 0.00825324
454.27 0.904039 0.0081233
454.627 0.904098 0.00802758
454.984 0.904159 0.00804681
455.342 0.904222 0.00817047
455.699 0.904286 0.00826193
456.056 0.904352 0.00821319
456.414 0.904418 0.00814006
456.771 0.904484 0.0079915
457.128 0.90455 0.00796122
457.485 0.904615 0.0079339
457.842 0.904679 0.00798328
458.199 0.904741 0.00797432
458.556 0.904802 0.00789765
458.913 0.90486 0.00789823
459.27 0.904915 0.00785374
459.627 0.904967 0.00796822
459.984 0.905015 0.00791034
460.341 0.905059 0.00790036
460.697 0.9051 0.00799466
461.054 0.905136 0.00823033
461.411 0.905169 0.00840004
461.767 0.905199 0.00849923
462.124 0.905226 0.00847811
462.481 0.90525 0.00837681
462.837 0.905271 0.00824688
463.194 0.905289 0.00807435
463.55 0.905305 0.00812634
463.907 0.905319 0.00791307
464.263 0.905332 0.00780419
464.619 0.905342 0.00765649
464.976 0.905351 0.0075505
465.332 0.905359 0.00754866
465.688 0.905365 0.00778033
466.044 0.905371 0.00805969
466.4 0.905376 0.00818511
466.756 0.90538 0.00823883
467.112 0.905385 0.00823878
467.468 0.905389 0.00822662
467.824 0.905393 0.00831103
468.18 0.905397 0.0084196
468.536 0.905402 0.00842666
468.892 0.905407 0.00856112
469.248 0.905414 0.00859912
469.604 0.905421 0.00865088
469.959 0.90543 0.00864786
470.315 0.905441 0.00864325
470.671 0.905452 0.00863467
471.026 0.905465 0.00856186
471.382 0.905479 0.00848001
471.737 0.905493 0.00841185
472.093 0.905509 0.00828069
472.448 0.905525 0.00812181
472.804 0.905541 0.00805262
473.159 0.905558 0.00798659
473.514 0.905575 0.00802725
473.87 0.905592 0.00791295
474.225 0.905608 0.0076869
474.58 0.905624 0.0075354
474.935 0.90564 0.00759956
475.29 0.905655 0.00770209
475.645 0.905669 0.00770996
476 0.905682 0.00771994
476.355 0.905694 0.0077895
476.71 0.905705 0.00778498
477.065 0.905714 0.00755824
477.42 0.905721 0.00745859
477.775 0.905727 0.00746761
478.13 0.905731 0.00753479
478.485 0.905732 0.00748021
478.839 0.905732 0.00739072
479.194 0.905729 0.0072013
479.549 0.905723 0.00711297
479.903 0.905715 0.0071319
480.258 0.905704 0.00718798
480.612 0.90569 0.00709419
480.967 0.905673 0.0069301
481.321 0.905654 0.00695224
481.675 0.905633 0.00708609
482.03 0.905609 0.007211
482.384 0.905583 0.00724118
482.738 0.905555 0.00717202
483.093 0.905525 0.00711953
483.447 0.905493 0.00696478
483.801 0.90546 0.0067472
484.155 0.905426 0.00666097
484.509 0.90539 0.00580008
484.863 0.905353 0.00395318
485.217 0.905315 0.00359281
485.571 0.905275 0.00368554
485.925 0.905236 0.00469472
486.279 0.905195 0.00544368
486.632 0.905154 0.00588761
486.986 0.905113 0.00636416
487.34 0.905071 0.00679364
487.694 0.905029 0.00698312
488.047 0.904987 0.00702244
488.401 0.904946 0.0070312
488.754 0.904905 0.00707567
489.108 0.904864 0.00719099
489.461 0.904823 0.00722564
489.815 0.904784 0.00730085
490.168 0.904745 0.00722016
490.522 0.904707 0.00718929
490.875 0.90467 0.00719995
491.228 0.904634 0.00724933
491.581 0.9046 0.00719945
491.935 0.904566 0.00722593
492.288 0.904533 0.00725558
492.641 0.904502 0.007204
492.994 0.904472 0.00719849
493.347 0.904443 0.00709841
493.7 0.904415 0.00710373
494.053 0.904389 0.00712793
494.406 0.904364 0.00724312
494.759 0.904341 0.00739071
495.111 0.904319 0.00715983
495.464 0.904299 0.00684553
495.817 0.90428 0.0067218
496.169 0.904263 0.00691036
496.522 0.904247 0.00722224
496.875 0.904233 0.00746339
497.227 0.904221 0.00753708
497.58 0.904211 0.0075239
497.932 0.904202 0.00743554
498.285 0.904196 0.00736763
498.637 0.904191 0.00718412
498.989 0.904188 0.00710412
499.342 0.904188 0.00715679
499.694 0.904189 0.00731503
500.046 0.904193 0.00737785
500.398 0.904198 0.00719721
500.751 0.904206 0.0071316
501.103 0.904215 0.0071089
501.455 0.904226 0.00711985
501.807 0.904239 0.00713059
502.159 0.904253 0.0071345
502.511 0.904269 0.00711685
502.862 0.904286 0.00714757
503.214 0.904304 0.00724535
503.566 0.904323 0.00739228
503.918 0.904343 0.00747235
504.27 0.904364 0.00746453
504.621 0.904385 0.00748283
504.973 0.904407 0.00752514
505.324 0.904429 0.00747663
505.676 0.904452 0.00734646
506.027 0.904475 0.00736638
506.379 0.904498 0.00761197
506.73 0.904521 0.00772813
507.082 0.904544 0.00767338
507.433 0.904567 0.00753135
507.784 0.904589 0.00746848
508.136 0.904611 0.00759888
508.487 0.904632 0.00767695
508.838 0.904652 0.00774902
509.189 0.904671 0.00774059
509.54 0.90469 0.0076372
509.891 0.904707 0.00772562
510.242 0.904723 0.00773431
510.593 0.904738 0.00778359
510.944 0.904752 0.00782716
511.295 0.904764 0.00799021
511.646 0.904775 0.00807875
511.996 0.904785 0.00799557
512.347 0.904793 0.00793546
512.698 0.9048 0.00796172
513.049 0.904806 0.00801079
513.399 0.904811 0.00804797
513.75 0.904814 0.00802392
514.1 0.904815 0.00817617
514.451 0.904816 0.00834619
514.801 0.904815 0.00830953
515.152 0.904813 0.00823607
515.502 0.904809 0.0081084
515.852 0.904804 0.00806486
516.202 0.904797 0.00805402
516.553 0.904789 0.00817173
516.903 0.90478 0.00829631
517.253 0.904769 0.00842142
517.603 0.904757 0.00841983
517.953 0.904743 0.00837885
518.303 0.904728 0.00818212
518.653 0.904712 0.008115
519.003 0.904693 0.00817725
519.353 0.904674 0.00846965
519.703 0.904653 0.00864916
520.052 0.90463 0.0086934
520.402 0.904606 0.0086454
520.752 0.904581 0.00854633
521.102 0.904554 0.00868471
521.451 0.904526 0.00874641
521.801 0.904497 0.00872125
522.15 0.904466 0.00857658
522.5 0.904434 0.00856251
522.849 0.904402 0.00853546
523.199 0.904368 0.00845468
523.548 0.904333 0.00837323
523.897 0.904298 0.00846989
524.246 0.904262 0.00861069
524.596 0.904224 0.00873238
524.945 0.904187 0.00868129
525.294 0.904148 0.0086801
525.643 0.904109 0.00866057
525.992 0.90407 0.00864559
526.341 0.90403 0.00859149
526.69 0.903989 0.00865892
527.039 0.903949 0.00874311
527.388 0.903908 0.00880408
527.737 0.903867 0.00853601
528.086 0.903826 0.00822176
528.434 0.903784 0.00807112
528.783 0.903743 0.00829148
529.132 0.903702 0.00844911
529.48 0.903661 0.00855762
529.829 0.90362 0.00860458
530.177 0.903579 0.00869269
530.526 0.903538 0.00871387
530.874 0.903498 0.0086306
531.223 0.903459 0.00861795
531.571 0.90342 0.00869198
531.919 0.903382 0.00860638
532.268 0.903345 0.00834339
532.616 0.903308 0.00807652
532.964 0.903273 0.00795656
533.312 0.903238 0.00796053
533.66 0.903205 0.0079963
534.008 0.903174 0.00797797
534.356 0.903144 0.0079831
534.704 0.903115 0.00805552
535.052 0.903088 0.00816375
535.4 0.903062 0.0083362
535.748 0.903039 0.00853456
536.095 0.903017 0.00875069
536.443 0.902998 0.00876151
536.791 0.90298 0.00857611
537.139 0.902965 0.00837858
537.486 0.902952 0.00818474
537.834 0.902942 0.00814132
538.181 0.902934 0.00809455
538.529 0.902929 0.00814012
538.876 0.902926 0.00811901
539.223 0.902927 0.0082563
539.571 0.90293 0.00843293
539.918 0.902936 0.00840307
540.265 0.902946 0.00823745
540.613 0.902958 0.00809583
540.96 0.902973 0.00819615
541.307 0.902991 0.00821117
541.654 0.90301 0.00820921
542.001 0.903032 0.00823486
542.348 0.903054 0.00823343
542.695 0.903078 0.00824394
543.042 0.903103 0.00811754
543.388 0.903128 0.008015
543.735 0.903154 0.00800398
544.082 0.90318 0.0079919
544.429 0.903205 0.00802881
544.775 0.90323 0.00820573
545.122 0.903254 0.00844913
545.469 0.903277 0.00858738
545.815 0.903298 0.00853778
546.162 0.903318 0.00846994
546.508 0.903335 0.00829612
546.854 0.90335 0.0079887
547.201 0.903363 0.00769626
547.547 0.903372 0.00767401
547.893 0.903379 0.00784633
548.24 0.903382 0.00826657
548.586 0.903381 0.00861034
548.932 0.903376 0.00873841
549.278 0.903367 0.00874457
549.624 0.903353 0.00869779
549.97 0.903334 0.0087791
550.316 0.90331 0.00895425
550.662 0.903281 0.00904624
551.008 0.903247 0.00857805
551.353 0.903209 0.00811957
551.699 0.903167 0.00793978
552.045 0.903121 0.00815339
552.391 0.903071 0.00832213
552.736 0.903018 0.00835988
553.082 0.902963 0.0083719
553.427 0.902904 0.0085196
553.773 0.902844 0.00880138
554.118 0.902781 0.00880162
554.464 0.902716 0.00857547
554.809 0.90265 0.00823458
555.154 0.902583 0.00812338
555.5 0.902515 0.00814148
555.845 0.902447 0.00845772
556.19 0.902378 0.00868686
556.535 0.902309 0.0088816
556.88 0.90224 0.00873804
557.225 0.902172 0.00870533
557.57 0.902105 0.00887488
557.915 0.902039 0.00911515
558.26 0.901975 0.00922716
558.605 0.901912 0.00919411
558.95 0.901851 0.00899108
559.295 0.901793 0.00851132
559.639 0.901737 0.00819071
559.984 0.901684 0.00787744
560.329 0.901634 0.00784813
560.673 0.901587 0.00787517
561.018 0.901544 0.00810608
561.362 0.901503 0.00832198
561.707 0.901464 0.00853042
562.051 0.901428 0.00842626
562.395 0.901395 0.00831481
562.74 0.901364 0.00814968
563.084 0.901335 0.00804884
563.428 0.901307 0.00788065
563.772 0.901282 0.00791707
564.117 0.901258 0.00785906
564.461 0.901236 0.0078341
564.805 0.901216 0.00790225
565.149 0.901196 0.00786573
565.493 0.901178 0.0078777
565.836 0.901161 0.00772629
566.18 0.901144 0.00761331
566.524 0.901129 0.00709945
566.868 0.901114 0.00690903
567.212 0.901099 0.00679138
567.555 0.901085 0.0067055
567.899 0.901071 0.00639476
568.242 0.901056 0.00613358
568.586 0.901042 0.00573972
568.929 0.901028 0.00537252
569.273 0.901013 0.00507941
569.616 0.900998 0.00508654
569.96 0.900982 0.00498375
570.303 0.900965 0.00482884
570.646 0.900948 0.00476882
570.989 0.90093 0.00462108
571.333 0.900911 0.00467855
571.676 0.900891 0.00485337
572.019 0.90087 0.00524799
572.362 0.900849 0.00495172
572.705 0.900827 0.00459591
573.048 0.900803 0.00437454
573.391 0.900779 0.00423174
573.733 0.900755 0.0041729
574.076 0.900729 0.00412671
574.419 0.900703 0.00425243
574.762 0.900675 0.00447893
575.104 0.900647 0.00479441
575.447 0.900618 0.0047296
575.789 0.900588 0.00444556
576.132 0.900557 0.00419974
576.474 0.900525 0.00415266
576.817 0.900492 0.00384141
577.159 0.900459 0.00363197
577.501 0.900424 0.00366056
577.844 0.900389 0.0039177
578.186 0.900353 0.00439428
578.528 0.900315 0.00457366
578.87 0.900277 0.00459353
579.212 0.900238 0.00444022
579.554 0.900198 0.00429825
579.896 0.900157 0.00432432
580.238 0.900115 0.00407495
580.58 0.900072 0.00358023
580.922 0.900028 0.00344076
581.264 0.899985 0.0034406
581.606 0.899941 0.00359199
581.947 0.899897 0.00381268
582.289 0.899853 0.00423576
582.631 0.899809 0.00469822
582.972 0.899767 0.00501316
583.314 0.899725 0.00495778
583.655 0.899684 0.00479258
583.997 0.899645 0.00437462
584.338 0.899607 0.00406878
584.679 0.899571 0.00390374
585.021 0.899536 0.00401097
585.362 0.899504 0.0043097
585.703 0.899474 0.00463535
586.044 0.899447 0.00465257
586.385 0.899422 0.00440249
586.726 0.899401 0.00420473
587.067 0.899382 0.00436971
587.408 0.899367 0.00462022
587.749 0.899355 0.00483924
588.09 0.899348 0.00504093
588.431 0.899344 0.0053412
588.772 0.899344 0.00555499
589.113 0.899349 0.00545909
589.453 0.899359 0.00542951
589.794 0.899373 0.00561549
590.134 0.899392 0.00591518
590.475 0.899416 0.00605275
590.815 0.899445 0.00599684
591.156 0.899478 0.00600548
591.496 0.899514 0.00582252
591.837 0.899555 0.00500913
592.177 0.899597 0.00455041
592.517 0.899643 0.00435669
592.857 0.89969 0.00459358
593.198 0.89974 0.00488755
593.538 0.89979 0.00539184
593.878 0.899841 0.00556429
594.218 0.899893 0.00538496
594.558 0.899945 0.00518495
594.898 0.899997 0.00533114
595.237 0.900047 0.00566181
595.577 0.900097 0.00602771
595.917 0.900145 0.00632892
596.257 0.90019 0.00606389
596.596 0.900234 0.00591163
596.936 0.900275 0.00581365
597.276 0.900312 0.00604104
597.615 0.900346 0.00593407
597.955 0.900376 0.00521908
598.294 0.900401 0.00489665
598.633 0.900421 0.00491294
598.973 0.900437 0.00509817
599.312 0.900446 0.00508265
599.651 0.90045 0.00512295
599.991 0.900447 0.00523483
600.33 0.900437 0.00531569
600.669 0.900421 0.005468
601.008 0.900398 0.00565694
601.347 0.90037 0.00584963
601.686 0.900336 0.00567868
602.025 0.900297 0.00571645
602.364 0.900254 0.00543151
602.702 0.900206 0.00535344
603.041 0.900153 0.00538874
603.38 0.900097 0.00564633
603.719 0.900037 0.00590335
604.057 0.899975 0.00606904
604.396 0.899909 0.00605923
604.734 0.899842 0.00578684
605.073 0.899772 0.00535344
605.411 0.8997 0.00540519
605.75 0.899627 0.0056023
606.088 0.899553 0.00589532
606.426 0.899479 0.00575055
606.764 0.899404 0.00567127
607.103 0.899329 0.00585075
607.441 0.899254 0.00605243
607.779 0.89918 0.00619891
608.117 0.899107 0.00615625
608.455 0.899036 0.00641712
608.793 0.898966 0.00647875
609.131 0.898898 0.00604406
609.469 0.898833 0.005898
609.806 0.89877 0.0059771
610.144 0.898711 0.00644627
610.482 0.898654 0.00651304
610.819 0.898601 0.00649859
611.157 0.89855 0.0065326
611.495 0.898501 0.00676137
611.832 0.898455 0.0067814
612.17 0.898411 0.0067319
612.507 0.898368 0.00665656
612.844 0.898327 0.00672634
613.182 0.898287 0.00674173
613.519 0.898248 0.00670007
613.856 0.89821 0.00668247
614.193 0.898173 0.00659806
614.53 0.898135 0.00646046
614.867 0.898098 0.00645333
615.205 0.898061 0.00677633
615.541 0.898023 0.00702106
615.878 0.897984 0.00731901
616.215 0.897945 0.00724414
616.552 0.897904 0.007318
616.889 0.897862 0.00714982
617.226 0.897819 0.00707631
617.562 0.897773 0.00730108
617.899 0.897726 0.0077418
618.235 0.897676 0.00814045
618.572 0.897624 0.00844179
618.908 0.897569 0.00814861
619.245 0.89751 0.0078158
619.581 0.897449 0.00767851
619.918 0.897384 0.00831611
620.254 0.897315 0.00938088
620.59 0.897243 0.00952171
620.926 0.897168 0.00887767
621.262 0.897089 0.00838422
621.599 0.897008 0.00842195
621.935 0.896924 0.00831555
622.271 0.896838 0.00800338
622.606 0.89675 0.00783007
622.942 0.89666 0.00802379
623.278 0.896569 0.00825725
623.614 0.896477 0.00786875
623.95 0.896383 0.00783684
624.285 0.89629 0.00798251
624.621 0.896195 0.00841573
624.957 0.896101 0.00867703
625.292 0.896007 0.00893895
625.628 0.895913 0.00920892
625.963 0.895821 0.00926958
626.299 0.895728 0.00907826
626.634 0.895638 0.00893538
626.969 0.895549 0.00910019
627.304 0.895461 0.00986372
627.64 0.895376 0.0105795
627.975 0.895293 0.0103673
628.31 0.895213 0.00979921
628.645 0.895135 0.00957466
628.98 0.895061 0.00978465
629.315 0.894989 0.00997177
629.65 0.894922 0.010051
629.985 0.894858 0.0100223
630.319 0.894799 0.0104603
630.654 0.894744 0.0105791
630.989 0.894692 0.010527
631.323 0.894644 0.0107091
631.658 0.8946 0.0111452
631.993 0.894559 0.0116276
632.327 0.894522 0.0116716
632.662 0.894488 0.0116082
632.996 0.894457 0.0113505
633.33 0.894429 0.0111823
633.665 0.894403 0.0115738
633.999 0.89438 0.0119252
634.333 0.89436 0.0119227
634.667 0.894342 0.0119638
635.001 0.894326 0.0116722
635.335 0.894312 0.011228
635.669 0.8943 0.0108113
636.003 0.89429 0.0109617
636.337 0.894282 0.0115096
636.671 0.894275 0.0121108
637.005 0.894269 0.0124396
637.339 0.894264 0.0123846
637.672 0.894261 0.0119324
638.006 0.894258 0.011626
638.339 0.894257 0.0117955
638.673 0.894256 0.012171
639.006 0.894255 0.0125534
639.34 0.894255 0.0125464
639.673 0.894255 0.0127255
640.007 0.894255 0.0126935
640.34 0.894255 0.0129149
640.673 0.894255 0.0130133
641.006 0.894255 0.0132046
641.34 0.894254 0.0133484
641.673 0.894253 0.0136671
642.006 0.894252 0.0139026
642.339 0.89425 0.0136567
642.672 0.894248 0.0135728
643.004 0.894245 0.0136502
643.337 0.894241 0.0140899
643.67 0.894237 0.014086
644.003 0.894232 0.0139479
644.336 0.894226 0.0138894
644.668 0.894219 0.0138645
645.001 0.894211 0.0141041
645.333 0.894202 0.0144509
645.666 0.894192 0.014749
645.998 0.894181 0.0150856
646.331 0.894168 0.0153148
646.663 0.894154 0.0151571
646.995 0.894139 0.0142326
647.327 0.894122 0.0130703
647.66 0.894103 0.0123549
647.992 0.894083 0.012166
648.324 0.894062 0.0121209
648.656 0.894038 0.0122893
648.988 0.894013 0.0127783
649.32 0.893986 0.0136686
649.652 0.893957 0.0143096
649.983 0.893926 0.0146175
650.315 0.893893 0.0147114
650.647 0.893858 0.0143737
650.979 0.893821 0.0137177
651.31 0.893782 0.0131898
651.642 0.893741 0.0128934
651.973 0.893699 0.0128845
652.305 0.893655 0.0128353
652.636 0.893609 0.0130128
652.967 0.893562 0.0133065
653.299 0.893514 0.0136164
653.63 0.893465 0.0134621
653.961 0.893414 0.0125053
654.292 0.893362 0.0095982
654.623 0.893309 0.00347883
654.955 0.893255 0.00341487
655.286 0.8932 0.00341466
655.616 0.893144 0.00341445
655.947 0.893088 0.00341423
656.278 0.893031 0.00341401
656.609 0.892973 0.00357259
656.94 0.892915 0.00472728
657.27 0.892856 0.005542
657.601 0.892797 0.00639185
657.932 0.892738 0.007645
658.262 0.892678 0.00931251
658.593 0.892618 0.0111705
658.923 0.892559 0.0130609
659.254 0.892499 0.014427
659.584 0.89244 0.0153171
659.914 0.89238 0.0160392
660.244 0.892321 0.0164392
660.575 0.892262 0.0163185
660.905 0.892204 0.0163422
661.235 0.892146 0.0161129
661.565 0.892088 0.0159965
661.895 0.892031 0.0159047
662.225 0.891974 0.0161547
662.555 0.891917 0.0163784
662.884 0.891861 0.0161949
663.214 0.891805 0.015971
663.544 0.89175 0.0158044
663.873 0.891695 0.0155697
664.203 0.891641 0.0153997
664.533 0.891587 0.0149821
664.862 0.891534 0.0148774
665.192 0.891481 0.015305
665.521 0.891429 0.0161354
665.85 0.891378 0.0166142
666.18 0.891327 0.0172981
666.509 0.891277 0.0171949
666.838 0.891228 0.0167879
667.167 0.891179 0.0165718
667.496 0.891131 0.0168569
667.825 0.891083 0.0169413
668.154 0.891037 0.0169127
668.483 0.890991 0.0167973
668.812 0.890946 0.0164839
669.141 0.890901 0.0163191
669.47 0.890858 0.0161178
669.798 0.890815 0.0162823
670.127 0.890773 0.0162972
670.456 0.890732 0.0153752
670.784 0.890692 0.013791
671.113 0.890652 0.0126591
671.441 0.890613 0.0120961
671.77 0.890575 0.0122967
672.098 0.890536 0.0127802
672.426 0.890499 0.0142084
672.755 0.890461 0.0151069
673.083 0.890424 0.0153201
673.411 0.890386 0.0152892
673.739 0.890349 0.0155126
674.067 0.890311 0.0163316
674.395 0.890274 0.0163294
674.723 0.890235 0.0159039
675.051 0.890197 0.0156735
675.379 0.890158 0.0156602
675.706 0.890119 0.0158321
676.034 0.890079 0.0161889
676.362 0.890038 0.0162666
676.689 0.889997 0.0152795
677.017 0.889955 0.0142759
677.344 0.889911 0.0137133
677.672 0.889867 0.013948
677.999 0.889822 0.0141175
678.327 0.889775 0.0138357
678.654 0.889727 0.0132332
678.981 0.889678 0.0128348
679.308 0.889627 0.0129368
679.636 0.889575 0.013541
679.963 0.889521 0.0142184
680.29 0.889465 0.0142566
680.617 0.889408 0.0139907
680.944 0.889349 0.0137827
681.271 0.889289 0.0141793
681.597 0.889228 0.0151378
681.924 0.889165 0.0161219
682.251 0.889101 0.0160579
682.578 0.889036 0.0152135
682.904 0.88897 0.0141953
683.231 0.888903 0.0136301
683.557 0.888835 0.0133244
683.884 0.888767 0.0129438
684.21 0.888698 0.0126402
684.536 0.888628 0.0122266
684.863 0.888558 0.0120425
685.189 0.888487 0.0122451
685.515 0.888417 0.0129074
685.841 0.888346 0.0133296
686.167 0.888275 0.0133423
686.493 0.888204 0.0131823
686.819 0.888134 0.0132566
687.145 0.888063 0.0138349
687.471 0.887993 0.0148771
687.797 0.887923 0.0153756
688.123 0.887853 0.0152815
688.448 0.887785 0.0147796
688.774 0.887716 0.0143349
689.1 0.887649 0.014577
689.425 0.887582 0.015188
689.751 0.887516 0.0154332
690.076 0.887452 0.0145732
690.402 0.887388 0.0136151
690.727 0.887326 0.0131943
691.052 0.887264 0.0135398
691.377 0.887203 0.0139457
691.703 0.887143 0.0142983
692.028 0.887083 0.0143059
692.353 0.887024 0.014003
692.678 0.886966 0.0141102
693.003 0.886908 0.0146462
693.328 0.88685 0.015727
693.652 0.886793 0.0164365
693.977 0.886736 0.0160432
694.302 0.886679 0.0151267
694.627 0.886622 0.0149148
694.951 0.886566 0.0154506
695.276 0.886508 0.0169371
695.6 0.886451 0.0172214
695.925 0.886394 0.015114
696.249 0.886336 0.0133266
696.574 0.886278 0.0126294
696.898 0.886219 0.0132039
697.222 0.88616 0.013956
697.546 0.8861 0.014517
697.871 0.88604 0.0148223
698.195 0.885978 0.0149304
698.519 0.885916 0.0153077
698.843 0.885853 0.0157453
699.167 0.885789 0.0163364
699.491 0.885724 0.0169579
699.814 0.885658 0.0170944
700.138 0.88559 0.0171459
700.462 0.885521 0.0174287
700.786 0.885451 0.0171966
701.109 0.88538 0.0167721
701.433 0.885307 0.0161905
701.756 0.885234 0.0156119
702.08 0.885159 0.0156126
702.403 0.885084 0.0159299
702.726 0.885008 0.0166052
703.05 0.88493 0.0170098
703.373 0.884852 0.0172073
703.696 0.884773 0.0172211
704.019 0.884694 0.0178211
704.342 0.884614 0.0184703
704.665 0.884533 0.019232
704.988 0.884451 0.0191054
705.311 0.884369 0.0179305
705.634 0.884286 0.0160982
705.957 0.884203 0.0145794
706.28 0.88412 0.0135054
706.602 0.884036 0.0133647
706.925 0.883952 0.0136451
707.247 0.883868 0.0141881
707.57 0.883783 0.014747
707.892 0.883698 0.0152495
708.215 0.883613 0.0159939
708.537 0.883528 0.0163868
708.859 0.883443 0.0164797
709.182 0.883358 0.0163083
709.504 0.883273 0.0158783
709.826 0.883188 0.0156783
710.148 0.883104 0.0157407
710.47 0.883019 0.0161874
710.792 0.882935 0.0167847
711.114 0.882851 0.0173466
711.436 0.882767 0.0177317
711.758 0.882684 0.0174439
712.079 0.882601 0.0172437
712.401 0.882519 0.0163921
712.723 0.882437 0.0157963
713.044 0.882355 0.0148815
713.366 0.882274 0.0147151
713.687 0.882194 0.014834
714.009 0.882114 0.0152358
714.33 0.882035 0.0155767
714.652 0.881956 0.0160187
714.973 0.881878 0.016573
715.294 0.881801 0.0174246
715.615 0.881725 0.018538
715.936 0.88165 0.0188091
716.257 0.881575 0.0189892
716.578 0.881501 0.019116
716.899 0.881429 0.0186892
717.22 0.881357 0.0174828
717.541 0.881286 0.0170135
717.862 0.881216 0.0169557
718.182 0.881148 0.0169216
718.503 0.88108 0.0165532
718.824 0.881014 0.0167883
719.144 0.880949 0.0170561
719.465 0.880884 0.017445
719.785 0.880822 0.0170845
720.105 0.880761 0.0168595
720.426 0.8807 0.0166498
720.746 0.880642 0.0169317
721.066 0.880584 0.0169616
721.386 0.880527 0.0171348
721.706 0.880472 0.0176326
722.026 0.880417 0.0181
722.346 0.880364 0.0182499
722.666 0.880311 0.0180106
722.986 0.880259 0.0175633
723.306 0.880208 0.0177
723.626 0.880158 0.0180504
723.946 0.880108 0.0180138
724.265 0.880059 0.0170503
724.585 0.88001 0.0161508
724.904 0.879962 0.0160304
725.224 0.879914 0.0160728
725.543 0.879866 0.0160689
725.863 0.879819 0.0162225
726.182 0.879772 0.0168806
726.501 0.879725 0.0171461
726.82 0.879679 0.0172585
727.14 0.879632 0.0165897
727.459 0.879585 0.0160888
727.778 0.879538 0.0159929
728.097 0.879491 0.0162112
728.416 0.879444 0.0160275
728.734 0.879397 0.0155176
729.053 0.879349 0.015365
729.372 0.879301 0.0153329
729.691 0.879252 0.0149461
730.009 0.879203 0.0142272
730.328 0.879153 0.0138081
730.647 0.879103 0.0138235
730.965 0.879052 0.0143074
731.283 0.879001 0.0148445
731.602 0.878948 0.0150169
731.92 0.878896 0.0147496
732.238 0.878842 0.0143939
732.557 0.878787 0.0142616
732.875 0.878732 0.0139154
733.193 0.878676 0.0130852
733.511 0.87862 0.0127858
733.829 0.878562 0.0131688
734.147 0.878504 0.0140345
734.465 0.878444 0.0146724
734.782 0.878384 0.0146586
735.1 0.878322 0.0142474
735.418 0.87826 0.0142352
735.735 0.878197 0.0142776
736.053 0.878132 0.0141188
736.371 0.878066 0.0142642
736.688 0.878 0.0147834
737.005 0.877932 0.0156834
737.323 0.877863 0.0162825
737.64 0.877793 0.0163004
737.957 0.877722 0.0154538
738.274 0.877649 0.0141834
738.592 0.877575 0.0138375
738.909 0.8775 0.0141855
739.226 0.877423 0.0154499
739.543 0.877346 0.0166528
739.86 0.877266 0.0176202
740.176 0.877186 0.0180769
740.493 0.877104 0.0186219
740.81 0.87702 0.0186797
741.127 0.876935 0.0184815
741.443 0.876849 0.0175107
741.76 0.876762 0.0169296
742.076 0.876673 0.0170786
742.393 0.876582 0.0179938
742.709 0.876491 0.0189888
743.025 0.876398 0.0193376
743.342 0.876304 0.019159
743.658 0.876208 0.0187892
743.974 0.876112 0.0182686
744.29 0.876014 0.0182489
744.606 0.875915 0.0184429
744.922 0.875814 0.0184749
745.238 0.875713 0.01853
745.554 0.87561 0.0189771
745.87 0.875506 0.0191759
746.186 0.8754 0.0183848
746.501 0.875294 0.0177073
746.817 0.875187 0.0179882
747.132 0.875078 0.0193072
747.448 0.874969 0.0200645
747.763 0.874858 0.0197635
748.079 0.874746 0.0189399
748.394 0.874633 0.0176551
748.71 0.874519 0.0164355
749.025 0.874404 0.015473
749.34 0.874288 0.0152708
749.655 0.87417 0.0156039
749.97 0.874052 0.0161645
750.285 0.873933 0.0162134
750.6 0.873813 0.0158658
750.915 0.873692 0.0154704
751.23 0.87357 0.0157739
751.545 0.873448 0.0164209
751.859 0.873325 0.0170383
752.174 0.873202 0.0172361
752.489 0.873077 0.0163671
752.803 0.872953 0.0153835
753.118 0.872828 0.015267
753.432 0.872704 0.015778
753.747 0.872578 0.0163617
754.061 0.872453 0.0158061
754.375 0.872328 0.0151435
754.689 0.872204 0.0146711
755.004 0.872078 0.0146464
755.318 0.871954 0.0143261
755.632 0.871829 0.0136264
755.946 0.871706 0.0133792
756.26 0.871582 0.0127801
756.573 0.87146 0.0122269
756.887 0.871337 0.0118539
757.201 0.871216 0.0121046
757.515 0.871095 0.0132585
757.828 0.870975 0.0142185
758.142 0.870856 0.0141704
758.455 0.870738 0.0131592
758.769 0.870621 0.0124611
759.082 0.870505 0.0121213
759.396 0.87039 0.0119383
759.709 0.870277 0.011845
760.022 0.870165 0.0119488
760.335 0.870055 0.012576
760.648 0.869946 0.0135159
760.962 0.869838 0.0145066
761.275 0.869732 0.0152243
761.587 0.869627 0.0154216
761.9 0.869523 0.0154597
762.213 0.869421 0.0149539
762.526 0.869319 0.0144136
762.839 0.869219 0.0143551
763.151 0.86912 0.0139397
763.464 0.869022 0.0131837
763.776 0.868925 0.0122454
764.089 0.868829 0.0119861
764.401 0.868734 0.0124112
764.714 0.86864 0.0131405
765.026 0.868547 0.0140248
765.338 0.868455 0.0149325
765.65 0.868363 0.0160714
765.962 0.868272 0.0168176
766.275 0.868182 0.0174184
766.587 0.868093 0.0174749
766.898 0.868004 0.0169132
767.21 0.867916 0.0159127
767.522 0.867829 0.0147636
767.834 0.867742 0.014222
768.146 0.867656 0.014324
768.457 0.86757 0.0151986
768.769 0.867484 0.016007
769.08 0.867399 0.0160785
769.392 0.867315 0.0154964
769.703 0.86723 0.0146938
770.015 0.867146 0.0141324
770.326 0.867062 0.0141592
770.637 0.866979 0.0146706
770.948 0.866896 0.0157409
771.26 0.866813 0.0167289
771.571 0.86673 0.0169114
771.882 0.866648 0.0164997
772.193 0.866566 0.0166661
772.504 0.866485 0.0170824
772.814 0.866404 0.0174224
773.125 0.866323 0.0177822
773.436 0.866243 0.0182921
773.747 0.866163 0.018703
774.057 0.866084 0.0191023
774.368 0.866005 0.0194018
774.678 0.865927 0.0199067
774.989 0.865848 0.0202182
775.299 0.865771 0.0208977
775.609 0.865695 0.0206638
775.919 0.865618 0.0204934
776.23 0.865542 0.0205173
776.54 0.865467 0.0203427
776.85 0.865393 0.0205557
777.16 0.865319 0.0199442
777.47 0.865246 0.0189072
777.78 0.865173 0.0180731
778.089 0.865102 0.017164
778.399 0.86503 0.0170546
778.709 0.86496 0.0178407
779.019 0.86489 0.0190119
779.328 0.864821 0.0200396
779.638 0.864753 0.0197739
779.947 0.864685 0.0180249
780.257 0.864618 0.0164422
780.566 0.864552 0.0158262
780.875 0.864487 0.0161873
781.185 0.864422 0.0172133
781.494 0.864358 0.017497
781.803 0.864294 0.0179639
782.112 0.864231 0.0182261
782.421 0.864168 0.017986
782.73 0.864105 0.0175117
783.039 0.864043 0.0177333
783.348 0.86398 0.019148
783.656 0.863918 0.0201992
783.965 0.863856 0.0205014
784.274 0.863794 0.0197218
784.582 0.863732 0.0191086
784.891 0.863669 0.0189952
785.199 0.863607 0.0192823
785.508 0.863544 0.0198127
785.816 0.863481 0.0201721
786.124 0.863417 0.0197261
786.432 0.863353 0.0187568
786.741 0.863288 0.0180392
787.049 0.863223 0.0179319
787.357 0.863157 0.0182057
787.665 0.863091 0.0180953
787.973 0.863023 0.0182592
788.281 0.862955 0.0186386
788.588 0.862887 0.0196301
788.896 0.862817 0.0208501
789.204 0.862746 0.0216963
789.511 0.862674 0.0217542
789.819 0.8626 0.0221497
790.126 0.862526 0.0221581
790.434 0.862451 0.022152
790.741 0.862374 0.0220951
791.049 0.862296 0.0220708
791.356 0.862218 0.0227861
791.663 0.862139 0.0231962
791.97 0.862059 0.0232554
792.277 0.861979 0.0228223
792.584 0.861898 0.0216178
792.891 0.861817 0.0191196
793.198 0.861736 0.0177471
793.505 0.861655 0.017399
793.812 0.861573 0.0178902
794.119 0.861492 0.0183007
794.425 0.861411 0.0188434
794.732 0.861331 0.0197014
795.038 0.861251 0.0217648
795.345 0.861171 0.023404
795.651 0.861092 0.0246576
795.958 0.861014 0.0247066
796.264 0.860937 0.0230542
796.57 0.860861 0.0222098
796.876 0.860786 0.0220181
797.183 0.860712 0.0224242
797.489 0.860639 0.0233436
797.795 0.860568 0.0235515
798.101 0.860498 0.0234464
798.406 0.860431 0.02357
798.712 0.860364 0.0242653
799.018 0.8603 0.0246435
799.324 0.860238 0.0247072
799.629 0.860177 0.0248178
799.935 0.860119 0.025001
800.24 0.860063 0.0254758
800.546 0.86001 0.0254837
800.851 0.859958 0.0257149
801.157 0.859909 0.0268157
801.462 0.859862 0.027075
801.767 0.859817 0.0272031
802.072 0.859773 0.0261472
802.377 0.859732 0.0251606
802.682 0.859692 0.0247547
802.987 0.859654 0.0254417
803.292 0.859618 0.0260916
803.597 0.859583 0.0263132
803.902 0.85955 0.0262465
804.207 0.859519 0.0260817
804.511 0.859489 0.0256816
804.816 0.85946 0.0241297
805.12 0.859432 0.0225456
805.425 0.859406 0.0212349
805.729 0.859381 0.021401
806.034 0.859357 0.022229
806.338 0.859334 0.0234956
806.642 0.859312 0.0240935
806.946 0.859291 0.0238495
807.251 0.859271 0.0240685
807.555 0.859251 0.0236852
807.859 0.859233 0.0235051
808.162 0.859215 0.024187
808.466 0.859197 0.02501
808.77 0.859181 0.0256724
809.074 0.859164 0.0265501
809.378 0.859148 0.0265961
809.681 0.859133 0.0263864
809.985 0.859117 0.026813
810.288 0.859102 0.0271118
810.592 0.859087 0.0269083
810.895 0.859073 0.0275471
811.198 0.859059 0.028765
811.502 0.859045 0.0291831
811.805 0.859032 0.0299846
812.108 0.85902 0.0286192
812.411 0.859008 0.0277713
812.714 0.858997 0.0258756
813.017 0.858986 0.0244877
813.32 0.858977 0.0244511
813.623 0.858968 0.0252234
813.926 0.85896 0.0270504
814.228 0.858953 0.0284969
814.531 0.858947 0.0294105
814.833 0.858943 0.0291844
815.136 0.858939 0.0293617
815.438 0.858937 0.0296967
815.741 0.858936 0.0284653
816.043 0.858936 0.0281191
816.345 0.858938 0.02793
816.648 0.858941 0.0281576
816.95 0.858946 0.0285899
817.252 0.858952 0.0292323
817.554 0.85896 0.0292949
817.856 0.85897 0.0299207
818.158 0.858981 0.0301808
818.46 0.858994 0.0309464
818.761 0.859009 0.0308338
819.063 0.859026 0.0302989
819.365 0.859045 0.0294042
819.666 0.859066 0.0279342
819.968 0.859089 0.027013
820.269 0.859114 0.0267214
820.571 0.859141 0.0274224
820.872 0.85917 0.0284599
821.173 0.859201 0.029591
821.475 0.859233 0.0307302
821.776 0.859267 0.0305717
822.077 0.859302 0.0303942
822.378 0.859338 0.030607
822.679 0.859376 0.0311086
822.98 0.859414 0.0308204
823.281 0.859453 0.0318207
823.581 0.859493 0.0315004
823.882 0.859533 0.0319042
824.183 0.859574 0.0315813
824.483 0.859615 0.0304591
824.784 0.859656 0.0292086
825.084 0.859697 0.0297329
825.385 0.859738 0.0301234
825.685 0.859779 0.030772
825.985 0.859819 0.0305096
826.286 0.859859 0.0300913
826.586 0.859897 0.0295017
826.886 0.859935 0.0295572
827.186 0.859973 0.0299917
827.486 0.860009 0.0309998
827.786 0.860043 0.0314728
828.086 0.860077 0.0311571
828.386 0.860109 0.0307505
828.685 0.860139 0.0305809
828.985 0.860167 0.0314953
829.285 0.860194 0.0317132
829.584 0.860218 0.0322261
829.884 0.860241 0.0327178
830.183 0.860261 0.0344237
830.482 0.860279 0.0340484
830.782 0.860295 0.0341934
831.081 0.860309 0.0354879
831.38 0.860322 0.0343407
831.679 0.860334 0.0344188
831.978 0.860344 0.0344739
832.277 0.860354 0.0333631
832.576 0.860364 0.0327357
832.875 0.860373 0.0327159
833.174 0.860383 0.0325108
833.472 0.860393 0.032757
833.771 0.860403 0.0332029
834.07 0.860415 0.0324141
834.368 0.860427 0.0327315
834.667 0.860441 0.0335961
834.965 0.860456 0.0341008
835.263 0.860473 0.0341471
835.562 0.860492 0.0341629
835.86 0.860514 0.0338481
836.158 0.860538 0.0342336
836.456 0.860565 0.0351359
836.754 0.860595 0.0350383
837.052 0.860628 0.0361516
837.35 0.860665 0.0354514
837.648 0.860706 0.0359224
837.946 0.860751 0.0362294
838.243 0.8608 0.0362408
838.541 0.860854 0.0352898
838.839 0.860912 0.0353427
839.136 0.860976 0.0352696
839.434 0.861045 0.0350566
839.731 0.861119 0.0360017
840.028 0.861199 0.0351785
840.326 0.861285 0.0356226
840.623 0.861377 0.035592
840.92 0.861475 0.0359366
841.217 0.861577 0.0369476
841.514 0.861685 0.0371565
841.811 0.861798 0.0359323
842.108 0.861916 0.0369911
842.405 0.862038 0.0372698
842.701 0.862164 0.0374444
842.998 0.862294 0.0362943
843.295 0.862429 0.0370907
843.591 0.862567 0.0371748
843.888 0.862708 0.0367479
844.184 0.862853 0.0369639
844.481 0.863001 0.0363608
844.777 0.863151 0.0365421
845.073 0.863304 0.0368208
845.369 0.863459 0.0371935
845.665 0.863617 0.0377406
845.962 0.863777 0.0370035
846.258 0.863938 0.0377237
846.553 0.864101 0.037782
846.849 0.864265 0.0378507
847.145 0.86443 0.0366241
847.441 0.864597 0.0368474
847.737 0.864764 0.0365456
848.032 0.864931 0.0372473
848.328 0.865099 0.0374222
848.623 0.865267 0.0379255
848.919 0.865435 0.0370841
849.214 0.865603 0.0366646
849.509 0.86577 0.0372151
849.805 0.865937 0.0379654
850.1 0.866102 0.038818
850.395 0.866266 0.038693
850.69 0.86643 0.038966
850.985 0.866592 0.0375867
851.28 0.866754 0.0374342
851.575 0.866915 0.0378949
851.869 0.867074 0.0377689
852.164 0.867233 0.0372097
852.459 0.867392 0.0361923
852.753 0.867549 0.0356919
853.048 0.867707 0.0338432
853.342 0.867863 0.0336113
853.637 0.868019 0.0342183
853.931 0.868174 0.0338542
854.225 0.868329 0.0337084
854.52 0.868484 0.0349675
854.814 0.868638 0.0350868
855.108 0.868791 0.0339514
855.402 0.868944 0.0345757
855.696 0.869098 0.0355686
855.99 0.869251 0.0361454
856.283 0.869403 0.0353553
856.577 0.869555 0.0361669
856.871 0.869708 0.0358842
857.164 0.86986 0.0362776
857.458 0.870013 0.0374859
857.751 0.870165 0.036839
858.045 0.870318 0.0363952
858.338 0.87047 0.0369931
858.632 0.870623 0.0361494
858.925 0.870776 0.0371014
859.218 0.870929 0.0369466
859.511 0.871082 0.0384964
859.804 0.871236 0.0381147
860.097 0.87139 0.0371083
860.39 0.871545 0.0382007
860.683 0.8717 0.0380423
860.976 0.871855 0.0383505
861.268 0.872011 0.0377611
861.561 0.872167 0.0388467
861.854 0.872324 0.0400077
862.146 0.87248 0.0385902
862.439 0.872637 0.0383849
862.731 0.872795 0.0374483
863.023 0.872952 0.0386648
863.316 0.87311 0.0379707
863.608 0.873269 0.0381726
863.9 0.873427 0.0382003
864.192 0.873586 0.0372977
864.484 0.873745 0.0381934
864.776 0.873904 0.0385358
865.068 0.874064 0.0383008
865.36 0.874224 0.0382041
865.651 0.874384 0.0392112
865.943 0.874544 0.03849
866.235 0.874705 0.0386886
866.526 0.874866 0.039735
866.818 0.875027 0.0384057
867.109 0.875188 0.0381738
867.4 0.875349 0.0389121
867.692 0.875511 0.0391282
867.983 0.875672 0.038753
868.274 0.875834 0.0392427
868.565 0.875996 0.0387457
868.856 0.876158 0.0390028
869.147 0.87632 0.0389007
869.438 0.876483 0.0387995
869.729 0.876645 0.0390353
870.02 0.876808 0.0405782
870.31 0.876971 0.0393162
870.601 0.877134 0.0387532
870.892 0.877297 0.0383589
871.182 0.877459 0.038201
871.473 0.877623 0.0390351
871.763 0.877786 0.0381027
872.053 0.877949 0.0385551
872.343 0.878112 0.0384992
872.634 0.878275 0.0388899
872.924 0.878438 0.0381206
873.214 0.878602 0.0389044
873.504 0.878765 0.0394303
873.794 0.878928 0.0404192
874.084 0.879092 0.0403062
874.373 0.879254 0.0392955
874.663 0.879418 0.0383685
874.953 0.879581 0.0396485
875.242 0.879744 0.0391183
875.532 0.879907 0.0388005
875.821 0.88007 0.0390453
876.111 0.880233 0.0389008
876.4 0.880396 0.039391
876.689 0.880559 0.0391329
876.978 0.880721 0.0391509
877.268 0.880885 0.0392241
877.557 0.881047 0.0396804
877.846 0.881209 0.0395511
878.134 0.881371 0.0399138
878.423 0.881533 0.0399211
878.712 0.881696 0.0399284
