178.41 1.04252 0.15794
178.791 1.04912 0.15894
179.172 1.05568 0.159933
179.553 0.293986 0.293986
179.934 0.438044 0.438044
180.316 0.807564 0.807564
180.697 0.47296 0.47296
181.078 0.81441 0.81441
181.459 0.698795 0.698795
181.84 0.62147 0.62147
182.221 3.46365 3.46365
182.602 0.655878 0.655878
182.983 1.08668 0.472023
183.364 0.625659 0.140359
183.744 0.53257 0.0817599
184.125 0.610989 0.0759653
184.506 0.614435 0.0624057
184.887 0.518784 0.0511347
185.268 0.528323 0.0444252
185.648 0.539994 0.0434773
186.029 0.562079 0.0423094
186.41 0.666451 0.0448659
186.791 0.637764 0.0421796
187.171 0.55433 0.0336353
187.552 0.560897 0.0275274
187.932 0.581939 0.0285504
188.313 0.541304 0.0257178
188.694 0.553844 0.0259992
189.074 0.533811 0.0246087
189.455 0.522847 0.0236788
189.835 0.580453 0.0256536
190.216 0.543862 0.0241776
190.596 0.552262 0.0233163
190.977 0.541798 0.022915
191.357 0.535321 0.0228449
191.737 0.582645 0.0235355
192.118 0.566806 0.0230996
192.498 0.534942 0.0217447
192.878 0.563032 0.02248
193.258 0.574194 0.0223099
193.639 0.560758 0.0217739
194.019 0.57751 0.0222915
194.399 0.553947 0.0216437
194.779 0.527632 0.0202768
195.159 0.574767 0.0217765
195.54 0.558623 0.0208252
195.92 0.559722 0.0209073
196.3 0.541263 0.0202618
196.68 0.558814 0.0206904
197.06 0.544671 0.020305
197.44 0.533427 0.0199015
197.82 0.551327 0.0200737
198.2 0.548336 0.0200099
198.58 0.543243 0.019391
198.959 0.528025 0.0190829
199.339 0.55051 0.0195695
199.719 0.533402 0.0188941
200.099 0.536158 0.0189883
200.479 0.535582 0.0189245
200.858 0.549969 0.0188943
201.238 0.541264 0.0184513
201.618 0.543682 0.0187
201.998 0.52349 0.0179101
202.377 0.523128 0.0179036
202.757 0.505936 0.0173757
203.136 0.524821 0.0175822
203.516 0.490758 0.0167488
203.896 0.507067 0.0168152
204.275 0.502366 0.0164068
204.655 0.494265 0.0163049
205.034 0.493227 0.0160963
205.414 0.471858 0.0155466
205.793 0.47606 0.0154758
206.172 0.49809 0.0158442
206.552 0.490714 0.0154583
206.931 0.465678 0.014828
207.31 0.468843 0.014718
207.69 0.476874 0.0147249
208.069 0.460843 0.0142837
208.448 0.457936 0.0140592
208.827 0.466615 0.0141103
209.207 0.467281 0.0140834
209.586 0.446773 0.0134106
209.965 0.460713 0.0135752
210.344 0.437323 0.0130332
210.723 0.448907 0.0130425
211.102 0.438548 0.0126681
211.481 0.441966 0.0126502
211.86 0.440087 0.0124977
212.239 0.432508 0.0122644
212.618 0.441992 0.0122189
212.997 0.427964 0.0118273
213.376 0.44302 0.0119906
213.755 0.436765 0.0117384
214.134 0.43542 0.0115616
214.513 0.41178 0.0110613
214.891 0.418456 0.0110762
215.27 0.416381 0.010841
215.649 0.420281 0.0108021
216.028 0.412041 0.0105109
216.406 0.420966 0.0105135
216.785 0.410219 0.0102095
217.164 0.415049 0.0101667
217.542 0.405955 0.00984386
217.921 0.421376 0.00990069
218.3 0.418461 0.00983144
218.678 0.418364 0.00967568
219.057 0.417715 0.00949602
219.435 0.417222 0.00933446
219.814 0.422586 0.00932504
220.192 0.419468 0.00914081
220.57 0.428358 0.00912887
220.949 0.42192 0.00890799
221.327 0.424823 0.00878996
221.705 0.426418 0.00871628
222.084 0.423759 0.00850055
222.462 0.434026 0.00850041
222.84 0.429281 0.00838403
223.218 0.433081 0.00821138
223.597 0.435113 0.00814746
223.975 0.431227 0.00796497
224.353 0.451952 0.00806456
224.731 0.443262 0.00785795
225.109 0.447257 0.00773385
225.487 0.453535 0.00767724
225.865 0.462353 0.00763296
226.243 0.467417 0.00757722
226.621 0.466941 0.00747362
226.999 0.469217 0.00733834
227.377 0.484919 0.00738768
227.755 0.48557 0.00729619
228.133 0.495216 0.00727473
228.511 0.494689 0.00718432
228.889 0.502449 0.007102
229.266 0.499736 0.00701558
229.644 0.509993 0.00694769
230.022 0.510392 0.00686043
230.4 0.51199 0.00680641
230.777 0.523607 0.0068177
231.155 0.528851 0.00676269
231.533 0.531957 0.00668649
231.91 0.536508 0.00662413
232.288 0.542844 0.00659999
232.665 0.547707 0.00654414
233.043 0.557295 0.00653886
233.42 0.557402 0.0064511
233.798 0.560667 0.00642266
234.175 0.572377 0.00640486
234.553 0.572045 0.00633483
234.93 0.580838 0.00631939
235.307 0.581898 0.00627392
235.685 0.587651 0.00625338
236.062 0.588094 0.00618264
236.439 0.599667 0.0062123
236.816 0.601492 0.00614566
237.194 0.601699 0.00608164
237.571 0.606386 0.00605212
237.948 0.610123 0.00603867
238.325 0.614676 0.00599407
238.702 0.616959 0.00596974
239.079 0.619352 0.00592196
239.456 0.625192 0.00591007
239.833 0.625727 0.00587446
240.21 0.632233 0.00585038
240.587 0.63442 0.00583335
240.964 0.636263 0.00579415
241.341 0.640642 0.00576493
241.718 0.637508 0.00569638
242.095 0.64606 0.00573275
242.472 0.650025 0.00570473
242.849 0.648666 0.00565622
243.225 0.649972 0.00561256
243.602 0.653333 0.00559871
243.979 0.657245 0.00559605
244.356 0.666417 0.00561184
244.732 0.661271 0.0055332
245.109 0.658652 0.00548356
245.486 0.666833 0.00550983
245.862 0.671842 0.00550317
246.239 0.669163 0.00543621
246.615 0.672945 0.00544166
246.992 0.672577 0.00540033
247.368 0.679126 0.00542652
247.745 0.677914 0.00537597
248.121 0.679198 0.00534438
248.497 0.68087 0.00534231
248.874 0.681072 0.00531074
249.25 0.681982 0.00526751
249.626 0.686382 0.00527574
250.003 0.684922 0.0052392
250.379 0.679926 0.00516922
250.755 0.688566 0.00520647
251.131 0.688196 0.00516854
251.507 0.68881 0.00516396
251.884 0.691003 0.00513666
252.26 0.69472 0.00515177
252.636 0.694173 0.00510286
253.012 0.691269 0.00507361
253.388 0.697346 0.00508052
253.764 0.69905 0.00506592
254.14 0.693712 0.00503453
254.516 0.699072 0.00504705
254.892 0.69508 0.00500716
255.268 0.698478 0.00501405
255.643 0.698853 0.00499434
256.019 0.700432 0.00499628
256.395 0.700194 0.00498501
256.771 0.696465 0.00493547
257.147 0.703671 0.0049553
257.522 0.698595 0.00492957
257.898 0.705175 0.00494459
258.274 0.702719 0.00492321
258.649 0.705695 0.0049306
259.025 0.700276 0.00488466
259.4 0.703607 0.00489361
259.776 0.705902 0.00488644
260.151 0.710472 0.00491872
260.527 0.711509 0.00490037
260.902 0.705551 0.00486655
261.278 0.706522 0.0048596
261.653 0.70342 0.00484879
262.028 0.707063 0.004866
262.404 0.704391 0.00483453
262.779 0.705295 0.00482552
263.154 0.710479 0.00483469
263.53 0.707588 0.00481168
263.905 0.708249 0.00482327
264.28 0.709103 0.00482368
264.655 0.706387 0.00480043
265.03 0.704869 0.00481007
265.405 0.707788 0.00480396
265.781 0.710144 0.00481766
266.156 0.712801 0.00482149
266.531 0.703981 0.00476628
266.906 0.713222 0.00482395
267.281 0.709949 0.00478906
267.655 0.710097 0.00480747
268.03 0.708303 0.00480406
268.405 0.710458 0.00480496
268.78 0.712211 0.00481077
269.155 0.713143 0.00480321
269.53 0.711586 0.00481452
269.904 0.71105 0.00480727
270.279 0.715453 0.00482519
270.654 0.71143 0.00479793
271.029 0.711696 0.00480792
271.403 0.710034 0.00478873
271.778 0.714873 0.00481867
272.152 0.712997 0.00481692
272.527 0.714714 0.00481849
272.901 0.714029 0.00479733
273.276 0.710927 0.00477599
273.65 0.715949 0.00480789
274.025 0.711044 0.00477894
274.399 0.716952 0.00482175
274.774 0.719805 0.00482016
275.148 0.717952 0.00479873
275.522 0.718484 0.00481336
275.897 0.717493 0.00480744
276.271 0.713958 0.00480037
276.645 0.714044 0.00478675
277.019 0.713321 0.00477136
277.393 0.713067 0.00475764
277.768 0.714647 0.00478544
278.142 0.711359 0.00476962
278.516 0.707095 0.00476369
278.89 0.712124 0.00477117
279.264 0.717988 0.00480614
279.638 0.713772 0.00476883
280.012 0.716338 0.0047858
280.386 0.715632 0.00480845
280.76 0.716083 0.00479168
281.133 0.717929 0.00480665
281.507 0.715248 0.00479382
281.881 0.717294 0.00478969
282.255 0.719479 0.0048037
282.629 0.7164 0.00480732
283.002 0.713028 0.00479859
283.376 0.716109 0.00479578
283.75 0.716621 0.00481378
284.123 0.714744 0.00479071
284.497 0.714052 0.00479711
284.87 0.719715 0.00482102
285.244 0.717241 0.00480387
285.618 0.715453 0.0048102
285.991 0.714972 0.00482889
286.364 0.717697 0.00483628
286.738 0.716767 0.00483225
287.111 0.725019 0.00486204
287.485 0.714756 0.00483024
287.858 0.718884 0.00486225
288.231 0.716918 0.00484708
288.605 0.718243 0.00486486
288.978 0.717795 0.00485298
289.351 0.721942 0.00489228
289.724 0.717299 0.00487635
290.097 0.718426 0.00488601
290.47 0.722361 0.0049152
290.843 0.715033 0.00488849
291.217 0.716844 0.00489565
291.59 0.720441 0.00494192
291.963 0.722142 0.00493684
292.336 0.715851 0.00493099
292.708 0.719419 0.00495268
293.081 0.724712 0.00499375
293.454 0.718718 0.00495114
293.827 0.717087 0.00496022
294.2 0.721207 0.00500689
294.573 0.720951 0.00499003
294.945 0.717943 0.00500903
295.318 0.725601 0.00503373
295.691 0.722967 0.00503682
296.064 0.720426 0.00503718
296.436 0.71725 0.00502253
296.809 0.720159 0.00501918
297.181 0.721904 0.00505222
297.554 0.724696 0.00506972
297.926 0.724895 0.00507444
298.299 0.720633 0.0050649
298.671 0.720678 0.00504301
299.044 0.72443 0.00508382
299.416 0.724426 0.0050915
299.788 0.719387 0.00506588
300.161 0.724678 0.00510684
300.533 0.72197 0.00509019
300.905 0.72082 0.00506677
301.278 0.724371 0.00508991
301.65 0.719597 0.00506742
302.022 0.722377 0.00508827
302.394 0.721908 0.00509482
302.766 0.723735 0.00509407
303.138 0.724298 0.00511608
303.51 0.721636 0.00509338
303.882 0.719677 0.00508007
304.254 0.724197 0.00510601
304.626 0.7209 0.00507907
304.998 0.721473 0.00507958
305.37 0.725923 0.0051237
305.742 0.720007 0.00508365
306.114 0.71862 0.00507656
306.485 0.720678 0.00508496
306.857 0.723227 0.00509031
307.229 0.721938 0.00510355
307.601 0.721418 0.00510031
307.972 0.720209 0.00509079
308.344 0.718317 0.00507773
308.716 0.720017 0.0051047
309.087 0.724075 0.00511262
309.459 0.717921 0.00509858
309.83 0.717691 0.00509843
310.202 0.715447 0.00508218
310.573 0.720124 0.00510174
310.945 0.716471 0.00508525
311.316 0.719981 0.00512208
311.687 0.717972 0.00509442
312.059 0.717904 0.00511205
312.43 0.717967 0.00510299
312.801 0.720939 0.00513158
313.172 0.719836 0.00513081
313.544 0.719934 0.00513645
313.915 0.713908 0.00508239
314.286 0.717041 0.00511565
314.657 0.712921 0.00508963
315.028 0.714185 0.00510491
315.399 0.715406 0.00510757
315.77 0.717385 0.0051074
316.141 0.718612 0.00513304
316.512 0.717317 0.00512765
316.883 0.715887 0.00513288
317.254 0.716327 0.00512928
317.625 0.718316 0.00516805
317.996 0.716491 0.00513321
318.366 0.715203 0.00514133
318.737 0.710422 0.00511896
319.108 0.715191 0.00515385
319.478 0.715566 0.00515691
319.849 0.71613 0.00515649
320.22 0.71437 0.00515522
320.59 0.711176 0.00514074
320.961 0.711143 0.00514946
321.331 0.713386 0.00515825
321.702 0.712011 0.00517938
322.072 0.717557 0.00521524
322.443 0.714009 0.00519202
322.813 0.708082 0.00516083
323.184 0.712498 0.00519142
323.554 0.713242 0.00521062
323.924 0.710641 0.00519843
324.295 0.717306 0.00524809
324.665 0.712845 0.00523555
325.035 0.708986 0.00521454
325.405 0.71366 0.00525322
325.775 0.715688 0.00528626
326.145 0.712849 0.00527071
326.515 0.709935 0.00526964
326.886 0.714382 0.00531284
327.256 0.711651 0.00530773
327.626 0.706707 0.00532197
327.995 0.705461 0.00533039
328.365 0.696537 0.00530397
328.735 0.690005 0.00530557
329.105 0.692119 0.00537126
329.475 0.699805 0.00544342
329.845 0.726591 0.00562683
330.215 0.74672 0.00568285
330.584 0.756727 0.00566566
330.954 0.747587 0.00549826
331.324 0.730112 0.00528065
331.693 0.709683 0.0051169
332.063 0.701862 0.00503382
332.432 0.696254 0.00498781
332.802 0.699389 0.00504007
333.171 0.704296 0.00512409
333.541 0.70392 0.0052183
333.91 0.703444 0.00524303
334.28 0.701692 0.0052665
334.649 0.70341 0.00528822
335.018 0.705151 0.00531281
335.388 0.708157 0.00534131
335.757 0.705103 0.00533054
336.126 0.705004 0.00534932
336.495 0.70217 0.00532051
336.865 0.705697 0.00535594
337.234 0.708334 0.00539628
337.603 0.706076 0.00537668
337.972 0.708193 0.00539714
338.341 0.705999 0.00537995
338.71 0.70354 0.00536692
339.079 0.707632 0.00540203
339.448 0.70659 0.00538953
339.817 0.708412 0.00540981
340.186 0.704297 0.00539749
340.554 0.704922 0.00539281
340.923 0.703701 0.0053994
341.292 0.699084 0.00538673
341.661 0.705922 0.0054198
342.029 0.704631 0.00540547
342.398 0.701443 0.00540047
342.767 0.697504 0.005406
343.135 0.704734 0.00542988
343.504 0.703071 0.00544037
343.872 0.703797 0.00542293
344.241 0.701984 0.00542862
344.609 0.70243 0.00545192
344.978 0.702286 0.00544585
345.346 0.701518 0.00542241
345.715 0.701128 0.00544186
346.083 0.704037 0.00546529
346.451 0.700337 0.00544226
346.82 0.702211 0.00546779
347.188 0.7004 0.00545041
347.556 0.704047 0.00549278
347.924 0.702513 0.00548015
348.292 0.700071 0.00548305
348.66 0.699846 0.00547734
349.028 0.69821 0.00547782
349.396 0.694928 0.00548646
349.764 0.697657 0.0054903
350.132 0.699281 0.00549385
350.5 0.696768 0.00549293
350.868 0.697027 0.00550393
351.236 0.697091 0.0054998
351.604 0.695533 0.005515
351.972 0.70083 0.00554224
352.34 0.696969 0.00553498
352.707 0.699536 0.0055476
353.075 0.696508 0.00553705
353.443 0.693803 0.00553889
353.81 0.696153 0.00556205
354.178 0.699776 0.00557964
354.545 0.697626 0.00555741
354.913 0.70141 0.00559616
355.28 0.694648 0.00556988
355.648 0.693005 0.00555153
356.015 0.693528 0.00556335
356.383 0.693316 0.00555615
356.75 0.690073 0.00555727
357.117 0.691761 0.00556715
357.485 0.691963 0.00557187
357.852 0.699259 0.00563984
358.219 0.693073 0.00558697
358.586 0.691073 0.00557797
358.954 0.693497 0.00561124
359.321 0.686665 0.00557003
359.688 0.693226 0.00562413
360.055 0.692579 0.0056135
360.422 0.693067 0.00562362
360.789 0.693853 0.00563651
361.156 0.690002 0.00561589
361.523 0.690588 0.00564101
361.89 0.689453 0.00562954
362.256 0.68624 0.00559394
362.623 0.693632 0.00568
362.99 0.684265 0.00561451
363.357 0.689889 0.00566056
363.724 0.68614 0.00564759
364.09 0.68595 0.00563543
364.457 0.693154 0.00570725
364.823 0.685374 0.00563867
365.19 0.685874 0.00564912
365.557 0.687478 0.00564694
365.923 0.688843 0.00567128
366.29 0.691436 0.0056998
366.656 0.686608 0.0056565
367.022 0.686885 0.00565058
367.389 0.691836 0.0056963
367.755 0.686315 0.00570053
368.121 0.685878 0.00569641
368.488 0.685037 0.00568522
368.854 0.688137 0.0057197
369.22 0.686472 0.0057397
369.586 0.687234 0.00576244
369.952 0.688313 0.00577951
370.318 0.682618 0.00575827
370.684 0.686422 0.00579113
371.051 0.682035 0.00577419
371.416 0.689428 0.00584128
371.782 0.683109 0.00579706
372.148 0.687357 0.00582703
372.514 0.682385 0.00581839
372.88 0.683278 0.0058393
373.246 0.682121 0.00582899
373.612 0.691018 0.00586413
373.977 0.682152 0.00581323
374.343 0.681099 0.00579039
374.709 0.681406 0.0057729
375.074 0.682356 0.00579422
375.44 0.682418 0.00581931
375.806 0.683417 0.00585571
376.171 0.679831 0.00581079
376.537 0.681145 0.00581109
376.902 0.681614 0.00582332
377.268 0.682547 0.00580338
377.633 0.679936 0.00578166
377.998 0.678253 0.00575238
378.364 0.686094 0.00576052
378.729 0.682053 0.0057532
379.094 0.687424 0.00580108
379.459 0.68606 0.00587296
379.825 0.68079 0.00582443
380.19 0.681552 0.00583673
380.555 0.679927 0.00587073
380.92 0.686356 0.00597212
381.285 0.677942 0.00592419
381.65 0.675066 0.0058656
382.015 0.678338 0.00588846
382.38 0.67951 0.00591644
382.745 0.676428 0.0059392
383.11 0.678761 0.00596552
383.474 0.675793 0.00593489
383.839 0.68036 0.00596564
384.204 0.678662 0.00597742
384.569 0.676545 0.0059754
384.933 0.679301 0.00600498
385.298 0.676011 0.00599976
385.663 0.672354 0.00596654
386.027 0.66744 0.0059324
386.392 0.670524 0.00592072
386.756 0.668779 0.00588328
387.121 0.67354 0.00590249
387.485 0.67898 0.00590806
387.849 0.673712 0.00585755
388.214 0.679834 0.00594939
388.578 0.673955 0.0059534
388.942 0.675455 0.00599038
389.307 0.670676 0.00596371
389.671 0.673178 0.00599682
390.035 0.669416 0.0059528
390.399 0.671763 0.00594923
390.763 0.666627 0.0058915
391.127 0.669167 0.00588143
391.492 0.667154 0.00579181
391.856 0.664816 0.00571501
392.219 0.666856 0.00568107
392.583 0.675648 0.00575097
392.947 0.68203 0.00590274
393.311 0.671315 0.00591024
393.675 0.674183 0.0059407
394.039 0.673339 0.00597374
394.403 0.674689 0.0059827
394.766 0.665905 0.00595978
395.13 0.672308 0.0060042
395.494 0.66245 0.00595765
395.857 0.666801 0.00595108
396.221 0.663955 0.00591148
396.584 0.664138 0.00586801
396.948 0.664186 0.00580487
397.311 0.657369 0.00568995
397.675 0.66625 0.00569732
398.038 0.667043 0.00570348
398.401 0.672196 0.00580685
398.765 0.670318 0.0058884
399.128 0.673128 0.00598503
399.491 0.666717 0.00600178
399.854 0.660572 0.00598256
400.218 0.66589 0.00602407
400.581 0.659886 0.00601393
400.944 0.664757 0.00606565
401.307 0.668639 0.00615654
401.67 0.664616 0.00612016
402.033 0.657931 0.00610706
402.396 0.662541 0.00613183
402.759 0.661853 0.00613611
403.122 0.660527 0.00610005
403.485 0.666506 0.00612602
403.847 0.658078 0.00603652
404.21 0.662129 0.00602378
404.573 0.66401 0.00602575
404.936 0.661444 0.00598447
405.298 0.668619 0.00608288
405.661 0.66697 0.00616055
406.023 0.668939 0.00625712
406.386 0.664329 0.0062576
406.749 0.664007 0.00628469
407.111 0.659172 0.00625374
407.473 0.64992 0.00611033
407.836 0.657953 0.00613901
408.198 0.656483 0.00609482
408.561 0.660872 0.00613276
408.923 0.661496 0.0061447
409.285 0.661476 0.00615596
409.647 0.665044 0.00622663
410.009 0.662558 0.00627376
410.372 0.660645 0.00625557
410.734 0.659345 0.00628084
411.096 0.653852 0.00624364
411.458 0.659864 0.00627077
411.82 0.658772 0.00622447
412.182 0.655803 0.0061633
412.544 0.65849 0.00618973
412.906 0.658528 0.00617895
413.267 0.660626 0.00621091
413.629 0.657567 0.00624529
413.991 0.656721 0.00627061
414.353 0.658478 0.00629628
414.714 0.660149 0.00637067
415.076 0.651253 0.00631188
415.438 0.658612 0.00634053
415.799 0.659511 0.00631954
416.161 0.655496 0.00635552
416.522 0.653765 0.00637324
416.884 0.6535 0.00637591
417.245 0.66036 0.00643294
417.607 0.649428 0.00636374
417.968 0.649236 0.00635563
418.329 0.653324 0.00636763
418.691 0.654771 0.00637257
419.052 0.653606 0.00636246
419.413 0.650216 0.00628884
419.774 0.646008 0.00624895
420.135 0.643562 0.00609826
420.497 0.645051 0.00600897
420.858 0.650202 0.00594969
421.219 0.655057 0.00599202
421.58 0.658996 0.00608664
421.941 0.665663 0.00622476
422.302 0.652983 0.00624788
422.662 0.658492 0.00630118
423.023 0.652156 0.00629846
423.384 0.647476 0.00629686
423.745 0.643908 0.00624159
424.106 0.650598 0.0062704
424.466 0.6545 0.00627695
424.827 0.664495 0.00641201
425.187 0.660504 0.00647361
425.548 0.653004 0.00649757
425.909 0.652242 0.00652812
426.269 0.644131 0.00644166
426.63 0.645142 0.006403
426.99 0.649276 0.00637076
427.35 0.648777 0.00639674
427.711 0.646594 0.0063407
428.071 0.641052 0.00626062
428.431 0.631714 0.00609612
428.792 0.631541 0.00588667
429.152 0.639914 0.00576268
429.512 0.648158 0.00578881
429.872 0.647653 0.00582671
430.232 0.657834 0.00597603
430.592 0.66395 0.00617412
430.952 0.662584 0.00634987
431.312 0.661939 0.00650468
431.672 0.649163 0.00651578
432.032 0.642108 0.00646048
432.392 0.636042 0.00634293
432.752 0.623588 0.00597156
433.111 0.635777 0.005895
433.471 0.662333 0.006111
433.831 0.664402 0.00636024
434.19 0.646166 0.00627317
434.55 0.64897 0.00628563
434.91 0.649943 0.00636372
435.269 0.640194 0.00622882
435.629 0.64297 0.00622855
435.988 0.642106 0.00619772
436.348 0.65078 0.00633487
436.707 0.646753 0.00641134
437.066 0.642951 0.00638897
437.426 0.637546 0.00628655
437.785 0.642298 0.00629225
438.144 0.646264 0.00630378
438.503 0.655207 0.006431
438.862 0.645281 0.00639393
439.222 0.648118 0.0064591
439.581 0.644992 0.00647116
439.94 0.635247 0.00633211
440.299 0.623628 0.00606245
440.658 0.629292 0.00593491
441.017 0.643298 0.00600254
441.376 0.651647 0.00611187
441.734 0.647559 0.00615525
442.093 0.638857 0.00611108
442.452 0.634079 0.00604447
442.811 0.640275 0.00604724
443.169 0.636639 0.00602778
443.528 0.649337 0.00621386
443.887 0.639569 0.0061709
444.245 0.644817 0.0062233
444.604 0.641336 0.00625814
444.962 0.640678 0.00628469
445.321 0.636689 0.00627094
445.679 0.634943 0.00622943
446.038 0.643582 0.00624876
446.396 0.64446 0.00633917
446.754 0.641183 0.00640955
447.112 0.645217 0.0064622
447.471 0.639409 0.00644042
447.829 0.636173 0.0064577
448.187 0.633294 0.00643162
448.545 0.638324 0.00643736
448.903 0.640164 0.00646332
449.261 0.640967 0.00648619
449.619 0.645981 0.00657317
449.977 0.638597 0.00656733
450.335 0.642929 0.00666177
450.693 0.640177 0.00666396
451.051 0.637571 0.0066372
451.409 0.638711 0.00666918
451.766 0.641113 0.00669023
452.124 0.644693 0.00680301
452.482 0.642323 0.00685776
452.839 0.642414 0.00693483
453.197 0.636928 0.00691735
453.555 0.637714 0.00695023
453.912 0.631187 0.00689641
454.27 0.621165 0.00673353
454.627 0.634582 0.00672544
454.984 0.640743 0.00677397
455.342 0.642532 0.00688742
455.699 0.642449 0.00696382
456.056 0.631446 0.00686295
456.414 0.628623 0.00678638
456.771 0.627293 0.00665523
457.128 0.636285 0.00667712
457.485 0.639261 0.00666951
457.842 0.63319 0.00667884
458.199 0.634461 0.00667781
458.556 0.634066 0.00661133
458.913 0.631635 0.00659891
459.27 0.637702 0.00659297
459.627 0.642315 0.00671304
459.984 0.628425 0.00659165
460.341 0.636201 0.00662377
460.697 0.634939 0.00669604
461.054 0.647881 0.00696319
461.411 0.641909 0.00707381
461.767 0.63608 0.00712465
462.124 0.630715 0.0070768
462.481 0.629898 0.00698763
462.837 0.625698 0.00685619
463.194 0.630857 0.0067403
463.55 0.62795 0.006768
463.907 0.621394 0.00655583
464.263 0.625829 0.00648861
464.619 0.626548 0.00636943
464.976 0.625783 0.00627739
465.332 0.631913 0.0063065
465.688 0.652465 0.00660487
466.044 0.645763 0.00680678
466.4 0.643212 0.00689902
466.756 0.630616 0.00687595
467.112 0.63348 0.00689149
467.468 0.630447 0.0068648
467.824 0.64076 0.00699172
468.18 0.639417 0.00707562
468.536 0.628264 0.0070195
468.892 0.63868 0.00719036
469.248 0.634898 0.00720083
469.604 0.633943 0.00723869
469.959 0.628906 0.00720732
470.315 0.632789 0.00722564
470.671 0.627575 0.00718862
471.026 0.623402 0.00710422
471.382 0.622907 0.00703346
471.737 0.625507 0.00699141
472.093 0.628258 0.00689746
472.448 0.617862 0.00670885
472.804 0.626403 0.00669746
473.159 0.631592 0.00666993
473.514 0.635846 0.00672637
473.87 0.62044 0.00654971
474.225 0.615174 0.00633549
474.58 0.620383 0.00623681
474.935 0.639009 0.00638358
475.29 0.636736 0.00645814
475.645 0.629208 0.00642635
476 0.62627 0.00641959
476.355 0.630818 0.00650086
476.71 0.623079 0.00645707
477.065 0.608671 0.00619608
477.42 0.619959 0.0061708
477.775 0.624885 0.00620273
478.13 0.62879 0.00627805
478.485 0.621165 0.00619466
478.839 0.613805 0.00608418
479.194 0.61431 0.0059307
479.549 0.614887 0.00586072
479.903 0.630103 0.00594861
480.258 0.624663 0.00596948
480.612 0.617128 0.00585599
480.967 0.611346 0.00569373
481.321 0.628665 0.00579233
481.675 0.632816 0.00592338
482.03 0.635197 0.00603919
482.384 0.621924 0.00600086
482.738 0.61577 0.00591416
483.093 0.616711 0.00587546
483.447 0.612744 0.00572934
483.801 0.606023 0.00551992
484.155 0.617404 0.00550042
484.509 0.517618 0.00438552
484.863 0.499643 0.00293676
485.217 0.588118 0.00289579
485.571 0.680165 0.00319461
485.925 0.785083 0.00437207
486.279 0.69732 0.00477791
486.632 0.629719 0.00491079
486.986 0.637027 0.00533911
487.34 0.640621 0.0057156
487.694 0.627369 0.00581406
488.047 0.614788 0.00578802
488.401 0.624546 0.00584117
488.754 0.617533 0.00584516
489.108 0.62806 0.00599097
489.461 0.62477 0.00600419
489.815 0.62055 0.0060463
490.168 0.616634 0.00596071
490.522 0.614945 0.00592721
490.875 0.619668 0.00595887
491.228 0.620844 0.00600554
491.581 0.616539 0.00594362
491.935 0.623897 0.00600109
492.288 0.621511 0.00601429
492.641 0.618669 0.00595797
492.994 0.617569 0.00594821
493.347 0.614103 0.00584913
493.7 0.617494 0.00586974
494.053 0.620671 0.00590496
494.406 0.629737 0.00604412
494.759 0.621256 0.00612569
495.111 0.601867 0.00584107
495.464 0.591752 0.00553759
495.817 0.612589 0.00553246
496.169 0.633529 0.00578411
496.522 0.645138 0.00610035
496.875 0.626343 0.00621157
497.227 0.616669 0.00622432
497.58 0.613398 0.00619697
497.932 0.613072 0.00612259
498.285 0.60819 0.00604249
498.637 0.600531 0.00585479
498.989 0.61379 0.00585317
499.342 0.62153 0.00593362
499.694 0.626116 0.00608714
500.046 0.613726 0.00607837
500.398 0.604586 0.00588521
500.751 0.617593 0.00589392
501.103 0.614527 0.00586053
501.455 0.619633 0.00589386
501.807 0.616039 0.00588556
502.159 0.618593 0.00590094
502.511 0.607153 0.00583161
502.862 0.614162 0.00589044
503.214 0.617936 0.00598927
503.566 0.616874 0.00610541
503.918 0.614923 0.00616171
504.27 0.611288 0.00613696
504.621 0.619471 0.00619298
504.973 0.621531 0.00623827
505.324 0.605917 0.00611963
505.676 0.602789 0.00599747
506.027 0.623297 0.00611509
506.379 0.630136 0.00635346
506.73 0.616768 0.00638154
507.082 0.609467 0.00629864
507.433 0.605789 0.0061633
507.784 0.613393 0.00615001
508.136 0.618913 0.00628541
508.487 0.622608 0.00636884
508.838 0.613002 0.00637877
509.189 0.610191 0.00635713
509.54 0.607049 0.00625599
509.891 0.613834 0.00636363
510.242 0.614931 0.00637641
510.593 0.611427 0.00639868
510.944 0.61223 0.00643868
511.295 0.628408 0.00665904
511.646 0.619096 0.00668271
511.996 0.602879 0.00652667
512.347 0.604298 0.0064852
512.698 0.615592 0.00656715
513.049 0.616366 0.00661176
513.399 0.609436 0.00660498
513.75 0.608246 0.0065788
514.1 0.622041 0.00677921
514.451 0.623021 0.00692563
514.801 0.606991 0.00680593
515.152 0.601045 0.00671266
515.502 0.608125 0.00664743
515.852 0.615089 0.0066495
516.202 0.618522 0.00665908
516.553 0.620905 0.00676944
516.903 0.613883 0.00683371
517.253 0.615322 0.00694493
517.603 0.60616 0.00689177
517.953 0.607518 0.00686596
518.303 0.606702 0.0067003
518.653 0.610313 0.00666515
519.003 0.620204 0.00677055
519.353 0.624147 0.00703498
519.703 0.615583 0.0071347
520.052 0.605091 0.00710991
520.402 0.60575 0.0070746
520.752 0.611495 0.00702672
521.102 0.619132 0.00718505
521.451 0.616481 0.00722069
521.801 0.611728 0.00717224
522.15 0.59898 0.0069795
522.5 0.608391 0.0070227
522.849 0.606467 0.00698956
523.199 0.607188 0.00692765
523.548 0.606616 0.00685782
523.897 0.614341 0.00698114
524.246 0.617921 0.00711799
524.596 0.616299 0.00720925
524.945 0.608806 0.00712352
525.294 0.612872 0.00714645
525.643 0.609254 0.00710944
525.992 0.608774 0.0070945
526.341 0.604919 0.0070279
526.69 0.61164 0.00712246
527.039 0.616033 0.00721766
527.388 0.609414 0.007229
527.737 0.591444 0.00690493
528.086 0.598717 0.00669165
528.434 0.604536 0.00660104
528.783 0.627673 0.00690997
529.132 0.617474 0.00698405
529.48 0.617458 0.00707382
529.829 0.609201 0.00706508
530.177 0.614251 0.00716711
530.526 0.609493 0.00715685
530.874 0.602413 0.00704733
531.223 0.604479 0.00704921
531.571 0.615308 0.00717332
531.919 0.603895 0.00703664
532.268 0.588623 0.00673495
532.616 0.600593 0.00658562
532.964 0.607035 0.00652263
533.312 0.614153 0.00656416
533.66 0.608896 0.0065655
534.008 0.603923 0.00652375
534.356 0.611799 0.00657049
534.704 0.61526 0.00664893
535.052 0.612849 0.00672514
535.4 0.61838 0.00689822
535.748 0.61077 0.00701886
536.095 0.609791 0.00719093
536.443 0.602449 0.00715642
536.791 0.591868 0.00694326
537.139 0.596766 0.00681141
537.486 0.602218 0.00668419
537.834 0.604541 0.00666159
538.181 0.60556 0.00662893
538.529 0.607664 0.00667784
538.876 0.605445 0.00664836
539.223 0.616046 0.0068197
539.571 0.616786 0.00696978
539.918 0.602298 0.00686302
540.265 0.601414 0.00672278
540.613 0.599431 0.00659625
540.96 0.611434 0.00674446
541.307 0.609694 0.00674713
541.654 0.599058 0.00668635
542.001 0.607749 0.00675565
542.348 0.603271 0.00672945
542.695 0.605716 0.0067516
543.042 0.597953 0.00660525
543.388 0.599742 0.00653147
543.735 0.60722 0.00656293
544.082 0.601127 0.00651998
544.429 0.607949 0.00658706
544.775 0.613387 0.00676216
545.122 0.618215 0.00699
545.469 0.602305 0.00701227
545.815 0.596535 0.00693821
546.162 0.598841 0.00689629
546.508 0.597163 0.00674523
546.854 0.588894 0.0064501
547.201 0.591499 0.00622767
547.547 0.615818 0.006336
547.893 0.62068 0.00650378
548.24 0.62812 0.00689304
548.586 0.613137 0.00709355
548.932 0.601618 0.00713113
549.278 0.59586 0.00710196
549.624 0.60031 0.00709035
549.97 0.608626 0.00720611
550.316 0.607879 0.00734547
550.662 0.607876 0.00742103
551.008 0.571344 0.00682235
551.353 0.591569 0.00657115
551.699 0.607921 0.006514
552.045 0.629896 0.00680925
552.391 0.608174 0.00682948
552.736 0.598146 0.00680386
553.082 0.597294 0.006809
553.427 0.61348 0.00702261
553.773 0.61295 0.00725198
554.118 0.593288 0.00713517
554.464 0.588882 0.00692622
554.809 0.581349 0.00660846
555.154 0.602913 0.00663927
555.5 0.608259 0.00668376
555.845 0.619986 0.00701025
556.19 0.613435 0.00716231
556.535 0.606341 0.00728068
556.88 0.591829 0.00707703
557.225 0.604602 0.00712649
557.57 0.60886 0.00729109
557.915 0.611089 0.00750245
558.26 0.605047 0.00755728
558.605 0.59376 0.0074599
558.95 0.5903 0.00727412
559.295 0.581162 0.00683269
559.639 0.587338 0.00661037
559.984 0.593012 0.00638837
560.329 0.603074 0.00641854
560.673 0.60226 0.00643648
561.018 0.609128 0.00666303
561.362 0.605273 0.00681897
561.707 0.602244 0.0069724
562.051 0.589646 0.00681499
562.395 0.585461 0.00670106
562.74 0.595327 0.00662321
563.084 0.595144 0.00654035
563.428 0.595542 0.00640592
563.772 0.603915 0.0064807
564.117 0.594211 0.0063814
564.461 0.598092 0.00638195
564.805 0.596202 0.00642737
565.149 0.597655 0.00640552
565.493 0.597033 0.006412
565.836 0.595122 0.00627874
566.18 0.591374 0.00616747
566.524 0.572786 0.00566014
566.868 0.593147 0.00560543
567.212 0.593568 0.00551197
567.555 0.583534 0.00539612
567.899 0.577887 0.00512113
568.242 0.585355 0.00494365
568.586 0.571865 0.00457262
568.929 0.573259 0.00428533
569.273 0.588872 0.00410637
569.616 0.603215 0.00416195
569.96 0.586346 0.00402045
570.303 0.583007 0.00388441
570.646 0.589125 0.00385625
570.989 0.581087 0.00371124
571.333 0.602166 0.00382498
571.676 0.609661 0.00399256
572.019 0.602726 0.00429262
572.362 0.55195 0.00387597
572.705 0.561067 0.00362709
573.048 0.586652 0.00353027
573.391 0.584232 0.00340802
573.733 0.589259 0.00337511
574.076 0.589283 0.00333787
574.419 0.605588 0.00348686
574.762 0.598707 0.00365172
575.104 0.60581 0.00393211
575.447 0.555487 0.00371442
575.789 0.557061 0.00349635
576.132 0.584289 0.00338283
576.474 0.580683 0.00333464
576.817 0.570268 0.00305696
577.159 0.587904 0.0029347
577.501 0.623456 0.00304598
577.844 0.628559 0.00327333
578.186 0.610227 0.00361765
578.528 0.56647 0.0036279
578.87 0.569251 0.00365267
579.212 0.562211 0.00350893
579.554 0.587862 0.00347344
579.896 0.586478 0.00349048
580.238 0.554831 0.00319929
580.58 0.570524 0.00285042
580.922 0.626452 0.00287059
581.264 0.679363 0.00298928
581.606 0.635228 0.00301782
581.947 0.611126 0.00314196
582.289 0.606719 0.00347807
582.631 0.589485 0.00380272
582.972 0.567141 0.00398009
583.314 0.559816 0.00391071
583.655 0.562159 0.00378838
583.997 0.552779 0.0034291
584.338 0.574933 0.00325272
584.679 0.589747 0.00316079
585.021 0.617075 0.00332207
585.362 0.60572 0.00353657
585.703 0.596654 0.00377529
586.044 0.553077 0.00364836
586.385 0.559958 0.00347371
586.726 0.57601 0.00336494
587.067 0.615387 0.00361455
587.408 0.598158 0.00376792
587.749 0.591695 0.00392519
588.09 0.586063 0.00406929
588.431 0.599114 0.00435944
588.772 0.578887 0.00445674
589.113 0.57015 0.00434661
589.453 0.582873 0.004371
589.794 0.602499 0.00459617
590.134 0.599499 0.00482934
590.475 0.582371 0.00487048
590.815 0.57304 0.0047866
591.156 0.584615 0.00484159
591.496 0.557066 0.00458206
591.837 0.54037 0.00388234
592.177 0.567036 0.0036127
592.517 0.600732 0.0035601
592.857 0.613973 0.00379472
593.198 0.606144 0.00401163
593.538 0.600385 0.00440434
593.878 0.567755 0.00441985
594.218 0.55006 0.00421009
594.558 0.579153 0.00415942
594.898 0.601956 0.00435995
595.237 0.607767 0.00465255
595.577 0.59581 0.00490413
595.917 0.575456 0.00506034
596.257 0.557139 0.00477053
596.596 0.568129 0.00469627
596.936 0.598889 0.00474171
597.276 0.595224 0.00491196
597.615 0.572038 0.00472999
597.955 0.542756 0.00405214
598.294 0.58419 0.0039442
598.633 0.607197 0.00403444
598.973 0.596213 0.00414848
599.312 0.573501 0.00405628
599.651 0.589489 0.00414503
599.991 0.583158 0.00421276
600.33 0.584466 0.00428265
600.669 0.583385 0.00440132
601.008 0.589651 0.00457785
601.347 0.578221 0.00468776
601.686 0.568102 0.00451085
602.025 0.581554 0.0045944
602.364 0.568348 0.00431564
602.702 0.580397 0.00429858
603.041 0.593751 0.00437654
603.38 0.602768 0.00462058
603.719 0.59369 0.00479455
604.057 0.574403 0.00484856
604.396 0.572845 0.00483434
604.734 0.5522 0.00453322
605.073 0.576592 0.0042855
605.411 0.595465 0.00439734
605.75 0.609066 0.00460964
606.088 0.583323 0.00474732
606.426 0.570257 0.00457878
606.764 0.578909 0.00454997
607.103 0.601848 0.00478625
607.441 0.581439 0.00486677
607.779 0.579337 0.00497574
608.117 0.576346 0.00492893
608.455 0.594936 0.00522019
608.793 0.568485 0.00515204
609.131 0.556574 0.00475592
609.469 0.582077 0.0047463
609.806 0.607498 0.00491404
610.144 0.600618 0.00526985
610.482 0.564951 0.00516408
610.819 0.577017 0.00520751
611.157 0.582448 0.00525949
611.495 0.589997 0.00547899
611.832 0.574827 0.00542425
612.17 0.573158 0.00537697
612.507 0.585889 0.00537565
612.844 0.579778 0.00540371
613.182 0.57863 0.00541083
613.519 0.579345 0.00538084
613.856 0.581022 0.00537457
614.193 0.567356 0.00524402
614.53 0.576218 0.00517471
614.867 0.588978 0.00522603
615.205 0.598631 0.0055325
615.541 0.587572 0.00567923
615.878 0.569679 0.00582953
616.215 0.566788 0.00575536
616.552 0.578215 0.00587249
616.889 0.569742 0.00569547
617.226 0.587972 0.00572652
617.562 0.604726 0.00599216
617.899 0.595703 0.00630645
618.235 0.587193 0.00658384
618.572 0.569123 0.00672188
618.908 0.561388 0.00644438
619.245 0.571985 0.00623944
619.581 0.588844 0.00621974
619.918 0.633483 0.00698713
620.254 0.615907 0.00777192
620.59 0.553513 0.00747866
620.926 0.546537 0.00692902
621.262 0.571956 0.00669462
621.599 0.603975 0.00691073
621.935 0.572807 0.00664534
622.271 0.57671 0.00641793
622.606 0.585004 0.00632425
622.942 0.602827 0.00657903
623.278 0.581601 0.00665053
623.614 0.558969 0.00621341
623.95 0.587196 0.00634287
624.285 0.595138 0.00650465
624.621 0.594805 0.00685611
624.957 0.579828 0.00697979
625.292 0.59402 0.00727832
625.628 0.582349 0.00742451
625.963 0.567798 0.00737983
626.299 0.579169 0.0072999
626.634 0.577021 0.00717204
626.969 0.60083 0.00745387
627.304 0.619319 0.00820304
627.64 0.582897 0.00853604
627.975 0.556833 0.00817607
628.31 0.551869 0.00769389
628.645 0.596959 0.007819
628.98 0.598577 0.00800164
629.315 0.597703 0.00814903
629.65 0.5844 0.00812213
629.985 0.584148 0.00809755
630.319 0.603266 0.00858885
630.654 0.579573 0.00851442
630.989 0.586629 0.00852414
631.323 0.591205 0.00870556
631.658 0.60974 0.00920126
631.993 0.598252 0.00950882
632.327 0.582902 0.00942181
632.662 0.579795 0.00934576
632.996 0.58849 0.00920674
633.33 0.586739 0.00905695
633.665 0.605863 0.0095257
633.999 0.594003 0.00971853
634.333 0.584125 0.00963544
634.667 0.584038 0.00966807
635.001 0.582181 0.00941749
635.335 0.575524 0.00900719
635.669 0.585457 0.00874746
636.003 0.60383 0.00900735
636.337 0.614597 0.00954153
636.671 0.607571 0.00998238
637.005 0.585101 0.0100621
637.339 0.584013 0.0100083
637.672 0.57526 0.00957035
638.006 0.600791 0.0095293
638.339 0.612237 0.00975989
638.673 0.611037 0.0100608
639.006 0.597781 0.0102636
639.34 0.587554 0.0101698
639.673 0.594052 0.0103718
640.007 0.588458 0.0102969
640.34 0.601463 0.0105917
640.673 0.594442 0.0106099
641.006 0.596444 0.010784
641.34 0.594698 0.0108854
641.673 0.603711 0.0112295
642.006 0.594681 0.0113372
642.339 0.581237 0.0110102
642.672 0.607175 0.011184
643.004 0.597871 0.0111613
643.337 0.617601 0.0117094
643.67 0.587759 0.0114199
644.003 0.589121 0.0113211
644.336 0.600462 0.0113816
644.668 0.590562 0.0112672
645.001 0.600379 0.0115568
645.333 0.615601 0.0119902
645.666 0.601399 0.0120956
645.998 0.593432 0.0122895
646.331 0.597231 0.0125162
646.663 0.591121 0.0123239
646.995 0.576885 0.0114322
647.327 0.569422 0.0104305
647.66 0.592867 0.0100606
647.992 0.604071 0.0100001
648.324 0.595995 0.0098963
648.656 0.5998 0.0100659
648.988 0.615081 0.0105991
649.32 0.61906 0.0113743
649.652 0.588381 0.0116091
649.983 0.582716 0.0118019
650.315 0.589379 0.0119456
650.647 0.572161 0.0114999
650.979 0.587941 0.0111256
651.31 0.587318 0.010692
651.642 0.603725 0.010597
651.973 0.604751 0.0105989
652.305 0.594621 0.0104698
652.636 0.59742 0.0106399
652.967 0.594694 0.0108555
653.299 0.594943 0.0111109
653.63 0.561938 0.0106762
653.961 0.543943 0.00975765
654.292 0.453342 0.00683737
654.623 0.319257 0.00207971
654.955 0.899411 0.00342662
655.286 0.899356 0.00342641
655.616 0.8993 0.00342619
655.947 0.899243 0.00342598
656.278 0.899186 0.00342576
656.609 0.403319 0.00240098
656.94 0.360109 0.00300209
657.27 0.324798 0.00334258
657.601 0.330536 0.00388919
657.932 0.368524 0.00491189
658.262 0.410873 0.00631791
658.593 0.473022 0.00813171
658.923 0.516595 0.00993646
659.254 0.544412 0.0112677
659.584 0.568703 0.0122273
659.914 0.594352 0.0130897
660.244 0.593523 0.0134072
660.575 0.591014 0.013281
660.905 0.599928 0.0134007
661.235 0.602087 0.0132369
661.565 0.606592 0.0131907
661.895 0.613925 0.0131945
662.225 0.611825 0.0133794
662.555 0.609972 0.0135446
662.884 0.592576 0.0132009
663.214 0.599533 0.013095
663.544 0.618508 0.0131622
663.873 0.598357 0.0127542
664.203 0.606911 0.0127051
664.533 0.581376 0.0120982
664.862 0.603251 0.0122379
665.192 0.61383 0.0126999
665.521 0.618517 0.0134404
665.85 0.604111 0.0136775
666.18 0.60426 0.0142427
666.509 0.600615 0.0141153
666.838 0.593772 0.0137029
667.167 0.60665 0.0136728
667.496 0.619758 0.0140579
667.825 0.627267 0.0142139
668.154 0.610534 0.0139997
668.483 0.618477 0.0139948
668.812 0.632504 0.0138888
669.141 0.604753 0.0134453
669.47 0.61789 0.0134232
669.798 0.623164 0.0136183
670.127 0.609103 0.0134765
670.456 0.567797 0.0122757
670.784 0.561284 0.0109477
671.113 0.57194 0.0101443
671.441 0.594067 0.00987914
671.77 0.624449 0.0102968
672.098 0.614358 0.0106151
672.426 0.639032 0.0120362
672.755 0.575954 0.0121496
673.083 0.5803 0.0123677
673.411 0.573402 0.0122695
673.739 0.598695 0.0127206
674.067 0.606584 0.0134804
674.395 0.597206 0.0133743
674.723 0.592871 0.0129787
675.051 0.608217 0.0129554
675.379 0.608358 0.0129462
675.706 0.614009 0.0131492
676.034 0.611561 0.0134191
676.362 0.608311 0.0134479
676.689 0.575831 0.0122903
677.017 0.589251 0.0116163
677.344 0.608846 0.0113428
677.672 0.625393 0.011693
677.999 0.599855 0.0115912
678.327 0.583941 0.0112084
678.654 0.58778 0.0107558
678.981 0.59313 0.0104797
679.308 0.614103 0.0107484
679.636 0.620525 0.0113094
679.963 0.614116 0.011814
680.29 0.59208 0.0116316
680.617 0.587467 0.0113705
680.944 0.586341 0.0111911
681.271 0.607731 0.0117217
681.597 0.622181 0.0126623
681.924 0.607782 0.0133291
682.251 0.570699 0.0128652
682.578 0.565492 0.0121334
682.904 0.574386 0.0114105
683.231 0.58568 0.0110638
683.557 0.592119 0.0108753
683.884 0.587504 0.0105238
684.21 0.588654 0.0102874
684.536 0.584705 0.0099178
684.863 0.594391 0.00984937
685.189 0.599176 0.0100558
685.515 0.612771 0.0107197
685.841 0.582805 0.0107966
686.167 0.576641 0.01075
686.493 0.582818 0.0106783
686.819 0.589723 0.0108023
687.145 0.59805 0.0113533
687.471 0.605287 0.0122827
687.797 0.587561 0.0125075
688.123 0.582108 0.0123736
688.448 0.565807 0.011799
688.774 0.594866 0.0117346
689.1 0.612469 0.0121085
689.425 0.613825 0.0126305
689.751 0.595365 0.0126404
690.076 0.568928 0.0116684
690.402 0.574007 0.0109502
690.727 0.592478 0.0107816
691.052 0.62027 0.0113208
691.377 0.59529 0.0114234
691.703 0.599145 0.0117504
692.028 0.579137 0.0115591
692.353 0.5994 0.011511
692.678 0.596904 0.0115753
693.003 0.626552 0.0123102
693.328 0.612914 0.0130744
693.652 0.583381 0.0133313
693.977 0.576822 0.0129394
694.302 0.566913 0.0120954
694.627 0.605897 0.0123295
694.951 0.624782 0.0129704
695.276 0.639995 0.0143908
695.6 0.59204 0.014074
695.925 0.531685 0.0117056
696.249 0.562328 0.0106148
696.574 0.595649 0.0103537
696.898 0.640892 0.0112285
697.222 0.607938 0.0115594
697.546 0.601938 0.011965
697.871 0.591675 0.0121124
698.195 0.595854 0.0122442
698.519 0.598502 0.0125819
698.843 0.602849 0.0129889
699.167 0.601666 0.0134638
699.491 0.598505 0.0139398
699.814 0.594802 0.014009
700.138 0.604361 0.0141642
700.462 0.625181 0.0146443
700.786 0.600683 0.0141639
701.109 0.589227 0.0136824
701.433 0.605114 0.0133855
701.756 0.607905 0.0129373
702.08 0.616248 0.0130269
702.403 0.621107 0.0133446
702.726 0.616467 0.0138588
703.05 0.603533 0.0140474
703.373 0.575068 0.013872
703.696 0.601081 0.0141942
704.019 0.624444 0.0149722
704.342 0.618835 0.0154484
704.665 0.625277 0.0161698
704.988 0.600264 0.0157395
705.311 0.578781 0.0145055
705.634 0.568212 0.0129043
705.957 0.596674 0.0119765
706.28 0.589295 0.011026
706.602 0.62022 0.0111943
706.925 0.611096 0.0113453
707.247 0.615668 0.0118415
707.57 0.591251 0.0120619
707.892 0.597636 0.0125407
708.215 0.607953 0.0132666
708.537 0.582424 0.0133046
708.859 0.571821 0.0132584
709.182 0.592296 0.013354
709.504 0.588334 0.0129589
709.826 0.598527 0.0129066
710.148 0.606245 0.013042
710.47 0.61246 0.0134812
710.792 0.62398 0.0141103
711.114 0.603506 0.014342
711.436 0.60583 0.0146893
711.758 0.585319 0.0142048
712.079 0.58696 0.0140622
712.401 0.592447 0.0134307
712.723 0.592873 0.0129478
713.044 0.589387 0.0121626
713.366 0.603132 0.0121666
713.687 0.595532 0.0121879
714.009 0.598726 0.0125521
714.33 0.605683 0.0129079
714.652 0.5899 0.0131006
714.973 0.611406 0.0137994
715.294 0.614663 0.0145477
715.615 0.612026 0.0154448
715.936 0.603175 0.0155575
716.257 0.590341 0.0155392
716.578 0.610948 0.0159143
716.899 0.611955 0.0155724
717.22 0.608359 0.0145249
717.541 0.597693 0.0140111
717.862 0.617667 0.0141955
718.182 0.600129 0.013965
718.503 0.600896 0.0136702
718.824 0.621072 0.0140957
719.144 0.612322 0.0142198
719.465 0.604901 0.0144562
719.785 0.59147 0.0139999
720.105 0.58889 0.0137858
720.426 0.600661 0.0137502
720.746 0.614147 0.0141396
721.066 0.594165 0.0139327
721.386 0.604543 0.0141978
721.706 0.607834 0.0146505
722.026 0.62266 0.0152215
722.346 0.611298 0.0152075
722.666 0.59438 0.0147994
722.986 0.606337 0.0145767
723.306 0.617534 0.0148256
723.626 0.611792 0.015049
723.946 0.597816 0.0148464
724.265 0.591639 0.0139799
724.585 0.588478 0.0132074
724.904 0.608644 0.013332
725.224 0.621267 0.0135055
725.543 0.604716 0.0133215
725.863 0.605145 0.013454
726.182 0.623942 0.0142159
726.501 0.612687 0.0143091
726.82 0.600119 0.0142548
727.14 0.592704 0.0136178
727.459 0.590303 0.0131802
727.778 0.595915 0.0131641
728.097 0.601453 0.013406
728.416 0.597026 0.0132056
728.734 0.583911 0.0126446
729.053 0.601399 0.0127067
729.372 0.594917 0.012612
729.691 0.574813 0.0120847
730.009 0.571934 0.0114748
730.328 0.584404 0.0112579
730.647 0.597889 0.0114001
730.965 0.603823 0.0118579
731.283 0.598196 0.0122459
731.602 0.576208 0.0121587
731.92 0.570713 0.0118856
732.238 0.577001 0.011663
732.557 0.584244 0.0116285
732.875 0.574922 0.0112557
733.193 0.552018 0.0103716
733.511 0.588941 0.010468
733.829 0.601974 0.0109006
734.147 0.600958 0.0116077
734.465 0.59568 0.0120823
734.782 0.570183 0.0118102
735.1 0.57146 0.0114922
735.418 0.577976 0.011548
735.735 0.587933 0.0116821
736.053 0.584554 0.0115194
736.371 0.582506 0.011618
736.688 0.601393 0.0122351
737.005 0.609263 0.0130651
737.323 0.586054 0.0133038
737.64 0.564651 0.0130735
737.957 0.558554 0.0123279
738.274 0.564107 0.011371
738.592 0.585126 0.011299
738.909 0.611819 0.0118449
739.226 0.621674 0.0130047
739.543 0.597284 0.0137402
739.86 0.593294 0.0144904
740.176 0.595586 0.0148953
740.493 0.590312 0.015277
740.81 0.579008 0.0151777
741.127 0.577197 0.0149939
741.443 0.581246 0.0142568
741.76 0.600148 0.0140067
742.076 0.615359 0.0143086
742.393 0.636415 0.0153319
742.709 0.63115 0.0161135
743.025 0.609726 0.0161295
743.342 0.597988 0.0158267
743.658 0.60936 0.015669
743.974 0.587094 0.0149547
744.29 0.604284 0.0151566
744.606 0.612928 0.0154278
744.922 0.593331 0.0152063
745.238 0.602758 0.0153732
745.554 0.605349 0.015779
745.87 0.604297 0.0159313
746.186 0.579734 0.0149613
746.501 0.59683 0.0146218
746.817 0.61919 0.0151304
747.132 0.639604 0.0165064
747.448 0.611333 0.0167715
747.763 0.573169 0.015997
748.079 0.568659 0.0152708
748.394 0.585801 0.0144488
748.71 0.577829 0.0133597
749.025 0.579778 0.0125994
749.34 0.587953 0.012523
749.655 0.602455 0.0129538
749.97 0.60338 0.0134304
750.285 0.576426 0.0131676
750.6 0.560781 0.0127101
750.915 0.569255 0.0124875
751.23 0.587627 0.0129372
751.545 0.596844 0.0135741
751.859 0.574792 0.0138227
752.174 0.559239 0.0137937
752.489 0.56048 0.0131137
752.803 0.560047 0.0123218
753.118 0.586423 0.012514
753.432 0.585032 0.0129184
753.747 0.576748 0.0133021
754.061 0.551229 0.0125638
754.375 0.563156 0.0121675
754.689 0.561816 0.0117747
755.004 0.573557 0.011878
755.318 0.572514 0.0116084
755.632 0.552595 0.0108484
755.946 0.568044 0.0108003
756.26 0.554233 0.0101912
756.573 0.556195 0.00976802
756.887 0.553904 0.00945113
757.201 0.568849 0.00978104
757.515 0.583978 0.0108558
757.828 0.563232 0.0114339
758.142 0.532534 0.0110811
758.455 0.519183 0.0101612
758.769 0.54466 0.00985607
759.082 0.543904 0.00958131
759.396 0.554573 0.00952941
759.709 0.556432 0.00947135
760.022 0.563299 0.00961373
760.335 0.572142 0.0101981
760.648 0.5662 0.0109039
760.962 0.558886 0.0116281
761.275 0.532337 0.0119107
761.587 0.53062 0.0120463
761.9 0.549132 0.0122857
762.213 0.535853 0.0117399
762.526 0.546583 0.0114291
762.839 0.558622 0.0115081
763.151 0.553266 0.0111219
763.464 0.544411 0.0104349
763.776 0.541555 0.00966722
764.089 0.568369 0.00969449
764.401 0.561353 0.00997677
764.714 0.570494 0.0106492
765.026 0.562666 0.0112883
765.338 0.55664 0.0119549
765.65 0.561562 0.0129241
765.962 0.545529 0.0133304
766.275 0.547094 0.0138271
766.587 0.534877 0.013717
766.898 0.535451 0.0132839
767.21 0.540253 0.0125546
767.522 0.549661 0.0117496
767.834 0.559938 0.0114244
768.146 0.571066 0.0116207
768.457 0.586469 0.0124961
768.769 0.574482 0.0130262
769.08 0.544763 0.0127421
769.392 0.536675 0.0121898
769.703 0.54775 0.0116777
770.015 0.554693 0.0113031
770.326 0.562601 0.0114055
770.637 0.554162 0.011729
770.948 0.568235 0.0127441
771.26 0.53881 0.0131893
771.571 0.528473 0.0132053
771.882 0.544055 0.013073
772.193 0.56023 0.0134004
772.504 0.568236 0.0138335
772.814 0.561201 0.0140219
773.125 0.563966 0.0143474
773.436 0.550244 0.0145788
773.747 0.561265 0.0150555
774.057 0.562743 0.0153979
774.368 0.561688 0.0156254
774.678 0.579411 0.0162837
774.989 0.578125 0.0165209
775.299 0.579567 0.0170982
775.609 0.573925 0.016825
775.919 0.587043 0.0168766
776.23 0.592558 0.0169762
776.54 0.582163 0.0166842
776.85 0.573205 0.0167294
777.16 0.567934 0.0161576
777.47 0.5574 0.0151754
777.78 0.574055 0.0147217
778.089 0.568799 0.0139176
778.399 0.574097 0.0138937
778.709 0.584208 0.0146621
779.019 0.589003 0.0156893
779.328 0.567195 0.016229
779.638 0.540486 0.0156329
779.947 0.524404 0.0140371
780.257 0.533774 0.0129189
780.566 0.549136 0.0126131
780.875 0.55309 0.0129477
781.185 0.581321 0.0141159
781.494 0.541814 0.0138529
781.803 0.570635 0.0145965
782.112 0.539472 0.0144
782.421 0.55128 0.0143655
782.73 0.540008 0.0138435
783.039 0.544941 0.014083
783.348 0.582995 0.0157291
783.656 0.557897 0.0162321
783.965 0.546714 0.0163096
784.274 0.550762 0.015748
784.582 0.564175 0.0154435
784.891 0.570776 0.015442
785.199 0.565026 0.0155968
785.508 0.582164 0.0162676
785.816 0.570057 0.0163902
786.124 0.544028 0.0156582
786.432 0.545658 0.0149116
786.741 0.554901 0.0144626
787.049 0.564415 0.0144999
787.357 0.570329 0.0147987
787.665 0.553712 0.0144937
787.973 0.562097 0.0147359
788.281 0.561505 0.0150347
788.588 0.550616 0.0156809
788.896 0.539362 0.016485
789.204 0.563195 0.0175297
789.511 0.560072 0.0175284
789.819 0.587561 0.0182806
790.126 0.577152 0.0181255
790.434 0.578971 0.0181499
790.741 0.589121 0.0182621
791.049 0.577858 0.0180676
791.356 0.581538 0.0187133
791.663 0.57773 0.0189885
791.97 0.588165 0.019209
792.277 0.592746 0.0189254
792.584 0.577988 0.0177028
792.891 0.536689 0.015088
793.198 0.553688 0.0142256
793.505 0.55993 0.0140257
793.812 0.571389 0.0145692
794.119 0.566966 0.0148464
794.425 0.55946 0.0151858
794.732 0.554986 0.0158144
795.038 0.577181 0.0178175
795.345 0.541411 0.018557
795.651 0.563543 0.0199476
795.958 0.558824 0.0199042
796.264 0.550233 0.0184305
796.57 0.57032 0.0180775
796.876 0.575474 0.018003
797.183 0.597772 0.0186877
797.489 0.598795 0.0194714
797.795 0.581745 0.0193639
798.101 0.610841 0.0197544
798.406 0.590765 0.0195303
798.712 0.582348 0.0199634
799.018 0.602083 0.020616
799.324 0.61646 0.0209155
799.629 0.582216 0.0204179
799.935 0.610787 0.021068
800.24 0.61123 0.0214766
800.546 0.602261 0.0213257
800.851 0.605024 0.0215691
801.157 0.637882 0.0230958
801.462 0.611997 0.0228418
801.767 0.627318 0.0232359
802.072 0.614659 0.022108
802.377 0.610362 0.0211999
802.682 0.607158 0.0208036
802.987 0.625192 0.0216966
803.292 0.652429 0.0227308
803.597 0.610108 0.0221683
803.902 0.623799 0.0223593
804.207 0.612883 0.0220241
804.511 0.584917 0.021186
804.816 0.559058 0.0194611
805.12 0.542989 0.0179205
805.425 0.558575 0.0171195
805.729 0.586408 0.0176783
806.034 0.57214 0.0181378
806.338 0.597213 0.0195871
806.642 0.582274 0.019833
806.946 0.560465 0.0192612
807.251 0.595362 0.0200343
807.555 0.56127 0.0191427
807.859 0.574009 0.0192117
808.162 0.600703 0.0202237
808.466 0.599337 0.0208883
808.77 0.6014 0.0214786
809.074 0.618894 0.0225339
809.378 0.613602 0.0224764
809.681 0.591602 0.021896
809.985 0.622018 0.022815
810.288 0.638391 0.0233711
810.592 0.650295 0.0234112
810.895 0.635352 0.0236902
811.198 0.685706 0.0256994
811.502 0.65334 0.0254503
811.805 0.678177 0.0266419
812.108 0.582996 0.023577
812.411 0.627754 0.0237406
812.714 0.595892 0.0215516
813.017 0.61333 0.0206919
813.32 0.634485 0.0210145
813.623 0.605803 0.0211827
813.926 0.652219 0.0235713
814.228 0.662627 0.0250292
814.531 0.659356 0.0257679
814.833 0.609952 0.0245933
815.136 0.599766 0.0245353
815.438 0.653654 0.025906
815.741 0.592026 0.0236323
816.043 0.604039 0.0235805
816.345 0.612135 0.0235784
816.648 0.633642 0.0241844
816.95 0.646784 0.024809
817.252 0.670538 0.025828
817.554 0.655872 0.0255985
817.856 0.622215 0.0254656
818.158 0.639973 0.0260507
818.46 0.644413 0.0268038
818.761 0.677665 0.0273865
819.063 0.686723 0.0270903
819.365 0.659854 0.0257706
819.666 0.64152 0.0241395
819.968 0.622704 0.0229982
820.269 0.626946 0.022827
820.571 0.638229 0.0236353
820.872 0.645282 0.0246643
821.173 0.66036 0.025942
821.475 0.665788 0.0270507
821.776 0.659836 0.0267901
822.077 0.637247 0.0261741
822.378 0.657283 0.026768
822.679 0.660798 0.0272787
822.98 0.640126 0.0265993
823.281 0.678974 0.028283
823.581 0.671566 0.0278445
823.882 0.72677 0.029337
824.183 0.707491 0.0286516
824.483 0.638506 0.0262511
824.784 0.625643 0.0249179
825.084 0.680286 0.0264491
825.385 0.677629 0.0267434
825.685 0.703354 0.0278323
825.985 0.65274 0.026583
826.286 0.628374 0.0257239
826.586 0.646393 0.0255783
826.886 0.688763 0.0264524
827.186 0.655246 0.0261795
827.486 0.691469 0.0277967
827.786 0.682032 0.0280271
828.086 0.661991 0.0273347
828.386 0.66567 0.0270524
828.685 0.68234 0.0272374
828.985 0.715566 0.0287263
829.285 0.679777 0.0281919
829.584 0.691659 0.0288967
829.884 0.712908 0.0297845
830.183 0.722004 0.0315364
830.482 0.72544 0.0312664
830.782 0.764753 0.0322388
831.081 0.753607 0.0332143
831.38 0.704098 0.0310667
831.679 0.736199 0.0318391
831.978 0.731103 0.0317793
832.277 0.750384 0.031158
832.576 0.728062 0.0301137
832.875 0.715543 0.0298355
833.174 0.695449 0.029229
833.472 0.703542 0.029621
833.771 0.724996 0.0304784
834.07 0.666366 0.0285257
834.368 0.696766 0.0294545
834.667 0.73034 0.0309521
834.965 0.706458 0.0308989
835.263 0.733717 0.0315319
835.562 0.725538 0.0313698
835.86 0.711836 0.0307854
836.158 0.725794 0.0314394
836.456 0.701472 0.0317223
836.754 0.690279 0.0313802
837.052 0.772717 0.0342555
837.35 0.762097 0.0333596
837.648 0.768412 0.0339418
837.946 0.743485 0.0336712
838.243 0.769894 0.0342737
838.541 0.733243 0.0325693
838.839 0.716053 0.0322324
839.136 0.772048 0.0333985
839.434 0.746504 0.0326417
839.731 0.762049 0.0338675
840.028 0.767062 0.0332002
840.326 0.758476 0.0334289
840.623 0.803375 0.0343728
840.92 0.771304 0.0340039
841.217 0.800845 0.0356216
841.514 0.790275 0.0355835
841.811 0.729179 0.0330521
842.108 0.783951 0.0352784
842.405 0.81352 0.0362058
842.701 0.823801 0.0366018
842.998 0.807651 0.0351255
843.295 0.844707 0.0367076
843.591 0.772061 0.0351704
843.888 0.79205 0.0352109
844.184 0.781049 0.0351681
844.481 0.787795 0.0347404
844.777 0.753404 0.03414
845.073 0.709981 0.0333914
845.369 0.79295 0.0356426
845.665 0.839685 0.037214
845.962 0.818757 0.0360263
846.258 0.820864 0.0367712
846.553 0.801226 0.0363814
846.849 0.842085 0.0373619
847.145 0.808492 0.0354193
847.441 0.742045 0.0341362
847.737 0.811713 0.0354068
848.032 0.825745 0.0363938
848.328 0.756657 0.0349982
848.623 0.779359 0.0359936
848.919 0.794611 0.0355343
849.214 0.782299 0.0348557
849.509 0.75272 0.0347004
849.805 0.814403 0.0368184
850.1 0.871948 0.0389488
850.395 0.826464 0.0377937
850.69 0.833029 0.0382075
850.985 0.777744 0.0356078
851.28 0.765336 0.035176
851.575 0.760635 0.0354961
851.869 0.809131 0.0364851
852.164 0.79788 0.0356909
852.459 0.779124 0.0343014
852.753 0.777169 0.0337817
853.048 0.707975 0.0305699
853.342 0.714779 0.0305033
853.637 0.728459 0.031347
853.931 0.736873 0.0311893
854.225 0.720017 0.030695
854.52 0.765891 0.0328373
854.814 0.692217 0.0313217
855.108 0.675121 0.0299289
855.402 0.737502 0.0318535
855.696 0.715931 0.0322826
855.99 0.757111 0.0337334
856.283 0.689984 0.0314966
856.577 0.785482 0.034374
856.871 0.733643 0.0329578
857.164 0.734223 0.0333294
857.458 0.818635 0.0363622
857.751 0.794025 0.0351904
858.045 0.739472 0.033548
858.338 0.735723 0.0340095
858.632 0.725855 0.0330074
858.925 0.799878 0.0355589
859.218 0.773518 0.0348192
859.511 0.857489 0.0381948
859.804 0.809191 0.0367325
860.097 0.761957 0.0347001
860.39 0.856258 0.0378642
860.683 0.774129 0.0358501
860.976 0.863168 0.0381589
861.268 0.825555 0.0367415
861.561 0.822492 0.0377242
861.854 0.848287 0.0394526
862.146 0.797822 0.0369022
862.439 0.788249 0.0364817
862.731 0.773834 0.0352614
863.023 0.843719 0.0380119
863.316 0.818238 0.0367581
863.608 0.807876 0.0367156
863.9 0.818861 0.0369878
864.192 0.80758 0.0358609
864.484 0.78511 0.0362044
864.776 0.784149 0.0365032
865.068 0.770177 0.0359527
865.36 0.805489 0.0366715
865.651 0.830898 0.0382237
865.943 0.829298 0.0374811
866.235 0.805196 0.0371196
866.526 0.896811 0.0402303
866.818 0.799391 0.0367083
867.109 0.784425 0.0361402
867.4 0.852689 0.0384051
867.692 0.80794 0.037588
867.983 0.792871 0.0368753
868.274 0.835832 0.0383361
868.565 0.823401 0.0375646
868.856 0.840131 0.0381925
869.147 0.790496 0.0369467
869.438 0.871519 0.0386895
869.729 0.789268 0.0370389
870.02 0.89217 0.0409321
870.31 0.823369 0.0380957
870.601 0.833833 0.0377846
870.892 0.8168 0.0370127
871.182 0.76179 0.0355942
871.473 0.794788 0.0371473
871.763 0.787629 0.0360929
872.053 0.783234 0.0364161
872.343 0.810037 0.0369768
872.634 0.810771 0.0373655
872.924 0.806097 0.0365172
873.214 0.792502 0.036949
873.504 0.867141 0.0391686
873.794 0.865638 0.0401124
874.084 0.861184 0.0398936
874.373 0.865222 0.0389807
874.663 0.78626 0.0362794
874.953 0.787182 0.0375082
875.242 0.790321 0.0370769
875.532 0.809433 0.0372142
875.821 0.816097 0.0375994
876.111 0.843082 0.038071
876.4 0.829303 0.0382309
876.689 0.830647 0.0380076
876.978 0.810514 0.037558
877.268 0.858004 0.0387113
877.557 0.766332 0.0370071
877.846 0.799002 0.0376611
878.134 0.894114 0.0402013
878.423 0.894279 0.0402087
878.712 0.894443 0.0402161
