178.41 0.626423 0.122429
178.791 0.630389 0.123204
179.172 0.634327 0.123973
179.553 0.496031 0.496031
179.934 0.766993 0.766993
180.316 0.735138 0.735138
180.697 0.398257 0.398257
181.078 0.50098 0.50098
181.459 0.507548 0.507548
181.84 0.57499 0.57499
182.221 3.13935 3.13935
182.602 0.259495 0.259495
182.983 2.79256 0.756683
183.364 0.392651 0.111192
183.744 0.608257 0.0873767
184.125 0.759557 0.084699
184.506 0.524241 0.0576437
184.887 0.539096 0.0521261
185.268 0.470945 0.0419435
185.648 0.628908 0.0469204
186.029 0.597589 0.0436255
186.41 0.547809 0.0406768
186.791 0.622756 0.0416804
187.171 0.551494 0.0335492
187.552 0.550968 0.0272827
187.932 0.587555 0.0286879
188.313 0.533008 0.02552
188.694 0.537257 0.0256069
189.074 0.567641 0.0253765
189.455 0.541141 0.0240895
189.835 0.587244 0.0258033
190.216 0.581695 0.0250044
190.596 0.552291 0.0233169
190.977 0.533861 0.0227465
191.357 0.574308 0.0236621
191.737 0.570286 0.0232845
192.118 0.591104 0.0235895
192.498 0.544735 0.0219428
192.878 0.588217 0.0229772
193.258 0.559995 0.0220324
193.639 0.56414 0.0218395
194.019 0.596035 0.0226462
194.399 0.571198 0.0219781
194.779 0.536258 0.0204418
195.159 0.586227 0.0219925
195.54 0.562381 0.0208951
195.92 0.578075 0.0212473
196.3 0.5696 0.0207854
196.68 0.577897 0.0210408
197.06 0.576153 0.0208836
197.44 0.590533 0.0209397
197.82 0.554857 0.0201379
198.2 0.553725 0.020108
198.58 0.543652 0.0193983
198.959 0.544611 0.0193803
199.339 0.558586 0.0197126
199.719 0.542497 0.0190545
200.099 0.539029 0.0190391
200.479 0.577328 0.0196482
200.858 0.553838 0.0189606
201.238 0.541283 0.0184516
201.618 0.55205 0.0188434
201.998 0.540801 0.0182038
202.377 0.547699 0.0183192
202.757 0.537778 0.0179141
203.136 0.552087 0.0180331
203.516 0.512068 0.0171086
203.896 0.524381 0.0170999
204.275 0.499815 0.0163651
204.655 0.497923 0.0163651
205.034 0.487911 0.0160093
205.414 0.497141 0.0159577
205.793 0.481041 0.0155565
206.172 0.511738 0.0160598
206.552 0.487437 0.0154066
206.931 0.468487 0.0148726
207.31 0.473672 0.0147936
207.69 0.480984 0.0147883
208.069 0.488141 0.0147007
208.448 0.467544 0.014206
208.827 0.462664 0.0140504
209.207 0.475176 0.0142019
209.586 0.451314 0.0134786
209.965 0.464325 0.0136283
210.344 0.45808 0.0133389
210.723 0.458607 0.0131826
211.102 0.443701 0.0127423
211.481 0.462207 0.0129367
211.86 0.456537 0.0127291
212.239 0.437791 0.0123391
212.618 0.453939 0.012383
212.997 0.452443 0.0121609
213.376 0.451124 0.0120997
213.755 0.43138 0.0116658
214.134 0.430784 0.0114999
214.513 0.436172 0.0113842
214.891 0.430121 0.0112295
215.27 0.428157 0.0109932
215.649 0.435351 0.010994
216.028 0.423817 0.0106601
216.406 0.436301 0.0107033
216.785 0.429309 0.0104444
217.164 0.422286 0.0102549
217.542 0.423139 0.01005
217.921 0.428641 0.00998568
218.3 0.43159 0.00998448
218.678 0.425657 0.00975965
219.057 0.429726 0.00963158
219.435 0.426106 0.00943332
219.814 0.43356 0.00944534
220.192 0.429917 0.00925396
220.57 0.435749 0.00920729
220.949 0.426094 0.00895194
221.327 0.433029 0.00887444
221.705 0.447588 0.00893002
222.084 0.437602 0.00863827
222.462 0.445135 0.00860851
222.84 0.456836 0.00864892
223.218 0.448665 0.00835782
223.597 0.44744 0.00826207
223.975 0.460198 0.00822818
224.353 0.461962 0.00815338
224.731 0.462885 0.00803001
225.109 0.465875 0.00789318
225.487 0.47294 0.00783976
225.865 0.478116 0.00776199
226.243 0.475091 0.00763917
226.621 0.483385 0.00760408
226.999 0.489395 0.00749446
227.377 0.489874 0.00742533
227.755 0.495028 0.0073669
228.133 0.51136 0.00739235
228.511 0.515189 0.00733166
228.889 0.516343 0.00719952
229.266 0.520671 0.00716102
229.644 0.521324 0.00702445
230.022 0.53281 0.00700948
230.4 0.529949 0.00692476
230.777 0.542099 0.00693704
231.155 0.548788 0.00688899
231.533 0.550606 0.00680269
231.91 0.553022 0.0067253
232.288 0.562487 0.00671835
232.665 0.561912 0.00662846
233.043 0.570137 0.00661377
233.42 0.573632 0.00654435
233.798 0.584258 0.00655639
234.175 0.586379 0.00648272
234.553 0.587892 0.00642197
234.93 0.593399 0.00638735
235.307 0.604102 0.0063925
235.685 0.607861 0.00636
236.062 0.615415 0.00632463
236.439 0.619616 0.00631479
236.816 0.622156 0.00625033
237.194 0.626011 0.00620329
237.571 0.624194 0.00614034
237.948 0.630859 0.00614043
238.325 0.633933 0.00608724
238.702 0.639943 0.00607992
239.079 0.643582 0.00603669
239.456 0.645625 0.00600587
239.833 0.651233 0.00599299
240.21 0.653327 0.00594718
240.587 0.658505 0.00594305
240.964 0.65533 0.00588033
241.341 0.660518 0.00585368
241.718 0.6676 0.00582928
242.095 0.670506 0.00584021
242.472 0.669158 0.00578808
242.849 0.669524 0.00574644
243.225 0.678986 0.00573646
243.602 0.679154 0.00570828
243.979 0.680584 0.00569454
244.356 0.684903 0.00568914
244.732 0.689105 0.00564845
245.109 0.686945 0.0056001
245.486 0.692804 0.0056161
245.862 0.695258 0.00559826
246.239 0.693806 0.0055354
246.615 0.695171 0.0055308
246.992 0.698646 0.005504
247.368 0.704462 0.00552682
247.745 0.699459 0.00546073
248.121 0.702609 0.00543571
248.497 0.701171 0.00542136
248.874 0.70636 0.00540843
249.25 0.709701 0.0053735
249.626 0.711594 0.00537176
250.003 0.706593 0.00532144
250.379 0.712445 0.0052914
250.755 0.711058 0.00529082
251.131 0.711032 0.00525359
251.507 0.713071 0.00525411
251.884 0.714467 0.00522314
252.26 0.719095 0.00524137
252.636 0.716411 0.00518395
253.012 0.716845 0.00516662
253.388 0.721628 0.00516822
253.764 0.720533 0.00514317
254.14 0.715211 0.00511195
254.516 0.723707 0.00513521
254.892 0.717228 0.00508631
255.268 0.721371 0.00509556
255.643 0.719303 0.00506689
256.019 0.725222 0.00508393
256.395 0.724598 0.00507114
256.771 0.720261 0.00501907
257.147 0.72642 0.00503476
257.522 0.727556 0.00503071
257.898 0.727952 0.00502381
258.274 0.72864 0.00501319
258.649 0.729863 0.00501432
259.025 0.726564 0.00497549
259.4 0.726762 0.00497348
259.776 0.726359 0.00495674
260.151 0.736797 0.00500901
260.527 0.729805 0.00496298
260.902 0.730871 0.0049531
261.278 0.731191 0.00494371
261.653 0.729616 0.00493825
262.028 0.730454 0.00494584
262.404 0.732381 0.00492965
262.779 0.73281 0.00491875
263.154 0.735334 0.00491852
263.53 0.73413 0.00490109
263.905 0.730129 0.0048972
264.28 0.734191 0.00490826
264.655 0.730191 0.00488064
265.03 0.732376 0.00490302
265.405 0.733092 0.00488908
265.781 0.737441 0.00490938
266.156 0.736972 0.00490256
266.531 0.731541 0.00485868
266.906 0.738652 0.0049092
267.281 0.736943 0.00487926
267.655 0.734579 0.00488964
268.03 0.740987 0.00491365
268.405 0.735635 0.00488936
268.78 0.738718 0.00489948
269.155 0.73811 0.00488657
269.53 0.739342 0.00490752
269.904 0.739445 0.00490231
270.279 0.741159 0.00491111
270.654 0.738777 0.00488927
271.029 0.738885 0.00489889
271.403 0.736593 0.00487747
271.778 0.739526 0.00490105
272.152 0.738688 0.00490293
272.527 0.73985 0.00490249
272.901 0.739117 0.00488088
273.276 0.737302 0.00486377
273.65 0.741927 0.00489434
274.025 0.735304 0.00485978
274.399 0.74138 0.00490321
274.774 0.741663 0.0048928
275.148 0.74001 0.00487189
275.522 0.742212 0.0048922
275.897 0.740152 0.00488276
276.271 0.737377 0.00487846
276.645 0.743429 0.00488425
277.019 0.73964 0.00485859
277.393 0.73601 0.00483357
277.768 0.741199 0.00487353
278.142 0.739342 0.00486253
278.516 0.738786 0.00486927
278.89 0.735906 0.00485019
279.264 0.741977 0.00488578
279.638 0.73591 0.00484222
280.012 0.74371 0.00487637
280.386 0.74384 0.0049023
280.76 0.740518 0.00487275
281.133 0.741309 0.00488429
281.507 0.742186 0.00488326
281.881 0.738732 0.00486074
282.255 0.744156 0.00488539
282.629 0.745134 0.00490278
283.002 0.741438 0.00489325
283.376 0.742264 0.00488258
283.75 0.741337 0.00489609
284.123 0.742045 0.00488134
284.497 0.739817 0.00488289
284.87 0.745142 0.00490544
285.244 0.73982 0.0048789
285.618 0.744967 0.00490842
285.991 0.744866 0.0049288
286.364 0.744976 0.00492733
286.738 0.7443 0.00492418
287.111 0.750148 0.00494558
287.485 0.741407 0.00491946
287.858 0.748536 0.00496152
288.231 0.7393 0.00492216
288.605 0.744727 0.00495374
288.978 0.745543 0.00494589
289.351 0.745602 0.00497181
289.724 0.744125 0.0049667
290.097 0.741246 0.004963
290.47 0.74601 0.00499501
290.843 0.744395 0.00498785
291.217 0.740324 0.00497518
291.59 0.746298 0.00502982
291.963 0.742282 0.00500521
292.336 0.743571 0.00502556
292.708 0.746601 0.00504538
293.081 0.749957 0.00507998
293.454 0.744553 0.00503935
293.827 0.745236 0.00505664
294.2 0.746988 0.00509559
294.573 0.740721 0.00505799
294.945 0.749781 0.00511889
295.318 0.748499 0.00511253
295.691 0.752254 0.00513783
296.064 0.750067 0.00513976
296.436 0.746436 0.0051237
296.809 0.744578 0.00510356
297.181 0.745582 0.00513441
297.554 0.744429 0.00513828
297.926 0.745647 0.00514656
298.299 0.747345 0.00515792
298.671 0.744891 0.00512702
299.044 0.748991 0.00516928
299.416 0.747611 0.00517233
299.788 0.74351 0.00515011
300.161 0.749316 0.00519293
300.533 0.749829 0.00518747
300.905 0.745148 0.00515157
301.278 0.747281 0.00516977
301.65 0.750243 0.0051742
302.022 0.747689 0.00517665
302.394 0.744034 0.00517231
302.766 0.746395 0.00517321
303.138 0.748526 0.00520094
303.51 0.748811 0.00518839
303.882 0.744554 0.00516713
304.254 0.747526 0.0051876
304.626 0.745732 0.00516581
304.998 0.746343 0.00516638
305.37 0.745706 0.00519304
305.742 0.742174 0.00516131
306.114 0.744514 0.00516722
306.485 0.74399 0.00516655
306.857 0.747401 0.00517469
307.229 0.743467 0.00517908
307.601 0.745868 0.00518602
307.972 0.744432 0.00517569
308.344 0.7418 0.00516006
308.716 0.744711 0.0051915
309.087 0.747834 0.00519583
309.459 0.744347 0.00519157
309.83 0.7423 0.00518511
310.202 0.741254 0.00517303
310.573 0.740637 0.0051739
310.945 0.738731 0.00516365
311.316 0.7451 0.00521067
311.687 0.741821 0.00517834
312.059 0.739535 0.0051885
312.43 0.740141 0.00518119
312.801 0.742903 0.00520916
313.172 0.742324 0.00521033
313.544 0.744 0.00522159
313.915 0.74199 0.00518139
314.286 0.745003 0.00521444
314.657 0.741295 0.00518993
315.028 0.736949 0.00518562
315.399 0.736638 0.00518281
315.77 0.740315 0.00518839
316.141 0.739033 0.00520546
316.512 0.741887 0.00521472
316.883 0.738343 0.00521276
317.254 0.741048 0.00521704
317.625 0.741209 0.00524975
317.996 0.740006 0.00521677
318.366 0.739603 0.00522829
318.737 0.737534 0.00521572
319.108 0.740344 0.00524369
319.478 0.740488 0.00524594
319.849 0.734699 0.00522292
320.22 0.738716 0.00524233
320.59 0.737644 0.00523553
320.961 0.734779 0.00523433
321.331 0.736219 0.00524014
321.702 0.734657 0.0052611
322.072 0.73936 0.00529388
322.443 0.733756 0.00526332
322.813 0.733129 0.00525131
323.184 0.735962 0.00527621
323.554 0.738171 0.0053009
323.924 0.733496 0.00528136
324.295 0.734872 0.00531196
324.665 0.737429 0.00532507
325.035 0.736796 0.00531582
325.405 0.735415 0.00533269
325.775 0.740824 0.00537829
326.145 0.736768 0.00535841
326.515 0.733543 0.00535654
326.886 0.734299 0.00538639
327.256 0.731708 0.005382
327.626 0.732889 0.00541966
327.995 0.726146 0.00540797
328.365 0.715796 0.0053768
328.735 0.707115 0.00537095
329.105 0.712029 0.00544796
329.475 0.728795 0.00555502
329.845 0.75662 0.00574193
330.215 0.777548 0.00579897
330.584 0.783454 0.00576485
330.954 0.771163 0.00558428
331.324 0.752938 0.00536256
331.693 0.73565 0.00520967
332.063 0.721148 0.0051025
332.432 0.717519 0.00506341
332.802 0.719404 0.00511167
333.171 0.721391 0.0051859
333.541 0.723349 0.00528982
333.91 0.724899 0.00532238
334.28 0.724692 0.00535211
334.649 0.72735 0.00537746
335.018 0.729445 0.00540356
335.388 0.730842 0.00542618
335.757 0.733356 0.00543628
336.126 0.729352 0.0054409
336.495 0.727426 0.00541535
336.865 0.728506 0.00544181
337.234 0.729634 0.00547681
337.603 0.728612 0.00546181
337.972 0.729098 0.00547622
338.341 0.727098 0.00545975
338.71 0.725148 0.00544872
339.079 0.728574 0.00548138
339.448 0.728357 0.00547191
339.817 0.732738 0.00550191
340.186 0.730183 0.00549579
340.554 0.726049 0.00547303
340.923 0.726642 0.0054867
341.292 0.722363 0.00547569
341.661 0.725932 0.00549607
342.029 0.72374 0.00547828
342.398 0.721195 0.00547598
342.767 0.724764 0.00551062
343.135 0.724 0.0055036
343.504 0.725358 0.00552593
343.872 0.719021 0.00548127
344.241 0.728555 0.00553041
344.609 0.723383 0.00553264
344.978 0.724386 0.00553088
345.346 0.720959 0.00549703
345.715 0.723955 0.00552974
346.083 0.723335 0.00553969
346.451 0.723415 0.0055312
346.82 0.72311 0.00554856
347.188 0.722268 0.00553485
347.556 0.725744 0.00557677
347.924 0.723491 0.00556137
348.292 0.720344 0.00556188
348.66 0.726319 0.00557997
349.028 0.722714 0.00557311
349.396 0.717827 0.00557612
349.764 0.720502 0.00557947
350.132 0.715869 0.00555863
350.5 0.714993 0.00556431
350.868 0.720788 0.00559696
351.236 0.713666 0.00556481
351.604 0.717697 0.00560218
351.972 0.722213 0.00562615
352.34 0.714283 0.00560331
352.707 0.719174 0.00562493
353.075 0.717918 0.0056215
353.443 0.718455 0.00563643
353.81 0.716247 0.00564175
354.178 0.720109 0.00566012
354.545 0.716178 0.00563082
354.913 0.716857 0.00565745
355.28 0.718748 0.00566568
355.648 0.71516 0.00563957
356.015 0.717656 0.00565929
356.383 0.715664 0.00564498
356.75 0.712213 0.00564571
357.117 0.709934 0.00563979
357.485 0.712645 0.00565452
357.852 0.717555 0.00571315
358.219 0.713769 0.00566978
358.586 0.71163 0.00566033
358.954 0.717514 0.00570757
359.321 0.708216 0.00565676
359.688 0.715873 0.00571526
360.055 0.712471 0.00569355
360.422 0.719058 0.0057281
360.789 0.713967 0.00571762
361.156 0.711278 0.00570181
361.523 0.711999 0.00572779
361.89 0.709885 0.00571235
362.256 0.707944 0.00568172
362.623 0.714614 0.00576527
362.99 0.708349 0.00571247
363.357 0.708327 0.00573571
363.724 0.710358 0.0057464
364.09 0.705185 0.0057139
364.457 0.714855 0.0057959
364.823 0.7102 0.00573988
365.19 0.708022 0.0057396
365.557 0.709516 0.00573674
365.923 0.712346 0.00576721
366.29 0.710975 0.00577977
366.656 0.7101 0.00575246
367.022 0.705298 0.00572581
367.389 0.707463 0.00576027
367.755 0.710172 0.00579876
368.121 0.702871 0.00576654
368.488 0.708784 0.00578292
368.854 0.705972 0.00579334
369.22 0.706151 0.00582139
369.586 0.708679 0.00585166
369.952 0.70412 0.00584549
370.318 0.700024 0.00583122
370.684 0.702089 0.00585685
371.051 0.703513 0.0058644
371.416 0.707851 0.00591881
371.782 0.707209 0.00589844
372.148 0.704675 0.00589998
372.514 0.703556 0.00590796
372.88 0.706586 0.00593806
373.246 0.702699 0.00591626
373.612 0.703395 0.00591641
373.977 0.70193 0.0058969
374.343 0.701804 0.00587774
374.709 0.703677 0.00586648
375.074 0.701389 0.00587447
375.44 0.704685 0.00591349
375.806 0.705505 0.00594958
376.171 0.70262 0.00590739
376.537 0.703813 0.00590699
376.902 0.700551 0.00590366
377.268 0.700011 0.00587716
377.633 0.69935 0.00586361
377.998 0.695138 0.00582354
378.364 0.701184 0.00582352
378.729 0.702723 0.00583972
379.094 0.705919 0.0058786
379.459 0.709396 0.005972
379.825 0.696722 0.00589219
380.19 0.698422 0.00590852
380.555 0.695669 0.0059383
380.92 0.706206 0.00605787
381.285 0.698973 0.00601537
381.65 0.692782 0.00594207
382.015 0.697935 0.00597291
382.38 0.700841 0.00600858
382.745 0.696044 0.0060247
383.11 0.697105 0.00604559
383.474 0.696366 0.00602455
383.839 0.697502 0.00604033
384.204 0.699358 0.00606788
384.569 0.694691 0.006055
384.933 0.697714 0.00608583
385.298 0.693034 0.00607483
385.663 0.688961 0.00603978
386.027 0.690258 0.00603295
386.392 0.692775 0.00601815
386.756 0.690588 0.00597843
387.121 0.691644 0.00598129
387.485 0.688584 0.0059497
387.849 0.691034 0.00593237
388.214 0.698027 0.00602847
388.578 0.698923 0.00606267
388.942 0.689302 0.00605147
389.307 0.690057 0.00604927
389.671 0.694907 0.00609284
390.035 0.693002 0.00605676
390.399 0.694725 0.00605005
390.763 0.687849 0.00598454
391.127 0.690973 0.00597649
391.492 0.687337 0.00587877
391.856 0.686576 0.00580778
392.219 0.687773 0.00576948
392.583 0.698195 0.00584614
392.947 0.704343 0.00599852
393.311 0.695174 0.00601435
393.675 0.692977 0.00602293
394.039 0.694698 0.00606775
394.403 0.694017 0.00606779
394.766 0.689543 0.00606464
395.13 0.688764 0.00607724
395.494 0.6866 0.00606528
395.857 0.684287 0.0060286
396.221 0.684899 0.00600399
396.584 0.683032 0.00595089
396.948 0.68153 0.00588017
397.311 0.675405 0.00576748
397.675 0.685234 0.00577792
398.038 0.689591 0.00579907
398.401 0.690361 0.00588479
398.765 0.693109 0.00598767
399.128 0.690665 0.0060625
399.491 0.688669 0.00609979
399.854 0.683313 0.00608467
400.218 0.68562 0.00611266
400.581 0.683213 0.00611931
400.944 0.683841 0.0061521
401.307 0.688067 0.00624534
401.67 0.685054 0.00621355
402.033 0.684221 0.00622788
402.396 0.682963 0.00622561
402.759 0.680879 0.00622368
403.122 0.672332 0.00615432
403.485 0.683512 0.00620368
403.847 0.672255 0.00610119
404.21 0.679071 0.00610036
404.573 0.683127 0.00611188
404.936 0.678676 0.00606192
405.298 0.683552 0.00615044
405.661 0.68994 0.00626574
406.023 0.687205 0.00634198
406.386 0.684265 0.0063508
406.749 0.681548 0.00636716
407.111 0.681814 0.00636024
407.473 0.666263 0.00618668
407.836 0.677996 0.00623182
408.198 0.679641 0.00620139
408.561 0.676746 0.00620597
408.923 0.676077 0.00621206
409.285 0.675695 0.00622177
409.647 0.684067 0.00631506
410.009 0.682365 0.00636685
410.372 0.674917 0.00632278
410.734 0.676959 0.00636418
411.096 0.677743 0.00635669
411.458 0.677296 0.00635306
411.82 0.674041 0.00629619
412.182 0.672354 0.00624059
412.544 0.676234 0.00627257
412.906 0.676939 0.00626473
413.267 0.679336 0.00629825
413.629 0.678719 0.00634494
413.991 0.675128 0.00635788
414.353 0.680181 0.0063992
414.714 0.684369 0.00648648
415.076 0.675382 0.00642775
415.438 0.674423 0.00641619
415.799 0.678782 0.0064112
416.161 0.673259 0.00644106
416.522 0.675101 0.0064764
416.884 0.672033 0.00646569
417.245 0.675631 0.0065069
417.607 0.673968 0.00648285
417.968 0.665437 0.00643444
418.329 0.670107 0.0064489
418.691 0.672769 0.00645956
419.052 0.673202 0.00645713
419.413 0.662936 0.00635005
419.774 0.666375 0.0063467
420.135 0.661088 0.00618074
420.497 0.660007 0.00607823
420.858 0.664342 0.00601403
421.219 0.675082 0.00608292
421.58 0.686384 0.00621183
421.941 0.686729 0.00632249
422.302 0.674929 0.00635201
422.662 0.677616 0.00639202
423.023 0.669866 0.00638341
423.384 0.669199 0.00640162
423.745 0.660379 0.00632092
424.106 0.67052 0.00636568
424.466 0.670818 0.00635472
424.827 0.682931 0.00650035
425.187 0.678886 0.00656308
425.548 0.672963 0.00659612
425.909 0.668326 0.00660812
426.269 0.663425 0.00653742
426.63 0.66169 0.0064846
426.99 0.66521 0.00644846
427.35 0.671306 0.00650686
427.711 0.659749 0.00640488
428.071 0.661043 0.00635749
428.431 0.651798 0.00619226
428.792 0.647576 0.00596094
429.152 0.655479 0.00583234
429.512 0.665895 0.00586749
429.872 0.669609 0.00592466
430.232 0.677362 0.00606409
430.592 0.68258 0.00626014
430.952 0.683509 0.00644936
431.312 0.682125 0.00660311
431.672 0.666355 0.00660149
432.032 0.65955 0.00654764
432.392 0.654655 0.00643508
432.752 0.636386 0.00603252
433.111 0.649613 0.0059588
433.471 0.676082 0.0061741
433.831 0.685304 0.00645952
434.19 0.661697 0.00634811
434.55 0.658205 0.00633019
434.91 0.661695 0.00642099
435.269 0.657657 0.0063132
435.629 0.658306 0.0063024
435.988 0.661467 0.00629047
436.348 0.672987 0.00644205
436.707 0.669847 0.00652479
437.066 0.663825 0.00649186
437.426 0.653263 0.00636357
437.785 0.654647 0.00635245
438.144 0.65931 0.00636709
438.503 0.665926 0.00648339
438.862 0.664279 0.00648737
439.222 0.662345 0.00652961
439.581 0.660167 0.00654684
439.94 0.647601 0.00639339
440.299 0.640159 0.00614228
440.658 0.644868 0.00600791
441.017 0.661423 0.00608651
441.376 0.670661 0.0062004
441.734 0.665193 0.0062385
442.093 0.654504 0.00618547
442.452 0.646776 0.0061047
442.811 0.653525 0.00610949
443.169 0.657487 0.00612568
443.528 0.665496 0.0062907
443.887 0.66245 0.00628031
444.245 0.664454 0.00631735
444.604 0.661829 0.00635734
444.962 0.654727 0.00635323
445.321 0.654014 0.00635569
445.679 0.651438 0.00630983
446.038 0.657048 0.0063138
446.396 0.663297 0.00643115
446.754 0.662071 0.00651312
447.112 0.662341 0.00654739
447.471 0.654498 0.00651597
447.829 0.649473 0.00652486
448.187 0.647183 0.00650177
448.545 0.65253 0.00650859
448.903 0.652126 0.00652343
449.261 0.656814 0.00656588
449.619 0.656182 0.00662487
449.977 0.665549 0.00670449
450.335 0.662981 0.00676485
450.693 0.655835 0.00674496
451.051 0.649724 0.00670016
451.409 0.653416 0.00674552
451.766 0.659352 0.00678473
452.124 0.659636 0.0068814
452.482 0.661495 0.00695935
452.839 0.662394 0.00704185
453.197 0.64997 0.00698781
453.555 0.654141 0.00703918
453.912 0.650787 0.00700267
454.27 0.642863 0.00685013
454.627 0.644508 0.00677783
454.984 0.65263 0.00683652
455.342 0.664463 0.00700398
455.699 0.658124 0.00704826
456.056 0.653204 0.00698019
456.414 0.647875 0.00688951
456.771 0.641038 0.00672775
457.128 0.647434 0.00673536
457.485 0.649018 0.00672022
457.842 0.656352 0.0067999
458.199 0.65496 0.00678483
458.556 0.655614 0.00672272
458.913 0.65041 0.00669627
459.27 0.655083 0.00668222
459.627 0.658575 0.00679748
459.984 0.64723 0.00668954
460.341 0.652954 0.00671042
460.697 0.65712 0.00681199
461.054 0.670295 0.00708261
461.411 0.659002 0.00716737
461.767 0.65629 0.00723695
462.124 0.644089 0.00715144
462.481 0.642029 0.00705459
462.837 0.636831 0.00691692
463.194 0.646579 0.00682378
463.55 0.646493 0.0068672
463.907 0.643744 0.00667269
464.263 0.641575 0.00656973
464.619 0.637251 0.0064236
464.976 0.647335 0.00638457
465.332 0.651415 0.00640307
465.688 0.668608 0.00668609
466.044 0.667302 0.00691937
466.4 0.662887 0.00700374
466.756 0.649377 0.00697748
467.112 0.652349 0.00699337
467.468 0.647158 0.00695519
467.824 0.653579 0.00706131
468.18 0.654466 0.00715839
468.536 0.651759 0.00714954
468.892 0.66052 0.00731226
469.248 0.650755 0.0072902
469.604 0.653232 0.00734799
469.959 0.641718 0.00728037
470.315 0.647493 0.00730911
470.671 0.645558 0.00729089
471.026 0.643238 0.00721636
471.382 0.639432 0.00712614
471.737 0.64523 0.00710079
472.093 0.637835 0.00694984
472.448 0.639635 0.00682603
472.804 0.643829 0.00678998
473.159 0.640108 0.00671474
473.514 0.649911 0.00680036
473.87 0.632519 0.00661316
474.225 0.627402 0.00639815
474.58 0.638647 0.00632795
474.935 0.653221 0.00645418
475.29 0.653763 0.00654391
475.645 0.644907 0.00650603
476 0.638578 0.00648236
476.355 0.651433 0.00660623
476.71 0.637762 0.00653271
477.065 0.624768 0.00627748
477.42 0.632935 0.00623504
477.775 0.644497 0.00629931
478.13 0.647446 0.0063705
478.485 0.643205 0.0063036
478.839 0.629799 0.00616294
479.194 0.626848 0.00599092
479.549 0.635765 0.00595939
479.903 0.645108 0.00601902
480.258 0.638961 0.00603742
480.612 0.636378 0.00594662
480.967 0.627658 0.0057692
481.321 0.646324 0.00587312
481.675 0.649856 0.0060026
482.03 0.650873 0.00611326
482.384 0.642868 0.00610107
482.738 0.635668 0.00600896
483.093 0.629102 0.00593419
483.447 0.627757 0.0057991
483.801 0.622025 0.00559233
484.155 0.632671 0.00556801
484.509 0.528871 0.00443293
484.863 0.505746 0.00295464
485.217 0.595851 0.00291476
485.571 0.690303 0.00321833
485.925 0.812295 0.00444719
486.279 0.736458 0.00491016
486.632 0.66139 0.00503276
486.986 0.658047 0.00542648
487.34 0.660715 0.00580454
487.694 0.646626 0.00590262
488.047 0.632527 0.00587093
488.401 0.638543 0.00590627
488.754 0.639116 0.00594643
489.108 0.645089 0.00607165
489.461 0.644575 0.00609862
489.815 0.637753 0.00612953
490.168 0.633925 0.0060437
490.522 0.633649 0.00601667
490.875 0.636748 0.00604044
491.228 0.641539 0.00610482
491.581 0.634192 0.00602811
491.935 0.637454 0.00606594
492.288 0.631996 0.00606481
492.641 0.639097 0.00605553
492.994 0.634825 0.00603074
493.347 0.62799 0.00591489
493.7 0.634467 0.00594986
494.053 0.636537 0.00597995
494.406 0.64854 0.0061337
494.759 0.641863 0.00622646
495.111 0.620342 0.00593004
495.464 0.609394 0.00561953
495.817 0.628185 0.00560245
496.169 0.651753 0.00586671
496.522 0.656286 0.00615283
496.875 0.64791 0.00631761
497.227 0.637468 0.00632842
497.58 0.631135 0.00628593
497.932 0.632987 0.00622124
498.285 0.625234 0.00612658
498.637 0.616679 0.00593298
498.989 0.626119 0.00591166
499.342 0.640811 0.00602496
499.694 0.64446 0.00617567
500.046 0.632498 0.00617062
500.398 0.618647 0.00595325
500.751 0.628762 0.00594698
501.103 0.628446 0.00592653
501.455 0.629552 0.00594084
501.807 0.630588 0.00595466
502.159 0.633583 0.00597201
502.511 0.627102 0.00592663
502.862 0.632716 0.00597875
503.214 0.63433 0.0060682
503.566 0.64698 0.00625262
503.918 0.631433 0.00624388
504.27 0.629498 0.0062277
504.621 0.637065 0.00628031
504.973 0.632951 0.00629532
505.324 0.62957 0.00623793
505.676 0.624056 0.00610235
506.027 0.635579 0.00617505
506.379 0.650309 0.00645435
506.73 0.635183 0.00647611
507.082 0.623978 0.00637319
507.433 0.619351 0.00623191
507.784 0.627189 0.00621879
508.136 0.630853 0.00634574
508.487 0.635992 0.00643693
508.838 0.626859 0.00645047
509.189 0.623237 0.00642473
509.54 0.620324 0.00632402
509.891 0.630663 0.00645028
510.242 0.62944 0.0064512
510.593 0.631492 0.00650283
510.944 0.630811 0.00653565
511.295 0.63767 0.00670793
511.646 0.63874 0.00678791
511.996 0.617731 0.00660657
512.347 0.618623 0.00656161
512.698 0.631317 0.0066505
513.049 0.631182 0.00669075
513.399 0.627888 0.00670422
513.75 0.627537 0.00668231
514.1 0.636421 0.00685712
514.451 0.637389 0.00700503
514.801 0.622577 0.00689276
515.152 0.619964 0.00681748
515.502 0.61874 0.00670519
515.852 0.626223 0.00670941
516.202 0.629378 0.00671727
516.553 0.638248 0.00686332
516.903 0.638297 0.00696827
517.253 0.635907 0.00706014
517.603 0.623661 0.00699055
517.953 0.628483 0.00698343
518.303 0.619214 0.00676904
518.653 0.627797 0.00675995
519.003 0.632375 0.00683666
519.353 0.641961 0.00713466
519.703 0.636731 0.00725623
520.052 0.623726 0.00721857
520.402 0.623346 0.00717662
520.752 0.623856 0.00709738
521.102 0.638526 0.00729672
521.451 0.627407 0.0072844
521.801 0.630985 0.00728425
522.15 0.617695 0.00708769
522.5 0.630377 0.00714847
522.849 0.623884 0.00708922
523.199 0.624193 0.00702399
523.548 0.623556 0.00695291
523.897 0.625683 0.00704529
524.246 0.632914 0.00720383
524.596 0.632323 0.00730237
524.945 0.624297 0.00721358
525.294 0.62387 0.00721028
525.643 0.628911 0.00722322
525.992 0.623096 0.00717747
526.341 0.622933 0.00713178
526.69 0.637147 0.00726946
527.039 0.631753 0.00730917
527.388 0.623451 0.00731178
527.737 0.607705 0.00699921
528.086 0.609249 0.00675025
528.434 0.625426 0.00671412
528.783 0.642087 0.00698886
529.132 0.636501 0.00709084
529.48 0.63427 0.00716948
529.829 0.622958 0.00714441
530.177 0.625639 0.00723324
530.526 0.62997 0.00727609
530.874 0.622966 0.00716654
531.223 0.616017 0.00711616
531.571 0.626214 0.00723661
531.919 0.613496 0.00709235
532.268 0.604847 0.00682714
532.616 0.611912 0.00664739
532.964 0.621065 0.00659757
533.312 0.626811 0.00663146
533.66 0.622416 0.00663799
534.008 0.616438 0.006591
534.356 0.622482 0.0066276
534.704 0.62984 0.00672725
535.052 0.634157 0.00684105
535.4 0.632348 0.00697569
535.748 0.63066 0.00713224
536.095 0.630378 0.0073113
536.443 0.615189 0.00723169
536.791 0.615306 0.0070794
537.139 0.60469 0.00685648
537.486 0.61352 0.00674663
537.834 0.621853 0.0067563
538.181 0.6217 0.00671669
538.529 0.623445 0.00676399
538.876 0.625166 0.00675577
539.223 0.626663 0.00687822
539.571 0.630003 0.00704406
539.918 0.618264 0.00695339
540.265 0.609909 0.00677009
540.613 0.618463 0.00670015
540.96 0.624666 0.00681704
541.307 0.623271 0.00682184
541.654 0.616671 0.00678393
542.001 0.62116 0.00682978
542.348 0.625345 0.00685147
542.695 0.619063 0.00682558
543.042 0.613882 0.00669265
543.388 0.608949 0.00658141
543.735 0.618884 0.00662567
544.082 0.618863 0.00661547
544.429 0.626916 0.00668902
544.775 0.627765 0.00684095
545.122 0.638771 0.00710525
545.469 0.621622 0.00712383
545.815 0.612152 0.00702845
546.162 0.613838 0.00698211
546.508 0.607036 0.00680076
546.854 0.601154 0.0065169
547.201 0.603119 0.00628854
547.547 0.62566 0.00638643
547.893 0.634887 0.00657779
548.24 0.644032 0.00697981
548.586 0.628581 0.00718233
548.932 0.618903 0.00723285
549.278 0.607753 0.00717249
549.624 0.616901 0.00718767
549.97 0.627007 0.00731411
550.316 0.62724 0.00746153
550.662 0.623049 0.00751308
551.008 0.5874 0.00691755
551.353 0.604526 0.00664273
551.699 0.617566 0.00656547
552.045 0.64084 0.00686815
552.391 0.621391 0.00690329
552.736 0.618954 0.0069212
553.082 0.611426 0.00688908
553.427 0.624755 0.00708684
553.773 0.630985 0.0073579
554.118 0.601466 0.00718418
554.464 0.598774 0.00698415
554.809 0.593302 0.00667605
555.154 0.617032 0.00671656
555.5 0.622399 0.006761
555.845 0.634814 0.00709359
556.19 0.624321 0.00722558
556.535 0.617077 0.00734486
556.88 0.604278 0.00715108
557.225 0.617683 0.00720316
557.57 0.62491 0.00738656
557.915 0.623113 0.0075759
558.26 0.622942 0.00766822
558.605 0.611171 0.00756849
558.95 0.604034 0.00735826
559.295 0.597234 0.00692653
559.639 0.601304 0.0066885
559.984 0.603115 0.00644256
560.329 0.616167 0.00648784
560.673 0.61836 0.00652194
561.018 0.620003 0.00672224
561.362 0.62207 0.00691294
561.707 0.618446 0.00706556
562.051 0.605164 0.00690408
562.395 0.600471 0.00678642
562.74 0.605602 0.00668012
563.084 0.607697 0.00660897
563.428 0.60859 0.00647572
563.772 0.618605 0.00655905
564.117 0.608229 0.00645624
564.461 0.612868 0.00646031
564.805 0.611492 0.00650927
565.149 0.607372 0.00645738
565.493 0.613002 0.00649718
565.836 0.605926 0.00633548
566.18 0.604442 0.00623524
566.524 0.587498 0.00573237
566.868 0.603209 0.00565277
567.212 0.61281 0.0056006
567.555 0.602308 0.00548224
567.899 0.591173 0.00517967
568.242 0.597411 0.0049943
568.586 0.583602 0.0046193
568.929 0.585676 0.00433149
569.273 0.596241 0.00413198
569.616 0.61532 0.0042035
569.96 0.600422 0.00406843
570.303 0.595425 0.00392557
570.646 0.601885 0.00389779
570.989 0.596157 0.00375905
571.333 0.613304 0.00386019
571.676 0.621987 0.00403272
572.019 0.620209 0.00435443
572.362 0.564429 0.00391954
572.705 0.569934 0.00365564
573.048 0.595232 0.00355599
573.391 0.597013 0.0034451
573.733 0.601883 0.00341107
574.076 0.603382 0.00337756
574.419 0.619348 0.00352625
574.762 0.615883 0.00370373
575.104 0.622224 0.00398503
575.447 0.572245 0.00377003
575.789 0.571496 0.00354136
576.132 0.595135 0.00341408
576.474 0.596731 0.0033804
576.817 0.583 0.0030909
577.159 0.601349 0.00296807
577.501 0.639156 0.00308409
577.844 0.646312 0.00331923
578.186 0.629359 0.00367392
578.528 0.584162 0.00368412
578.87 0.587311 0.00371015
579.212 0.575123 0.003549
579.554 0.601257 0.00351279
579.896 0.603327 0.00354026
580.238 0.570816 0.00324505
580.58 0.581836 0.00287855
580.922 0.636134 0.00289268
581.264 0.691121 0.00301504
581.606 0.655089 0.00306464
581.947 0.632077 0.00319536
582.289 0.624328 0.00352819
582.631 0.606858 0.00385835
582.972 0.58519 0.00404292
583.314 0.577009 0.00397031
583.655 0.573685 0.00382702
583.997 0.567929 0.00347577
584.338 0.589831 0.00329459
584.679 0.603729 0.00319804
585.021 0.631351 0.00336028
585.362 0.624948 0.00359226
585.703 0.613819 0.00382921
586.044 0.570812 0.00370639
586.385 0.572664 0.00351291
586.726 0.587555 0.00339849
587.067 0.630563 0.00365885
587.408 0.615418 0.0038219
587.749 0.609511 0.00398384
588.09 0.603335 0.00412882
588.431 0.616775 0.00442323
588.772 0.592134 0.00450745
589.113 0.583269 0.00439633
589.453 0.594337 0.00441378
589.794 0.61522 0.00464444
590.134 0.615965 0.00489522
590.475 0.597449 0.00493313
590.815 0.587042 0.00484473
591.156 0.60044 0.00490668
591.496 0.570382 0.0046365
591.837 0.557851 0.00394464
592.177 0.575892 0.00364081
592.517 0.612571 0.00359501
592.857 0.629151 0.00384134
593.198 0.6233 0.004068
593.538 0.618717 0.00447108
593.878 0.588134 0.00449847
594.218 0.565663 0.00426939
594.558 0.590629 0.00420043
594.898 0.616542 0.00441246
595.237 0.625154 0.00471863
595.577 0.610023 0.00496228
595.917 0.59521 0.00514646
596.257 0.575508 0.00484853
596.596 0.578218 0.00473778
596.936 0.611281 0.00479051
597.276 0.606957 0.00496014
597.615 0.583586 0.00477749
597.955 0.554638 0.00409626
598.294 0.595872 0.00398344
598.633 0.623348 0.00408774
598.973 0.616482 0.00421841
599.312 0.586891 0.00410336
599.651 0.60162 0.00418747
599.991 0.597953 0.00426587
600.33 0.60081 0.00434212
600.669 0.600944 0.00446707
601.008 0.607585 0.00464695
601.347 0.595526 0.00475739
601.686 0.580301 0.00455902
602.025 0.595187 0.00464794
602.364 0.581834 0.00436654
602.702 0.595915 0.00435566
603.041 0.608127 0.00442921
603.38 0.618459 0.00468034
603.719 0.61187 0.00486741
604.057 0.593531 0.00492863
604.396 0.588198 0.00489869
604.734 0.565587 0.00458784
605.073 0.5892 0.0043321
605.411 0.607521 0.00444163
605.75 0.623816 0.00466513
606.088 0.604713 0.00483358
606.426 0.580165 0.00461838
606.764 0.589403 0.00459102
607.103 0.618154 0.00485066
607.441 0.60192 0.00495174
607.779 0.594385 0.00503995
608.117 0.589611 0.00498533
608.455 0.612187 0.00529534
608.793 0.583301 0.00521874
609.131 0.566965 0.00480011
609.469 0.596007 0.00480276
609.806 0.62203 0.00497246
610.144 0.617824 0.0053448
610.482 0.582266 0.00524262
610.819 0.59107 0.00527054
611.157 0.595251 0.00531698
611.495 0.603727 0.00554237
611.832 0.591171 0.00550082
612.17 0.584019 0.00542768
612.507 0.595854 0.00542117
612.844 0.59372 0.0054683
613.182 0.594536 0.0054847
613.519 0.591821 0.00543847
613.856 0.600016 0.00546172
614.193 0.584905 0.0053245
614.53 0.594334 0.00525542
614.867 0.601635 0.00528188
615.205 0.611709 0.0055926
615.541 0.604407 0.00576002
615.878 0.585923 0.00591206
616.215 0.586944 0.0058568
616.552 0.591921 0.00594168
616.889 0.585325 0.00577283
617.226 0.596851 0.0057696
617.562 0.614611 0.00604093
617.899 0.615518 0.00641048
618.235 0.602289 0.00666793
618.572 0.589438 0.00684079
618.908 0.572923 0.00651026
619.245 0.581607 0.00629171
619.581 0.600508 0.00628104
619.918 0.64775 0.00706537
620.254 0.62645 0.00783816
620.59 0.572964 0.00760893
620.926 0.560789 0.00701878
621.262 0.583123 0.00675966
621.599 0.618935 0.00699579
621.935 0.591743 0.00675429
622.271 0.592115 0.00650309
622.606 0.606026 0.00643688
622.942 0.619627 0.00667007
623.278 0.596918 0.00673753
623.614 0.575744 0.00630596
623.95 0.598107 0.00640153
624.285 0.61343 0.00660386
624.621 0.613252 0.00696161
624.957 0.59513 0.00707129
625.292 0.60397 0.00733903
625.628 0.600041 0.00753644
625.963 0.582468 0.00747456
626.299 0.586777 0.00734769
626.634 0.589334 0.00724815
626.969 0.6117 0.00752099
627.304 0.63482 0.00830506
627.64 0.604927 0.00869585
627.975 0.573453 0.00829719
628.31 0.567723 0.00780363
628.645 0.604925 0.00787099
628.98 0.610529 0.00808113
629.315 0.60908 0.00822622
629.65 0.59915 0.008224
629.985 0.598871 0.00819896
630.319 0.6112 0.00864515
630.654 0.59763 0.00864604
630.989 0.60276 0.00864054
631.323 0.604963 0.00880626
631.658 0.622546 0.00929738
631.993 0.608331 0.00958859
632.327 0.595183 0.00952054
632.662 0.597823 0.00948994
632.996 0.590014 0.00921866
633.33 0.603438 0.00918493
633.665 0.614951 0.00959687
633.999 0.61448 0.00988462
634.333 0.599515 0.00976155
634.667 0.598972 0.00979089
635.001 0.596202 0.00953022
635.335 0.588954 0.00911167
635.669 0.597816 0.0088393
636.003 0.614399 0.00908584
636.337 0.624134 0.00961528
636.671 0.625585 0.0101293
637.005 0.602812 0.0102133
637.339 0.601235 0.0101548
637.672 0.58233 0.00962898
638.006 0.60182 0.00953745
638.339 0.619285 0.00981591
638.673 0.615637 0.0100986
639.006 0.610289 0.0103704
639.34 0.597269 0.0102535
639.673 0.604399 0.0104618
640.007 0.60235 0.0104178
640.34 0.615545 0.0107149
640.673 0.61031 0.0107506
641.006 0.62262 0.0110181
641.34 0.616557 0.0110837
641.673 0.614213 0.0113268
642.006 0.611334 0.0114949
642.339 0.601197 0.0111976
642.672 0.613457 0.0112417
643.004 0.607781 0.0112534
643.337 0.626401 0.0117925
643.67 0.599317 0.0115316
644.003 0.61008 0.0115207
644.336 0.613521 0.0115047
644.668 0.593587 0.011296
645.001 0.619858 0.0117428
645.333 0.633686 0.012165
645.666 0.622761 0.0123086
645.998 0.615821 0.0125192
646.331 0.621775 0.0127708
646.663 0.610892 0.0125283
646.995 0.591015 0.0115713
647.327 0.59452 0.0106579
647.66 0.608274 0.0101905
647.992 0.621544 0.0101437
648.324 0.612585 0.0100331
648.656 0.616872 0.0102081
648.988 0.627649 0.0107068
649.32 0.630592 0.0114798
649.652 0.614212 0.0118612
649.983 0.591108 0.0118866
650.315 0.599685 0.0120496
650.647 0.585378 0.0116319
650.979 0.599584 0.0112352
651.31 0.595437 0.0107657
651.642 0.612326 0.0106722
651.973 0.607041 0.0106189
652.305 0.61131 0.0106158
652.636 0.620962 0.0108475
652.967 0.606438 0.0109621
653.299 0.603328 0.0111889
653.63 0.581353 0.0108591
653.961 0.556747 0.00987183
654.292 0.462881 0.00690893
654.623 0.33304 0.00212413
654.955 0.899675 0.00342712
655.286 0.89962 0.00342691
655.616 0.899564 0.00342669
655.947 0.899507 0.00342648
656.278 0.899449 0.00342626
656.609 0.441453 0.00251192
656.94 0.382209 0.00309284
657.27 0.343791 0.00343893
657.601 0.355988 0.00403616
657.932 0.401617 0.00512769
658.262 0.45364 0.00663858
658.593 0.500739 0.00836655
658.923 0.545153 0.0102074
659.254 0.574011 0.0115699
659.584 0.584306 0.0123939
659.914 0.597884 0.0131285
660.244 0.616259 0.0136616
660.575 0.607694 0.0134671
660.905 0.615488 0.0135734
661.235 0.608236 0.0133043
661.565 0.609544 0.0132228
661.895 0.619988 0.0132595
662.225 0.620764 0.0134768
662.555 0.619587 0.0136509
662.884 0.602225 0.0133079
663.214 0.611767 0.0132279
663.544 0.618906 0.0131664
663.873 0.605974 0.0128351
664.203 0.616858 0.0128088
664.533 0.623148 0.0125253
664.862 0.616976 0.0123764
665.192 0.620307 0.0127667
665.521 0.638938 0.0136605
665.85 0.61101 0.0137554
666.18 0.613156 0.0143472
666.509 0.603487 0.014149
666.838 0.602759 0.0138062
667.167 0.609913 0.0137095
667.496 0.637854 0.0142616
667.825 0.635693 0.0143091
668.154 0.621443 0.0141242
668.483 0.626675 0.0140872
668.812 0.62362 0.013791
669.141 0.629083 0.0137131
669.47 0.630275 0.0135571
669.798 0.642744 0.0138306
670.127 0.616566 0.0135588
670.456 0.587157 0.0124832
670.784 0.577116 0.011101
671.113 0.58996 0.0103029
671.441 0.616864 0.0100669
671.77 0.63249 0.0103629
672.098 0.62448 0.0107022
672.426 0.644836 0.0120908
672.755 0.601291 0.012414
673.083 0.59528 0.0125264
673.411 0.588325 0.0124281
673.739 0.611882 0.0128599
674.067 0.618657 0.0136139
674.395 0.615024 0.0135723
674.723 0.598241 0.0130373
675.051 0.613811 0.0130148
675.379 0.621268 0.0130828
675.706 0.615892 0.0131694
676.034 0.618599 0.0134961
676.362 0.612283 0.0134918
676.689 0.587106 0.01241
677.017 0.601068 0.0117322
677.344 0.604324 0.0113006
677.672 0.630985 0.0117452
677.999 0.61941 0.0117786
678.327 0.600229 0.0113637
678.654 0.595128 0.0108229
678.981 0.602151 0.010559
679.308 0.617555 0.0107785
679.636 0.635112 0.0114416
679.963 0.619127 0.0118621
680.29 0.601664 0.0117254
680.617 0.585231 0.0113489
680.944 0.588934 0.0112158
681.271 0.63182 0.0119518
681.597 0.62518 0.0126928
681.924 0.625233 0.0135191
682.251 0.583686 0.0130108
682.578 0.577337 0.0122598
682.904 0.585085 0.0115162
683.231 0.60338 0.0112297
683.557 0.608782 0.0110273
683.884 0.595975 0.0105994
684.21 0.604674 0.0104265
684.536 0.603463 0.0100756
684.863 0.601901 0.00991139
685.189 0.617056 0.0102047
685.515 0.626511 0.0108392
685.841 0.595878 0.010917
686.167 0.574775 0.0107326
686.493 0.59082 0.0107514
686.819 0.603244 0.0109255
687.145 0.611394 0.0114793
687.471 0.617139 0.0124024
687.797 0.603943 0.0126807
688.123 0.591516 0.0124732
688.448 0.590454 0.0120532
688.774 0.600491 0.0117899
689.1 0.614854 0.012132
689.425 0.616637 0.0126594
689.751 0.610611 0.0128012
690.076 0.586067 0.0118429
690.402 0.579533 0.0110028
690.727 0.605341 0.010898
691.052 0.619028 0.0113094
691.377 0.619844 0.0116566
691.703 0.608681 0.0118436
692.028 0.600912 0.0117744
692.353 0.598675 0.011504
692.678 0.600623 0.0116113
693.003 0.628825 0.0123325
693.328 0.62776 0.0132317
693.652 0.605758 0.0135846
693.977 0.578607 0.0129594
694.302 0.580364 0.012238
694.627 0.612423 0.0123957
694.951 0.629112 0.0130153
695.276 0.652686 0.0145328
695.6 0.610043 0.0142863
695.925 0.546212 0.0118644
696.249 0.562885 0.0106201
696.574 0.606374 0.0104465
696.898 0.63993 0.0112201
697.222 0.625473 0.0117249
697.546 0.606932 0.0120145
697.871 0.594767 0.012144
698.195 0.599203 0.0122786
698.519 0.600708 0.0126051
698.843 0.621012 0.0131832
699.167 0.608122 0.0135359
699.491 0.617317 0.0141572
699.814 0.603912 0.0141158
700.138 0.606499 0.0141893
700.462 0.621085 0.0145963
700.786 0.605068 0.0142155
701.109 0.592865 0.0137246
701.433 0.602245 0.0133537
701.756 0.612415 0.0129852
702.08 0.619079 0.0130568
702.403 0.623977 0.0133754
702.726 0.623748 0.0139404
703.05 0.613737 0.0141656
703.373 0.614065 0.0143346
703.696 0.610617 0.0143063
704.019 0.623852 0.0149651
704.342 0.631017 0.0155998
704.665 0.619791 0.0160987
704.988 0.614597 0.0159263
705.311 0.592505 0.0146765
705.634 0.575313 0.0129847
705.957 0.587917 0.0118883
706.28 0.594516 0.0110748
706.602 0.614633 0.0111438
706.925 0.62267 0.0114523
707.247 0.624514 0.0119262
707.57 0.604721 0.0121985
707.892 0.609373 0.0126632
708.215 0.621857 0.0134174
708.537 0.591648 0.0134096
708.859 0.586119 0.0134231
709.182 0.596908 0.0134058
709.504 0.59088 0.0129869
709.826 0.608107 0.0130095
710.148 0.606096 0.0130404
710.47 0.618484 0.0135474
710.792 0.626561 0.0141394
711.114 0.613492 0.0144602
711.436 0.610609 0.0147472
711.758 0.592062 0.0142864
712.079 0.594958 0.0141577
712.401 0.596098 0.013472
712.723 0.605985 0.0130901
713.044 0.588215 0.0121505
713.366 0.605447 0.0121899
713.687 0.619181 0.0124275
714.009 0.611192 0.0126821
714.33 0.601422 0.0128624
714.652 0.609783 0.0133196
714.973 0.62596 0.0139627
715.294 0.611123 0.0145058
715.615 0.624451 0.0156008
715.936 0.599259 0.0155069
716.257 0.610846 0.0158068
716.578 0.613514 0.0159477
716.899 0.619279 0.0156653
717.22 0.606819 0.0145065
717.541 0.604472 0.0140904
717.862 0.619856 0.0142206
718.182 0.615698 0.0141449
718.503 0.599347 0.0136525
718.824 0.62215 0.0141079
719.144 0.637607 0.0145104
719.465 0.62032 0.0146393
719.785 0.58594 0.0139343
720.105 0.60247 0.0139439
720.426 0.607152 0.0138243
720.746 0.622582 0.0142363
721.066 0.600454 0.0140063
721.386 0.595356 0.0140896
721.706 0.614345 0.0147287
722.026 0.621841 0.0152115
722.346 0.613001 0.0152286
722.666 0.603552 0.0149131
722.986 0.617881 0.0147148
723.306 0.622805 0.0148887
723.626 0.62761 0.0152423
723.946 0.616151 0.0150723
724.265 0.592019 0.0139844
724.585 0.596642 0.0132987
724.904 0.612301 0.0133719
725.224 0.620871 0.0135012
725.543 0.614421 0.013428
725.863 0.618531 0.013602
726.182 0.629536 0.0142795
726.501 0.610929 0.0142885
726.82 0.609471 0.0143654
727.14 0.588968 0.0135748
727.459 0.597263 0.0132577
727.778 0.598024 0.0131874
728.097 0.59756 0.0133625
728.416 0.591353 0.0131427
728.734 0.592427 0.0127364
729.053 0.603936 0.0127335
729.372 0.602628 0.0126934
729.691 0.585936 0.012201
730.009 0.589162 0.0116464
730.328 0.586679 0.0112798
730.647 0.610751 0.0115221
730.965 0.612881 0.0119465
731.283 0.610121 0.0123674
731.602 0.576431 0.0121611
731.92 0.578805 0.0119695
732.238 0.56919 0.0115838
732.557 0.592615 0.0117115
732.875 0.575111 0.0112576
733.193 0.574293 0.0105787
733.511 0.596431 0.0105343
733.829 0.608204 0.0109568
734.147 0.617136 0.0117629
734.465 0.587899 0.0120031
734.782 0.579933 0.0119107
735.1 0.579188 0.0115696
735.418 0.587535 0.0116431
735.735 0.586083 0.0116637
736.053 0.579802 0.0114725
736.371 0.591274 0.0117052
736.688 0.596101 0.0121811
737.005 0.601656 0.0129832
737.323 0.58917 0.0133391
737.64 0.574099 0.0131825
737.957 0.578577 0.0125469
738.274 0.5581 0.0113103
738.592 0.59012 0.0113471
738.909 0.609425 0.0118217
739.226 0.613018 0.0129139
739.543 0.598789 0.0137575
739.86 0.608516 0.0146751
740.176 0.605484 0.0150186
740.493 0.596408 0.0153557
740.81 0.585143 0.0152579
741.127 0.587125 0.0151223
741.443 0.577057 0.0142053
741.76 0.610899 0.0141316
742.076 0.616667 0.0143238
742.393 0.632925 0.0152898
742.709 0.637835 0.0161986
743.025 0.600654 0.016009
743.342 0.610902 0.0159967
743.658 0.612644 0.0157112
743.974 0.59829 0.0150966
744.29 0.60249 0.0151341
744.606 0.617064 0.0154797
744.922 0.587239 0.0151281
745.238 0.59674 0.0152963
745.554 0.596383 0.0156617
745.87 0.608778 0.0159903
746.186 0.586985 0.0150546
746.501 0.610135 0.0147839
746.817 0.605888 0.014967
747.132 0.625913 0.0163287
747.448 0.608642 0.0167345
747.763 0.577442 0.0160565
748.079 0.570164 0.015291
748.394 0.588698 0.0144845
748.71 0.595201 0.0135591
749.025 0.578266 0.012583
749.34 0.593578 0.0125827
749.655 0.60702 0.0130028
749.97 0.607625 0.0134776
750.285 0.58773 0.0132961
750.6 0.562072 0.0127247
750.915 0.572611 0.0125242
751.23 0.603762 0.0131137
751.545 0.599944 0.0136093
751.859 0.585183 0.0139471
752.174 0.557633 0.0137738
752.489 0.562115 0.0131328
752.803 0.560432 0.012326
753.118 0.573028 0.0123702
753.432 0.588209 0.0129535
753.747 0.576413 0.0132982
754.061 0.555937 0.0126173
754.375 0.557988 0.0121115
754.689 0.553076 0.0116828
755.004 0.570365 0.0118448
755.318 0.563868 0.0115205
755.632 0.553249 0.0108549
755.946 0.555955 0.0106848
756.26 0.551461 0.0101657
756.573 0.552445 0.00973504
756.887 0.548714 0.00940675
757.201 0.571242 0.00980159
757.515 0.586533 0.0108795
757.828 0.562213 0.0114235
758.142 0.531393 0.0110692
758.455 0.52045 0.0101736
758.769 0.544421 0.0098539
759.082 0.54668 0.00960574
759.396 0.54939 0.00948478
759.709 0.546053 0.0093826
760.022 0.555735 0.00954897
760.335 0.574037 0.010215
760.648 0.556141 0.0108066
760.962 0.557355 0.0116121
761.275 0.550408 0.0121112
761.587 0.540134 0.0121538
761.9 0.547689 0.0122695
762.213 0.546069 0.0118513
762.526 0.549236 0.0114568
762.839 0.552202 0.0114417
763.151 0.550185 0.0110909
763.464 0.541885 0.0104106
763.776 0.541797 0.00966937
764.089 0.5649 0.00966486
764.401 0.561601 0.00997897
764.714 0.573177 0.0106742
765.026 0.553852 0.0111995
765.338 0.555366 0.0119412
765.65 0.558921 0.0128937
765.962 0.537083 0.0132268
766.275 0.548474 0.0138446
766.587 0.539806 0.0137801
766.898 0.543008 0.0133773
767.21 0.546029 0.0126216
767.522 0.540685 0.0116532
767.834 0.551116 0.0113341
768.146 0.566956 0.0115789
768.457 0.589576 0.0125291
768.769 0.565208 0.0129206
769.08 0.542113 0.0127111
769.392 0.542074 0.012251
769.703 0.541962 0.0116158
770.015 0.542216 0.0111753
770.326 0.562162 0.0114011
770.637 0.577678 0.0119753
770.948 0.577455 0.0128471
771.26 0.549089 0.0133146
771.571 0.53466 0.0132824
771.882 0.535036 0.0129642
772.193 0.56882 0.0135027
772.504 0.574449 0.0139089
772.814 0.564441 0.0140623
773.125 0.56224 0.0143254
773.436 0.568314 0.0148163
773.747 0.560372 0.0150436
774.057 0.560868 0.0153722
774.368 0.557798 0.0155712
774.678 0.600997 0.0165842
774.989 0.568725 0.016386
775.299 0.575042 0.0170313
775.609 0.571859 0.0167947
775.919 0.585146 0.0168494
776.23 0.577957 0.0167658
776.54 0.565791 0.0164479
776.85 0.574181 0.0167436
777.16 0.558138 0.0160176
777.47 0.564477 0.0152714
777.78 0.574806 0.0147314
778.089 0.55626 0.0137634
778.399 0.565475 0.013789
778.709 0.577846 0.0145821
779.019 0.591945 0.0157284
779.328 0.563039 0.0161695
779.638 0.540879 0.0156385
779.947 0.533888 0.0141634
780.257 0.547213 0.0130806
780.566 0.545437 0.0125705
780.875 0.563062 0.0130639
781.185 0.573869 0.0140252
781.494 0.567269 0.0141746
781.803 0.56459 0.014519
782.112 0.553155 0.0145815
782.421 0.552759 0.0143848
782.73 0.530287 0.0137183
783.039 0.554316 0.0142037
783.348 0.578488 0.0156681
783.656 0.545433 0.0160498
783.965 0.556309 0.0164521
784.274 0.54698 0.0156938
784.582 0.548892 0.0152329
784.891 0.56997 0.0154311
785.199 0.553686 0.0154395
785.508 0.576569 0.0161892
785.816 0.557361 0.0162067
786.124 0.554799 0.0158125
786.432 0.549782 0.0149678
786.741 0.561664 0.0145505
787.049 0.543268 0.0142257
787.357 0.557442 0.0146306
787.665 0.54087 0.0143247
787.973 0.567625 0.0148081
788.281 0.552946 0.0149197
788.588 0.569555 0.0159483
788.896 0.545333 0.016576
789.204 0.575498 0.0177201
789.511 0.559008 0.0175117
789.819 0.555215 0.0177703
790.126 0.557121 0.0178082
790.434 0.586515 0.0182678
790.741 0.575909 0.0180561
791.049 0.584716 0.0181745
791.356 0.587325 0.0188062
791.663 0.555918 0.0186266
791.97 0.595436 0.0193273
792.277 0.577779 0.0186849
792.584 0.574035 0.0176422
792.891 0.526224 0.0149402
793.198 0.545826 0.0141243
793.505 0.56377 0.0140737
793.812 0.561738 0.0144456
794.119 0.561209 0.0147708
794.425 0.547452 0.0150219
794.732 0.545004 0.0156715
795.038 0.590981 0.0180292
795.345 0.575356 0.0191299
795.651 0.556779 0.0198275
795.958 0.551833 0.0197794
796.264 0.533003 0.0181397
796.57 0.55403 0.0178174
796.876 0.602445 0.01842
797.183 0.578867 0.0183898
797.489 0.606665 0.0195989
797.795 0.579038 0.0193188
798.101 0.602932 0.0196261
798.406 0.602438 0.0197223
798.712 0.599176 0.0202498
799.018 0.61306 0.0208031
799.324 0.597456 0.0205905
799.629 0.584665 0.0204608
799.935 0.589466 0.020697
800.24 0.608694 0.021432
800.546 0.60911 0.0214466
800.851 0.593967 0.0213711
801.157 0.631285 0.022976
801.462 0.624794 0.0230793
801.767 0.640245 0.0234741
802.072 0.607041 0.0219706
802.377 0.612468 0.0212364
802.682 0.617037 0.0209721
802.987 0.624153 0.0216785
803.292 0.625614 0.0222588
803.597 0.589641 0.0217933
803.902 0.615897 0.0222172
804.207 0.612463 0.0220165
804.511 0.601423 0.0214828
804.816 0.55181 0.0193345
805.12 0.559851 0.0181966
805.425 0.550175 0.0169903
805.729 0.573527 0.017483
806.034 0.583496 0.0183169
806.338 0.60013 0.0196348
806.642 0.575052 0.0197096
806.946 0.551886 0.0191132
807.251 0.584535 0.0198513
807.555 0.584134 0.0195287
807.859 0.553163 0.0188596
808.162 0.606102 0.0203144
808.466 0.606143 0.0210065
808.77 0.61378 0.0216985
809.074 0.603149 0.0222454
809.378 0.618986 0.0225748
809.681 0.600338 0.0220571
809.985 0.622754 0.0228285
810.288 0.636483 0.0233362
810.592 0.617678 0.0228165
810.895 0.614143 0.0232914
811.198 0.635861 0.0247477
811.502 0.665158 0.0256795
811.805 0.657464 0.0262319
812.108 0.626761 0.024446
812.411 0.627017 0.0237267
812.714 0.611777 0.0218369
813.017 0.602712 0.0205121
813.32 0.595425 0.0203574
813.623 0.596411 0.0210179
813.926 0.638282 0.0233181
814.228 0.65063 0.0248016
814.531 0.62689 0.0251255
814.833 0.59257 0.0242403
815.136 0.631071 0.0251675
815.438 0.624905 0.0253299
815.741 0.604081 0.0238717
816.043 0.591299 0.0233305
816.345 0.62604 0.0238447
816.648 0.655601 0.0245999
816.95 0.624192 0.0243719
817.252 0.649168 0.0254131
817.554 0.630735 0.0251032
817.856 0.655306 0.026134
818.158 0.671838 0.0266914
818.46 0.662139 0.02717
818.761 0.673935 0.027311
819.063 0.687962 0.0271148
819.365 0.623128 0.0250432
819.666 0.58989 0.0231477
819.968 0.639301 0.0233027
820.269 0.600184 0.0223345
820.571 0.612758 0.0231589
820.872 0.627964 0.0243311
821.173 0.65289 0.0257948
821.475 0.663645 0.0270071
821.776 0.630283 0.0261833
822.077 0.654942 0.026535
822.378 0.663497 0.0268942
822.679 0.711867 0.0283132
822.98 0.673351 0.0272808
823.281 0.685689 0.0284225
823.581 0.711499 0.0286604
823.882 0.696951 0.0287288
824.183 0.699648 0.0284923
824.483 0.668811 0.0268668
824.784 0.617515 0.0247555
825.084 0.66228 0.0260967
825.385 0.704258 0.0272639
825.685 0.674378 0.027253
825.985 0.652166 0.0265713
826.286 0.637357 0.0259071
826.586 0.629794 0.0252478
826.886 0.668668 0.0260636
827.186 0.649064 0.0260557
827.486 0.676629 0.0274969
827.786 0.696751 0.0283279
828.086 0.661065 0.0273156
828.386 0.63768 0.0264775
828.685 0.670989 0.0270099
828.985 0.667258 0.0277397
829.285 0.689423 0.0283913
829.584 0.692721 0.0289189
829.884 0.710482 0.0297338
830.183 0.730255 0.0317161
830.482 0.662037 0.0298688
830.782 0.742832 0.0317734
831.081 0.781874 0.0338315
831.38 0.69442 0.0308525
831.679 0.725693 0.0316111
831.978 0.776177 0.0327443
832.277 0.715582 0.0304269
832.576 0.704458 0.0296216
832.875 0.719101 0.0299096
833.174 0.687832 0.0290686
833.472 0.697568 0.029495
833.771 0.680727 0.0295333
834.07 0.676098 0.0287332
834.368 0.69963 0.029515
834.667 0.724056 0.0308187
834.965 0.74711 0.0317755
835.263 0.738758 0.03164
835.562 0.705586 0.0309355
835.86 0.697523 0.0304743
836.158 0.697658 0.030824
836.456 0.721871 0.0321803
836.754 0.707726 0.0317743
837.052 0.786552 0.0345608
837.35 0.745158 0.0329868
837.648 0.77186 0.0340178
837.946 0.795439 0.0348278
838.243 0.739195 0.0335835
838.541 0.730827 0.0325156
838.839 0.719811 0.0323169
839.136 0.765127 0.0332485
839.434 0.769212 0.0331345
839.731 0.803065 0.034767
840.028 0.735722 0.0325149
840.326 0.769791 0.0336774
840.623 0.764637 0.0335338
840.92 0.742446 0.0333617
841.217 0.759539 0.0346908
841.514 0.839863 0.0366829
841.811 0.729224 0.0330531
842.108 0.774092 0.0350559
842.405 0.801226 0.0359312
842.701 0.800335 0.0360767
842.998 0.704993 0.0328174
843.295 0.785047 0.0353876
843.591 0.765749 0.0350264
843.888 0.753919 0.0343529
844.184 0.754145 0.0345571
844.481 0.764815 0.0342299
844.777 0.767931 0.0344676
845.073 0.769313 0.0347586
845.369 0.804822 0.0359084
845.665 0.768156 0.0355937
845.962 0.781489 0.0351968
846.258 0.790078 0.0360751
846.553 0.81018 0.0365841
846.849 0.811103 0.0366681
847.145 0.776853 0.0347194
847.441 0.767046 0.0347065
847.737 0.778476 0.0346744
848.032 0.790762 0.0356145
848.328 0.780129 0.0355369
848.623 0.82233 0.0369725
848.919 0.777068 0.0351399
849.214 0.782361 0.0348571
849.509 0.76275 0.0349309
849.805 0.821061 0.0369686
850.1 0.873983 0.0389942
850.395 0.832409 0.0379294
850.69 0.841545 0.0384023
850.985 0.786107 0.0357988
851.28 0.802084 0.0360106
851.575 0.812384 0.0366837
851.869 0.798914 0.036254
852.164 0.805639 0.035864
852.459 0.751338 0.0336842
852.753 0.740987 0.0329859
853.048 0.684426 0.0300572
853.342 0.734019 0.0309111
853.637 0.716656 0.031092
853.931 0.693494 0.0302573
854.225 0.676652 0.0297562
854.52 0.752361 0.032546
854.814 0.744514 0.0324834
855.108 0.650323 0.0293741
855.402 0.684094 0.0306784
855.696 0.729192 0.0325802
855.99 0.752046 0.0336204
856.283 0.711249 0.0319783
856.577 0.782549 0.0343098
856.871 0.700492 0.0322046
857.164 0.777191 0.0342908
857.458 0.768743 0.0352368
857.751 0.777712 0.034827
858.045 0.767157 0.0341702
858.338 0.737122 0.0340419
858.632 0.668818 0.031684
858.925 0.706627 0.0334219
859.218 0.719304 0.0335768
859.511 0.82906 0.0375564
859.804 0.810191 0.0367552
860.097 0.769637 0.0348745
860.39 0.795512 0.0364964
860.683 0.82694 0.0370527
860.976 0.801949 0.0367809
861.268 0.789892 0.0359391
861.561 0.830416 0.0379055
861.854 0.917058 0.0410207
862.146 0.846792 0.0380179
862.439 0.822322 0.0372618
862.731 0.782992 0.0354695
863.023 0.84377 0.0380131
863.316 0.869808 0.0378988
863.608 0.811246 0.0367921
863.9 0.77198 0.0359134
864.192 0.733071 0.0341666
864.484 0.827316 0.0371648
864.776 0.816503 0.0372487
865.068 0.796912 0.0365714
865.36 0.816424 0.0369196
865.651 0.819961 0.0379713
865.943 0.783204 0.0364245
866.235 0.78923 0.0367497
866.526 0.86512 0.0395131
866.818 0.820479 0.0371894
867.109 0.790619 0.0362826
867.4 0.822314 0.0377149
867.692 0.831828 0.0381396
867.983 0.840137 0.0379586
868.274 0.823419 0.0380503
868.565 0.854094 0.0382583
868.856 0.819487 0.0377204
869.147 0.835135 0.0379756
869.438 0.801409 0.0371007
869.729 0.818921 0.0377283
870.02 0.916733 0.0414918
870.31 0.809427 0.0377718
870.601 0.784316 0.0366455
870.892 0.771633 0.0359748
871.182 0.794403 0.0363481
871.473 0.842134 0.0382378
871.763 0.808799 0.0365748
872.053 0.791937 0.0366178
872.343 0.810578 0.0369892
872.634 0.802523 0.037175
872.924 0.769058 0.0356684
873.214 0.79891 0.0370981
873.504 0.800423 0.0376317
873.794 0.850415 0.0397581
874.084 0.855474 0.0397611
874.373 0.816945 0.0378776
874.663 0.796756 0.0365208
874.953 0.85826 0.039165
875.242 0.828884 0.0379707
875.532 0.837168 0.0378464
875.821 0.755172 0.0361687
876.111 0.780212 0.036624
876.4 0.836353 0.0383931
876.689 0.822316 0.0378165
876.978 0.859471 0.0386757
877.268 0.83626 0.0382177
877.557 0.849576 0.0389652
877.846 0.811659 0.0379582
878.134 0.86185 0.0394693
878.423 0.862009 0.0394765
878.712 0.862167 0.0394838
