178.41 0.641019 0.123847
178.791 0.645077 0.124631
179.172 0.649107 0.125409
179.553 0.463801 0.463801
179.934 1.11579 1.11579
180.316 0.435361 0.435361
180.697 0.421559 0.421559
181.078 0.60737 0.60737
181.459 0.550984 0.550984
181.84 0.6739 0.6739
182.221 1.44206 1.44206
182.602 0.308933 0.308933
182.983 -3.76237 -3.76237
183.364 0.618732 0.139579
183.744 0.640892 0.0896901
184.125 0.587377 0.0744829
184.506 0.622104 0.062794
184.887 0.629818 0.0563417
185.268 0.530714 0.0445256
185.648 0.51227 0.0423465
186.029 0.508734 0.0402517
186.41 0.650291 0.0443186
186.791 0.597426 0.0408239
187.171 0.547493 0.0334273
187.552 0.57057 0.0277638
187.932 0.584418 0.0286112
188.313 0.56843 0.0263544
188.694 0.578168 0.026564
189.074 0.580551 0.0256635
189.455 0.591039 0.0251757
189.835 0.609784 0.0262938
190.216 0.634727 0.0261194
190.596 0.565433 0.0235927
190.977 0.573442 0.0235747
191.357 0.60803 0.0243469
191.737 0.588625 0.023656
192.118 0.598324 0.0237331
192.498 0.591308 0.0228616
192.878 0.619991 0.0235897
193.258 0.592406 0.022661
193.639 0.573254 0.0220152
194.019 0.593385 0.0225958
194.399 0.605439 0.0226273
194.779 0.562511 0.0209362
195.159 0.620549 0.0226271
195.54 0.596424 0.0215182
195.92 0.60768 0.0217846
196.3 0.553755 0.0204943
196.68 0.605844 0.0215435
197.06 0.608044 0.0214538
197.44 0.614048 0.0213525
197.82 0.608562 0.02109
198.2 0.596653 0.0208729
198.58 0.58199 0.0200707
198.959 0.569763 0.0198228
199.339 0.571185 0.0199336
199.719 0.587104 0.0198224
200.099 0.583292 0.0198054
200.479 0.585085 0.0197797
200.858 0.589026 0.0195537
201.238 0.57165 0.0189621
201.618 0.566045 0.0190807
201.998 0.555342 0.0184469
202.377 0.564653 0.0186006
202.757 0.553449 0.0181732
203.136 0.547622 0.01796
203.516 0.539494 0.0175608
203.896 0.542945 0.0173999
204.275 0.530186 0.016855
204.655 0.548111 0.0171701
205.034 0.541806 0.0168704
205.414 0.523567 0.0163763
205.793 0.539434 0.0164737
206.172 0.533178 0.0163928
206.552 0.528444 0.0160415
206.931 0.500145 0.0153669
207.31 0.511784 0.0153772
207.69 0.513235 0.015276
208.069 0.505089 0.0149537
208.448 0.488198 0.0145163
208.827 0.507428 0.0147144
209.207 0.521468 0.0148776
209.586 0.49567 0.0141254
209.965 0.498945 0.0141272
210.344 0.499322 0.0139264
210.723 0.499142 0.0137529
211.102 0.480686 0.0132627
211.481 0.493596 0.0133687
211.86 0.48362 0.0131012
212.239 0.484716 0.0129836
212.618 0.479129 0.0127219
212.997 0.471953 0.0124203
213.376 0.482032 0.0125074
213.755 0.469382 0.0121688
214.134 0.477444 0.0121066
214.513 0.465021 0.0117547
214.891 0.476854 0.0118238
215.27 0.460038 0.0113951
215.649 0.466532 0.0113809
216.028 0.474641 0.0112812
216.406 0.468828 0.0110951
216.785 0.457305 0.0107796
217.164 0.464564 0.010756
217.542 0.465282 0.0105386
217.921 0.454414 0.0102815
218.3 0.460447 0.0103129
218.678 0.466961 0.0102222
219.057 0.468746 0.0100594
219.435 0.458909 0.00978969
219.814 0.460553 0.00973493
220.192 0.464409 0.00961802
220.57 0.47424 0.00960534
220.949 0.470045 0.0094023
221.327 0.474763 0.00929226
221.705 0.479966 0.00924738
222.084 0.481186 0.00905825
222.462 0.485343 0.00898891
222.84 0.488555 0.00894414
223.218 0.490263 0.00873667
223.597 0.497814 0.00871475
223.975 0.49854 0.0085641
224.353 0.501862 0.0084982
224.731 0.504604 0.00838406
225.109 0.507336 0.00823693
225.487 0.514317 0.00817551
225.865 0.526276 0.00814354
226.243 0.525347 0.00803306
226.621 0.529614 0.00795939
226.999 0.537584 0.00785478
227.377 0.548956 0.00786035
227.755 0.548244 0.00775277
228.133 0.553995 0.00769436
228.511 0.564009 0.00767119
228.889 0.563983 0.00752432
229.266 0.568045 0.00747971
229.644 0.563834 0.00730523
230.022 0.582784 0.00733083
230.4 0.587325 0.00728998
230.777 0.59731 0.00728174
231.155 0.60383 0.0072262
231.533 0.607557 0.00714584
231.91 0.608779 0.00705619
232.288 0.615161 0.00702588
232.665 0.618017 0.00695151
233.043 0.63271 0.00696726
233.42 0.633444 0.00687708
233.798 0.640995 0.00686736
234.175 0.645877 0.00680367
234.553 0.653613 0.00677142
234.93 0.657222 0.00672208
235.307 0.66006 0.00668201
235.685 0.671161 0.00668296
236.062 0.670742 0.0066028
236.439 0.68073 0.00661888
236.816 0.680196 0.00653538
237.194 0.687137 0.0064991
237.571 0.691471 0.00646279
237.948 0.702093 0.00647784
238.325 0.694246 0.00637024
238.702 0.704795 0.00638056
239.079 0.702396 0.00630649
239.456 0.71468 0.0063189
239.833 0.716162 0.00628465
240.21 0.719974 0.00624315
240.587 0.72785 0.00624813
240.964 0.726601 0.00619184
241.341 0.730885 0.0061576
241.718 0.731972 0.00610385
242.095 0.735507 0.00611674
242.472 0.738781 0.00608174
242.849 0.743146 0.00605415
243.225 0.743337 0.00600214
243.602 0.748007 0.00599065
243.979 0.743486 0.00595188
244.356 0.761065 0.00599712
244.732 0.754239 0.00590936
245.109 0.753758 0.00586612
245.486 0.762528 0.00589193
245.862 0.76424 0.00586941
246.239 0.762324 0.00580229
246.615 0.76512 0.00580239
246.992 0.764142 0.00575621
247.368 0.773369 0.00579082
247.745 0.769853 0.00572893
248.121 0.77207 0.00569806
248.497 0.774176 0.00569661
248.874 0.779992 0.00568333
249.25 0.775633 0.00561755
249.626 0.781289 0.00562868
250.003 0.781281 0.00559562
250.379 0.781088 0.00554045
250.755 0.78312 0.00555245
251.131 0.78388 0.00551616
251.507 0.785724 0.00551528
251.884 0.787108 0.00548224
252.26 0.792541 0.00550253
252.636 0.787414 0.00543477
253.012 0.788882 0.00542001
253.388 0.792557 0.00541626
253.764 0.794236 0.00539981
254.14 0.790157 0.00537311
254.516 0.794016 0.00537887
254.892 0.786719 0.00532702
255.268 0.795283 0.00535024
255.643 0.789206 0.00530738
256.019 0.79781 0.00533229
256.395 0.799267 0.00532602
256.771 0.792307 0.00526412
257.147 0.799226 0.00528104
257.522 0.797473 0.00526689
257.898 0.80195 0.00527297
258.274 0.799686 0.00525191
258.649 0.80262 0.00525831
259.025 0.799338 0.00521873
259.4 0.801002 0.00522132
259.776 0.801051 0.00520536
260.151 0.80958 0.00525059
260.527 0.801942 0.00520248
260.902 0.80374 0.00519415
261.278 0.804349 0.00518514
261.653 0.804649 0.00518596
262.028 0.805114 0.00519245
262.404 0.804871 0.00516786
262.779 0.804458 0.00515359
263.154 0.805557 0.00514802
263.53 0.805872 0.00513499
263.905 0.80553 0.00514386
264.28 0.804858 0.00513905
264.655 0.803857 0.00512092
265.03 0.803518 0.00513564
265.405 0.806024 0.00512651
265.781 0.807232 0.00513644
266.156 0.810255 0.00514053
266.531 0.804195 0.00509424
266.906 0.811054 0.00514418
267.281 0.809509 0.00511385
267.655 0.805678 0.0051208
268.03 0.810012 0.00513742
268.405 0.812931 0.00513982
268.78 0.810627 0.00513241
269.155 0.810882 0.00512179
269.53 0.812354 0.00514412
269.904 0.810529 0.00513254
270.279 0.81409 0.00514707
270.654 0.810968 0.00512259
271.029 0.812387 0.00513678
271.403 0.808015 0.00510846
271.778 0.812446 0.00513701
272.152 0.812898 0.00514332
272.527 0.807942 0.00512312
272.901 0.812933 0.00511881
273.276 0.809624 0.00509674
273.65 0.81427 0.0051274
274.025 0.808366 0.00509551
274.399 0.814866 0.00514047
274.774 0.811871 0.00511915
275.148 0.81112 0.0051006
275.522 0.815144 0.00512693
275.897 0.811504 0.0051127
276.271 0.810273 0.00511392
276.645 0.813406 0.00510896
277.019 0.810563 0.0050862
277.393 0.813749 0.00508243
277.768 0.811519 0.00509947
278.142 0.809992 0.00508956
278.516 0.808796 0.00509477
278.89 0.808761 0.00508461
279.264 0.817583 0.00512866
279.638 0.81113 0.00508368
280.012 0.814738 0.00510392
280.386 0.815993 0.00513456
280.76 0.814807 0.00511133
281.133 0.819014 0.0051339
281.507 0.811985 0.00510772
281.881 0.812261 0.00509691
282.255 0.816097 0.00511609
282.629 0.814469 0.00512581
283.002 0.814762 0.0051295
283.376 0.814006 0.00511309
283.75 0.815066 0.00513379
284.123 0.812589 0.00510811
284.497 0.811441 0.0051138
284.87 0.818601 0.00514156
285.244 0.813064 0.00511471
285.618 0.817437 0.00514162
285.991 0.819358 0.00516939
286.364 0.815518 0.00515534
286.738 0.818933 0.00516517
287.111 0.819795 0.00517007
287.485 0.816252 0.00516181
287.858 0.818477 0.00518814
288.231 0.8117 0.00515754
288.605 0.819505 0.0051965
288.978 0.819801 0.00518636
289.351 0.817317 0.00520542
289.724 0.815664 0.00519997
290.097 0.817141 0.00521089
290.47 0.816832 0.00522674
290.843 0.815176 0.0052196
291.217 0.812776 0.00521295
291.59 0.820309 0.00527333
291.963 0.818525 0.00525598
292.336 0.816596 0.00526655
292.708 0.818147 0.0052816
293.081 0.821879 0.00531799
293.454 0.819641 0.00528735
293.827 0.820546 0.00530599
294.2 0.823589 0.00535048
294.573 0.817869 0.00531487
294.945 0.823264 0.00536387
295.318 0.822037 0.0053578
295.691 0.822982 0.00537394
296.064 0.822165 0.00538112
296.436 0.815735 0.00535626
296.809 0.816386 0.00534399
297.181 0.81968 0.0053835
297.554 0.817591 0.00538485
297.926 0.819989 0.00539702
298.299 0.817722 0.00539531
298.671 0.817822 0.00537215
299.044 0.820013 0.00540881
299.416 0.8258 0.00543608
299.788 0.820776 0.0054111
300.161 0.821116 0.00543603
300.533 0.819674 0.00542369
300.905 0.823218 0.00541471
301.278 0.822617 0.00542411
301.65 0.823872 0.00542215
302.022 0.822641 0.00542992
302.394 0.819262 0.0054275
302.766 0.82086 0.00542513
303.138 0.82352 0.00545527
303.51 0.821787 0.00543533
303.882 0.819814 0.00542199
304.254 0.818381 0.00542789
304.626 0.821832 0.00542299
304.998 0.821343 0.00541976
305.37 0.81918 0.00544287
305.742 0.818046 0.00541871
306.114 0.820088 0.00542314
306.485 0.819934 0.00542383
306.857 0.820699 0.00542249
307.229 0.820672 0.00544135
307.601 0.818575 0.00543291
307.972 0.813121 0.00540921
308.344 0.81763 0.00541739
308.716 0.820089 0.0054479
309.087 0.819135 0.00543788
309.459 0.818672 0.0054446
309.83 0.818283 0.00544402
310.202 0.814747 0.00542341
310.573 0.821261 0.00544823
310.945 0.816224 0.00542773
311.316 0.819009 0.00546299
311.687 0.814557 0.00542628
312.059 0.817172 0.00545405
312.43 0.819993 0.00545353
312.801 0.82171 0.00547849
313.172 0.816149 0.00546328
313.544 0.817222 0.00547251
313.915 0.814085 0.00542728
314.286 0.816566 0.00545914
314.657 0.814719 0.00544089
315.028 0.81486 0.00545286
315.399 0.813996 0.00544815
315.77 0.81492 0.00544354
316.141 0.816107 0.00547017
316.512 0.81654 0.0054708
316.883 0.81536 0.00547789
317.254 0.815973 0.00547443
317.625 0.818509 0.00551671
317.996 0.811628 0.00546339
318.366 0.81775 0.00549757
318.737 0.810643 0.00546812
319.108 0.814811 0.00550109
319.478 0.811146 0.00549053
319.849 0.814515 0.00549931
320.22 0.817945 0.00551629
320.59 0.815168 0.00550378
320.961 0.811179 0.00549973
321.331 0.81401 0.00551004
321.702 0.816098 0.00554505
322.072 0.815048 0.00555824
322.443 0.815492 0.00554874
322.813 0.808664 0.00551521
323.184 0.80845 0.00552995
323.554 0.810302 0.00555386
323.924 0.808541 0.00554496
324.295 0.813047 0.00558736
324.665 0.811596 0.00558644
325.035 0.810181 0.00557427
325.405 0.811267 0.00560095
325.775 0.81505 0.00564129
326.145 0.808378 0.00561278
326.515 0.807307 0.00561941
326.886 0.814791 0.00567394
327.256 0.812297 0.00567064
327.626 0.806383 0.0056849
327.995 0.804174 0.00569111
328.365 0.789512 0.00564688
328.735 0.780163 0.00564155
329.105 0.776641 0.00568978
329.475 0.78941 0.00578142
329.845 0.821535 0.00598318
330.215 0.851012 0.00606673
330.584 0.861208 0.00604415
330.954 0.865022 0.00591436
331.324 0.844312 0.00567863
331.693 0.82962 0.00553241
332.063 0.817222 0.00543177
332.432 0.799223 0.00534393
332.802 0.787867 0.00534938
333.171 0.786596 0.00541521
333.541 0.790202 0.00552886
333.91 0.795051 0.00557397
334.28 0.795624 0.00560793
334.649 0.799197 0.0056368
335.018 0.803396 0.00567085
335.388 0.807124 0.00570234
335.757 0.803756 0.00569124
336.126 0.805439 0.00571766
336.495 0.801194 0.00568331
336.865 0.804022 0.0057169
337.234 0.804998 0.00575271
337.603 0.802806 0.00573316
337.972 0.806376 0.00575913
338.341 0.802932 0.00573741
338.71 0.801195 0.0057273
339.079 0.803078 0.00575482
339.448 0.806656 0.00575853
339.817 0.805749 0.00576951
340.186 0.806108 0.00577445
340.554 0.800219 0.00574578
340.923 0.803374 0.00576913
341.292 0.799015 0.00575888
341.661 0.801417 0.00577476
342.029 0.798892 0.00575568
342.398 0.800271 0.00576838
342.767 0.801672 0.00579563
343.135 0.802666 0.00579488
343.504 0.802028 0.00581064
343.872 0.801321 0.00578647
344.241 0.79967 0.00579404
344.609 0.801368 0.00582323
344.978 0.802048 0.00581981
345.346 0.794623 0.00577103
345.715 0.798783 0.00580849
346.083 0.798804 0.00582151
346.451 0.797927 0.00580908
346.82 0.79875 0.00583154
347.188 0.798252 0.00581871
347.556 0.799689 0.00585399
347.924 0.799629 0.00584669
348.292 0.792059 0.00583217
348.66 0.793072 0.00583076
349.028 0.79349 0.00583963
349.396 0.792024 0.00585722
349.764 0.795922 0.00586422
350.132 0.796559 0.00586355
350.5 0.794701 0.00586627
350.868 0.792541 0.00586893
351.236 0.794373 0.00587103
351.604 0.791866 0.00588454
351.972 0.798657 0.00591642
352.34 0.791872 0.0058998
352.707 0.79475 0.00591311
353.075 0.799416 0.00593201
353.443 0.792296 0.005919
353.81 0.791764 0.00593171
354.178 0.795313 0.00594834
354.545 0.793573 0.00592727
354.913 0.797383 0.00596675
355.28 0.790369 0.00594126
355.648 0.792421 0.00593639
356.015 0.788587 0.00593238
356.383 0.789712 0.00592983
356.75 0.791534 0.0059518
357.117 0.789036 0.0059457
357.485 0.787252 0.00594314
357.852 0.79759 0.00602335
358.219 0.791204 0.00596941
358.586 0.788337 0.00595759
358.954 0.790582 0.00599114
359.321 0.785872 0.00595883
359.688 0.786928 0.00599219
360.055 0.785827 0.00597947
360.422 0.789471 0.00600201
360.789 0.786751 0.00600199
361.156 0.787138 0.00599817
361.523 0.789867 0.00603288
361.89 0.782736 0.0059983
362.256 0.779925 0.00596357
362.623 0.785919 0.00604606
362.99 0.781626 0.00600067
363.357 0.786209 0.00604281
363.724 0.783159 0.00603367
364.09 0.784565 0.00602692
364.457 0.786814 0.00608062
364.823 0.781479 0.00602104
365.19 0.779465 0.00602222
365.557 0.785161 0.0060348
365.923 0.780911 0.00603839
366.29 0.789003 0.00608867
366.656 0.783667 0.0060431
367.022 0.785449 0.00604241
367.389 0.781657 0.0060548
367.755 0.784661 0.00609529
368.121 0.78132 0.00607984
368.488 0.781207 0.00607118
368.854 0.778988 0.00608557
369.22 0.785707 0.00614056
369.586 0.783257 0.00615186
369.952 0.781327 0.00615764
370.318 0.769076 0.00611206
370.684 0.782066 0.00618144
371.051 0.782388 0.00618442
371.416 0.780581 0.00621545
371.782 0.77846 0.00618844
372.148 0.783532 0.00622135
372.514 0.774955 0.0062005
372.88 0.779577 0.00623723
373.246 0.77578 0.0062163
373.612 0.782307 0.00623946
373.977 0.777008 0.00620426
374.343 0.778094 0.00618897
374.709 0.780286 0.00617757
375.074 0.778738 0.00618992
375.44 0.779475 0.00621938
375.806 0.780689 0.00625858
376.171 0.777107 0.00621263
376.537 0.776636 0.00620507
376.902 0.777975 0.00622135
377.268 0.781046 0.00620802
377.633 0.774512 0.00617067
377.998 0.77122 0.00613396
378.364 0.777812 0.00613348
378.729 0.782732 0.00616321
379.094 0.781863 0.00618674
379.459 0.78232 0.00627145
379.825 0.769396 0.00619187
380.19 0.772766 0.00621504
380.555 0.774755 0.00626676
380.92 0.780522 0.00636864
381.285 0.776013 0.00633821
381.65 0.768688 0.00625913
382.015 0.769746 0.00627267
382.38 0.774265 0.00631549
382.745 0.773259 0.00635009
383.11 0.772351 0.00636352
383.474 0.775549 0.00635785
383.839 0.772314 0.00635602
384.204 0.774788 0.00638673
384.569 0.772319 0.00638436
384.933 0.770415 0.00639504
385.298 0.771823 0.00641086
385.663 0.764174 0.00636092
386.027 0.764727 0.00635005
386.392 0.76597 0.00632809
386.756 0.762955 0.00628387
387.121 0.76391 0.006286
387.485 0.769732 0.00629051
387.849 0.767538 0.00625214
388.214 0.77401 0.00634811
388.578 0.772381 0.00637332
388.942 0.767526 0.00638562
389.307 0.763615 0.00636352
389.671 0.767676 0.00640391
390.035 0.762731 0.00635417
390.399 0.767566 0.00635932
390.763 0.75771 0.0062811
391.127 0.764868 0.00628795
391.492 0.761048 0.00618597
391.856 0.763563 0.00612475
392.219 0.761084 0.00606919
392.583 0.770349 0.00614079
392.947 0.781346 0.00631792
393.311 0.767146 0.00631802
393.675 0.767576 0.00633883
394.039 0.76297 0.00635892
394.403 0.766852 0.00637825
394.766 0.763572 0.00638188
395.13 0.766439 0.00641077
395.494 0.761256 0.00638652
395.857 0.760747 0.0063565
396.221 0.755659 0.00630652
396.584 0.759342 0.00627452
396.948 0.75335 0.00618224
397.311 0.753043 0.00608995
397.675 0.757766 0.00607602
398.038 0.766133 0.00611244
398.401 0.765781 0.0061979
398.765 0.762531 0.00628038
399.128 0.76708 0.00638908
399.491 0.761287 0.00641333
399.854 0.75731 0.00640567
400.218 0.758028 0.00642734
400.581 0.76256 0.00646489
400.944 0.757987 0.00647704
401.307 0.760143 0.0065643
401.67 0.75727 0.00653285
402.033 0.756792 0.00654983
402.396 0.756482 0.00655214
402.759 0.755074 0.00655401
403.122 0.752894 0.00651261
403.485 0.753409 0.00651316
403.847 0.749942 0.00644409
404.21 0.750718 0.00641411
404.573 0.760175 0.00644734
404.936 0.760608 0.0064174
405.298 0.765998 0.0065108
405.661 0.760969 0.00658036
406.023 0.758561 0.00666311
406.386 0.756357 0.00667697
406.749 0.760062 0.00672392
407.111 0.74822 0.00666277
407.473 0.738392 0.00651296
407.836 0.747923 0.0065453
408.198 0.750287 0.00651572
408.561 0.750201 0.0065341
408.923 0.754293 0.00656156
409.285 0.753315 0.00656942
409.647 0.761367 0.00666231
410.009 0.754192 0.00669356
410.372 0.753456 0.00668055
410.734 0.752186 0.00670848
411.096 0.747522 0.00667591
411.458 0.748618 0.00667919
411.82 0.748356 0.00663421
412.182 0.746591 0.00657609
412.544 0.747143 0.00659324
412.906 0.752687 0.00660594
413.267 0.752534 0.00662889
413.629 0.752289 0.00667998
413.991 0.752296 0.00671141
414.353 0.754325 0.00673896
414.714 0.752843 0.00680325
415.076 0.747119 0.0067605
415.438 0.751771 0.00677413
415.799 0.748652 0.00673309
416.161 0.75157 0.00680535
416.522 0.749164 0.00682241
416.884 0.741535 0.00679181
417.245 0.745086 0.00683317
417.607 0.747637 0.00682798
417.968 0.74443 0.00680564
418.329 0.746988 0.0068088
418.691 0.743846 0.00679221
419.052 0.749172 0.00681173
419.413 0.73767 0.00669843
419.774 0.741091 0.00669305
420.135 0.733533 0.00651059
420.497 0.732198 0.00640202
420.858 0.740115 0.00634774
421.219 0.747481 0.0064008
421.58 0.754062 0.00651088
421.941 0.753785 0.00662398
422.302 0.748436 0.00668897
422.662 0.750472 0.00672688
423.023 0.741855 0.00671766
423.384 0.740534 0.00673418
423.745 0.73686 0.00667692
424.106 0.73658 0.00667189
424.466 0.747085 0.00670624
424.827 0.753865 0.00682959
425.187 0.749372 0.00689537
425.548 0.748652 0.00695718
425.909 0.742126 0.00696342
426.269 0.734017 0.00687644
426.63 0.734301 0.00683113
426.99 0.739215 0.0067977
427.35 0.742688 0.00684406
427.711 0.733517 0.00675346
428.071 0.729229 0.00667733
428.431 0.719817 0.00650735
428.792 0.72164 0.00629259
429.152 0.730262 0.00615606
429.512 0.74324 0.00619889
429.872 0.742311 0.006238
430.232 0.753536 0.00639598
430.592 0.755489 0.00658599
430.952 0.751967 0.00676463
431.312 0.756782 0.00695508
431.672 0.746079 0.00698525
432.032 0.730339 0.00689006
432.392 0.72997 0.00679517
432.752 0.712326 0.00638232
433.111 0.724346 0.00629222
433.471 0.756563 0.00653126
433.831 0.757899 0.00679304
434.19 0.739045 0.00670889
434.55 0.738193 0.00670381
434.91 0.74054 0.00679278
435.269 0.72902 0.00664691
435.629 0.730166 0.00663747
435.988 0.734942 0.00663064
436.348 0.7501 0.00680112
436.707 0.74345 0.00687393
437.066 0.732792 0.00682076
437.426 0.726541 0.00671099
437.785 0.732867 0.00672125
438.144 0.734724 0.00672138
438.503 0.742039 0.00684388
438.862 0.732497 0.00681234
439.222 0.736573 0.00688577
439.581 0.730566 0.00688707
439.94 0.718112 0.00673245
440.299 0.713419 0.00648422
440.658 0.71861 0.00634213
441.017 0.732383 0.00640468
441.376 0.741775 0.00652085
441.734 0.738425 0.00657293
442.093 0.72486 0.00650944
442.452 0.724484 0.00646103
442.811 0.730872 0.00646092
443.169 0.729148 0.00645088
443.528 0.742083 0.00664282
443.887 0.730313 0.00659415
444.245 0.734892 0.00664377
444.604 0.728546 0.00667008
444.962 0.726974 0.00669458
445.321 0.729643 0.00671312
445.679 0.724342 0.00665354
446.038 0.727183 0.00664223
446.396 0.737135 0.00677966
446.754 0.734458 0.00685993
447.112 0.736018 0.00690194
447.471 0.729665 0.00687997
447.829 0.723092 0.00688474
448.187 0.723991 0.00687677
448.545 0.724708 0.00685912
448.903 0.725254 0.00687947
449.261 0.727629 0.00691077
449.619 0.730857 0.00699168
449.977 0.734527 0.00704335
450.335 0.73464 0.00712107
450.693 0.730226 0.00711723
451.051 0.72568 0.00708098
451.409 0.728311 0.00712162
451.766 0.734281 0.00715987
452.124 0.736368 0.00727063
452.482 0.731813 0.00731991
452.839 0.730752 0.00739628
453.197 0.731543 0.00741335
453.555 0.723599 0.00740347
453.912 0.72423 0.00738725
454.27 0.720699 0.00725297
454.627 0.715039 0.00713907
454.984 0.727701 0.00721902
455.342 0.737389 0.00737833
455.699 0.733932 0.00744314
456.056 0.721421 0.00733563
456.414 0.721963 0.00727278
456.771 0.715832 0.0071094
457.128 0.719171 0.00709871
457.485 0.724863 0.00710203
457.842 0.728112 0.00716198
458.199 0.728436 0.00715528
458.556 0.729194 0.00708995
458.913 0.718641 0.00703875
459.27 0.727092 0.00703991
459.627 0.729576 0.00715452
459.984 0.717794 0.00704477
460.341 0.722526 0.00705886
460.697 0.723884 0.00714968
461.054 0.736696 0.00742514
461.411 0.734451 0.00756655
461.767 0.726504 0.00761424
462.124 0.716084 0.00754054
462.481 0.714408 0.00744162
462.837 0.715262 0.0073305
463.194 0.717986 0.00719071
463.55 0.712999 0.00721177
463.907 0.706998 0.00699284
464.263 0.714585 0.00693347
464.619 0.710383 0.00678219
464.976 0.720845 0.00673733
465.332 0.728839 0.00677291
465.688 0.747027 0.00706731
466.044 0.738601 0.00727964
466.4 0.730513 0.00735231
466.756 0.724608 0.00737058
467.112 0.721598 0.00735519
467.468 0.719005 0.00733112
467.824 0.730289 0.00746421
468.18 0.733084 0.00757616
468.536 0.720937 0.0075194
468.892 0.727881 0.00767607
469.248 0.722471 0.00768141
469.604 0.718937 0.00770868
469.959 0.726918 0.00774861
470.315 0.724154 0.0077297
470.671 0.718752 0.00769312
471.026 0.713717 0.00760143
471.382 0.707872 0.00749781
471.737 0.717568 0.00748825
472.093 0.714046 0.00735332
472.448 0.703516 0.00715879
472.804 0.715429 0.00715758
473.159 0.712826 0.0070859
473.514 0.725744 0.00718615
473.87 0.714107 0.00702674
474.225 0.698521 0.00675105
474.58 0.710441 0.00667416
474.935 0.731723 0.006831
475.29 0.730033 0.0069151
475.645 0.716093 0.0068557
476 0.716333 0.00686568
476.355 0.722321 0.00695639
476.71 0.714049 0.00691239
477.065 0.698489 0.00663751
477.42 0.705528 0.00658289
477.775 0.715537 0.00663741
478.13 0.72147 0.00672482
478.485 0.704513 0.00659718
478.839 0.70475 0.00651935
479.194 0.699848 0.00633015
479.549 0.706776 0.00628339
479.903 0.722821 0.00637126
480.258 0.714628 0.0063849
480.612 0.70587 0.00626289
480.967 0.704596 0.00611257
481.321 0.716826 0.00618515
481.675 0.728291 0.00635453
482.03 0.726757 0.00645981
482.384 0.713339 0.00642677
482.738 0.705954 0.00633245
483.093 0.702446 0.00627057
483.447 0.69866 0.00611783
483.801 0.698468 0.005926
484.155 0.7029 0.00586891
484.509 0.604441 0.00473907
484.863 0.587798 0.00318531
485.217 0.678127 0.00310949
485.571 0.779946 0.00342092
485.925 0.888359 0.00465075
486.279 0.779656 0.00505212
486.632 0.711686 0.00522062
486.986 0.721682 0.00568281
487.34 0.734304 0.00611926
487.694 0.715062 0.00620712
488.047 0.70594 0.00620227
488.401 0.711973 0.00623662
488.754 0.712898 0.00628029
489.108 0.717343 0.00640266
489.461 0.71348 0.00641631
489.815 0.710199 0.00646831
490.168 0.702322 0.00636139
490.522 0.706396 0.00635267
490.875 0.713646 0.00639478
491.228 0.709969 0.00642215
491.581 0.702138 0.00634282
491.935 0.709624 0.00640012
492.288 0.709365 0.00642532
492.641 0.708539 0.00637603
492.994 0.704346 0.00635238
493.347 0.700747 0.00624815
493.7 0.710227 0.00629508
494.053 0.707026 0.00630237
494.406 0.719608 0.00646103
494.759 0.714644 0.00656999
495.111 0.692232 0.00626423
495.464 0.684441 0.00595551
495.817 0.703816 0.00593012
496.169 0.725729 0.00619071
496.522 0.729863 0.00648857
496.875 0.719774 0.00665877
497.227 0.706285 0.00666125
497.58 0.702364 0.00663116
497.932 0.705541 0.00656811
498.285 0.699038 0.00647809
498.637 0.694285 0.00629524
498.989 0.699108 0.00624673
499.342 0.712408 0.00635263
499.694 0.715982 0.00650934
500.046 0.702976 0.00650534
500.398 0.687849 0.00627739
500.751 0.701058 0.00627957
501.103 0.705809 0.00628073
501.455 0.70833 0.00630159
501.807 0.702222 0.00628379
502.159 0.70189 0.0062857
502.511 0.69666 0.00624668
502.862 0.705164 0.00631177
503.214 0.70715 0.00640704
503.566 0.705627 0.00652987
503.918 0.701595 0.00658164
504.27 0.697798 0.00655686
504.621 0.7059 0.00661091
504.973 0.704174 0.00664007
505.324 0.69912 0.00657347
505.676 0.693681 0.00643376
506.027 0.709477 0.00652416
506.379 0.71539 0.00676962
506.73 0.701502 0.0068058
507.082 0.693023 0.00671654
507.433 0.691175 0.00658334
507.784 0.70249 0.00658152
508.136 0.702715 0.00669743
508.487 0.709563 0.00679906
508.838 0.702866 0.00683034
509.189 0.694251 0.00678089
509.54 0.695778 0.00669761
509.891 0.702769 0.00680904
510.242 0.699336 0.00679996
510.593 0.704528 0.00686858
510.944 0.69709 0.00687043
511.295 0.715668 0.00710635
511.646 0.702941 0.00712088
511.996 0.693185 0.00699844
512.347 0.695871 0.00695924
512.698 0.705137 0.00702857
513.049 0.705615 0.00707427
513.399 0.700611 0.00708183
513.75 0.698834 0.0070517
514.1 0.710966 0.0072476
514.451 0.70771 0.00738135
514.801 0.691821 0.00726597
515.152 0.694775 0.00721711
515.502 0.691068 0.00708626
515.852 0.700263 0.00709496
516.202 0.700574 0.00708703
516.553 0.711918 0.00724861
516.903 0.704727 0.00732191
517.253 0.705847 0.00743827
517.603 0.702802 0.00742085
517.953 0.695708 0.00734742
518.303 0.698604 0.00718989
518.653 0.698899 0.00713249
519.003 0.707515 0.00723143
519.353 0.715398 0.0075317
519.703 0.706198 0.0076418
520.052 0.694918 0.0076194
520.402 0.70113 0.00761123
520.752 0.696849 0.00750111
521.102 0.714768 0.00772006
521.451 0.707071 0.00773305
521.801 0.701312 0.00767947
522.15 0.690814 0.00749546
522.5 0.705198 0.00756081
522.849 0.695049 0.00748263
523.199 0.701925 0.00744852
523.548 0.69531 0.00734207
523.897 0.704834 0.00747765
524.246 0.710135 0.00763065
524.596 0.702133 0.00769492
524.945 0.697103 0.00762261
525.294 0.695755 0.00761436
525.643 0.697859 0.00760887
525.992 0.698881 0.00760143
526.341 0.699446 0.00755708
526.69 0.697449 0.00760569
527.039 0.704689 0.00771957
527.388 0.698724 0.0077406
527.737 0.687 0.00744185
528.086 0.683226 0.00714833
528.434 0.696525 0.00708549
528.783 0.717188 0.00738628
529.132 0.706345 0.00746976
529.48 0.697601 0.0075189
529.829 0.695495 0.0075489
530.177 0.704107 0.00767345
530.526 0.699909 0.00766935
530.874 0.694082 0.00756455
531.223 0.692078 0.00754271
531.571 0.705739 0.00768239
531.919 0.688751 0.00751477
532.268 0.675451 0.00721461
532.616 0.686356 0.00704014
532.964 0.698118 0.00699488
533.312 0.703077 0.00702331
533.66 0.695014 0.00701444
534.008 0.69328 0.00698974
534.356 0.699038 0.00702334
534.704 0.699103 0.0070875
535.052 0.706586 0.00722116
535.4 0.703684 0.00735865
535.748 0.695722 0.0074911
536.095 0.69714 0.00768872
536.443 0.686058 0.00763688
536.791 0.683797 0.00746302
537.139 0.689213 0.00732001
537.486 0.68368 0.00712194
537.834 0.696001 0.00714776
538.181 0.693734 0.00709514
538.529 0.69279 0.00713025
538.876 0.693985 0.0071179
539.223 0.701397 0.00727681
539.571 0.703189 0.00744196
539.918 0.686285 0.00732591
540.265 0.686039 0.0071802
540.613 0.692314 0.00708891
540.96 0.696131 0.00719644
541.307 0.69395 0.00719826
541.654 0.686443 0.00715743
542.001 0.694086 0.00721957
542.348 0.692899 0.00721205
542.695 0.68981 0.00720505
543.042 0.690318 0.00709709
543.388 0.683778 0.00697407
543.735 0.693917 0.00701583
544.082 0.696044 0.00701587
544.429 0.700055 0.00706845
544.775 0.699995 0.0072238
545.122 0.704926 0.00746412
545.469 0.690741 0.00750945
545.815 0.68256 0.00742164
546.162 0.681132 0.00735488
546.508 0.685732 0.00722816
546.854 0.680599 0.00693415
547.201 0.681832 0.00668632
547.547 0.705085 0.00677969
547.893 0.704045 0.00692679
548.24 0.715037 0.00735451
548.586 0.696611 0.00756101
548.932 0.69085 0.0076417
549.278 0.683458 0.00760611
549.624 0.691934 0.00761224
549.97 0.69618 0.00770702
550.316 0.696963 0.00786531
550.662 0.692898 0.00792303
551.008 0.657996 0.00732145
551.353 0.678633 0.00703812
551.699 0.69583 0.00696909
552.045 0.712998 0.00724452
552.391 0.694588 0.00729856
552.736 0.685581 0.00728419
553.082 0.68419 0.00728748
553.427 0.69773 0.00748931
553.773 0.698717 0.00774275
554.118 0.67764 0.00762555
554.464 0.675386 0.00741751
554.809 0.673728 0.00711417
555.154 0.690377 0.00710454
555.5 0.689434 0.00711578
555.845 0.700162 0.00744975
556.19 0.690032 0.00759632
556.535 0.686392 0.00774639
556.88 0.68617 0.00762024
557.225 0.693672 0.00763339
557.57 0.693662 0.0077823
557.915 0.698385 0.00802045
558.26 0.683885 0.00803457
558.605 0.683849 0.00800586
558.95 0.673772 0.00777143
559.295 0.674599 0.0073615
559.639 0.677385 0.00709904
559.984 0.676279 0.00682215
560.329 0.686657 0.0068489
560.673 0.691609 0.00689741
561.018 0.691414 0.00709883
561.362 0.693179 0.00729736
561.707 0.686154 0.0074423
562.051 0.678309 0.00730943
562.395 0.671429 0.0071762
562.74 0.68841 0.00712219
563.084 0.681141 0.00699695
563.428 0.683692 0.00686366
563.772 0.688638 0.00692037
564.117 0.678252 0.00681776
564.461 0.682365 0.00681676
564.805 0.684288 0.00688582
565.149 0.6853 0.00685914
565.493 0.68416 0.00686394
565.836 0.682453 0.00672367
566.18 0.672235 0.00657562
566.524 0.663926 0.00609384
566.868 0.680723 0.00600499
567.212 0.685135 0.00592188
567.555 0.678254 0.00581761
567.899 0.67299 0.00552648
568.242 0.675774 0.00531176
568.586 0.666099 0.004935
568.929 0.663847 0.00461151
569.273 0.676362 0.00440086
569.616 0.690371 0.00445247
569.96 0.677847 0.00432279
570.303 0.674438 0.00417792
570.646 0.681666 0.00414808
570.989 0.673511 0.00399549
571.333 0.688634 0.00409039
571.676 0.696415 0.00426718
572.019 0.676415 0.00454746
572.362 0.640743 0.00417611
572.705 0.654513 0.00391751
573.048 0.679231 0.00379862
573.391 0.677326 0.00366952
573.733 0.6793 0.00362381
574.076 0.68053 0.00358699
574.419 0.693784 0.00373215
574.762 0.680855 0.00389419
575.104 0.67965 0.00416486
575.447 0.645062 0.00400272
575.789 0.648279 0.00377177
576.132 0.681172 0.00365254
576.474 0.672059 0.00358742
576.817 0.668014 0.00330859
577.159 0.688473 0.0031758
577.501 0.716557 0.0032655
577.844 0.708162 0.00347442
578.186 0.678643 0.00381506
578.528 0.649278 0.00388402
578.87 0.655211 0.00391876
579.212 0.65592 0.0037901
579.554 0.680101 0.00373602
579.896 0.67551 0.00374606
580.238 0.649918 0.0034626
580.58 0.677862 0.00310701
580.922 0.724648 0.00308738
581.264 0.771051 0.00318462
581.606 0.714491 0.00320057
581.947 0.691023 0.00334103
582.289 0.673797 0.0036653
582.631 0.655284 0.00400934
582.972 0.644092 0.00424151
583.314 0.649048 0.00421086
583.655 0.651206 0.0040774
583.997 0.655086 0.00373296
584.338 0.67415 0.00352222
584.679 0.687991 0.00341393
585.021 0.702983 0.00354579
585.362 0.682859 0.00375501
585.703 0.670029 0.00400069
586.044 0.638467 0.00391989
586.385 0.651433 0.00374672
586.726 0.670126 0.00362944
587.067 0.69627 0.00384476
587.408 0.675706 0.00400473
587.749 0.667669 0.00416958
588.09 0.665798 0.00433729
588.431 0.674761 0.00462648
588.772 0.654664 0.00473947
589.113 0.65575 0.0046615
589.453 0.669169 0.00468341
589.794 0.68248 0.00489174
590.134 0.678705 0.00513847
590.475 0.666065 0.00520871
590.815 0.660887 0.00514042
591.156 0.672936 0.00519445
591.496 0.648287 0.004943
591.837 0.653727 0.00427019
592.177 0.672628 0.00393472
592.517 0.696063 0.00383218
592.857 0.694498 0.0040359
593.198 0.686992 0.0042708
593.538 0.669494 0.00465093
593.878 0.645535 0.00471289
594.218 0.645117 0.00455938
594.558 0.674932 0.00449021
594.898 0.68574 0.00465349
595.237 0.686042 0.00494308
595.577 0.669576 0.00519886
595.917 0.653441 0.00539233
596.257 0.652875 0.00516416
596.596 0.656994 0.00505022
596.936 0.691091 0.00509365
597.276 0.677387 0.00524003
597.615 0.654341 0.00505883
597.955 0.647163 0.00442475
598.294 0.683269 0.00426557
598.633 0.696523 0.00432102
598.973 0.6772 0.00442126
599.312 0.661718 0.0043571
599.651 0.674661 0.00443438
599.991 0.67046 0.00451711
600.33 0.671097 0.00458908
600.669 0.669056 0.00471343
601.008 0.672402 0.00488854
601.347 0.657173 0.00499756
601.686 0.657509 0.00485284
602.025 0.667307 0.00492149
602.364 0.666958 0.00467506
602.702 0.670546 0.00462037
603.041 0.684196 0.00469807
603.38 0.676667 0.00489563
603.719 0.671803 0.00510022
604.057 0.652464 0.00516753
604.396 0.657752 0.00518024
604.734 0.641806 0.0048872
605.073 0.678366 0.00464835
605.411 0.683845 0.00471239
605.75 0.689595 0.00490492
606.088 0.659994 0.00504968
606.426 0.655781 0.00491014
606.764 0.666217 0.00488103
607.103 0.68461 0.00510474
607.441 0.662874 0.00519642
607.779 0.65743 0.0053005
608.117 0.668516 0.00530844
608.455 0.677641 0.00557124
608.793 0.65132 0.00551463
609.131 0.650127 0.00514011
609.469 0.681162 0.00513441
609.806 0.693467 0.00525024
610.144 0.671937 0.00557395
610.482 0.653753 0.00555513
610.819 0.668686 0.00560592
611.157 0.668601 0.00563506
611.495 0.666126 0.00582175
611.832 0.657964 0.00580326
612.17 0.658892 0.00576511
612.507 0.670412 0.00575034
612.844 0.664955 0.00578705
613.182 0.666673 0.00580792
613.519 0.665093 0.0057653
613.856 0.666753 0.00575745
614.193 0.654403 0.00563195
614.53 0.669672 0.00557858
614.867 0.683751 0.00563081
615.205 0.674216 0.00587139
615.541 0.665757 0.00604529
615.878 0.650168 0.00622775
616.215 0.654624 0.00618526
616.552 0.656608 0.00625792
616.889 0.659546 0.00612792
617.226 0.671587 0.00612017
617.562 0.680509 0.00635654
617.899 0.66774 0.00667688
618.235 0.662462 0.00699309
618.572 0.644406 0.00715266
618.908 0.650643 0.00693779
619.245 0.665867 0.00673205
619.581 0.677364 0.00667088
619.918 0.705382 0.00737298
620.254 0.664456 0.00807243
620.59 0.629227 0.00797377
620.926 0.645139 0.00752816
621.262 0.669556 0.00724333
621.599 0.689435 0.00738348
621.935 0.665693 0.00716391
622.271 0.672736 0.00693169
622.606 0.679459 0.00681571
622.942 0.687734 0.00702709
623.278 0.661821 0.00709437
623.614 0.652543 0.00671338
623.95 0.677757 0.00681446
624.285 0.675666 0.00693077
624.621 0.666455 0.00725731
624.957 0.653747 0.00741136
625.292 0.668463 0.00772093
625.628 0.653932 0.0078676
625.963 0.643281 0.00785506
626.299 0.660609 0.00779627
626.634 0.666668 0.00770906
626.969 0.679498 0.00792684
627.304 0.673885 0.00855678
627.64 0.650126 0.00901487
627.975 0.641009 0.00877232
628.31 0.647853 0.00833616
628.645 0.683181 0.00836463
628.98 0.674531 0.00849415
629.315 0.671243 0.00863581
629.65 0.667189 0.0086784
629.985 0.677485 0.00872051
630.319 0.676393 0.00909453
630.654 0.653623 0.00904201
630.989 0.66268 0.00905984
631.323 0.670297 0.0092696
631.658 0.671574 0.00965655
631.993 0.665286 0.0100274
632.327 0.663874 0.0100549
632.662 0.675509 0.0100877
632.996 0.674795 0.00985877
633.33 0.671341 0.00968793
633.665 0.68263 0.0101112
633.999 0.663681 0.0102727
634.333 0.668356 0.0103068
634.667 0.672082 0.0103712
635.001 0.673415 0.0101286
635.335 0.664124 0.00967569
635.669 0.677752 0.00941174
636.003 0.68551 0.00959725
636.337 0.687006 0.010088
636.671 0.680402 0.0105638
637.005 0.65928 0.0106809
637.339 0.660311 0.010642
637.672 0.659916 0.0102504
638.006 0.684395 0.0101707
638.339 0.682731 0.0103065
638.673 0.68286 0.0106356
639.006 0.673887 0.0108974
639.34 0.668121 0.0108447
639.673 0.668623 0.0110036
640.007 0.668109 0.0109717
640.34 0.680355 0.0112649
640.673 0.672613 0.011286
641.006 0.686208 0.011567
641.34 0.675961 0.0116054
641.673 0.672494 0.011852
642.006 0.67664 0.0120933
642.339 0.677238 0.0118847
642.672 0.686788 0.0118946
643.004 0.676368 0.0118714
643.337 0.688679 0.0123648
643.67 0.664338 0.0121411
644.003 0.675837 0.0121257
644.336 0.684835 0.012155
644.668 0.667605 0.0119796
645.001 0.674668 0.012251
645.333 0.681533 0.0126159
645.666 0.674242 0.0128072
645.998 0.6629 0.0129889
646.331 0.672499 0.0132815
646.663 0.675166 0.0131709
646.995 0.664636 0.0122709
647.327 0.667368 0.011292
647.66 0.683793 0.0108045
647.992 0.6878 0.0106706
648.324 0.682862 0.010593
648.656 0.676783 0.0106923
648.988 0.678448 0.0111317
649.32 0.674046 0.0118687
649.652 0.662987 0.0123232
649.983 0.64188 0.0123865
650.315 0.660708 0.0126479
650.647 0.659988 0.012351
650.979 0.665659 0.0118381
651.31 0.670921 0.0114277
651.642 0.683696 0.011277
651.973 0.675052 0.011198
652.305 0.676457 0.0111671
652.636 0.677126 0.0113274
652.967 0.664458 0.0114746
653.299 0.662555 0.0117252
653.63 0.642721 0.0114179
653.961 0.631485 0.0105136
654.292 0.555187 0.00756651
654.623 0.473832 0.00253364
654.955 0.899094 0.00342601
655.286 0.899039 0.0034258
655.616 0.898983 0.00342559
655.947 0.898926 0.00342537
656.278 0.894156 0.00341616
656.609 0.384899 0.00234551
656.94 0.352543 0.00297038
657.27 0.337637 0.00340801
657.601 0.361981 0.00406999
657.932 0.412212 0.00519488
658.262 0.481131 0.00683677
658.593 0.53268 0.00862927
658.923 0.574074 0.0104747
659.254 0.620727 0.0120315
659.584 0.623613 0.012804
659.914 0.651692 0.0137066
660.244 0.654934 0.0140838
660.575 0.668057 0.0141202
660.905 0.675848 0.0142234
661.235 0.667294 0.0139353
661.565 0.676461 0.0139297
661.895 0.675268 0.013838
662.225 0.678659 0.0140912
662.555 0.688311 0.0143881
662.884 0.663163 0.013965
663.214 0.682116 0.0139678
663.544 0.702431 0.0140268
663.873 0.681921 0.0136157
664.203 0.673611 0.0133851
664.533 0.677037 0.0130556
664.862 0.687402 0.0130637
665.192 0.689819 0.0134631
665.521 0.689654 0.0141923
665.85 0.673009 0.0144364
666.18 0.668555 0.0149813
666.509 0.665707 0.0148605
666.838 0.667267 0.0145262
667.167 0.675107 0.0144236
667.496 0.690975 0.0148436
667.825 0.685349 0.0148574
668.154 0.687078 0.0148514
668.483 0.689629 0.0147779
668.812 0.680904 0.0144104
669.141 0.696436 0.0144285
669.47 0.694563 0.0142317
669.798 0.69831 0.0144161
670.127 0.673215 0.014168
670.456 0.644013 0.0130736
670.784 0.668366 0.0119465
671.113 0.682979 0.0110854
671.441 0.69949 0.0107199
671.77 0.699364 0.010897
672.098 0.678405 0.0111547
672.426 0.67 0.0123244
672.755 0.641601 0.0128233
673.083 0.652587 0.0131154
673.411 0.651437 0.0130777
673.739 0.667878 0.0134355
674.067 0.671428 0.0141826
674.395 0.668454 0.0141496
674.723 0.671768 0.0138153
675.051 0.68702 0.0137691
675.379 0.684821 0.0137357
675.706 0.67935 0.0138312
676.034 0.685194 0.014204
676.362 0.657899 0.0139853
676.689 0.65806 0.0131385
677.017 0.681754 0.0124949
677.344 0.68983 0.0120737
677.672 0.701363 0.0123829
677.999 0.669264 0.0122434
678.327 0.663674 0.0119492
678.654 0.670524 0.011488
678.981 0.683357 0.0112485
679.308 0.686111 0.0113611
679.636 0.688131 0.0119096
679.963 0.678661 0.0124193
680.29 0.637345 0.0120681
680.617 0.655251 0.0120086
680.944 0.680151 0.0120532
681.271 0.6957 0.0125414
681.597 0.6835 0.0132716
681.924 0.668096 0.0139748
682.251 0.649356 0.0137232
682.578 0.653453 0.013043
682.904 0.668171 0.0123068
683.231 0.689918 0.012008
683.557 0.676279 0.0116225
683.884 0.666523 0.0112092
684.21 0.678776 0.0110469
684.536 0.678993 0.0106876
684.863 0.679285 0.0105293
685.189 0.678599 0.0107015
685.515 0.678576 0.0112806
685.841 0.654503 0.0114415
686.167 0.642704 0.0113491
686.493 0.671857 0.011465
686.819 0.669405 0.011509
687.145 0.68359 0.0121381
687.471 0.666988 0.0128936
687.797 0.65513 0.0132071
688.123 0.656335 0.0131388
688.448 0.656869 0.012713
688.774 0.677 0.0125185
689.1 0.68545 0.0128096
689.425 0.668254 0.0131785
689.751 0.661312 0.013322
690.076 0.658067 0.0125493
690.402 0.662719 0.011766
690.727 0.681617 0.0115642
691.052 0.695157 0.0119847
691.377 0.667515 0.0120965
691.703 0.674366 0.0124663
692.028 0.656684 0.0123087
692.353 0.674239 0.0122085
692.678 0.67141 0.0122765
693.003 0.692218 0.0129392
693.328 0.666127 0.0136301
693.652 0.643838 0.0140051
693.977 0.649654 0.0137321
694.302 0.649945 0.0129509
694.627 0.685705 0.0131164
694.951 0.680536 0.0135367
695.276 0.687734 0.0149179
695.6 0.653169 0.0147827
695.925 0.631272 0.0127548
696.249 0.671183 0.0115968
696.574 0.698529 0.0112122
696.898 0.710685 0.0118241
697.222 0.671816 0.0121515
697.546 0.660147 0.0125301
697.871 0.654798 0.0127422
698.195 0.655829 0.0128456
698.519 0.665143 0.0132639
698.843 0.66781 0.0136709
699.167 0.66565 0.0141616
699.491 0.668411 0.0147314
699.814 0.656344 0.0147159
700.138 0.670969 0.0149244
700.462 0.693341 0.015422
700.786 0.666881 0.014924
701.109 0.67958 0.0146941
701.433 0.687467 0.0142672
701.756 0.683632 0.0137195
702.08 0.688311 0.0137675
702.403 0.703258 0.0141997
702.726 0.677206 0.0145255
703.05 0.672746 0.014831
703.373 0.668816 0.01496
703.696 0.675717 0.0150496
704.019 0.683066 0.0156592
704.342 0.683967 0.0162411
704.665 0.676505 0.0168191
704.988 0.656965 0.0164661
705.311 0.657113 0.015456
705.634 0.6582 0.0138886
705.957 0.687882 0.0128594
706.28 0.691555 0.0119444
706.602 0.705844 0.011942
706.925 0.696 0.0121079
707.247 0.678601 0.0124319
707.57 0.662218 0.0127653
707.892 0.656519 0.013144
708.215 0.677522 0.0140051
708.537 0.651168 0.0140679
708.859 0.644391 0.0140745
709.182 0.652337 0.0140145
709.504 0.669445 0.0138234
709.826 0.675059 0.013707
710.148 0.68036 0.0138162
710.47 0.681094 0.0142166
710.792 0.663983 0.0145555
711.114 0.678666 0.0152089
711.436 0.651326 0.0152309
711.758 0.653834 0.0150132
712.079 0.66821 0.0150039
712.401 0.675129 0.0143372
712.723 0.674123 0.0138065
713.044 0.672611 0.0129929
713.366 0.681227 0.0129303
713.687 0.681082 0.0130339
714.009 0.671261 0.0132907
714.33 0.670179 0.0135778
714.652 0.659801 0.0138551
714.973 0.669806 0.0144435
715.294 0.660226 0.0150773
715.615 0.671253 0.0161748
715.936 0.656031 0.0162249
716.257 0.673624 0.0165992
716.578 0.684675 0.0168472
716.899 0.686233 0.0164905
717.22 0.678966 0.0153447
717.541 0.685941 0.0150099
717.862 0.694469 0.0150522
718.182 0.67451 0.0148051
718.503 0.687003 0.0146168
718.824 0.681075 0.0147609
719.144 0.684786 0.0150377
719.465 0.672553 0.0152432
719.785 0.652277 0.0147019
720.105 0.677567 0.0147874
720.426 0.685223 0.0146863
720.746 0.695486 0.0150468
721.066 0.659903 0.0146833
721.386 0.666542 0.0149081
721.706 0.663351 0.0153049
722.026 0.691875 0.0160453
722.346 0.66253 0.0158319
722.666 0.685146 0.0158892
722.986 0.687455 0.0155211
723.306 0.680814 0.0155666
723.626 0.685199 0.0159263
723.946 0.672194 0.0157429
724.265 0.669419 0.0148705
724.585 0.68198 0.0142179
724.904 0.684169 0.0141349
725.224 0.676533 0.0140934
725.543 0.672269 0.0140459
725.863 0.676105 0.0142209
726.182 0.681469 0.0148568
726.501 0.662453 0.0148789
726.82 0.666782 0.0150257
727.14 0.667488 0.0144514
727.459 0.666653 0.0140067
727.778 0.667616 0.0139336
728.097 0.678391 0.0142377
728.416 0.64518 0.0137279
728.734 0.667322 0.0135176
729.053 0.678843 0.0135001
729.372 0.676411 0.0134481
729.691 0.660343 0.0129526
730.009 0.680399 0.0125157
730.328 0.675081 0.0120998
730.647 0.68841 0.0122327
730.965 0.677984 0.012565
731.283 0.669129 0.0129516
731.602 0.643556 0.0128496
731.92 0.646832 0.0126534
732.238 0.658638 0.0124608
732.557 0.672071 0.0124719
732.875 0.654159 0.0120063
733.193 0.650129 0.0112556
733.511 0.670228 0.011167
733.829 0.685592 0.011633
734.147 0.667913 0.0122373
734.465 0.641758 0.0125409
734.782 0.658054 0.0126876
735.1 0.646062 0.0122193
735.418 0.657056 0.0123127
735.735 0.672309 0.0124923
736.053 0.650939 0.0121559
736.371 0.655739 0.0123268
736.688 0.667272 0.0128878
737.005 0.664285 0.0136422
737.323 0.638844 0.0138901
737.64 0.646603 0.0139901
737.957 0.636481 0.0131598
738.274 0.65519 0.0122547
738.592 0.68587 0.0122331
738.909 0.685284 0.0125359
739.226 0.664279 0.013443
739.543 0.646341 0.0142933
739.86 0.655968 0.0152365
740.176 0.658405 0.0156612
740.493 0.657187 0.0161192
740.81 0.647229 0.016047
741.127 0.654941 0.0159718
741.443 0.654965 0.0151339
741.76 0.667541 0.0147722
742.076 0.690312 0.015155
742.393 0.690989 0.0159758
742.709 0.666586 0.0165597
743.025 0.678981 0.0170209
743.342 0.658952 0.0166139
743.658 0.667037 0.0163938
743.974 0.681124 0.0161078
744.29 0.673591 0.0160022
744.606 0.662832 0.0160436
744.922 0.662708 0.0160708
745.238 0.673523 0.0162506
745.554 0.675516 0.0166684
745.87 0.668116 0.0167515
746.186 0.657539 0.0159337
746.501 0.671344 0.0155078
746.817 0.676427 0.0158143
747.132 0.673103 0.0169331
747.448 0.649279 0.0172841
747.763 0.627648 0.0167399
748.079 0.650504 0.0163328
748.394 0.673845 0.0154966
748.71 0.680552 0.0144987
749.025 0.665544 0.0134992
749.34 0.672293 0.0133911
749.655 0.688498 0.013848
749.97 0.667181 0.0141226
750.285 0.6342 0.0138117
750.6 0.641643 0.0135956
750.915 0.6395 0.0132355
751.23 0.650981 0.0136168
751.545 0.654926 0.0142192
751.859 0.622237 0.0143819
752.174 0.61544 0.0144702
752.489 0.629709 0.0139
752.803 0.635577 0.0131264
753.118 0.652801 0.0132032
753.432 0.655205 0.0136712
753.747 0.641151 0.0140251
754.061 0.633062 0.0134641
754.375 0.626297 0.0128314
754.689 0.638821 0.0125557
755.004 0.640359 0.0125506
755.318 0.64089 0.0122821
755.632 0.636439 0.0116424
755.946 0.644322 0.0115026
756.26 0.626082 0.0108317
756.573 0.643388 0.0105058
756.887 0.643501 0.0101869
757.201 0.641903 0.0103901
757.515 0.632366 0.0112966
757.828 0.606749 0.0118674
758.142 0.592309 0.0116865
758.455 0.612508 0.0110368
758.769 0.625411 0.0105615
759.082 0.623976 0.0102624
759.396 0.628098 0.0101415
759.709 0.628983 0.0100699
760.022 0.637376 0.0102263
760.335 0.633991 0.0107352
760.648 0.615583 0.0113695
760.962 0.606784 0.0121161
761.275 0.585977 0.0124964
761.587 0.592536 0.0127297
761.9 0.610551 0.0129545
762.213 0.614324 0.0125701
762.526 0.633793 0.0123071
762.839 0.630041 0.0122216
763.151 0.625005 0.011821
763.464 0.61946 0.0111309
763.776 0.630364 0.0104298
764.089 0.643514 0.0103155
764.401 0.628245 0.0105545
764.714 0.620625 0.0111072
765.026 0.604904 0.0117043
765.338 0.603872 0.0124518
765.65 0.598305 0.0133402
765.962 0.587882 0.0138382
766.275 0.589187 0.0143492
766.587 0.591017 0.0144189
766.898 0.61533 0.0142403
767.21 0.626619 0.0135209
767.522 0.620563 0.0124844
767.834 0.638395 0.0121986
768.146 0.627269 0.0121792
768.457 0.640655 0.0130606
768.769 0.612091 0.0134458
769.08 0.597766 0.0133476
769.392 0.617777 0.0130785
769.703 0.617266 0.0123966
770.015 0.62714 0.0120186
770.326 0.641288 0.012177
770.637 0.627422 0.0124802
770.948 0.6142 0.0132495
771.26 0.580429 0.0136892
771.571 0.591012 0.0139649
771.882 0.592299 0.0136404
772.193 0.614707 0.0140368
772.504 0.622332 0.014477
772.814 0.619008 0.0147264
773.125 0.609262 0.0149124
773.436 0.610351 0.0153545
773.747 0.583687 0.0153533
774.057 0.626619 0.0162483
774.368 0.632858 0.0165858
774.678 0.648472 0.0172268
774.989 0.613802 0.017023
775.299 0.639674 0.0179629
775.609 0.630332 0.0176324
775.919 0.629156 0.0174715
776.23 0.646231 0.0177284
776.54 0.622189 0.0172482
776.85 0.652185 0.0178447
777.16 0.618779 0.0168654
777.47 0.628116 0.0161093
777.78 0.650847 0.0156755
778.089 0.636318 0.0147205
778.399 0.641288 0.0146843
778.709 0.622765 0.0151382
779.019 0.631964 0.0162514
779.328 0.616482 0.0169195
779.638 0.592683 0.0163703
779.947 0.599173 0.0150044
780.257 0.617303 0.013893
780.566 0.634772 0.013561
780.875 0.621061 0.0137203
781.185 0.616037 0.0145313
781.494 0.591807 0.0144779
781.803 0.598731 0.0149515
782.112 0.595971 0.0151353
782.421 0.60845 0.015092
782.73 0.604171 0.0146428
783.039 0.615336 0.014965
783.348 0.604421 0.0160155
783.656 0.579683 0.016546
783.965 0.587224 0.016903
784.274 0.61042 0.0165789
784.582 0.624716 0.016251
784.891 0.622747 0.0161297
785.199 0.615368 0.0162768
785.508 0.610502 0.0166588
785.816 0.614929 0.0170231
786.124 0.612851 0.0166192
786.432 0.610169 0.0157684
786.741 0.616574 0.0152452
787.049 0.610039 0.0150746
787.357 0.61094 0.0153165
787.665 0.606571 0.0151698
787.973 0.608478 0.0153318
788.281 0.60774 0.0156415
788.588 0.592745 0.0162697
788.896 0.580068 0.0170958
789.204 0.57552 0.0177205
789.511 0.60195 0.0181719
789.819 0.599442 0.0184645
790.126 0.622531 0.0188246
790.434 0.629291 0.0189222
790.741 0.65047 0.0191894
791.049 0.594591 0.0183273
791.356 0.633476 0.0195311
791.663 0.616998 0.0196232
791.97 0.620737 0.0197337
792.277 0.633969 0.0195724
792.584 0.633531 0.0185339
792.891 0.612815 0.0161226
793.198 0.616209 0.0150073
793.505 0.606934 0.0146025
793.812 0.603489 0.0149728
794.119 0.576129 0.0149659
794.425 0.598285 0.0157039
794.732 0.586381 0.0162555
795.038 0.588209 0.0179869
795.345 0.576807 0.019154
795.651 0.576945 0.0201834
795.958 0.594711 0.0205334
796.264 0.600405 0.0192525
796.57 0.594237 0.0184526
796.876 0.643018 0.0190302
797.183 0.62741 0.0191454
797.489 0.639868 0.0201281
797.795 0.6056 0.0197569
798.101 0.635539 0.0201499
798.406 0.634308 0.0202373
798.712 0.618311 0.0205706
799.018 0.611888 0.0207832
799.324 0.614906 0.0208891
799.629 0.614402 0.0209747
799.935 0.606521 0.0209943
800.24 0.636849 0.021922
800.546 0.636854 0.0219296
800.851 0.62657 0.0219498
801.157 0.65306 0.0233689
801.462 0.613489 0.0228696
801.767 0.64392 0.0235414
802.072 0.652001 0.0227697
802.377 0.651148 0.0218968
802.682 0.632348 0.0212307
802.987 0.662644 0.022337
803.292 0.641746 0.0225439
803.597 0.643383 0.0227648
803.902 0.63857 0.0226224
804.207 0.657425 0.0228103
804.511 0.627023 0.0219353
804.816 0.612252 0.0203659
805.12 0.614026 0.0190567
805.425 0.606427 0.0178378
805.729 0.617164 0.018136
806.034 0.606508 0.0186746
806.338 0.592543 0.0195103
806.642 0.591279 0.0199858
806.946 0.581243 0.019615
807.251 0.607571 0.0202387
807.555 0.610118 0.0199583
807.859 0.604333 0.0197126
808.162 0.61592 0.0204783
808.466 0.619531 0.0212373
808.77 0.601231 0.0214755
809.074 0.661828 0.0233024
809.378 0.651351 0.0231575
809.681 0.598758 0.0220281
809.985 0.620419 0.0227857
810.288 0.664076 0.0238366
810.592 0.638437 0.0231967
810.895 0.663875 0.0242161
811.198 0.652245 0.0250645
811.502 0.65452 0.0254733
811.805 0.688904 0.0268518
812.108 0.629765 0.0245045
812.411 0.65371 0.0242264
812.714 0.63976 0.0223308
813.017 0.64429 0.0212078
813.32 0.622548 0.0208159
813.623 0.642652 0.0218174
813.926 0.630846 0.0231819
814.228 0.634066 0.0244839
814.531 0.638038 0.0253479
814.833 0.625739 0.0249095
815.136 0.642463 0.0253936
815.438 0.691211 0.0266399
815.741 0.619062 0.0241659
816.043 0.635089 0.024179
816.345 0.643277 0.0241707
816.648 0.638137 0.0242701
816.95 0.63957 0.0246703
817.252 0.66046 0.0256331
817.554 0.667242 0.0258195
817.856 0.657109 0.0261699
818.158 0.671573 0.0266861
818.46 0.679543 0.0275247
818.761 0.682435 0.0274827
819.063 0.665306 0.0266646
819.365 0.646246 0.0255035
819.666 0.643891 0.024184
819.968 0.65109 0.0235166
820.269 0.637801 0.0230238
820.571 0.642491 0.0237141
820.872 0.637599 0.0245171
821.173 0.633873 0.0254164
821.475 0.667722 0.02709
821.776 0.654974 0.0266912
822.077 0.645535 0.0263438
822.378 0.670942 0.0270447
822.679 0.687656 0.0278276
822.98 0.670565 0.0272244
823.281 0.698084 0.0286782
823.581 0.69551 0.0283365
823.882 0.710073 0.028998
824.183 0.688509 0.0282646
824.483 0.651414 0.0265151
824.784 0.652677 0.0254506
825.084 0.6757 0.0263597
825.385 0.691445 0.0270147
825.685 0.6819 0.0274046
825.985 0.648518 0.0264968
826.286 0.642464 0.0260107
826.586 0.637861 0.0254089
826.886 0.62987 0.0252962
827.186 0.637244 0.0258174
827.486 0.697234 0.0279124
827.786 0.708533 0.0285664
828.086 0.65567 0.0272039
828.386 0.671343 0.0271674
828.685 0.681796 0.0272266
828.985 0.695062 0.0283117
829.285 0.655668 0.0276875
829.584 0.682496 0.0287047
829.884 0.706637 0.0296532
830.183 0.719758 0.0314873
830.482 0.714067 0.0310203
830.782 0.73325 0.0315678
831.081 0.758672 0.0333258
831.38 0.719341 0.0314012
831.679 0.72886 0.03168
831.978 0.76369 0.0324798
832.277 0.735066 0.0308383
832.576 0.706613 0.0296669
832.875 0.699408 0.0294972
833.174 0.703188 0.0293912
833.472 0.680993 0.0291425
833.771 0.745048 0.030897
834.07 0.705552 0.0293524
834.368 0.656959 0.0286008
834.667 0.705127 0.0304132
834.965 0.742934 0.0316866
835.263 0.755317 0.0319926
835.562 0.695618 0.0307162
835.86 0.683969 0.0301768
836.158 0.685715 0.030559
836.456 0.708889 0.0318896
836.754 0.697654 0.0315474
837.052 0.733173 0.0333675
837.35 0.741055 0.0328958
837.648 0.76213 0.0338027
837.946 0.751369 0.0338492
838.243 0.794215 0.0348109
838.541 0.74729 0.0328798
838.839 0.785276 0.0337545
839.136 0.756978 0.033071
839.434 0.75631 0.0328554
839.731 0.783061 0.0343313
840.028 0.779363 0.0334654
840.326 0.75438 0.0333385
840.623 0.750916 0.0332316
840.92 0.712719 0.032687
841.217 0.778473 0.0351205
841.514 0.752639 0.0347259
841.811 0.742873 0.033361
842.108 0.764678 0.0348421
842.405 0.788931 0.0356545
842.701 0.808677 0.0362643
842.998 0.765717 0.0342015
843.295 0.792784 0.0355616
843.591 0.798064 0.0357578
843.888 0.783268 0.0350152
844.184 0.761382 0.0347225
844.481 0.777898 0.0345215
844.777 0.755245 0.0341817
845.073 0.76267 0.0346082
845.369 0.783514 0.0354299
845.665 0.763983 0.0354969
845.962 0.767143 0.0348723
846.258 0.816301 0.0366689
846.553 0.817267 0.0367438
846.849 0.763644 0.0355792
847.145 0.805947 0.0353635
847.441 0.755064 0.0344344
847.737 0.77721 0.0346461
848.032 0.718437 0.0339467
848.328 0.803148 0.0360573
848.623 0.7889 0.0362133
848.919 0.77667 0.0351309
849.214 0.780638 0.0348187
849.509 0.7914 0.0355809
849.805 0.791832 0.0363046
850.1 0.804426 0.0374103
850.395 0.844231 0.0381978
850.69 0.882867 0.0393338
850.985 0.7894 0.0358737
851.28 0.778738 0.0354827
851.575 0.836403 0.037222
851.869 0.8013 0.0363081
852.164 0.809311 0.0359456
852.459 0.719248 0.032957
852.753 0.752279 0.0332363
853.048 0.68972 0.0301732
853.342 0.707854 0.0303551
853.637 0.712097 0.030993
853.931 0.660583 0.0295306
854.225 0.664064 0.0294782
854.52 0.718473 0.0318046
854.814 0.733715 0.0322469
855.108 0.654131 0.02946
855.402 0.679458 0.0305743
855.696 0.714374 0.0322474
855.99 0.751249 0.0336026
856.283 0.725569 0.0322986
856.577 0.742911 0.0334296
856.871 0.709376 0.0324082
857.164 0.736478 0.0333805
857.458 0.788044 0.0356764
857.751 0.791467 0.0351337
858.045 0.70847 0.0328372
858.338 0.788012 0.0351974
858.632 0.75023 0.033557
858.925 0.77038 0.0348971
859.218 0.759397 0.0344999
859.511 0.778906 0.0364026
859.804 0.821597 0.037013
860.097 0.786277 0.0352495
860.39 0.821213 0.0370812
860.683 0.800144 0.0364475
860.976 0.791963 0.0365511
861.268 0.741212 0.0348141
861.561 0.846179 0.0382636
861.854 0.836415 0.0391756
862.146 0.822145 0.0374605
862.439 0.804171 0.0368483
862.731 0.729696 0.0342411
863.023 0.818082 0.03743
863.316 0.750386 0.0352011
863.608 0.794243 0.0364045
863.9 0.807583 0.0367322
864.192 0.771989 0.0350618
864.484 0.802256 0.0365976
864.776 0.781838 0.0364494
865.068 0.829337 0.037308
865.36 0.795639 0.0364466
865.651 0.854953 0.0387731
865.943 0.772193 0.0361676
866.235 0.788306 0.0367282
866.526 0.8411 0.0389607
866.818 0.765998 0.0359335
867.109 0.776966 0.0359679
867.4 0.850838 0.0383634
867.692 0.840309 0.0383335
867.983 0.808546 0.0372381
868.274 0.829467 0.0381898
868.565 0.807464 0.0371992
868.856 0.815598 0.0376307
869.147 0.833236 0.0379324
869.438 0.818035 0.0374835
869.729 0.845115 0.0383269
870.02 0.888564 0.0408493
870.31 0.834492 0.0383521
870.601 0.763479 0.0361554
870.892 0.783591 0.0362525
871.182 0.784558 0.0361222
871.473 0.820519 0.0377438
871.763 0.779293 0.0359014
872.053 0.800639 0.0368185
872.343 0.792905 0.0365837
872.634 0.755649 0.036073
872.924 0.790249 0.0361565
873.214 0.838567 0.0380077
873.504 0.827085 0.0382533
873.794 0.897404 0.0408418
874.084 0.871792 0.0401385
874.373 0.871808 0.0391288
874.663 0.766406 0.0358185
874.953 0.813168 0.0381223
875.242 0.821526 0.0378018
875.532 0.8178 0.0374061
875.821 0.819146 0.0376695
876.111 0.810022 0.0373171
876.4 0.838908 0.0384517
876.689 0.803621 0.0373842
876.978 0.743927 0.0359822
877.268 0.818479 0.0378092
877.557 0.806524 0.0379651
877.846 0.823304 0.0382296
878.134 0.78803 0.0377411
878.423 0.788175 0.037748
878.712 0.78832 0.037755
