178.41 0.456537 0.104517
178.791 0.459428 0.105179
179.172 0.462298 0.105836
179.553 0.754153 0.754153
179.934 0.786286 0.786286
180.316 0.711768 0.711768
180.697 0.41964 0.41964
181.078 0.63033 0.63033
181.459 0.560393 0.560393
181.84 0.517975 0.517975
182.221 0.669609 0.669609
182.602 0.597871 0.597871
182.983 -3.00169 -3.00169
183.364 1.8414 0.240793
183.744 0.450858 0.0752267
184.125 0.638568 0.0776608
184.506 0.696199 0.0664283
184.887 0.660009 0.0576763
185.268 0.396457 0.0384838
185.648 0.54122 0.0435266
186.029 0.58227 0.0430627
186.41 0.606405 0.042797
186.791 0.601415 0.04096
187.171 0.594536 0.0348338
187.552 0.542565 0.0270738
187.932 0.63532 0.0298312
188.313 0.527497 0.0253877
188.694 0.546301 0.0258215
189.074 0.534843 0.0246325
189.455 0.541474 0.0240969
189.835 0.612675 0.0263561
190.216 0.573494 0.0248275
190.596 0.546463 0.0231936
190.977 0.547352 0.0230322
191.357 0.577379 0.0237253
191.737 0.546614 0.0227962
192.118 0.589532 0.0235581
192.498 0.568291 0.0224123
192.878 0.57707 0.0227585
193.258 0.560021 0.0220329
193.639 0.568714 0.0219278
194.019 0.574395 0.0222313
194.399 0.591562 0.0223664
194.779 0.528785 0.0202989
195.159 0.586953 0.0220061
195.54 0.56131 0.0208752
195.92 0.537903 0.0204957
196.3 0.555257 0.020522
196.68 0.550196 0.0205303
197.06 0.58174 0.0209846
197.44 0.546911 0.0201515
197.82 0.565001 0.0203212
198.2 0.570045 0.0204021
198.58 0.552864 0.019562
198.959 0.545411 0.0193946
199.339 0.536597 0.0193207
199.719 0.537598 0.0189682
200.099 0.550636 0.019243
200.479 0.535622 0.0189252
200.858 0.525815 0.0184747
201.238 0.512179 0.0179487
201.618 0.542267 0.0186757
201.998 0.51194 0.0177114
202.377 0.519874 0.0178478
202.757 0.517089 0.0175661
203.136 0.525027 0.0175856
203.516 0.513697 0.0171358
203.896 0.498926 0.0166797
204.275 0.490465 0.0162113
204.655 0.505523 0.0164896
205.034 0.486004 0.015978
205.414 0.487916 0.015809
205.793 0.482334 0.0155774
206.172 0.490313 0.01572
206.552 0.474693 0.0152038
206.931 0.465442 0.0148242
207.31 0.469915 0.0147348
207.69 0.462438 0.0145003
208.069 0.477569 0.0145406
208.448 0.465006 0.0141673
208.827 0.450073 0.0138579
209.207 0.484616 0.0143423
209.586 0.449857 0.0134568
209.965 0.450277 0.0134205
210.344 0.446742 0.0131728
210.723 0.441476 0.0129341
211.102 0.430655 0.0125536
211.481 0.439446 0.0126141
211.86 0.431938 0.0123814
212.239 0.427159 0.0121883
212.618 0.432061 0.0120809
212.997 0.414687 0.0116424
213.376 0.433761 0.0118646
213.755 0.427323 0.0116108
214.134 0.425547 0.0114297
214.513 0.429525 0.0112972
214.891 0.427914 0.0112007
215.27 0.423271 0.0109303
215.649 0.428374 0.0109056
216.028 0.418728 0.0105959
216.406 0.418855 0.0104871
216.785 0.421516 0.0103492
217.164 0.420488 0.0102331
217.542 0.407435 0.00986178
217.921 0.412574 0.00979673
218.3 0.414613 0.00978613
218.678 0.417132 0.00966141
219.057 0.415567 0.00947158
219.435 0.416828 0.00933005
219.814 0.418598 0.00928093
220.192 0.413452 0.00907503
220.57 0.41893 0.00902785
220.949 0.420525 0.00889325
221.327 0.415169 0.00868951
221.705 0.431256 0.00876558
222.084 0.418353 0.00844615
222.462 0.429859 0.00845951
222.84 0.433083 0.00842108
223.218 0.433389 0.0082143
223.597 0.433151 0.00812907
223.975 0.443832 0.00808054
224.353 0.44861 0.0080347
224.731 0.449636 0.00791425
225.109 0.447996 0.00774025
225.487 0.451913 0.0076635
225.865 0.460029 0.00761376
226.243 0.469226 0.00759187
226.621 0.467306 0.00747654
226.999 0.476336 0.0073938
227.377 0.484774 0.00738657
227.755 0.478302 0.00724138
228.133 0.493584 0.00726273
228.511 0.497387 0.00720388
228.889 0.496081 0.00705685
229.266 0.50438 0.00704811
229.644 0.502775 0.00689835
230.022 0.509612 0.00685519
230.4 0.51986 0.00685852
230.777 0.521776 0.00680577
231.155 0.521963 0.0067185
231.533 0.531141 0.00668136
231.91 0.538129 0.00663413
232.288 0.542068 0.00659527
232.665 0.544121 0.00652269
233.043 0.548802 0.00648884
233.42 0.55087 0.00641319
233.798 0.564624 0.00644528
234.175 0.566342 0.006371
234.553 0.569444 0.00632041
234.93 0.573469 0.00627917
235.307 0.576548 0.00624501
235.685 0.583738 0.00623253
236.062 0.587864 0.00618143
236.439 0.591642 0.00617059
236.816 0.596499 0.0061201
237.194 0.597009 0.00605789
237.571 0.604814 0.00604427
237.948 0.611362 0.0060448
238.325 0.612117 0.00598158
238.702 0.616403 0.00596705
239.079 0.620636 0.0059281
239.456 0.618019 0.00587607
239.833 0.623396 0.00586351
240.21 0.630072 0.00584037
240.587 0.631725 0.00582094
240.964 0.633216 0.00578026
241.341 0.637363 0.00575016
241.718 0.641418 0.00571383
242.095 0.645808 0.00573163
242.472 0.646154 0.00568772
242.849 0.646081 0.00564494
243.225 0.64746 0.0056017
243.602 0.653564 0.0055997
243.979 0.65441 0.00558397
244.356 0.656888 0.00557157
244.732 0.656742 0.00551422
245.109 0.661695 0.00549622
245.486 0.664804 0.00550144
245.862 0.666163 0.00547987
246.239 0.664308 0.00541645
246.615 0.668493 0.00542364
246.992 0.670543 0.00539216
247.368 0.674615 0.00540847
247.745 0.675536 0.00536653
248.121 0.675258 0.00532886
248.497 0.677215 0.00532795
248.874 0.677586 0.00529713
249.25 0.674682 0.00523924
249.626 0.684298 0.00526773
250.003 0.679244 0.00521744
250.379 0.680472 0.0051713
250.755 0.683276 0.00518643
251.131 0.686482 0.0051621
251.507 0.68344 0.00514379
251.884 0.686181 0.00511871
252.26 0.69165 0.00514037
252.636 0.687433 0.00507803
253.012 0.687287 0.00505898
253.388 0.691274 0.00505835
253.764 0.69132 0.00503783
254.14 0.690717 0.00502365
254.516 0.693187 0.00502576
254.892 0.690206 0.00498958
255.268 0.695946 0.00500496
255.643 0.695061 0.00498077
256.019 0.697602 0.00498617
256.395 0.69789 0.0049768
256.771 0.692957 0.00492302
257.147 0.701751 0.00494853
257.522 0.697245 0.00492481
257.898 0.701725 0.00493248
258.274 0.701279 0.00491816
258.649 0.704731 0.00492723
259.025 0.702933 0.00489391
259.4 0.701108 0.00488491
259.776 0.704166 0.00488043
260.151 0.705227 0.00490053
260.527 0.703948 0.00487426
260.902 0.702914 0.00485744
261.278 0.701934 0.0048438
261.653 0.701476 0.00484208
262.028 0.703683 0.00485436
262.404 0.707066 0.0048437
262.779 0.703359 0.00481889
263.154 0.706676 0.00482173
263.53 0.70391 0.00479915
263.905 0.703628 0.00480751
264.28 0.709274 0.00482426
264.655 0.702327 0.00478661
265.03 0.706491 0.0048156
265.405 0.703338 0.00478884
265.781 0.706446 0.0048051
266.156 0.705884 0.00479804
266.531 0.705243 0.00477054
266.906 0.707175 0.00480346
267.281 0.707801 0.00478181
267.655 0.706119 0.00479398
268.03 0.707793 0.00480233
268.405 0.705408 0.00478786
268.78 0.70768 0.00479545
269.155 0.708539 0.00478768
269.53 0.710572 0.00481108
269.904 0.709838 0.00480317
270.279 0.712291 0.00481452
270.654 0.708206 0.00478704
271.029 0.707129 0.00479246
271.403 0.707998 0.00478186
271.778 0.712363 0.0048102
272.152 0.711089 0.00481047
272.527 0.70954 0.00480102
272.901 0.708524 0.0047788
273.276 0.707124 0.0047632
273.65 0.712384 0.0047959
274.025 0.708278 0.00476964
274.399 0.714263 0.0048127
274.774 0.713008 0.00479735
275.148 0.707757 0.00476454
275.522 0.711235 0.00478902
275.897 0.70897 0.0047788
276.271 0.709317 0.00478474
276.645 0.712667 0.00478213
277.019 0.709084 0.00475717
277.393 0.704863 0.00473019
277.768 0.708001 0.00476314
278.142 0.708244 0.00475917
278.516 0.710193 0.00477412
278.89 0.710384 0.00476534
279.264 0.713677 0.0047917
279.638 0.70819 0.00475015
280.012 0.710956 0.00476778
280.386 0.712374 0.00479749
280.76 0.711559 0.00477652
281.133 0.71605 0.00480036
281.507 0.713317 0.00478735
281.881 0.712539 0.00477379
282.255 0.712112 0.00477904
282.629 0.713202 0.00479658
283.002 0.71104 0.00479189
283.376 0.713327 0.00478646
283.75 0.708518 0.00478649
284.123 0.7087 0.00477041
284.497 0.708991 0.00478008
284.87 0.712217 0.00479584
285.244 0.710593 0.00478155
285.618 0.713343 0.00480311
285.991 0.711074 0.0048157
286.364 0.714666 0.00482606
286.738 0.711834 0.00481559
287.111 0.716168 0.00483227
287.485 0.714501 0.00482937
287.858 0.716592 0.0048545
288.231 0.709606 0.0048223
288.605 0.716335 0.00485839
288.978 0.715654 0.00484574
289.351 0.716269 0.00487303
289.724 0.710568 0.00485342
290.097 0.715555 0.00487624
290.47 0.717295 0.00489793
290.843 0.712966 0.00488142
291.217 0.711262 0.00487655
291.59 0.717529 0.00493192
291.963 0.717502 0.00492095
292.336 0.716194 0.00493217
292.708 0.715216 0.0049382
293.081 0.718069 0.00497081
293.454 0.714563 0.00493681
293.827 0.715749 0.00495559
294.2 0.717724 0.00499478
294.573 0.712822 0.00496182
294.945 0.717825 0.00500861
295.318 0.718206 0.00500801
295.691 0.717707 0.00501847
296.064 0.719632 0.00503441
296.436 0.713897 0.00501077
296.809 0.712035 0.00499078
297.181 0.714769 0.00502719
297.554 0.715673 0.00503806
297.926 0.717578 0.00504877
298.299 0.716827 0.00505151
298.671 0.714806 0.00502242
299.044 0.716414 0.00505561
299.416 0.720635 0.00507816
299.788 0.71674 0.00505655
300.161 0.717803 0.00508256
300.533 0.716094 0.00506943
300.905 0.71654 0.00505171
301.278 0.719369 0.00507231
301.65 0.717896 0.00506142
302.022 0.71658 0.00506781
302.394 0.715445 0.00507197
302.766 0.719425 0.00507888
303.138 0.71918 0.00509798
303.51 0.718482 0.00508223
303.882 0.714819 0.0050629
304.254 0.717568 0.00508259
304.626 0.714293 0.00505574
304.998 0.71903 0.00507097
305.37 0.715286 0.00508602
305.742 0.715718 0.00506849
306.114 0.716099 0.00506765
306.485 0.718606 0.00507765
306.857 0.722004 0.00508601
307.229 0.71508 0.00507925
307.601 0.717899 0.00508785
307.972 0.709394 0.00505242
308.344 0.710761 0.00505095
308.716 0.713573 0.00508181
309.087 0.719194 0.00509536
309.459 0.710698 0.00507286
309.83 0.714886 0.00508846
310.202 0.709232 0.00506006
310.573 0.713485 0.00507817
310.945 0.713454 0.00507454
311.316 0.717033 0.00511159
311.687 0.712078 0.00507347
312.059 0.712541 0.00509292
312.43 0.714881 0.00509201
312.801 0.719656 0.00512701
313.172 0.716707 0.00511964
313.544 0.715679 0.00512125
313.915 0.711915 0.00507529
314.286 0.714017 0.00510485
314.657 0.709256 0.00507654
315.028 0.708476 0.00508446
315.399 0.709486 0.00508639
315.77 0.712976 0.00509168
316.141 0.712677 0.00511179
316.512 0.714234 0.00511661
316.883 0.712882 0.00512209
317.254 0.710479 0.0051083
317.625 0.713631 0.00515117
317.996 0.709251 0.00510721
318.366 0.713358 0.00513469
318.737 0.705911 0.00510268
319.108 0.715523 0.00515504
319.478 0.708796 0.00513245
319.849 0.712942 0.005145
320.22 0.708765 0.00513495
320.59 0.709109 0.00513327
320.961 0.708417 0.00513958
321.331 0.709898 0.00514562
321.702 0.710148 0.00517259
322.072 0.710313 0.00518884
322.443 0.711314 0.00518221
322.813 0.707185 0.00515756
323.184 0.708427 0.00517657
323.554 0.704988 0.00518039
323.924 0.705938 0.0051812
324.295 0.711658 0.00522739
324.665 0.708552 0.00521976
325.035 0.704374 0.00519755
325.405 0.705042 0.00522141
325.775 0.712811 0.00527562
326.145 0.707362 0.00525039
326.515 0.706762 0.00525785
326.886 0.708924 0.0052925
327.256 0.711233 0.00530617
327.626 0.706037 0.00531944
327.995 0.697711 0.00530103
328.365 0.691057 0.00528306
328.735 0.684789 0.00528547
329.105 0.68571 0.00534633
329.475 0.69686 0.00543195
329.845 0.723141 0.00561346
330.215 0.74544 0.00567797
330.584 0.749555 0.00563875
330.954 0.743871 0.00548457
331.324 0.727932 0.00527276
331.693 0.712837 0.00512826
332.063 0.699784 0.00502636
332.432 0.692869 0.00497568
332.802 0.692827 0.00501637
333.171 0.698649 0.00510351
333.541 0.699437 0.00520165
333.91 0.697225 0.0052198
334.28 0.695975 0.005245
334.649 0.702018 0.00528299
335.018 0.698429 0.00528743
335.388 0.704785 0.00532858
335.757 0.703572 0.00532475
336.126 0.700693 0.00533293
336.495 0.698556 0.0053068
336.865 0.702122 0.00534236
337.234 0.702269 0.00537313
337.603 0.704995 0.00537257
337.972 0.702399 0.00537502
338.341 0.704643 0.00537478
338.71 0.698207 0.00534654
339.079 0.700577 0.00537503
339.448 0.702313 0.00537319
339.817 0.70115 0.00538201
340.186 0.69992 0.0053807
340.554 0.698454 0.00536801
340.923 0.701305 0.0053902
341.292 0.696908 0.00537834
341.661 0.699994 0.00539699
342.029 0.695953 0.00537208
342.398 0.699388 0.00539255
342.767 0.695483 0.00539816
343.135 0.700015 0.00541167
343.504 0.698424 0.00542236
343.872 0.698039 0.0054007
344.241 0.698151 0.00541378
344.609 0.701835 0.00544961
344.978 0.69707 0.00542559
345.346 0.69409 0.00539363
345.715 0.697752 0.00542874
346.083 0.698417 0.00544344
346.451 0.699921 0.00544064
346.82 0.698448 0.00545312
347.188 0.697471 0.00543901
347.556 0.695872 0.0054608
347.924 0.697675 0.00546125
348.292 0.691077 0.00544772
348.66 0.696895 0.00546578
349.028 0.692118 0.00545387
349.396 0.69681 0.00549389
349.764 0.697263 0.00548875
350.132 0.688269 0.00545042
350.5 0.692099 0.0054745
350.868 0.693838 0.00549132
351.236 0.690775 0.00547483
351.604 0.692898 0.00550455
351.972 0.700017 0.00553902
352.34 0.688023 0.00549935
352.707 0.696044 0.00553374
353.075 0.695013 0.0055311
353.443 0.694047 0.00553986
353.81 0.691354 0.00554284
354.178 0.695127 0.00556107
354.545 0.69223 0.00553588
354.913 0.693861 0.00556597
355.28 0.690245 0.0055522
355.648 0.688245 0.00553243
356.015 0.684624 0.00552752
356.383 0.689126 0.00553933
356.75 0.689263 0.00555401
357.117 0.685772 0.00554299
357.485 0.686133 0.00554834
357.852 0.693493 0.00561654
358.219 0.691015 0.00557867
358.586 0.683428 0.00554703
358.954 0.68948 0.00559496
359.321 0.682228 0.00555201
359.688 0.688131 0.00560342
360.055 0.68425 0.00557965
360.422 0.685485 0.00559277
360.789 0.685446 0.00560225
361.156 0.682735 0.00558624
361.523 0.687161 0.005627
361.89 0.683481 0.00560511
362.256 0.681555 0.00557481
362.623 0.687611 0.00565529
362.99 0.680194 0.00559778
363.357 0.68259 0.00563054
363.724 0.684533 0.00564097
364.09 0.680173 0.00561165
364.457 0.688133 0.00568654
364.823 0.684372 0.00563454
365.19 0.680542 0.00562712
365.557 0.681899 0.00562398
365.923 0.681701 0.0056418
366.29 0.684423 0.00567082
366.656 0.681883 0.00563701
367.022 0.679532 0.00562025
367.389 0.683913 0.00566359
367.755 0.687392 0.005705
368.121 0.68221 0.00568116
368.488 0.682427 0.00567438
368.854 0.683609 0.00570085
369.22 0.685636 0.00573621
369.586 0.683351 0.00574614
369.952 0.67904 0.00574044
370.318 0.677923 0.00573843
370.684 0.677631 0.00575393
371.051 0.679985 0.0057655
371.416 0.686894 0.00583053
371.782 0.679642 0.00578233
372.148 0.681566 0.00580243
372.514 0.678403 0.00580139
372.88 0.681595 0.0058321
373.246 0.677535 0.00580936
373.612 0.681845 0.00582508
373.977 0.676725 0.00579006
374.343 0.678368 0.00577877
374.709 0.681079 0.00577151
375.074 0.673299 0.00575564
375.44 0.676732 0.00579501
375.806 0.682779 0.00585297
376.171 0.676514 0.0057966
376.537 0.675303 0.00578612
376.902 0.675315 0.00579635
377.268 0.67534 0.00577266
377.633 0.67422 0.0057573
377.998 0.672667 0.00572865
378.364 0.677203 0.00572307
378.729 0.675469 0.00572536
379.094 0.681627 0.00577657
379.459 0.683683 0.00586278
379.825 0.673993 0.00579528
380.19 0.672015 0.00579575
380.555 0.673945 0.00584484
380.92 0.678847 0.00593937
381.285 0.675086 0.00591169
381.65 0.669839 0.00584285
382.015 0.671109 0.005857
382.38 0.677432 0.00590739
382.745 0.67592 0.00593697
383.11 0.673349 0.00594169
383.474 0.672955 0.00592242
383.839 0.672044 0.00592908
384.204 0.675569 0.00596379
384.569 0.672886 0.00595922
384.933 0.672603 0.00597531
385.298 0.671968 0.00598179
385.663 0.6692 0.00595253
386.027 0.671037 0.00594836
386.392 0.666282 0.00590196
386.756 0.664009 0.00586226
387.121 0.667684 0.00587677
387.485 0.670519 0.00587113
387.849 0.668207 0.00583357
388.214 0.676608 0.00593526
388.578 0.676535 0.00596478
388.942 0.669845 0.00596545
389.307 0.666929 0.00594703
389.671 0.668919 0.00597782
390.035 0.666235 0.00593864
390.399 0.666015 0.00592373
390.763 0.665125 0.00588486
391.127 0.669949 0.00588487
391.492 0.662453 0.00577137
391.856 0.661976 0.00570279
392.219 0.666301 0.00567871
392.583 0.670041 0.00572705
392.947 0.681444 0.00590021
393.311 0.668297 0.00589694
393.675 0.665843 0.00590384
394.039 0.668862 0.00595385
394.403 0.668179 0.00595377
394.766 0.666861 0.00596405
395.13 0.66379 0.00596605
395.494 0.663155 0.00596082
395.857 0.664197 0.00593945
396.221 0.660713 0.00589703
396.584 0.659996 0.00584968
396.948 0.65782 0.00577698
397.311 0.653333 0.00567246
397.675 0.661361 0.00567638
398.038 0.661845 0.00568121
398.401 0.661028 0.00575841
398.765 0.666929 0.0058735
399.128 0.668229 0.00596322
399.491 0.664759 0.00599296
399.854 0.659659 0.00597843
400.218 0.660051 0.0059976
400.581 0.657786 0.00600436
400.944 0.662301 0.00605443
401.307 0.663941 0.00613488
401.67 0.661555 0.00610605
402.033 0.659756 0.00611552
402.396 0.65588 0.00610093
402.759 0.661741 0.00613559
403.122 0.651779 0.00605952
403.485 0.658523 0.00608922
403.847 0.653674 0.00601628
404.21 0.652239 0.00597862
404.573 0.660302 0.0060089
404.936 0.658224 0.00596988
405.298 0.664222 0.00606285
405.661 0.661158 0.00613365
406.023 0.66427 0.00623525
406.386 0.658591 0.00623051
406.749 0.66001 0.00626575
407.111 0.657654 0.00624653
407.473 0.64478 0.00608612
407.836 0.659595 0.00614667
408.198 0.650298 0.00606604
408.561 0.65824 0.00612053
408.923 0.653088 0.00610553
409.285 0.658288 0.00614111
409.647 0.660999 0.00620766
410.009 0.661898 0.00627064
410.372 0.656724 0.00623698
410.734 0.653207 0.00625154
411.096 0.651613 0.00623294
411.458 0.652904 0.00623761
411.82 0.653133 0.00619778
412.182 0.651811 0.00614451
412.544 0.648118 0.00614079
412.906 0.652269 0.00614952
413.267 0.653505 0.00617735
413.629 0.655643 0.00623615
413.991 0.657394 0.00627382
414.353 0.655482 0.00628194
414.714 0.653674 0.00633935
415.076 0.651583 0.00631348
415.438 0.656069 0.00632828
415.799 0.652539 0.00628605
416.161 0.651105 0.0063342
416.522 0.652232 0.00636577
416.884 0.648206 0.00635003
417.245 0.655396 0.00640871
417.607 0.646537 0.00634956
417.968 0.642843 0.00632426
418.329 0.644814 0.00632603
418.691 0.649479 0.00634676
419.052 0.647185 0.00633113
419.413 0.64201 0.00624903
419.774 0.645226 0.00624517
420.135 0.642875 0.006095
420.497 0.639922 0.00598503
420.858 0.643809 0.00592036
421.219 0.655863 0.00599571
421.58 0.654818 0.00606731
421.941 0.659781 0.00619719
422.302 0.652075 0.00624353
422.662 0.654986 0.00628438
423.023 0.649434 0.0062853
423.384 0.649273 0.00630559
423.745 0.644281 0.0062434
424.106 0.647002 0.00625305
424.466 0.64988 0.00625476
424.827 0.658703 0.006384
425.187 0.653709 0.00644023
425.548 0.648676 0.006476
425.909 0.646126 0.00649744
426.269 0.643344 0.00643772
426.63 0.642059 0.00638768
426.99 0.648435 0.00636663
427.35 0.647316 0.00638953
427.711 0.637632 0.0062966
428.071 0.64132 0.00626193
428.431 0.630594 0.00609071
428.792 0.630974 0.00588403
429.152 0.636804 0.00574866
429.512 0.645414 0.00577655
429.872 0.648461 0.00583035
430.232 0.654562 0.00596116
430.592 0.659156 0.00615179
430.952 0.661318 0.00634381
431.312 0.659985 0.00649507
431.672 0.641933 0.0064794
432.032 0.641663 0.00645824
432.392 0.633392 0.00632971
432.752 0.616625 0.00593813
433.111 0.63181 0.00587658
433.471 0.655676 0.00608021
433.831 0.657485 0.00632705
434.19 0.64544 0.00626965
434.55 0.644059 0.0062618
434.91 0.648961 0.00635891
435.269 0.636367 0.00621017
435.629 0.638425 0.0062065
435.988 0.639902 0.00618708
436.348 0.652684 0.00634413
436.707 0.64411 0.00639822
437.066 0.639579 0.0063722
437.426 0.627211 0.00623538
437.785 0.631778 0.00624051
438.144 0.639024 0.00626838
438.503 0.645447 0.00638292
438.862 0.641691 0.00637612
439.222 0.646707 0.00645207
439.581 0.639661 0.00644436
439.94 0.625724 0.00628447
440.299 0.624187 0.00606517
440.658 0.628869 0.00593292
441.017 0.63957 0.00598512
441.376 0.648541 0.00609728
441.734 0.640979 0.0061239
442.093 0.633911 0.00608739
442.452 0.629324 0.00602177
442.811 0.631377 0.00600507
443.169 0.635251 0.00602121
443.528 0.649582 0.00621503
443.887 0.638663 0.00616652
444.245 0.638521 0.00619284
444.604 0.640561 0.00625436
444.962 0.637127 0.00626725
445.321 0.632388 0.00624972
445.679 0.631282 0.00621144
446.038 0.636706 0.00621529
446.396 0.641726 0.00632571
446.754 0.642858 0.00641792
447.112 0.6406 0.00643903
447.471 0.632633 0.00640621
447.829 0.627216 0.00641208
448.187 0.626597 0.00639752
448.545 0.634037 0.00641571
448.903 0.63465 0.00643543
449.261 0.638851 0.00647547
449.619 0.64022 0.0065438
449.977 0.643439 0.00659218
450.335 0.640696 0.00665019
450.693 0.640823 0.00666732
451.051 0.632347 0.00660996
451.409 0.634913 0.00664933
451.766 0.636893 0.00666818
452.124 0.63757 0.00676532
452.482 0.637542 0.00683219
452.839 0.640036 0.00692199
453.197 0.6295 0.0068769
453.555 0.631006 0.00691358
453.912 0.625879 0.00686736
454.27 0.623663 0.00674705
454.627 0.629805 0.00670008
454.984 0.634225 0.00673943
455.342 0.644463 0.00689777
455.699 0.641789 0.00696025
456.056 0.628708 0.00684806
456.414 0.630428 0.00679611
456.771 0.626569 0.00665138
457.128 0.62623 0.00662415
457.485 0.636024 0.0066526
457.842 0.636353 0.0066955
458.199 0.634483 0.00667792
458.556 0.632881 0.00660514
458.913 0.629048 0.00658538
459.27 0.637373 0.00659127
459.627 0.640512 0.00670361
459.984 0.626007 0.00657895
460.341 0.63088 0.00659601
460.697 0.641657 0.00673137
461.054 0.645371 0.00694969
461.411 0.639001 0.00705777
461.767 0.634467 0.00711561
462.124 0.626403 0.00705257
462.481 0.624124 0.00695553
462.837 0.62282 0.00684041
463.194 0.625503 0.00671164
463.55 0.629104 0.00677422
463.907 0.618938 0.00654286
464.263 0.622355 0.00647057
464.619 0.62524 0.00636278
464.976 0.624755 0.00627223
465.332 0.63219 0.00630788
465.688 0.645321 0.00656862
466.044 0.644676 0.00680105
466.4 0.641782 0.00689134
466.756 0.629164 0.00686803
467.112 0.628727 0.00686558
467.468 0.626579 0.00684372
467.824 0.636831 0.00697025
468.18 0.638121 0.00706844
468.536 0.62729 0.00701405
468.892 0.635041 0.00716984
469.248 0.630924 0.00717826
469.604 0.630327 0.00721802
469.959 0.630979 0.00721919
470.315 0.631633 0.00721903
470.671 0.630865 0.00720744
471.026 0.62366 0.00710569
471.382 0.624669 0.00704339
471.737 0.627766 0.00700403
472.093 0.618165 0.00684183
472.448 0.619845 0.00671961
472.804 0.621653 0.00667202
473.159 0.621985 0.00661901
473.514 0.630839 0.00669983
473.87 0.62048 0.00654992
474.225 0.607581 0.00629627
474.58 0.618509 0.00622738
474.935 0.632928 0.00635313
475.29 0.634053 0.00644452
475.645 0.625085 0.00640526
476 0.618128 0.00637772
476.355 0.626536 0.00647876
476.71 0.617008 0.00642553
477.065 0.60764 0.00619083
477.42 0.614827 0.0061452
477.775 0.623471 0.00619571
478.13 0.625779 0.006263
478.485 0.62338 0.00620569
478.839 0.612283 0.00607663
479.194 0.608337 0.0059018
479.549 0.616239 0.00586716
479.903 0.628383 0.00594048
480.258 0.620882 0.00595139
480.612 0.616299 0.00585205
480.967 0.60689 0.00567295
481.321 0.627386 0.00578644
481.675 0.631555 0.00591747
482.03 0.632123 0.00602456
482.384 0.619467 0.005989
482.738 0.614704 0.00590904
483.093 0.61387 0.00586191
483.447 0.60638 0.00569951
483.801 0.600644 0.00549537
484.155 0.612423 0.00547818
484.509 0.517035 0.00438305
484.863 0.500106 0.00293812
485.217 0.589591 0.00289941
485.571 0.678984 0.00319184
485.925 0.778504 0.00435371
486.279 0.691081 0.00475649
486.632 0.628184 0.0049048
486.986 0.63494 0.00533036
487.34 0.635772 0.00569392
487.694 0.622067 0.00578944
488.047 0.612496 0.00577722
488.401 0.616228 0.00580214
488.754 0.623347 0.00587261
489.108 0.62651 0.00598357
489.461 0.622219 0.00599192
489.815 0.619892 0.00604309
490.168 0.613836 0.00594716
490.522 0.616126 0.0059329
490.875 0.613723 0.00593022
491.228 0.618585 0.0059946
491.581 0.609702 0.00591057
491.935 0.621301 0.00598859
492.288 0.617706 0.00599585
492.641 0.617417 0.00595194
492.994 0.616756 0.0059443
493.347 0.606943 0.00581493
493.7 0.619466 0.0058791
494.053 0.618277 0.00589356
494.406 0.63002 0.00604548
494.759 0.622786 0.00613323
495.111 0.601307 0.00583835
495.464 0.591597 0.00553687
495.817 0.610627 0.0055236
496.169 0.632199 0.00577803
496.522 0.636414 0.00605896
496.875 0.627039 0.00621502
497.227 0.61664 0.00622418
497.58 0.612969 0.0061948
497.932 0.610995 0.00611222
498.285 0.607304 0.00603809
498.637 0.599065 0.00584764
498.989 0.605693 0.00581443
499.342 0.623073 0.00594098
499.694 0.626179 0.00608745
500.046 0.612976 0.00607465
500.398 0.600267 0.00586415
500.751 0.610848 0.00586165
501.103 0.612571 0.00585119
501.455 0.61525 0.00587297
501.807 0.614884 0.00588005
502.159 0.614391 0.00588086
502.511 0.608766 0.00583935
502.862 0.616406 0.00590118
503.214 0.616934 0.00598441
503.566 0.619624 0.006119
503.918 0.609364 0.0061338
504.27 0.60465 0.00610356
504.621 0.614453 0.00616785
504.973 0.615748 0.00620918
505.324 0.611459 0.00614756
505.676 0.606513 0.00601596
506.027 0.615508 0.00607676
506.379 0.626414 0.00633467
506.73 0.612477 0.0063593
507.082 0.603513 0.0062678
507.433 0.59968 0.00613215
507.784 0.610982 0.00613792
508.136 0.619506 0.00628842
508.487 0.618347 0.00634701
508.838 0.61485 0.00638838
509.189 0.60878 0.00634978
509.54 0.604335 0.00624199
509.891 0.612293 0.00635564
510.242 0.612826 0.00636549
510.593 0.613258 0.00640826
510.944 0.613682 0.00644631
511.295 0.616135 0.00659369
511.646 0.61729 0.00667296
511.996 0.605807 0.0065425
512.347 0.607755 0.00650372
512.698 0.61527 0.00656543
513.049 0.612228 0.00658952
513.399 0.609921 0.00660761
513.75 0.608452 0.00657991
514.1 0.618945 0.00676232
514.451 0.619746 0.00690741
514.801 0.601557 0.0067754
515.152 0.605334 0.00673657
515.502 0.600614 0.00660625
515.852 0.612322 0.00663452
516.202 0.613705 0.0066331
516.553 0.623279 0.00678237
516.903 0.614204 0.0068355
517.253 0.61806 0.00696036
517.603 0.606532 0.00689388
517.953 0.609502 0.00687716
518.303 0.60031 0.00666491
518.653 0.612938 0.00667947
519.003 0.6154 0.00674428
519.353 0.626504 0.00704825
519.703 0.61468 0.00712947
520.052 0.608441 0.00712957
520.402 0.60757 0.00708522
520.752 0.608487 0.00700941
521.102 0.622427 0.00720414
521.451 0.611616 0.00719215
521.801 0.606956 0.00714421
522.15 0.601473 0.006994
522.5 0.614869 0.00705999
522.849 0.604432 0.00697782
523.199 0.605791 0.00691968
523.548 0.60444 0.00684551
523.897 0.613085 0.006974
524.246 0.615528 0.00710419
524.596 0.61136 0.00718031
524.945 0.605998 0.00710707
525.294 0.605357 0.00710249
525.643 0.606373 0.00709261
525.992 0.60679 0.00708293
526.341 0.606801 0.00703882
526.69 0.609823 0.00711187
527.039 0.612498 0.00719692
527.388 0.606316 0.0072106
527.737 0.5913 0.00690409
528.086 0.593919 0.00666478
528.434 0.604391 0.00660025
528.783 0.619684 0.00686585
529.132 0.614866 0.00696929
529.48 0.611182 0.00703778
529.829 0.604688 0.00703886
530.177 0.614452 0.00716829
530.526 0.604856 0.00712958
530.874 0.603669 0.00705467
531.223 0.599346 0.00701921
531.571 0.612886 0.00715919
531.919 0.606107 0.00704952
532.268 0.58732 0.00672749
532.616 0.595748 0.006559
532.964 0.606568 0.00652012
533.312 0.611874 0.00655196
533.66 0.606446 0.00655228
534.008 0.604291 0.00652574
534.356 0.608739 0.00655404
534.704 0.61387 0.00664141
535.052 0.613255 0.00672737
535.4 0.613344 0.00687007
535.748 0.608122 0.00700363
536.095 0.613371 0.007212
536.443 0.60154 0.00715102
536.791 0.589634 0.00693014
537.139 0.594784 0.00680009
537.486 0.598696 0.00666462
537.834 0.605249 0.00666549
538.181 0.604078 0.00662081
538.529 0.603785 0.00665649
538.876 0.60278 0.00663371
539.223 0.608777 0.00677935
539.571 0.61191 0.00694217
539.918 0.602241 0.00686269
540.265 0.597413 0.00670038
540.613 0.599247 0.00659524
540.96 0.607847 0.00672465
541.307 0.599886 0.00669264
541.654 0.600556 0.0066947
542.001 0.609528 0.00676553
542.348 0.601012 0.00671684
542.695 0.602944 0.00673613
543.042 0.597976 0.00660538
543.388 0.600336 0.0065347
543.735 0.60214 0.00653542
544.082 0.603364 0.0065321
544.429 0.609357 0.00659468
544.775 0.609909 0.00674296
545.122 0.615647 0.00697546
545.469 0.604593 0.00702558
545.815 0.597173 0.00694192
546.162 0.594782 0.00687288
546.508 0.590521 0.00670761
546.854 0.581588 0.00640997
547.201 0.584623 0.00619137
547.547 0.6081 0.00629617
547.893 0.618877 0.00649432
548.24 0.626379 0.00688348
548.586 0.604221 0.00704178
548.932 0.603837 0.00714427
549.278 0.59471 0.00709511
549.624 0.599876 0.00708779
549.97 0.611067 0.00722054
550.316 0.605086 0.00732857
550.662 0.602469 0.00738795
551.008 0.57436 0.00684034
551.353 0.585049 0.00653484
551.699 0.605941 0.00650339
552.045 0.627938 0.00679866
552.391 0.604587 0.00680931
552.736 0.594196 0.00678136
553.082 0.594547 0.00679332
553.427 0.606459 0.0069823
553.773 0.609763 0.0072331
554.118 0.592009 0.00712747
554.464 0.586839 0.00691419
554.809 0.578143 0.00659022
555.154 0.601534 0.00663167
555.5 0.601538 0.00664673
555.845 0.616007 0.00698772
556.19 0.611471 0.00715084
556.535 0.598724 0.0072348
556.88 0.589525 0.00706324
557.225 0.59653 0.00707876
557.57 0.606895 0.00727931
557.915 0.609275 0.00749131
558.26 0.597078 0.00750735
558.605 0.596265 0.00747563
558.95 0.588865 0.00726527
559.295 0.580998 0.00683173
559.639 0.587129 0.0066092
559.984 0.59072 0.00637601
560.329 0.602355 0.00641471
560.673 0.602797 0.00643934
561.018 0.607999 0.00665685
561.362 0.604138 0.00681257
561.707 0.599633 0.00695727
562.051 0.590226 0.00681834
562.395 0.586445 0.00670669
562.74 0.593245 0.00661161
563.084 0.590524 0.00651492
563.428 0.595082 0.00640345
563.772 0.599784 0.0064585
564.117 0.591203 0.00636524
564.461 0.594789 0.00636431
564.805 0.593949 0.00641521
565.149 0.592318 0.00637686
565.493 0.591375 0.00638155
565.836 0.588122 0.00624171
566.18 0.586542 0.00614223
566.524 0.570803 0.00565034
566.868 0.592546 0.00560258
567.212 0.595319 0.0055201
567.555 0.585291 0.00540424
567.899 0.579168 0.00512681
568.242 0.583312 0.00493502
568.586 0.572322 0.00457444
568.929 0.573521 0.00428631
569.273 0.583081 0.00408613
569.616 0.600232 0.00415164
569.96 0.582927 0.00400872
570.303 0.578879 0.00387064
570.646 0.589096 0.00385615
570.989 0.580344 0.00370886
571.333 0.599568 0.00381672
571.676 0.606115 0.00398093
572.019 0.597604 0.00427434
572.362 0.550607 0.00387125
572.705 0.561 0.00362688
573.048 0.582547 0.0035179
573.391 0.577268 0.00338765
573.733 0.584884 0.00336255
574.076 0.586575 0.00333019
574.419 0.603376 0.00348049
574.762 0.596018 0.00364351
575.104 0.598315 0.00390772
575.447 0.552745 0.00370524
575.789 0.55549 0.00349142
576.132 0.581207 0.0033739
576.474 0.578686 0.0033289
576.817 0.568392 0.00305193
577.159 0.585927 0.00292976
577.501 0.624239 0.00304789
577.844 0.62169 0.00325539
578.186 0.605459 0.00360349
578.528 0.563165 0.0036173
578.87 0.567361 0.0036466
579.212 0.559906 0.00350173
579.554 0.582628 0.00345795
579.896 0.587357 0.00349309
580.238 0.55348 0.00319539
580.58 0.571044 0.00285172
580.922 0.62156 0.00285936
581.264 0.675225 0.00298017
581.606 0.628388 0.00300153
581.947 0.606633 0.00313038
582.289 0.596384 0.00344833
582.631 0.582215 0.0037792
582.972 0.565488 0.00397428
583.314 0.558428 0.00390586
583.655 0.554212 0.00376151
583.997 0.553778 0.0034322
584.338 0.574141 0.00325048
584.679 0.588548 0.00315758
585.021 0.61433 0.00331468
585.362 0.603583 0.00353032
585.703 0.592822 0.00376314
586.044 0.550751 0.00364068
586.385 0.556912 0.00346425
586.726 0.572227 0.00335387
587.067 0.610529 0.00360026
587.408 0.59421 0.00375547
587.749 0.586839 0.00390905
588.09 0.584912 0.0040653
588.431 0.594536 0.00434275
588.772 0.570804 0.00442552
589.113 0.567497 0.00433649
589.453 0.580496 0.00436208
589.794 0.59899 0.00458277
590.134 0.596687 0.004818
590.475 0.577695 0.00485089
590.815 0.568601 0.00476803
591.156 0.587286 0.00485264
591.496 0.55458 0.00457182
591.837 0.547929 0.00390941
592.177 0.568302 0.00361673
592.517 0.596378 0.00354717
592.857 0.608442 0.00377759
593.198 0.602275 0.00399881
593.538 0.594182 0.00438153
593.878 0.562523 0.00439944
594.218 0.552404 0.00421905
594.558 0.580007 0.00416249
594.898 0.596723 0.00434096
595.237 0.604545 0.0046402
595.577 0.590642 0.00488281
595.917 0.574128 0.0050545
596.257 0.555434 0.00476322
596.596 0.562217 0.00467177
596.936 0.598527 0.00474028
597.276 0.589466 0.00488815
597.615 0.565525 0.00470299
597.955 0.540017 0.00404191
598.294 0.582092 0.00393711
598.633 0.602573 0.00401905
598.973 0.593505 0.00413904
599.312 0.5673 0.00403429
599.651 0.590064 0.00414706
599.991 0.58295 0.00421201
600.33 0.585713 0.00428722
600.669 0.580344 0.00438984
601.008 0.588474 0.00457328
601.347 0.574422 0.00467233
601.686 0.566335 0.00450383
602.025 0.575504 0.00457043
602.364 0.567669 0.00431306
602.702 0.578601 0.00429192
603.041 0.590642 0.00436507
603.38 0.593138 0.00458352
603.719 0.591535 0.00478584
604.057 0.571705 0.00483716
604.396 0.57041 0.00482405
604.734 0.55211 0.00453284
605.073 0.578841 0.00429385
605.411 0.59147 0.00438257
605.75 0.602929 0.00458637
606.088 0.57821 0.00472646
606.426 0.564795 0.0045568
606.764 0.57516 0.00453521
607.103 0.599601 0.00477731
607.441 0.580007 0.00486077
607.779 0.575968 0.00496125
608.117 0.575694 0.00492614
608.455 0.594835 0.00521975
608.793 0.565567 0.00513879
609.131 0.559943 0.00477029
609.469 0.581877 0.00474549
609.806 0.602666 0.00489446
610.144 0.595707 0.00524826
610.482 0.563309 0.00515657
610.819 0.578063 0.00521223
611.157 0.581421 0.00525485
611.495 0.585775 0.00545935
611.832 0.574375 0.00542212
612.17 0.571358 0.00536852
612.507 0.579571 0.00534659
612.844 0.584843 0.00542726
613.182 0.578851 0.00541187
613.519 0.579513 0.00538161
613.856 0.579264 0.00536643
614.193 0.567089 0.00524278
614.53 0.573937 0.00516446
614.867 0.58947 0.00522821
615.205 0.594249 0.00551221
615.541 0.588846 0.00568539
615.878 0.570678 0.00583463
616.215 0.570086 0.00577208
616.552 0.57568 0.0058596
616.889 0.570867 0.00570109
617.226 0.583199 0.00570323
617.562 0.596823 0.00595287
617.899 0.593916 0.00629698
618.235 0.578169 0.00653306
618.572 0.565134 0.00669828
618.908 0.560292 0.00643809
619.245 0.571742 0.00623812
619.581 0.588339 0.00621708
619.918 0.626568 0.00694888
620.254 0.601831 0.0076826
620.59 0.555323 0.00749088
620.926 0.54652 0.00692891
621.262 0.573355 0.0067028
621.599 0.599359 0.00688427
621.935 0.576618 0.00666741
622.271 0.573281 0.00639883
622.606 0.582531 0.00631087
622.942 0.597603 0.00655046
623.278 0.580456 0.00664397
623.614 0.561663 0.00622837
623.95 0.585994 0.00633638
624.285 0.591659 0.00648561
624.621 0.590497 0.00683123
624.957 0.575553 0.00695401
625.292 0.585101 0.00722348
625.628 0.585585 0.0074451
625.963 0.567499 0.00737789
626.299 0.571928 0.00725412
626.634 0.578554 0.00718156
626.969 0.59408 0.00741188
627.304 0.608574 0.00813157
627.64 0.585928 0.00855821
627.975 0.55826 0.00818655
628.31 0.560133 0.00775129
628.645 0.592886 0.00779228
628.98 0.5938 0.00796965
629.315 0.594538 0.00812742
629.65 0.57698 0.00807041
629.985 0.585386 0.00810612
630.319 0.601011 0.00857279
630.654 0.573253 0.00846788
630.989 0.580811 0.00848177
631.323 0.586729 0.00867254
631.658 0.601954 0.00914233
631.993 0.587273 0.00942117
632.327 0.5741 0.0093504
632.662 0.586591 0.00940037
632.996 0.581282 0.00915019
633.33 0.5855 0.00904738
633.665 0.600882 0.00948646
633.999 0.591721 0.00969984
634.333 0.585605 0.00964764
634.667 0.587487 0.00969657
635.001 0.576811 0.00937396
635.335 0.581178 0.00905132
635.669 0.585077 0.00874462
636.003 0.598225 0.00896545
636.337 0.605666 0.00947195
636.671 0.603745 0.0099509
637.005 0.589316 0.0100983
637.339 0.587112 0.0100348
637.672 0.576701 0.00958233
638.006 0.586739 0.00941719
638.339 0.598018 0.00964589
638.673 0.599056 0.00996163
639.006 0.598993 0.010274
639.34 0.582659 0.0101273
639.673 0.58495 0.0102921
640.007 0.592163 0.0103293
640.34 0.599229 0.010572
640.673 0.594921 0.0106142
641.006 0.592928 0.0107521
641.34 0.590938 0.010851
641.673 0.601313 0.0112072
642.006 0.591065 0.0113027
642.339 0.592262 0.0111141
642.672 0.593666 0.0110589
643.004 0.596796 0.0111512
643.337 0.606618 0.0116048
643.67 0.598041 0.0115193
644.003 0.59129 0.0113419
644.336 0.58688 0.0112522
644.668 0.584659 0.0112107
645.001 0.598188 0.0115357
645.333 0.614779 0.0119822
645.666 0.602221 0.0121039
645.998 0.59373 0.0122926
646.331 0.598482 0.0125293
646.663 0.595689 0.0123714
646.995 0.570961 0.0113733
647.327 0.571165 0.0104464
647.66 0.594693 0.0100761
647.992 0.604261 0.0100016
648.324 0.605215 0.00997255
648.656 0.595852 0.0100327
648.988 0.609004 0.0105466
649.32 0.606448 0.0112579
649.652 0.597491 0.0116986
649.983 0.587353 0.0118488
650.315 0.591465 0.0119668
650.647 0.57977 0.0115761
650.979 0.582741 0.0110763
651.31 0.581883 0.0106425
651.642 0.592948 0.0105019
651.973 0.597699 0.0105369
652.305 0.58752 0.0104071
652.636 0.600804 0.01067
652.967 0.585081 0.0107674
653.299 0.592845 0.0110913
653.63 0.570374 0.0107561
653.961 0.549563 0.00980794
654.292 0.457019 0.00686505
654.623 0.337126 0.00213712
654.955 0.899633 0.00342704
655.286 0.899578 0.00342683
655.616 0.899522 0.00342661
655.947 0.899465 0.0034264
656.278 0.899407 0.00342618
656.609 0.396708 0.00238122
656.94 0.356368 0.00298646
657.27 0.3232 0.00333435
657.601 0.329005 0.00388017
657.932 0.361279 0.00486337
658.262 0.410275 0.0063133
658.593 0.459434 0.00801406
658.923 0.502812 0.009803
659.254 0.5492 0.0113171
659.584 0.577029 0.0123165
659.914 0.58332 0.0129677
660.244 0.602551 0.0135088
660.575 0.581159 0.0131698
660.905 0.600195 0.0134037
661.235 0.604447 0.0132628
661.565 0.605812 0.0131823
661.895 0.602222 0.0130681
662.225 0.60112 0.0132618
662.555 0.603557 0.0134732
662.884 0.593085 0.0132065
663.214 0.599791 0.0130978
663.544 0.609674 0.0130679
663.873 0.601385 0.0127864
664.203 0.603688 0.0126714
664.533 0.591633 0.0122044
664.862 0.610402 0.0123103
665.192 0.614571 0.0127076
665.521 0.620238 0.0134591
665.85 0.596465 0.0135907
666.18 0.609239 0.0143013
666.509 0.614677 0.0142796
666.838 0.599866 0.013773
667.167 0.60367 0.0136391
667.496 0.625632 0.0141243
667.825 0.61008 0.0140178
668.154 0.599835 0.0138765
668.483 0.616998 0.013978
668.812 0.617953 0.0137282
669.141 0.624446 0.0136624
669.47 0.623571 0.0134848
669.798 0.61806 0.0135624
670.127 0.604317 0.0134234
670.456 0.572818 0.0123298
670.784 0.576123 0.0110915
671.113 0.576728 0.0101867
671.441 0.598907 0.0099193
671.77 0.61716 0.0102365
672.098 0.616122 0.0106303
672.426 0.618026 0.0118368
672.755 0.585834 0.0122534
673.083 0.580608 0.012371
673.411 0.585059 0.0123936
673.739 0.589122 0.0126185
674.067 0.613342 0.0135553
674.395 0.608129 0.013496
674.723 0.58918 0.0129382
675.051 0.607011 0.0129426
675.379 0.586067 0.0127068
675.706 0.618241 0.0131945
676.034 0.605611 0.0133537
676.362 0.594287 0.013292
676.689 0.579336 0.0123276
677.017 0.590087 0.0116246
677.344 0.607234 0.0113278
677.672 0.628351 0.0117206
677.999 0.605483 0.0116454
678.327 0.580281 0.0111733
678.654 0.590762 0.0107831
678.981 0.592482 0.0104739
679.308 0.608094 0.0106956
679.636 0.618276 0.0112889
679.963 0.609373 0.0117683
680.29 0.571286 0.0114256
680.617 0.580809 0.0113059
680.944 0.589411 0.0112204
681.271 0.621812 0.0118567
681.597 0.613076 0.0125693
681.924 0.60212 0.0132668
682.251 0.576685 0.0129325
682.578 0.576189 0.0122476
682.904 0.576776 0.0114342
683.231 0.589945 0.011104
683.557 0.596681 0.0109171
683.884 0.587877 0.0105271
684.21 0.586944 0.0102725
684.536 0.587882 0.0099447
684.863 0.588269 0.00979852
685.189 0.602175 0.0100809
685.515 0.613039 0.010722
685.841 0.583971 0.0108074
686.167 0.568447 0.0106734
686.493 0.586588 0.0107128
686.819 0.604281 0.0109348
687.145 0.603281 0.0114029
687.471 0.605302 0.0122829
687.797 0.58145 0.0124423
688.123 0.589922 0.0124564
688.448 0.578144 0.0119269
688.774 0.589451 0.011681
689.1 0.602906 0.0120136
689.425 0.615927 0.0126521
689.751 0.605268 0.0127451
690.076 0.57364 0.0117166
690.402 0.583274 0.0110383
690.727 0.591199 0.0107699
691.052 0.613365 0.0112576
691.377 0.590595 0.0113782
691.703 0.606846 0.0118257
692.028 0.578768 0.0115554
692.353 0.59168 0.0114366
692.678 0.590794 0.0115159
693.003 0.620696 0.0122525
693.328 0.622438 0.0131755
693.652 0.596789 0.0134837
693.977 0.570061 0.0128634
694.302 0.575654 0.0121883
694.627 0.602374 0.0122936
694.951 0.619284 0.0129132
695.276 0.630478 0.0142834
695.6 0.580307 0.0139338
695.925 0.544362 0.0118443
696.249 0.568015 0.0106684
696.574 0.602396 0.0104121
696.898 0.633426 0.011163
697.222 0.616475 0.0116402
697.546 0.602675 0.0119723
697.871 0.584559 0.0120394
698.195 0.591974 0.0122043
698.519 0.58533 0.0124427
698.843 0.597123 0.0129271
699.167 0.602437 0.0134724
699.491 0.592015 0.013864
699.814 0.589398 0.0139452
700.138 0.594303 0.0140459
700.462 0.617655 0.0145559
700.786 0.597914 0.0141312
701.109 0.594466 0.0137431
701.433 0.609245 0.0134311
701.756 0.597844 0.0128298
702.08 0.604285 0.0128999
702.403 0.613572 0.0132634
702.726 0.608342 0.0137672
703.05 0.598089 0.0139839
703.373 0.601583 0.0141882
703.696 0.608948 0.0142868
704.019 0.621561 0.0149376
704.342 0.615302 0.0154043
704.665 0.624951 0.0161656
704.988 0.600057 0.0157368
705.311 0.591399 0.0146628
705.634 0.563666 0.0128526
705.957 0.59171 0.0119266
706.28 0.589988 0.0110325
706.602 0.606549 0.0110702
706.925 0.613192 0.0113648
707.247 0.616497 0.0118494
707.57 0.596163 0.0121119
707.892 0.600276 0.0125684
708.215 0.60821 0.0132694
708.537 0.580415 0.0132817
708.859 0.581169 0.0133663
709.182 0.578497 0.0131975
709.504 0.587084 0.0129452
709.826 0.609117 0.0130203
710.148 0.599879 0.0129733
710.47 0.610831 0.0134633
710.792 0.605805 0.0139032
711.114 0.615687 0.014486
711.436 0.59949 0.0146123
711.758 0.602073 0.0144067
712.079 0.602198 0.0142436
712.401 0.59111 0.0134155
712.723 0.588182 0.0128964
713.044 0.588707 0.0121555
713.366 0.600639 0.0121414
713.687 0.610852 0.0123437
714.009 0.603989 0.0126072
714.33 0.608901 0.0129421
714.652 0.594764 0.0131545
714.973 0.606142 0.0137399
715.294 0.606716 0.0144534
715.615 0.619345 0.0155368
715.936 0.602754 0.0155521
716.257 0.601475 0.0156851
716.578 0.612482 0.0159343
716.899 0.610981 0.01556
717.22 0.601995 0.0144488
717.541 0.608417 0.0141363
717.862 0.61923 0.0142134
718.182 0.598066 0.0139409
718.503 0.607921 0.0137498
718.824 0.622694 0.0141141
719.144 0.615562 0.0142574
719.465 0.601743 0.0144184
719.785 0.584194 0.0139135
720.105 0.595831 0.0138668
720.426 0.591923 0.0136498
720.746 0.618969 0.014195
721.066 0.607381 0.0140868
721.386 0.60605 0.0142155
721.706 0.605196 0.0146186
722.026 0.617074 0.0151531
722.346 0.602022 0.0150916
722.666 0.602432 0.0148993
722.986 0.605188 0.0145629
723.306 0.605343 0.0146785
723.626 0.616257 0.0151038
723.946 0.596396 0.0148288
724.265 0.593868 0.0140062
724.585 0.59797 0.0133135
724.904 0.610689 0.0133543
725.224 0.614442 0.0134311
725.543 0.602045 0.0132921
725.863 0.605995 0.0134634
726.182 0.619725 0.0141678
726.501 0.601071 0.0141728
726.82 0.604856 0.0143109
727.14 0.58236 0.0134984
727.459 0.589505 0.0131713
727.778 0.586322 0.0130577
728.097 0.618984 0.0136
728.416 0.587062 0.013095
728.734 0.58826 0.0126916
729.053 0.596802 0.0126581
729.372 0.612187 0.0127937
729.691 0.585382 0.0121952
730.009 0.587645 0.0116314
730.328 0.585254 0.0112661
730.647 0.607471 0.0114911
730.965 0.606342 0.0118826
731.283 0.606942 0.0123351
731.602 0.577149 0.0121686
731.92 0.574154 0.0119213
732.238 0.571348 0.0116058
732.557 0.595559 0.0117405
732.875 0.576757 0.0112737
733.193 0.56424 0.0104857
733.511 0.593992 0.0105128
733.829 0.603989 0.0109188
734.147 0.60585 0.0116549
734.465 0.590821 0.0120329
734.782 0.579537 0.0119067
735.1 0.567069 0.0114479
735.418 0.579773 0.011566
735.735 0.584295 0.0116459
736.053 0.572543 0.0114004
736.371 0.581688 0.0116099
736.688 0.592323 0.0121425
737.005 0.591562 0.0128739
737.323 0.578682 0.0132199
737.64 0.570654 0.0131428
737.957 0.562273 0.0123689
738.274 0.565325 0.0113833
738.592 0.587905 0.0113258
738.909 0.605515 0.0117837
739.226 0.614911 0.0129338
739.543 0.592464 0.0136846
739.86 0.598946 0.0145592
740.176 0.604769 0.0150097
740.493 0.60173 0.0154241
740.81 0.588831 0.0153059
741.127 0.569154 0.0148891
741.443 0.590248 0.0143667
741.76 0.59343 0.0139281
742.076 0.618806 0.0143486
742.393 0.624382 0.0151863
742.709 0.602172 0.0157392
743.025 0.615725 0.0162086
743.342 0.601062 0.0158673
743.658 0.602623 0.0155822
743.974 0.608308 0.0152225
744.29 0.61429 0.0152816
744.606 0.610132 0.0153926
744.922 0.615147 0.0154834
745.238 0.615936 0.0155404
745.554 0.621488 0.0159879
745.87 0.605498 0.0159471
746.186 0.583001 0.0150034
746.501 0.59385 0.0145853
746.817 0.617767 0.015113
747.132 0.620439 0.0162572
747.448 0.609686 0.0167489
747.763 0.586974 0.0161885
748.079 0.566732 0.0152449
748.394 0.602736 0.0146562
748.71 0.580344 0.0133888
749.025 0.580402 0.0126062
749.34 0.585603 0.0124979
749.655 0.611663 0.0130524
749.97 0.602235 0.0134177
750.285 0.572594 0.0131238
750.6 0.565526 0.0127637
750.915 0.57581 0.0125592
751.23 0.595787 0.0130268
751.545 0.601413 0.0136259
751.859 0.585934 0.0139561
752.174 0.570752 0.0139349
752.489 0.569301 0.0132165
752.803 0.566461 0.0123921
753.118 0.590658 0.0125591
753.432 0.589721 0.0129701
753.747 0.583341 0.0133779
754.061 0.555865 0.0126165
754.375 0.556027 0.0120902
754.689 0.562991 0.011787
755.004 0.583574 0.0119812
755.318 0.570576 0.0115888
755.632 0.551552 0.0108382
755.946 0.568282 0.0108026
756.26 0.545136 0.0101073
756.573 0.559535 0.00979731
756.887 0.543744 0.00936405
757.201 0.569732 0.00978863
757.515 0.580275 0.0108213
757.828 0.56485 0.0114503
758.142 0.529612 0.0110507
758.455 0.525828 0.010226
758.769 0.550879 0.00991218
759.082 0.545808 0.00959807
759.396 0.550513 0.00949447
759.709 0.552042 0.00943392
760.022 0.567562 0.00965004
760.335 0.570509 0.0101835
760.648 0.565809 0.0109002
760.962 0.554616 0.0115836
761.275 0.542128 0.0120198
761.587 0.53117 0.0120525
761.9 0.548689 0.0122807
762.213 0.544078 0.0118296
762.526 0.54845 0.0114486
762.839 0.552473 0.0114445
763.151 0.545868 0.0110473
763.464 0.541891 0.0104107
763.776 0.549502 0.00973789
764.089 0.558856 0.00961302
764.401 0.574415 0.0100922
764.714 0.556462 0.0105174
765.026 0.551044 0.0111711
765.338 0.559431 0.0119848
765.65 0.559346 0.0128986
765.962 0.536819 0.0132236
766.275 0.526105 0.0135593
766.587 0.532144 0.0136819
766.898 0.54256 0.0133718
767.21 0.533525 0.0124762
767.522 0.546614 0.011717
767.834 0.565108 0.0114771
768.146 0.568205 0.0115916
768.457 0.57785 0.0124039
768.769 0.556834 0.0128246
769.08 0.540298 0.0126898
769.392 0.550086 0.0123412
769.703 0.555426 0.0117592
770.015 0.555725 0.0113136
770.326 0.560123 0.0113804
770.637 0.565246 0.0118457
770.948 0.560306 0.0126549
771.26 0.544776 0.0132622
771.571 0.534026 0.0132745
771.882 0.537763 0.0129972
772.193 0.555871 0.0133481
772.504 0.574928 0.0139147
772.814 0.559757 0.0140039
773.125 0.566335 0.0143775
773.436 0.556324 0.0146591
773.747 0.563102 0.0150802
774.057 0.556983 0.0153189
774.368 0.577689 0.0158464
774.678 0.568135 0.0161245
774.989 0.570996 0.0164187
775.299 0.594059 0.0173106
775.609 0.576451 0.016862
775.919 0.586664 0.0168712
776.23 0.588219 0.016914
776.54 0.574269 0.0165707
776.85 0.585724 0.0169111
777.16 0.56177 0.0160697
777.47 0.567964 0.0153185
777.78 0.567003 0.014631
778.089 0.574905 0.0139921
778.399 0.574117 0.013894
778.709 0.582486 0.0146405
779.019 0.599095 0.0158231
779.328 0.562788 0.0161659
779.638 0.55042 0.0157759
779.947 0.538423 0.0142235
780.257 0.541119 0.0130075
780.566 0.558184 0.0127166
780.875 0.553362 0.0129509
781.185 0.574647 0.0140347
781.494 0.546886 0.0139176
781.803 0.546213 0.0142807
782.112 0.552198 0.0145689
782.421 0.547638 0.014318
782.73 0.542211 0.0138717
783.039 0.55769 0.0142468
783.348 0.587302 0.0157871
783.656 0.551686 0.0161415
783.965 0.555365 0.0164381
784.274 0.543328 0.0156413
784.582 0.550093 0.0152496
784.891 0.560611 0.0153039
785.199 0.567949 0.0156371
785.508 0.567523 0.0160617
785.816 0.557244 0.016205
786.124 0.559117 0.0158739
786.432 0.546139 0.0149182
786.741 0.552817 0.0144354
787.049 0.562876 0.0144801
787.357 0.562507 0.0146969
787.665 0.54513 0.014381
787.973 0.564608 0.0147687
788.281 0.557246 0.0149776
788.588 0.562678 0.0158517
788.896 0.5574 0.0167584
789.204 0.575979 0.0177275
789.511 0.557784 0.0174925
789.819 0.577022 0.0181159
790.126 0.572057 0.0180453
790.434 0.587335 0.0182805
790.741 0.596328 0.0183734
791.049 0.58871 0.0182365
791.356 0.590571 0.0188581
791.663 0.564568 0.0187709
791.97 0.603416 0.0194564
792.277 0.588184 0.0188524
792.584 0.563218 0.0174752
792.891 0.539094 0.0151218
793.198 0.548191 0.0141548
793.505 0.559754 0.0140235
793.812 0.546366 0.0142466
794.119 0.534975 0.0144214
794.425 0.55232 0.0150886
794.732 0.549065 0.0157298
795.038 0.580624 0.0178705
795.345 0.562636 0.0189173
795.651 0.559399 0.0198741
795.958 0.537229 0.0195159
796.264 0.54853 0.018402
796.57 0.546455 0.0176952
796.876 0.59612 0.0183231
797.183 0.591229 0.0185851
797.489 0.590621 0.019338
797.795 0.584149 0.0194038
798.101 0.569801 0.0190793
798.406 0.605918 0.0197792
798.712 0.613096 0.0204837
799.018 0.585981 0.0203385
799.324 0.606695 0.0207491
799.629 0.589742 0.0205495
799.935 0.614522 0.0211323
800.24 0.625341 0.021723
800.546 0.601884 0.021319
800.851 0.616151 0.0217665
801.157 0.599867 0.022397
801.462 0.636874 0.0233014
801.767 0.641734 0.0235014
802.072 0.614937 0.022113
802.377 0.603963 0.0210885
802.682 0.612233 0.0208903
802.987 0.650107 0.0221247
803.292 0.629217 0.0223228
803.597 0.605372 0.0220821
803.902 0.616378 0.0222259
804.207 0.614497 0.0220531
804.511 0.583229 0.0211554
804.816 0.553171 0.0193583
805.12 0.565706 0.0182915
805.425 0.551371 0.0170088
805.729 0.592435 0.0177689
806.034 0.599866 0.0185721
806.338 0.584391 0.0193757
806.642 0.580794 0.0198078
806.946 0.566859 0.0193708
807.251 0.582081 0.0198096
807.555 0.57863 0.0194365
807.859 0.582754 0.0193575
808.162 0.602282 0.0202503
808.466 0.600414 0.020907
808.77 0.6151 0.0217218
809.074 0.627057 0.022682
809.378 0.61156 0.022439
809.681 0.59922 0.0220366
809.985 0.636737 0.0230834
810.288 0.62127 0.0230556
810.592 0.625331 0.0229574
810.895 0.636907 0.0237192
811.198 0.650338 0.0250278
811.502 0.638529 0.0251602
811.805 0.666392 0.0264094
812.108 0.606814 0.0240538
812.411 0.623238 0.023655
812.714 0.612682 0.0218531
813.017 0.609239 0.0206228
813.32 0.606839 0.0205516
813.623 0.625505 0.0215244
813.926 0.631084 0.0231863
814.228 0.639417 0.024587
814.531 0.645449 0.0254947
814.833 0.631073 0.0250154
815.136 0.621436 0.0249746
815.438 0.661857 0.0260681
815.741 0.626269 0.0243061
816.043 0.603312 0.0235663
816.345 0.611418 0.0235646
816.648 0.641534 0.0243346
816.95 0.644956 0.024774
817.252 0.656242 0.0255511
817.554 0.618875 0.0248661
817.856 0.672451 0.0264736
818.158 0.699187 0.0272292
818.46 0.689019 0.027716
818.761 0.696856 0.0277716
819.063 0.640182 0.0261562
819.365 0.672163 0.0260099
819.666 0.618448 0.0237014
819.968 0.65205 0.0235339
820.269 0.619715 0.022695
820.571 0.638771 0.0236454
820.872 0.649873 0.0247519
821.173 0.647152 0.0256812
821.475 0.66959 0.0271278
821.776 0.635863 0.0262989
822.077 0.684195 0.0271211
822.378 0.688232 0.0273909
822.679 0.685111 0.027776
822.98 0.674014 0.0272943
823.281 0.670703 0.0281102
823.581 0.675883 0.0279338
823.882 0.674842 0.0282695
824.183 0.684564 0.0281835
824.483 0.650194 0.0264903
824.784 0.623738 0.0248799
825.084 0.676574 0.0263768
825.385 0.679486 0.0267801
825.685 0.684708 0.0274609
825.985 0.613247 0.0257662
826.286 0.64992 0.0261612
826.586 0.63528 0.0253575
826.886 0.650585 0.0257088
827.186 0.661532 0.0263048
827.486 0.676339 0.0274909
827.786 0.67754 0.0279346
828.086 0.679012 0.0276839
828.386 0.683184 0.027406
828.685 0.653778 0.0266613
828.985 0.721194 0.028839
829.285 0.691445 0.0284329
829.584 0.674974 0.0285461
829.884 0.643846 0.0283051
830.183 0.751785 0.0321802
830.482 0.690376 0.0305014
830.782 0.709358 0.0310493
831.081 0.767806 0.0335258
831.38 0.731787 0.0316717
831.679 0.724564 0.0315865
831.978 0.756645 0.0323296
832.277 0.69179 0.0299168
832.576 0.701668 0.0295629
832.875 0.712445 0.0297709
833.174 0.694834 0.0292161
833.472 0.682764 0.0291804
833.771 0.713451 0.0302348
834.07 0.691362 0.0290558
834.368 0.708134 0.0296938
834.667 0.699552 0.0302927
834.965 0.729149 0.0313912
835.263 0.746103 0.0317969
835.562 0.697544 0.0307586
835.86 0.727014 0.0311119
836.158 0.706197 0.0310121
836.456 0.754465 0.0328987
836.754 0.722733 0.0321094
837.052 0.777121 0.0343529
837.35 0.758461 0.0332799
837.648 0.763824 0.0338403
837.946 0.801554 0.0349614
838.243 0.805033 0.0350472
838.541 0.710357 0.032057
838.839 0.755649 0.0331116
839.136 0.786077 0.0337006
839.434 0.765616 0.0330569
839.731 0.764277 0.033917
840.028 0.76837 0.0332285
840.326 0.759404 0.0334494
840.623 0.757181 0.0333699
840.92 0.762054 0.0337994
841.217 0.78207 0.0352016
841.514 0.787647 0.0355243
841.811 0.765405 0.0338632
842.108 0.821417 0.0361116
842.405 0.798986 0.035881
842.701 0.80453 0.0361712
842.998 0.73495 0.0335074
843.295 0.819934 0.0361654
843.591 0.798529 0.0357682
843.888 0.80548 0.0355082
844.184 0.767668 0.0348656
844.481 0.721399 0.0332442
844.777 0.763599 0.0343702
845.073 0.805433 0.0355652
845.369 0.775327 0.0352443
845.665 0.831373 0.0370294
845.962 0.779285 0.0351472
846.258 0.820979 0.0367738
846.553 0.85475 0.037577
846.849 0.850655 0.0375515
847.145 0.78261 0.0348478
847.441 0.773327 0.0348483
847.737 0.792978 0.0349959
848.032 0.796729 0.0357486
848.328 0.827479 0.0365994
848.623 0.823793 0.0370054
848.919 0.78344 0.0352836
849.214 0.782408 0.0348581
849.509 0.802742 0.0358349
849.805 0.834327 0.0372661
850.1 0.857751 0.0386304
850.395 0.870207 0.038781
850.69 0.847066 0.0385281
850.985 0.81762 0.0365092
851.28 0.766354 0.0351994
851.575 0.808209 0.0365893
851.869 0.794769 0.0361599
852.164 0.7853 0.0354084
852.459 0.722238 0.0330254
852.753 0.778094 0.0338018
853.048 0.708424 0.0305796
853.342 0.678331 0.0297154
853.637 0.76372 0.0320967
853.931 0.711131 0.0306397
854.225 0.698583 0.0302346
854.52 0.73006 0.03206
854.814 0.743352 0.032458
855.108 0.681224 0.0300639
855.402 0.739937 0.031906
855.696 0.767637 0.033428
855.99 0.75678 0.0337261
856.283 0.70232 0.0317769
856.577 0.755713 0.0337163
856.871 0.745487 0.0332228
857.164 0.743347 0.0335358
857.458 0.797671 0.0358936
857.751 0.764923 0.0345395
858.045 0.781875 0.0344964
858.338 0.767952 0.0347465
858.632 0.786839 0.034366
858.925 0.771724 0.0349275
859.218 0.800289 0.0354166
859.511 0.805463 0.037018
859.804 0.846675 0.0375736
860.097 0.807342 0.0357186
860.39 0.823591 0.0371349
860.683 0.817577 0.0368424
860.976 0.830256 0.0374244
861.268 0.783449 0.0357922
861.561 0.850591 0.0383632
861.854 0.890581 0.0404242
862.146 0.852646 0.0381491
862.439 0.835306 0.0375548
862.731 0.748849 0.0346875
863.023 0.827313 0.0376405
863.316 0.79398 0.0362091
863.608 0.833539 0.0372942
863.9 0.847865 0.0376372
864.192 0.767467 0.034959
864.484 0.752037 0.0354336
864.776 0.859953 0.0382269
865.068 0.778854 0.0361546
865.36 0.76769 0.0358008
865.651 0.903327 0.0398549
865.943 0.811138 0.0370684
866.235 0.798984 0.0369761
866.526 0.853913 0.0392563
866.818 0.82149 0.0372123
867.109 0.776017 0.035946
867.4 0.887648 0.0391845
867.692 0.8284 0.0380609
867.983 0.824119 0.037595
868.274 0.845433 0.0385556
868.565 0.861926 0.0384333
868.856 0.827422 0.0379025
869.147 0.749916 0.0359859
869.438 0.816077 0.0374386
869.729 0.847079 0.0383714
870.02 0.88909 0.0408614
870.31 0.832482 0.0383059
870.601 0.782433 0.0366015
870.892 0.810712 0.0368745
871.182 0.802952 0.0365431
871.473 0.833332 0.0380374
871.763 0.785396 0.0360417
872.053 0.795357 0.0366968
872.343 0.802003 0.036793
872.634 0.883183 0.0389984
872.924 0.778983 0.0358978
873.214 0.829281 0.0377967
873.504 0.840142 0.0385541
873.794 0.886865 0.0406012
874.084 0.88543 0.0404513
874.373 0.791076 0.037273
874.663 0.801091 0.03662
874.953 0.818244 0.0382411
875.242 0.834363 0.038096
875.532 0.827518 0.0376277
875.821 0.829972 0.0379177
876.111 0.859775 0.0384461
876.4 0.839419 0.0384634
876.689 0.828299 0.0379539
876.978 0.91036 0.0398042
877.268 0.833343 0.038151
877.557 0.833421 0.038593
877.846 0.896334 0.0398891
878.134 0.869098 0.0396349
878.423 0.869258 0.0396422
878.712 0.869418 0.0396495
