178.41 0.886036 0.145604
178.791 0.891647 0.146526
179.172 0.897217 0.147442
179.553 0.453461 0.453461
179.934 0.735208 0.735208
180.316 0.539316 0.539316
180.697 0.531558 0.531558
181.078 0.806267 0.806267
181.459 0.651421 0.651421
181.84 0.58565 0.58565
182.221 2.43146 2.43146
182.602 0.0900871 0.0900871
182.983 0.859091 0.419694
183.364 1.09419 0.185617
183.744 0.604617 0.0871148
184.125 0.427948 0.0635761
184.506 0.486211 0.0555135
184.887 0.583651 0.0542374
185.268 0.484767 0.0425545
185.648 0.557077 0.0441597
186.029 0.57399 0.0427554
186.41 0.703541 0.0460974
186.791 0.699805 0.0441836
187.171 0.471898 0.0310338
187.552 0.355063 0.0219016
187.932 0.402816 0.0237535
188.313 0.370852 0.021287
188.694 0.346813 0.0205738
189.074 0.391742 0.0210812
189.455 0.359631 0.0196382
189.835 0.422448 0.0218853
190.216 0.402619 0.0208025
190.596 0.414602 0.0202024
190.977 0.39773 0.0196334
191.357 0.379034 0.019223
191.737 0.395823 0.0193987
192.118 0.37911 0.0188916
192.498 0.374285 0.0181887
192.878 0.415484 0.0193111
193.258 0.385518 0.0182806
193.639 0.387293 0.0180954
194.019 0.379256 0.0180645
194.399 0.369619 0.0176797
194.779 0.355181 0.0166363
195.159 0.364831 0.0173495
195.54 0.354971 0.0166007
195.92 0.359292 0.0167508
196.3 0.347235 0.0162288
196.68 0.346144 0.0162841
197.06 0.347824 0.0162262
197.44 0.316305 0.015325
197.82 0.318621 0.0152602
198.2 0.320601 0.0153004
198.58 0.301547 0.0144471
198.959 0.308485 0.014586
199.339 0.307412 0.0146237
199.719 0.286819 0.0138549
200.099 0.297937 0.0141548
200.479 0.284104 0.0137832
200.858 0.269337 0.0132224
201.238 0.263842 0.0128823
201.618 0.261032 0.0129574
201.998 0.268516 0.0128271
202.377 0.260155 0.0126256
202.757 0.258956 0.012431
203.136 0.223653 0.0114777
203.516 0.24513 0.0118372
203.896 0.232478 0.0113857
204.275 0.218224 0.0108135
204.655 0.217525 0.0108167
205.034 0.211542 0.0105415
205.414 0.203226 0.0102028
205.793 0.204172 0.0101349
206.172 0.198244 0.00999577
206.552 0.198733 0.00983743
206.931 0.192149 0.00952484
207.31 0.193807 0.00946279
207.69 0.190205 0.00929956
208.069 0.176277 0.00883409
208.448 0.164505 0.00842654
208.827 0.172199 0.0085718
209.207 0.165752 0.00838782
209.586 0.156162 0.00792855
209.965 0.161996 0.00804976
210.344 0.152116 0.00768664
210.723 0.146681 0.00745536
211.102 0.154641 0.00752254
211.481 0.1453 0.00725334
211.86 0.147565 0.00723689
212.239 0.140547 0.00699134
212.618 0.1439 0.00697197
212.997 0.131912 0.00656635
213.376 0.130046 0.00649645
213.755 0.12669 0.00632203
214.134 0.121884 0.00611697
214.513 0.123203 0.00605041
214.891 0.120314 0.00593915
215.27 0.116796 0.00574164
215.649 0.119772 0.00576652
216.028 0.112319 0.0054878
216.406 0.112601 0.00543743
216.785 0.109543 0.00527583
217.164 0.103897 0.00508662
217.542 0.0934153 0.0047221
217.921 0.098506 0.00478698
218.3 0.102203 0.00485871
218.678 0.0928503 0.00455823
219.057 0.0874275 0.00434436
219.435 0.089855 0.00433188
219.814 0.0870169 0.00423151
220.192 0.0837242 0.00408377
220.57 0.0848658 0.00406331
220.949 0.0788389 0.00385066
221.327 0.0748948 0.0036907
221.705 0.0761519 0.00368344
222.084 0.0710437 0.00348057
222.462 0.070826 0.00343383
222.84 0.068918 0.00335929
223.218 0.0648219 0.00317682
223.597 0.0676775 0.00321324
223.975 0.0592455 0.00295229
224.353 0.0630597 0.00301239
224.731 0.0640095 0.00298608
225.109 0.0579567 0.002784
225.487 0.0567274 0.00271516
225.865 0.0560074 0.00265662
226.243 0.0555353 0.00261181
226.621 0.0515689 0.00248367
226.999 0.049348 0.00237983
227.377 0.0460286 0.00227608
227.755 0.0475751 0.00228381
228.133 0.0469515 0.00223998
228.511 0.0463737 0.00219966
228.889 0.0443029 0.00210887
229.266 0.0435783 0.00207171
229.644 0.0401861 0.00195028
230.022 0.037346 0.00185576
230.4 0.0383926 0.00186385
230.777 0.037993 0.00183648
231.155 0.0369875 0.00178846
231.533 0.0342767 0.0016973
231.91 0.0364432 0.00172643
232.288 0.0333405 0.00163566
232.665 0.0339756 0.00162991
233.043 0.0322262 0.0015724
233.42 0.0326751 0.00156192
233.798 0.0319488 0.00153317
234.175 0.0324442 0.00152488
234.553 0.0315382 0.00148743
234.93 0.0315146 0.00147198
235.307 0.0294313 0.00141098
235.685 0.0282913 0.00137209
236.062 0.0274124 0.00133482
236.439 0.0281471 0.00134591
236.816 0.0289605 0.00134852
237.194 0.0276701 0.00130418
237.571 0.0258354 0.00124923
237.948 0.0261907 0.00125114
238.325 0.0259128 0.00123071
238.702 0.0255425 0.00121467
239.079 0.0244595 0.00117685
239.456 0.0236259 0.00114889
239.833 0.0232907 0.00113336
240.21 0.023047 0.001117
240.587 0.0243418 0.00114263
240.964 0.0237214 0.00111877
241.341 0.0229098 0.00109018
241.718 0.0227958 0.00107717
242.095 0.0231724 0.0010857
242.472 0.0216409 0.0010409
242.849 0.0222571 0.00104773
243.225 0.023425 0.0010655
243.602 0.0215968 0.00101792
243.979 0.0208522 0.000996768
244.356 0.0209636 0.000995324
244.732 0.0206568 0.000977952
245.109 0.0198371 0.000951644
245.486 0.0212684 0.000984004
245.862 0.0203678 0.00095819
246.239 0.0192648 0.000922386
246.615 0.0197574 0.000932411
246.992 0.0197028 0.000924302
247.368 0.0191978 0.000912373
247.745 0.0182948 0.000883148
248.121 0.0190013 0.000893903
248.497 0.0185828 0.000882576
248.874 0.0187936 0.000882192
249.25 0.0184065 0.000865375
249.626 0.0173785 0.000839474
250.003 0.0183241 0.000856951
250.379 0.0179914 0.000840867
250.755 0.0170837 0.00082009
251.131 0.0172084 0.000817302
251.507 0.0179539 0.000833705
251.884 0.0173073 0.000812934
252.26 0.0172619 0.000812074
252.636 0.016949 0.000797356
253.012 0.0180936 0.000820837
253.388 0.0173863 0.000802209
253.764 0.0160982 0.000768763
254.14 0.0162186 0.000769797
254.516 0.0170431 0.000788045
254.892 0.0160931 0.000761892
255.268 0.0166413 0.000773937
255.643 0.0162991 0.000762724
256.019 0.0171955 0.000782838
256.395 0.0165298 0.000765931
256.771 0.0162595 0.000754106
257.147 0.0158562 0.000743848
257.522 0.0162109 0.00075093
257.898 0.0162166 0.000749828
258.274 0.0166419 0.000757633
258.649 0.0156342 0.000733887
259.025 0.015482 0.000726295
259.4 0.0166051 0.000751769
259.776 0.0156581 0.000727762
260.151 0.0154639 0.000725667
260.527 0.0157286 0.000728592
260.902 0.0150525 0.000710821
261.278 0.0162885 0.000737867
261.653 0.0158892 0.000728746
262.028 0.0151214 0.000711607
262.404 0.0145593 0.000695053
262.779 0.0153205 0.000711205
263.154 0.0147809 0.000697338
263.53 0.015165 0.000704414
263.905 0.0146458 0.000693594
264.28 0.0152174 0.000706633
264.655 0.0145549 0.000689069
265.03 0.014654 0.000693546
265.405 0.0152602 0.000705388
265.781 0.0143316 0.000684402
266.156 0.0155689 0.000712568
266.531 0.0146815 0.00068831
266.906 0.0148813 0.000696806
267.281 0.0153395 0.000703952
267.655 0.0153434 0.000706674
268.03 0.0146486 0.00069087
268.405 0.014102 0.000676958
268.78 0.0147474 0.000692257
269.155 0.0145715 0.000686586
269.53 0.0146351 0.000690456
269.904 0.0143807 0.000683657
270.279 0.0157658 0.000716278
270.654 0.0147583 0.000691043
271.029 0.0148048 0.000693444
271.403 0.015143 0.000699338
271.778 0.0145562 0.000687602
272.152 0.0150734 0.000700375
272.527 0.0148719 0.000695068
272.901 0.0144811 0.000683191
273.276 0.0153712 0.000702272
273.65 0.0147261 0.000689535
274.025 0.0149596 0.000693176
274.399 0.0147349 0.000691248
274.774 0.0146943 0.000688698
275.148 0.0152754 0.000699963
275.522 0.0151283 0.00069845
275.897 0.0149748 0.00069452
276.271 0.015014 0.000696124
276.645 0.0146814 0.000686376
277.019 0.0143843 0.000677554
277.393 0.0149825 0.000689634
277.768 0.0150429 0.000694292
278.142 0.0154844 0.0007037
278.516 0.0156119 0.000707837
278.89 0.0148791 0.000689661
279.264 0.014856 0.000691337
279.638 0.0152011 0.000695936
280.012 0.0151366 0.000695679
280.386 0.0155702 0.000709263
280.76 0.0147698 0.000688166
281.133 0.0151802 0.000698942
281.507 0.0146087 0.000685109
281.881 0.0141787 0.000673405
282.255 0.014364 0.000678742
282.629 0.0155921 0.000709214
283.002 0.0170379 0.000741769
283.376 0.0147033 0.000687192
283.75 0.0151978 0.000701024
284.123 0.0161491 0.000720109
284.497 0.0153207 0.000702676
284.87 0.0152239 0.000701167
285.244 0.015944 0.000716237
285.618 0.0156773 0.000712048
285.991 0.0151619 0.000703201
286.364 0.0148179 0.000694919
286.738 0.0147662 0.000693576
287.111 0.0148618 0.000696114
287.485 0.0156477 0.000714684
287.858 0.0164738 0.000736045
288.231 0.0154211 0.000710891
288.605 0.0157958 0.000721448
288.978 0.0149184 0.000699632
289.351 0.0156385 0.000720044
289.724 0.0157312 0.000722149
290.097 0.015835 0.000725391
290.47 0.0156053 0.000722438
290.843 0.0156987 0.000724341
291.217 0.015515 0.000720234
291.59 0.01575 0.000730696
291.963 0.0156614 0.000727031
292.336 0.0153955 0.000723135
292.708 0.0158896 0.000736049
293.081 0.016339 0.00074982
293.454 0.0165535 0.0007514
293.827 0.0156296 0.0007323
294.2 0.016564 0.000758788
294.573 0.0153706 0.000728611
294.945 0.0164355 0.000757879
295.318 0.0168687 0.000767506
295.691 0.0163633 0.000757761
296.064 0.0155337 0.000739656
296.436 0.0163903 0.000759243
296.809 0.0160442 0.000749164
297.181 0.0161465 0.000755583
297.554 0.0165885 0.000767024
297.926 0.0164234 0.000763804
298.299 0.0166404 0.000769654
298.671 0.0168462 0.000771027
299.044 0.0157451 0.000749488
299.416 0.0173874 0.000788799
299.788 0.0171615 0.00078244
300.161 0.0169555 0.000781151
300.533 0.0167859 0.00077615
300.905 0.0164261 0.000764866
301.278 0.0172967 0.000786522
301.65 0.0166202 0.000770123
302.022 0.0166928 0.000773486
302.394 0.0162872 0.000765264
302.766 0.0167909 0.000775913
303.138 0.0177027 0.000799831
303.51 0.0164983 0.000770134
303.882 0.0176984 0.000796651
304.254 0.0167672 0.000776933
304.626 0.0171235 0.000782787
304.998 0.0180364 0.000803142
305.37 0.0163505 0.000768959
305.742 0.0175831 0.000794429
306.114 0.0177613 0.0007981
306.485 0.0170057 0.000781113
306.857 0.0171237 0.000783259
307.229 0.0168135 0.000778845
307.601 0.0163644 0.000768161
307.972 0.0172904 0.000788785
308.344 0.017451 0.000791446
308.716 0.0167838 0.000779371
309.087 0.017008 0.000783573
309.459 0.0173885 0.000793491
309.83 0.0170743 0.000786394
310.202 0.017521 0.000795318
310.573 0.0173977 0.000792976
310.945 0.0168307 0.000779407
311.316 0.0172198 0.000792138
311.687 0.0173488 0.000791911
312.059 0.0168919 0.000784155
312.43 0.0173043 0.000792228
312.801 0.0180691 0.000812401
313.172 0.0174374 0.000798565
313.544 0.017432 0.000799264
313.915 0.0181348 0.000810035
314.286 0.0163664 0.000772867
314.657 0.0174389 0.000796022
315.028 0.0181231 0.000813203
315.399 0.0170248 0.000787914
315.77 0.0179465 0.000807818
316.141 0.01716 0.000793206
316.512 0.0177997 0.000807735
316.883 0.0170572 0.000792306
317.254 0.01671 0.000783409
317.625 0.0174441 0.000805366
317.996 0.0173371 0.000798494
318.366 0.0181258 0.000818483
318.737 0.0174826 0.00080302
319.108 0.0176667 0.000810024
319.478 0.0173302 0.000802539
319.849 0.0172295 0.000799824
320.22 0.0183508 0.000826253
320.59 0.0174863 0.000806096
320.961 0.0174197 0.000805941
321.331 0.0176462 0.000811269
321.702 0.0179109 0.000821473
322.072 0.0189231 0.000846919
322.443 0.018366 0.000832706
322.813 0.0191623 0.000848989
323.184 0.0186584 0.0008401
323.554 0.0182045 0.000832456
323.924 0.0190166 0.000850382
324.295 0.0176434 0.000823077
324.665 0.0195349 0.000866703
325.035 0.0179386 0.000829451
325.405 0.0191178 0.000859803
325.775 0.0197919 0.000879083
326.145 0.018604 0.000851479
326.515 0.0191499 0.000865475
326.886 0.0192768 0.000872729
327.256 0.0185947 0.000857965
327.626 0.0187573 0.000867036
327.995 0.0191697 0.000878677
328.365 0.0181114 0.000855274
328.735 0.0196255 0.000894779
329.105 0.0199821 0.000912654
329.475 0.0188792 0.000894078
329.845 0.0208141 0.000952352
330.215 0.019971 0.000929366
330.584 0.0193953 0.000907046
330.954 0.0203827 0.000907873
331.324 0.0182433 0.000834726
331.693 0.0174134 0.000801523
332.063 0.0166099 0.000774381
332.432 0.0170068 0.00077954
332.802 0.0174728 0.000796633
333.171 0.0186218 0.000833202
333.541 0.0180609 0.000835866
333.91 0.0185665 0.000851789
334.28 0.0180845 0.000845477
334.649 0.018855 0.000865803
335.018 0.0193245 0.000879503
335.388 0.0184434 0.000861993
335.757 0.0185974 0.000865706
336.126 0.0184086 0.000864396
336.495 0.0178611 0.000848566
336.865 0.0198206 0.000897605
337.234 0.0189486 0.000882599
337.603 0.0185811 0.000872217
337.972 0.0195655 0.000897084
338.341 0.0184077 0.000868713
338.71 0.0197771 0.000899834
339.079 0.0197216 0.000901829
339.448 0.0193914 0.000892836
339.817 0.0198856 0.000906378
340.186 0.0194533 0.000897039
340.554 0.0206549 0.000923116
340.923 0.0200594 0.000911613
341.292 0.0202741 0.000917343
341.661 0.0204311 0.00092204
342.029 0.0197604 0.000905212
342.398 0.0187162 0.000882155
342.767 0.0198828 0.000912728
343.135 0.0195326 0.000903976
343.504 0.0201324 0.000920611
343.872 0.0191054 0.000893487
344.241 0.0189565 0.000892082
344.609 0.0203447 0.000927842
344.978 0.0207107 0.000935204
345.346 0.0193423 0.000900382
345.715 0.0211462 0.000945071
346.083 0.0203017 0.000928072
346.451 0.0196849 0.000912416
346.82 0.0198532 0.000919376
347.188 0.0189355 0.000896179
347.556 0.0202871 0.000932398
347.924 0.0204321 0.000934592
348.292 0.0206956 0.000942737
348.66 0.0204401 0.000936073
349.028 0.0199062 0.000924929
349.396 0.0211944 0.000958148
349.764 0.0206752 0.000945149
350.132 0.0206168 0.000943326
350.5 0.0209055 0.00095146
350.868 0.0206486 0.000947312
351.236 0.0203202 0.000939002
351.604 0.02059 0.000948888
351.972 0.0210596 0.000960736
352.34 0.0210585 0.000962107
352.707 0.0209648 0.000960387
353.075 0.0217251 0.000977904
353.443 0.0212976 0.000970443
353.81 0.0207606 0.00096051
354.178 0.0209099 0.0009645
354.545 0.0213857 0.000973023
354.913 0.0207951 0.000963574
355.28 0.0226761 0.00100635
355.648 0.0202962 0.000950062
356.015 0.0210131 0.000968389
356.383 0.0211673 0.000970825
356.75 0.0216947 0.000985352
357.117 0.0221762 0.000996777
357.485 0.022844 0.00101238
357.852 0.0218701 0.00099741
358.219 0.0211293 0.000975506
358.586 0.0224509 0.00100538
358.954 0.0214419 0.00098666
359.321 0.0216591 0.00098925
359.688 0.0209015 0.000976576
360.055 0.0210618 0.000978919
360.422 0.0225342 0.00101403
360.789 0.0213908 0.000989669
361.156 0.0221311 0.00100576
361.523 0.0220097 0.00100706
361.89 0.0212784 0.000988986
362.256 0.0210825 0.000980484
362.623 0.0223231 0.00101897
362.99 0.0219528 0.00100565
363.357 0.0225277 0.00102289
363.724 0.0230087 0.0010342
364.09 0.0212082 0.000990906
364.457 0.0207526 0.000987525
364.823 0.0234618 0.00104326
365.19 0.0225946 0.00102532
365.557 0.0221557 0.00101374
365.923 0.0230583 0.00103761
366.29 0.02343 0.00104923
366.656 0.0210689 0.000990864
367.022 0.022296 0.00101804
367.389 0.0222564 0.00102169
367.755 0.0221866 0.00102494
368.121 0.0226252 0.0010346
368.488 0.0217072 0.00101203
368.854 0.0226416 0.0010375
369.22 0.0224605 0.00103822
369.586 0.0225041 0.00104276
369.952 0.0231529 0.00105999
370.318 0.0225132 0.00104574
370.684 0.0238232 0.00107887
371.051 0.0232814 0.00106682
371.416 0.024216 0.00109475
371.782 0.0235829 0.00107711
372.148 0.0229791 0.00106542
372.514 0.023078 0.00107001
372.88 0.0233694 0.00107991
373.246 0.0232841 0.00107694
373.612 0.0236574 0.00108503
373.977 0.0239307 0.00108882
374.343 0.0239471 0.00108575
374.709 0.0234588 0.00107113
375.074 0.0225943 0.00105436
375.44 0.0233938 0.00107745
375.806 0.0237812 0.00109233
376.171 0.0242317 0.00109705
376.537 0.0234279 0.00107772
376.902 0.0230303 0.00107041
377.268 0.0241995 0.00109274
377.633 0.0222692 0.00104634
377.998 0.0217531 0.00103018
378.364 0.0224848 0.00104283
378.729 0.0235108 0.00106815
379.094 0.0242452 0.00108946
379.459 0.0233869 0.00108433
379.825 0.0234626 0.00108127
380.19 0.0226562 0.00106418
380.555 0.0239251 0.00110125
380.92 0.0251166 0.00114244
381.285 0.0258588 0.00115701
381.65 0.0249951 0.00112867
382.015 0.025098 0.00113265
382.38 0.0252496 0.00114048
382.745 0.0244061 0.00112815
383.11 0.0252969 0.00115166
383.474 0.0256951 0.00115726
383.839 0.0257135 0.00115976
384.204 0.0234743 0.00111169
384.569 0.0242659 0.00113166
384.933 0.0235485 0.00111805
385.298 0.025647 0.00116863
385.663 0.0260121 0.00117358
386.027 0.0264583 0.00118115
386.392 0.0259067 0.00116379
386.756 0.024516 0.00112643
387.121 0.0244875 0.00112545
387.485 0.0241182 0.0011135
387.849 0.0258725 0.00114788
388.214 0.0255048 0.00115234
388.578 0.0254633 0.0011572
388.942 0.0257537 0.0011697
389.307 0.0266242 0.00118822
389.671 0.0275177 0.00121245
390.035 0.0254355 0.00116036
390.399 0.0247182 0.0011412
390.763 0.0250482 0.00114202
391.127 0.0241199 0.00111662
391.492 0.0240317 0.00109924
391.856 0.0239408 0.00108451
392.219 0.0231454 0.00105839
392.583 0.0229932 0.00106091
392.947 0.0244019 0.00111651
393.311 0.025076 0.00114228
393.675 0.0254205 0.00115356
394.039 0.0241119 0.00113043
394.403 0.024407 0.0011379
394.766 0.0244337 0.00114161
395.13 0.0264807 0.00119161
395.494 0.0249846 0.001157
395.857 0.0261233 0.00117791
396.221 0.026231 0.00117499
396.584 0.0251183 0.00114119
396.948 0.025313 0.00113323
397.311 0.0229102 0.00106223
397.675 0.0231058 0.00106099
398.038 0.0234881 0.00107025
398.401 0.0240894 0.00109927
398.765 0.0246638 0.0011295
399.128 0.0251474 0.00115682
399.491 0.0256844 0.001178
399.854 0.0256194 0.00117818
400.218 0.0260934 0.00119249
400.581 0.0256822 0.00118643
400.944 0.0257932 0.00119481
401.307 0.027077 0.00123892
401.67 0.0272242 0.00123867
402.033 0.0263855 0.001223
402.396 0.0275908 0.00125131
402.759 0.0273674 0.00124775
403.122 0.0268452 0.00122976
403.485 0.0257925 0.0012051
403.847 0.0246896 0.00116924
404.21 0.0245748 0.00116049
404.573 0.0261354 0.00119547
404.936 0.0260475 0.00118758
405.298 0.027125 0.00122519
405.661 0.0270999 0.0012418
406.023 0.0262627 0.0012398
406.386 0.0271179 0.00126428
406.749 0.0281095 0.00129308
407.111 0.0284919 0.00130017
407.473 0.0284514 0.00127846
407.836 0.0266615 0.00123579
408.198 0.0261771 0.00121705
408.561 0.0266837 0.00123231
408.923 0.0266655 0.00123371
409.285 0.0277065 0.00125988
409.647 0.0277144 0.0012711
410.009 0.0289665 0.00131179
410.372 0.0285457 0.00130033
410.734 0.0295975 0.00133073
411.096 0.0294258 0.00132453
411.458 0.0283973 0.00130087
411.82 0.0275419 0.00127272
412.182 0.0287525 0.00129052
412.544 0.0281383 0.00127952
412.906 0.0266242 0.00124241
413.267 0.0271629 0.00125941
413.629 0.0284505 0.00129906
413.991 0.028039 0.00129569
414.353 0.0280913 0.00130047
414.714 0.0285288 0.00132436
415.076 0.0271026 0.00128763
415.438 0.029105 0.00133289
415.799 0.0286497 0.00131715
416.161 0.0276329 0.00130491
416.522 0.0297123 0.00135868
416.884 0.029167 0.00134699
417.245 0.0299159 0.00136921
417.607 0.0301047 0.00137014
417.968 0.0291721 0.00134723
418.329 0.0290284 0.00134222
418.691 0.0287629 0.00133563
419.052 0.0292325 0.00134555
419.413 0.0288469 0.00132462
419.774 0.0294566 0.00133438
420.135 0.0279793 0.00127154
420.497 0.0262614 0.00121244
420.858 0.0249701 0.00116595
421.219 0.0240812 0.00114888
421.58 0.0261991 0.00121361
421.941 0.0276557 0.00126878
422.302 0.0277408 0.00128778
422.662 0.0275351 0.00128852
423.023 0.0273643 0.00129018
423.384 0.0286088 0.00132361
423.745 0.0288478 0.00132111
424.106 0.0276665 0.00129305
424.466 0.0287888 0.00131645
424.827 0.0293435 0.00134742
425.187 0.0302888 0.00138628
425.548 0.0316714 0.00143096
425.909 0.0316733 0.00143857
426.269 0.0308991 0.00141086
426.63 0.0301752 0.00138478
426.99 0.0311008 0.00139432
427.35 0.0305914 0.00138903
427.711 0.0294181 0.00135247
428.071 0.0279212 0.00130659
428.431 0.0286176 0.00129751
428.792 0.0256179 0.00118561
429.152 0.0244795 0.00112711
429.512 0.0236392 0.00110552
429.872 0.0267499 0.00118417
430.232 0.0239902 0.00114123
430.592 0.0269028 0.00124281
430.952 0.0284462 0.0013157
431.312 0.0300243 0.00138533
431.672 0.0312024 0.00142851
432.032 0.0320261 0.00144282
432.392 0.0297836 0.00137258
432.752 0.0270231 0.0012431
433.111 0.0265742 0.00120521
433.471 0.0270283 0.00123448
433.831 0.0294633 0.00133937
434.19 0.0273796 0.00129131
434.55 0.0288034 0.00132421
434.91 0.0293734 0.00135285
435.269 0.0307019 0.00136406
435.629 0.0299338 0.00134392
435.988 0.0281161 0.0012969
436.348 0.0295957 0.00135094
436.707 0.0307733 0.00139851
437.066 0.0301093 0.00138259
437.426 0.0297856 0.00135881
437.785 0.0271699 0.00129414
438.144 0.0274859 0.00130002
438.503 0.030205 0.00138079
438.862 0.0300833 0.00138056
439.222 0.0305106 0.00140143
439.581 0.0306256 0.00141009
439.94 0.0295046 0.00136465
440.299 0.0270304 0.00126215
440.658 0.0253226 0.00119054
441.017 0.0262133 0.00121168
441.376 0.0271704 0.001248
441.734 0.0279637 0.0012791
442.093 0.0298461 0.00132087
442.452 0.0278011 0.00126566
442.811 0.0268764 0.00123897
443.169 0.0268723 0.00123841
443.528 0.0285391 0.00130271
443.887 0.0277641 0.00128572
444.245 0.0287412 0.00131388
444.604 0.0283204 0.00131508
444.962 0.0295528 0.00134978
445.321 0.0291695 0.00134225
445.679 0.0285691 0.00132138
446.038 0.0294111 0.00133582
446.396 0.0293597 0.00135304
446.754 0.0317141 0.00142548
447.112 0.0305114 0.00140527
447.471 0.030416 0.00140468
447.829 0.0319254 0.00144663
448.187 0.0311445 0.00142629
448.545 0.0330173 0.00146406
448.903 0.0321517 0.00144848
449.261 0.031445 0.00143664
449.619 0.0321196 0.00146572
449.977 0.0320882 0.00147214
450.335 0.0318157 0.00148193
450.693 0.0338242 0.00153178
451.051 0.0338472 0.00152926
451.409 0.0332239 0.00152106
451.766 0.0330706 0.00151948
452.124 0.0344128 0.00157175
452.482 0.0362196 0.00162846
452.839 0.0349729 0.00161806
453.197 0.0356502 0.00163654
453.555 0.0360532 0.00165256
453.912 0.0350517 0.00162517
454.27 0.0358598 0.00161787
454.627 0.0340465 0.0015578
454.984 0.0344926 0.00157168
455.342 0.0362287 0.00163544
455.699 0.036163 0.00165219
456.056 0.0353755 0.0016244
456.414 0.0341428 0.00158158
456.771 0.0331463 0.00152984
457.128 0.0329325 0.00151906
457.485 0.0323489 0.00150032
457.842 0.0333106 0.00153188
458.199 0.0337923 0.00154113
458.556 0.0325175 0.0014972
458.913 0.0333027 0.00151523
459.27 0.0327139 0.00149327
459.627 0.0330749 0.00152333
459.984 0.0331046 0.0015129
460.341 0.0327257 0.00150229
460.697 0.0328895 0.00152398
461.054 0.0365119 0.00165302
461.411 0.0378766 0.00171831
461.767 0.0379827 0.00174101
462.124 0.0369823 0.00171363
462.481 0.036389 0.0016795
462.837 0.0357797 0.00163953
463.194 0.0335205 0.00155371
463.55 0.0347605 0.00159236
463.907 0.0327041 0.00150399
464.263 0.0333942 0.00149885
464.619 0.0310209 0.00141726
464.976 0.0307577 0.00139169
465.332 0.0299388 0.0013727
465.688 0.0330186 0.00148582
466.044 0.0344139 0.00157135
466.4 0.0352416 0.00161487
466.756 0.034386 0.00160561
467.112 0.0355985 0.00163366
467.468 0.0362139 0.00164529
467.824 0.0374802 0.00169097
468.18 0.0395767 0.00176032
468.536 0.0359262 0.00167857
468.892 0.0399764 0.00179891
469.248 0.0400075 0.0018076
469.604 0.0392703 0.00180164
469.959 0.039055 0.00179605
470.315 0.0393404 0.00180163
470.671 0.0382104 0.00177379
471.026 0.038487 0.00176518
471.382 0.038881 0.00175722
471.737 0.036817 0.00169618
472.093 0.0361285 0.00165404
472.448 0.0358292 0.00161555
472.804 0.0348147 0.00157894
473.159 0.0353246 0.0015774
473.514 0.0340494 0.00155654
473.87 0.0327915 0.00150575
474.225 0.0308143 0.00141794
474.58 0.0287929 0.00134362
474.935 0.0308229 0.001402
475.29 0.0321432 0.00145101
475.645 0.030681 0.00141906
476 0.0315629 0.00144117
476.355 0.03067 0.00143343
476.71 0.0321155 0.00146596
477.065 0.0297344 0.00136948
477.42 0.0302973 0.00136415
477.775 0.0308248 0.00137763
478.13 0.0302792 0.00137767
478.485 0.0299291 0.00135976
478.839 0.0279852 0.00129913
479.194 0.0261793 0.00122431
479.549 0.02757 0.001241
479.903 0.0256298 0.00119973
480.258 0.0271683 0.00124493
480.612 0.0269528 0.00122381
480.967 0.0243517 0.00113637
481.321 0.026068 0.0011795
481.675 0.0268459 0.00122003
482.03 0.0284369 0.00127781
482.384 0.0281998 0.00127781
482.738 0.0260201 0.00121573
483.093 0.0273096 0.0012364
483.447 0.0252849 0.00116385
483.801 0.0241872 0.00110276
484.155 0.0243108 0.00109147
484.509 0.0176533 0.000809896
484.863 0.0080395 0.000372523
485.217 0.00711818 0.00031858
485.571 0.00739708 0.000333151
485.925 0.0116854 0.000533398
486.279 0.0160649 0.000725204
486.632 0.0184231 0.000839961
486.986 0.0221873 0.000996419
487.34 0.0249515 0.001128
487.694 0.0258597 0.0011804
488.047 0.0274515 0.00122307
488.401 0.0255524 0.0011815
488.754 0.0271028 0.00122454
489.108 0.0259025 0.00121665
489.461 0.0286755 0.00128632
489.815 0.0275047 0.00127293
490.168 0.0272937 0.00125405
490.522 0.0266569 0.00123406
490.875 0.0280378 0.00126753
491.228 0.0280786 0.00127717
491.581 0.0278246 0.00126266
491.935 0.0262616 0.00123122
492.288 0.0286918 0.00129223
492.641 0.0267721 0.0012394
492.994 0.0271382 0.00124691
493.347 0.0280967 0.00125112
493.7 0.0274595 0.0012378
494.053 0.0261169 0.00121129
494.406 0.0292403 0.0013024
494.759 0.0287657 0.00131813
495.111 0.0268844 0.0012345
495.464 0.0227969 0.0010869
495.817 0.023739 0.00108909
496.169 0.0250303 0.0011497
496.522 0.0275211 0.00125997
496.875 0.0290229 0.00133711
497.227 0.0289755 0.00134922
497.58 0.0290874 0.00134946
497.932 0.0286341 0.00132319
498.285 0.029902 0.00133982
498.637 0.0260663 0.00121979
498.989 0.0258854 0.00120201
499.342 0.0250647 0.00119157
499.694 0.0284027 0.00129648
500.046 0.030173 0.00134775
500.398 0.0270395 0.00124461
500.751 0.0263088 0.00121648
501.103 0.0271882 0.0012327
501.455 0.0266354 0.00122197
501.807 0.02571 0.00120236
502.159 0.025802 0.00120516
502.511 0.0262622 0.00121284
502.862 0.0272104 0.00123986
503.214 0.0278438 0.00127135
503.566 0.028538 0.00131319
503.918 0.0286162 0.00132922
504.27 0.0289752 0.00133612
504.621 0.0286773 0.00133247
504.973 0.0295171 0.00135947
505.324 0.0281722 0.00131956
505.676 0.02747 0.00128031
506.027 0.0280612 0.0012975
506.379 0.0298538 0.00138291
506.73 0.0320455 0.00145462
507.082 0.0336232 0.00147942
507.433 0.0290088 0.00134871
507.784 0.0300309 0.00136079
508.136 0.0306533 0.00139881
508.487 0.0323392 0.0014515
508.838 0.0308204 0.00143029
509.189 0.0317866 0.00145094
509.54 0.0313448 0.00142157
509.891 0.0306136 0.00142114
510.242 0.0331025 0.00147943
510.593 0.0322709 0.00147002
510.944 0.0316915 0.00146491
511.295 0.0346065 0.00156268
511.646 0.0337398 0.00156008
511.996 0.0335499 0.00153965
512.347 0.0329483 0.00151431
512.698 0.0341605 0.00154701
513.049 0.033516 0.00154178
513.399 0.033076 0.00153873
513.75 0.0322118 0.00151396
514.1 0.0341794 0.0015891
514.451 0.0358342 0.00166095
514.801 0.0368198 0.00167625
515.152 0.0370227 0.001666
515.502 0.0348529 0.00159139
515.852 0.0343165 0.00157062
516.202 0.0348956 0.00158169
516.553 0.0346879 0.00160003
516.903 0.0369415 0.00167638
517.253 0.0362186 0.00168493
517.603 0.0371613 0.00170641
517.953 0.0362283 0.00167666
518.303 0.0345898 0.00159986
518.653 0.0355328 0.00160823
519.003 0.0370039 0.00165379
519.353 0.0370436 0.00171386
519.703 0.0401794 0.00182278
520.052 0.0390754 0.00180678
520.402 0.0395376 0.00180743
520.752 0.0375832 0.00174202
521.102 0.0391432 0.00180662
521.451 0.0388619 0.00181293
521.801 0.0409785 0.00185632
522.15 0.0393315 0.0017885
522.5 0.0369269 0.00173015
522.849 0.0391868 0.00177671
523.199 0.0376873 0.00172593
523.548 0.0367025 0.00168685
523.897 0.0378489 0.0017328
524.246 0.0391423 0.00179149
524.596 0.0386069 0.00180438
524.945 0.0382056 0.00178451
525.294 0.0399942 0.00182559
525.643 0.0368254 0.00174787
525.992 0.0399142 0.00181659
526.341 0.0383524 0.00176959
526.69 0.0366985 0.00174464
527.039 0.0416413 0.00187653
527.388 0.0391843 0.00183307
527.737 0.0356463 0.00169516
528.086 0.0355336 0.00163021
528.434 0.0321583 0.00152247
528.783 0.0358834 0.00165218
529.132 0.0374639 0.0017203
529.48 0.0374682 0.00174254
529.829 0.0389285 0.00178596
530.177 0.040159 0.00183258
530.526 0.0389499 0.00180922
530.874 0.0396379 0.00180773
531.223 0.0381465 0.00177083
531.571 0.0384744 0.00179374
531.919 0.0378383 0.00176137
532.268 0.0362839 0.00167214
532.616 0.0340634 0.00156838
532.964 0.0329208 0.00151898
533.312 0.033592 0.00153518
533.66 0.0331525 0.00153198
534.008 0.0345613 0.00156064
534.356 0.0337863 0.00154406
534.704 0.0346274 0.00157736
535.052 0.0357533 0.00162436
535.4 0.035447 0.00165158
535.748 0.0381165 0.00175341
536.095 0.0404328 0.00185166
536.443 0.0411611 0.00187059
536.791 0.0390457 0.00178335
537.139 0.037577 0.00170921
537.486 0.0351222 0.00161422
537.834 0.032855 0.00155298
538.181 0.0353415 0.00160143
538.529 0.0350744 0.00160435
538.876 0.0349549 0.00159746
539.223 0.0344974 0.00161381
539.571 0.0367941 0.00170232
539.918 0.0381314 0.00172683
540.265 0.0360242 0.00164535
540.613 0.0342601 0.00157696
540.96 0.035979 0.00163605
541.307 0.0375088 0.00167352
541.654 0.0346735 0.00160862
542.001 0.0339736 0.00159726
542.348 0.0342589 0.00160365
542.695 0.0364174 0.00165549
543.042 0.0347077 0.00159136
543.388 0.0335325 0.00154441
543.735 0.0340834 0.00155488
544.082 0.0337393 0.00154465
544.429 0.0342733 0.001564
544.775 0.0367932 0.00165616
545.122 0.038043 0.00173398
545.469 0.0361459 0.00171783
545.815 0.0370804 0.00172982
546.162 0.0354785 0.00167858
546.508 0.0348152 0.00162868
546.854 0.0343671 0.00155819
547.201 0.0308547 0.00142236
547.547 0.0301397 0.00140171
547.893 0.0327459 0.00149386
548.24 0.0337709 0.00159831
548.586 0.0402023 0.00181639
548.932 0.0407116 0.00185506
549.278 0.0395446 0.00182957
549.624 0.0380773 0.00178572
549.97 0.0399554 0.00184635
550.316 0.0417176 0.00192429
550.662 0.0426838 0.00196647
551.008 0.0400685 0.0018067
551.353 0.0333955 0.00156129
551.699 0.0330631 0.00151913
552.045 0.0343665 0.0015905
552.391 0.0366984 0.00167763
552.736 0.0373632 0.00170049
553.082 0.0363498 0.00167973
553.427 0.0379203 0.00174596
553.773 0.0386702 0.00182151
554.118 0.0394061 0.00183888
554.464 0.036323 0.00172018
554.809 0.0366713 0.00165976
555.154 0.0338024 0.00157205
555.5 0.03554 0.0016156
555.845 0.0387617 0.00175285
556.19 0.0397078 0.00182224
556.535 0.0416843 0.00190897
556.88 0.0407112 0.00185614
557.225 0.0369534 0.00176185
557.57 0.0415066 0.00190367
557.915 0.0437094 0.0020065
558.26 0.0450077 0.00206117
558.605 0.041896 0.00198159
558.95 0.0425876 0.00195382
559.295 0.0382347 0.00175256
559.639 0.0366561 0.00165141
559.984 0.0320723 0.00148567
560.329 0.0321459 0.00148188
560.673 0.0338333 0.00152556
561.018 0.0341733 0.0015782
561.362 0.0355617 0.00165286
561.707 0.0378481 0.00174791
562.051 0.0374446 0.00171737
562.395 0.0369627 0.00168375
562.74 0.0348207 0.0016018
563.084 0.0348014 0.00158157
563.428 0.0329918 0.00150775
563.772 0.0318573 0.00148846
564.117 0.0321517 0.00148439
564.461 0.0320841 0.00147814
564.805 0.0328222 0.00150806
565.149 0.0318192 0.001478
565.493 0.0310953 0.00146333
565.836 0.0314727 0.0014439
566.18 0.0310709 0.00141369
566.524 0.0265108 0.00121771
566.868 0.0265956 0.00118695
567.212 0.0228802 0.00108219
567.555 0.0228016 0.00106667
567.899 0.0208274 0.000972215
568.242 0.0186163 0.000881628
568.586 0.0168111 0.000784
568.929 0.0157562 0.000710451
569.273 0.0138567 0.00062991
569.616 0.0131461 0.00061441
569.96 0.0136999 0.00061455
570.303 0.0120392 0.000558198
570.646 0.011269 0.00053334
570.989 0.0113488 0.000518648
571.333 0.0115918 0.000530696
571.676 0.0120143 0.000560476
572.019 0.0149849 0.000676844
572.362 0.0124143 0.000581287
572.705 0.0109274 0.000506185
573.048 0.0100269 0.000461531
573.391 0.00995856 0.000444947
573.733 0.00923395 0.000422502
574.076 0.00875207 0.000406783
574.419 0.00998877 0.000447819
574.762 0.0108539 0.000491681
575.104 0.0119954 0.000553306
575.447 0.0118005 0.000541384
575.789 0.0106128 0.000482591
576.132 0.00892724 0.000418143
576.474 0.00904374 0.000416153
576.817 0.00759031 0.000352679
577.159 0.00718041 0.000324328
577.501 0.00712945 0.000325726
577.844 0.00805049 0.000370448
578.186 0.010214 0.000468036
578.528 0.0110127 0.00050584
578.87 0.01063 0.000499142
579.212 0.0108772 0.000488073
579.554 0.00985565 0.000449744
579.896 0.0102472 0.000461382
580.238 0.00853971 0.000396913
580.58 0.00658027 0.000306122
580.922 0.00589859 0.000278548
581.264 0.00673064 0.000297539
581.606 0.00729164 0.000323326
581.947 0.00768394 0.000352311
582.289 0.00923527 0.000429111
582.631 0.011467 0.000530376
582.972 0.0141026 0.00062762
583.314 0.0132044 0.000600609
583.655 0.0119702 0.000552807
583.997 0.00987724 0.000458377
584.338 0.00902511 0.000407534
584.679 0.00823613 0.000373529
585.021 0.00837538 0.000387028
585.362 0.00993923 0.000453025
585.703 0.011356 0.000520837
586.044 0.0115025 0.000526139
586.385 0.0103727 0.000472785
586.726 0.00962952 0.000435075
587.067 0.0102074 0.00046552
587.408 0.0110882 0.000513009
587.749 0.0120685 0.000560582
588.09 0.0132798 0.000612552
588.431 0.0145131 0.00067851
588.772 0.0163601 0.000749227
589.113 0.0153676 0.000713607
589.453 0.0145874 0.000691485
589.794 0.0153747 0.00073421
590.134 0.0176555 0.00082877
590.475 0.0193412 0.000887592
590.815 0.0191892 0.000875918
591.156 0.0190161 0.0008732
591.496 0.017917 0.000821749
591.837 0.0130227 0.000602697
592.177 0.0116083 0.000516905
592.517 0.00995219 0.000458227
592.857 0.0110765 0.000509689
593.198 0.0128102 0.00058319
593.538 0.0155707 0.000709284
593.878 0.0167379 0.000758888
594.218 0.0153555 0.000703426
594.558 0.0140742 0.000648408
594.898 0.0160965 0.000712959
595.237 0.0172752 0.000784394
595.577 0.0186055 0.00086662
595.917 0.0214702 0.000977443
596.257 0.0193725 0.000889564
596.596 0.0172762 0.000818943
596.936 0.0177092 0.000815381
597.276 0.0196842 0.000893252
597.615 0.0180602 0.000840444
597.955 0.014983 0.000673258
598.294 0.0128333 0.000584589
598.633 0.0125231 0.000579394
598.973 0.0132226 0.000617798
599.312 0.0133538 0.000618961
599.651 0.0136491 0.000630729
599.991 0.0152276 0.000680752
600.33 0.0161292 0.000711442
600.669 0.0159553 0.000727877
601.008 0.0174303 0.000787076
601.347 0.0174954 0.000815418
601.686 0.0168849 0.000777667
602.025 0.0167092 0.000778773
602.364 0.0157555 0.000718545
602.702 0.0154149 0.000700539
603.041 0.0158943 0.00071606
603.38 0.0158832 0.00075005
603.719 0.0188578 0.000854503
604.057 0.0183762 0.000867226
604.396 0.0191289 0.000883411
604.734 0.0180615 0.000819851
605.073 0.0146722 0.00068362
605.411 0.0153822 0.000706759
605.75 0.0170408 0.000771047
606.088 0.0190249 0.000857345
606.426 0.0168723 0.000787593
606.764 0.0174774 0.000790571
607.103 0.017782 0.000822701
607.441 0.0197125 0.000896107
607.779 0.0213346 0.000954848
608.117 0.0203022 0.000925087
608.455 0.0207872 0.000975775
608.793 0.0225147 0.0010253
609.131 0.0204383 0.000911373
609.469 0.0188268 0.000853599
609.806 0.0190659 0.000870551
610.144 0.0217189 0.00100211
610.482 0.0224 0.00102828
610.819 0.0228354 0.00103595
611.157 0.0221061 0.00102464
611.495 0.0242028 0.00110971
611.832 0.0242606 0.00111435
612.17 0.0243382 0.00110801
612.507 0.0238115 0.00108372
612.844 0.0236858 0.00109221
613.182 0.0239386 0.00110056
613.519 0.023035 0.00107294
613.856 0.0247207 0.00110861
614.193 0.0225196 0.00104476
614.53 0.0225669 0.00102407
614.867 0.0214261 0.000996767
615.205 0.0245975 0.00112147
615.541 0.0253173 0.00117887
615.878 0.0281726 0.00129638
616.215 0.026705 0.00124928
616.552 0.0277104 0.00128558
616.889 0.028036 0.00126342
617.226 0.0271158 0.00122977
617.562 0.027856 0.00128607
617.899 0.0304315 0.00142538
618.235 0.0356598 0.00162247
618.572 0.0370212 0.0017144
618.908 0.0335096 0.00157447
619.245 0.0323759 0.00148445
619.581 0.0298336 0.00139999
619.918 0.03738 0.00169727
620.254 0.0461769 0.00212806
620.59 0.0476352 0.00219394
620.926 0.0398173 0.00187024
621.262 0.0379188 0.00172374
621.599 0.0372094 0.0017153
621.935 0.0373502 0.00169691
622.271 0.0346226 0.00157252
622.606 0.0324439 0.00148935
622.942 0.0339095 0.00156036
623.278 0.0350953 0.00163368
623.614 0.0309919 0.00146305
623.95 0.0334082 0.00151294
624.285 0.032708 0.0015249
624.621 0.0382867 0.00173946
624.957 0.0398711 0.0018303
625.292 0.0428504 0.00195483
625.628 0.0451608 0.00206755
625.963 0.0447552 0.00207191
626.299 0.0423562 0.00197412
626.634 0.0426065 0.00194888
626.969 0.0414942 0.00195884
627.304 0.0522069 0.00238167
627.64 0.0580778 0.00269442
627.975 0.0560493 0.00259399
628.31 0.0500496 0.00231701
628.645 0.0482512 0.00222297
628.98 0.0512144 0.00234053
629.315 0.0537317 0.00244331
629.65 0.0521905 0.00242723
629.985 0.0508456 0.00238902
630.319 0.0559806 0.00261637
630.654 0.054174 0.00260313
630.989 0.0567039 0.00265018
631.323 0.0586496 0.00274195
631.658 0.0627775 0.00295241
631.993 0.0723218 0.00330612
632.327 0.0709719 0.0032876
632.662 0.0711451 0.00327378
632.996 0.0670433 0.00310752
633.33 0.0644384 0.00300146
633.665 0.0660133 0.00314431
633.999 0.0737849 0.00342523
634.333 0.0741161 0.00343222
634.667 0.0771729 0.0035144
635.001 0.0687036 0.00323516
635.335 0.0663345 0.00305793
635.669 0.0642838 0.00289858
636.003 0.0621979 0.00289086
636.337 0.0703785 0.00322881
636.671 0.0738276 0.00347973
637.005 0.0791192 0.00370011
637.339 0.0857209 0.00383436
637.672 0.0767748 0.00349627
638.006 0.0700534 0.00325397
638.339 0.0703435 0.00330824
638.673 0.0803474 0.00364824
639.006 0.0786721 0.0037234
639.34 0.0791853 0.00373346
639.673 0.0840838 0.00390211
640.007 0.0777788 0.00374352
640.34 0.0875588 0.0040412
640.673 0.0887905 0.00410053
641.006 0.0885964 0.00415625
641.34 0.0931388 0.00430787
641.673 0.100011 0.00457056
642.006 0.100727 0.00466592
642.339 0.0932894 0.00441096
642.672 0.0934913 0.00438859
643.004 0.09592 0.00447059
643.337 0.10535 0.00483611
643.67 0.10693 0.00487092
644.003 0.103796 0.00475198
644.336 0.0984576 0.00460878
644.668 0.100973 0.0046589
645.001 0.103357 0.00479508
645.333 0.112545 0.00512673
645.666 0.110195 0.00517759
645.998 0.117162 0.00546065
646.331 0.120604 0.00562448
646.663 0.125717 0.00568337
646.995 0.114257 0.00508773
647.327 0.0890404 0.00412458
647.66 0.0800941 0.00369781
647.992 0.0800611 0.00364057
648.324 0.0789121 0.003601
648.656 0.0741686 0.00353963
648.988 0.0831998 0.0038982
649.32 0.0965037 0.00449088
649.652 0.109411 0.0050061
649.983 0.113158 0.00520074
650.315 0.115032 0.00527741
650.647 0.111128 0.00506808
650.979 0.0955449 0.00448499
651.31 0.0866782 0.00410751
651.642 0.087422 0.00403248
651.973 0.0893619 0.00407426
652.305 0.0845516 0.00394804
652.636 0.0886318 0.00409819
652.967 0.0974624 0.00439461
653.299 0.0969964 0.0044863
653.63 0.0971752 0.00443968
653.961 0.0822689 0.00379478
654.292 0.049609 0.00226181
654.623 0.00672115 0.000301755
654.955 0.0063914 0.000288858
655.286 0.00653917 0.000292169
655.616 0.00661656 0.000293884
655.947 0.00667527 0.000295175
656.278 0.00658975 0.000293269
656.609 0.00703822 0.000317172
656.94 0.0129699 0.000569737
657.27 0.0165681 0.00075494
657.601 0.0227934 0.0010213
657.932 0.0309004 0.00142232
658.262 0.0484443 0.00216941
658.593 0.0627274 0.00296121
658.923 0.0872246 0.00408297
659.254 0.0991479 0.00480853
659.584 0.123335 0.00569417
659.914 0.134019 0.00621572
660.244 0.145094 0.00662896
660.575 0.138661 0.00643296
660.905 0.133213 0.00631467
661.235 0.13785 0.00633374
661.565 0.13742 0.00627835
661.895 0.138592 0.00626908
662.225 0.1366 0.00632189
662.555 0.128551 0.00621796
662.884 0.142889 0.00648231
663.214 0.129641 0.00608932
663.544 0.129263 0.00601717
663.873 0.126001 0.00585274
664.203 0.11761 0.00559292
664.533 0.116899 0.00542495
664.862 0.116263 0.00537256
665.192 0.121036 0.00563941
665.521 0.145557 0.00652006
665.85 0.142909 0.0066524
666.18 0.161307 0.00735881
666.509 0.15601 0.00719396
666.838 0.15186 0.00692984
667.167 0.142388 0.00662404
667.496 0.149327 0.00690045
667.825 0.148824 0.00692348
668.154 0.152519 0.00699723
668.483 0.14677 0.00681747
668.812 0.145331 0.00665755
669.141 0.127766 0.00618
669.47 0.135237 0.00627985
669.798 0.144605 0.00656015
670.127 0.138448 0.00642501
670.456 0.126396 0.00579181
670.784 0.0999971 0.00462089
671.113 0.0791014 0.0037726
671.441 0.0814567 0.00365818
671.77 0.0784523 0.0036497
672.098 0.0882336 0.00402281
672.426 0.103526 0.00484457
672.755 0.126275 0.00568889
673.083 0.118502 0.0055889
673.411 0.123989 0.00570543
673.739 0.131709 0.00596641
674.067 0.140123 0.00647907
674.395 0.147145 0.00663867
674.723 0.129746 0.00607151
675.051 0.128448 0.00595367
675.379 0.135272 0.00610472
675.706 0.13275 0.00611407
676.034 0.136135 0.00633124
676.362 0.136523 0.00637083
676.689 0.125897 0.00574675
677.017 0.102496 0.00484476
677.344 0.10112 0.00462259
677.672 0.0999004 0.0046734
677.999 0.106671 0.00488795
678.327 0.108501 0.00483146
678.654 0.0964724 0.00435751
678.981 0.084923 0.00396538
679.308 0.0895939 0.00410545
679.636 0.0877498 0.00425289
679.963 0.106561 0.00492119
680.29 0.107074 0.00494645
680.617 0.104623 0.00479847
680.944 0.099118 0.00460124
681.271 0.109852 0.00498354
681.597 0.123971 0.00565217
681.924 0.136394 0.00631428
682.251 0.139767 0.00636672
682.578 0.121104 0.00561499
682.904 0.108724 0.00496438
683.231 0.100069 0.00457323
683.557 0.0902524 0.00424587
683.884 0.0892424 0.00410159
684.21 0.0812343 0.00382161
684.536 0.0769669 0.00359831
684.863 0.0770331 0.00354577
685.189 0.0784089 0.00363765
685.515 0.0895742 0.00409848
685.841 0.0919046 0.0042874
686.167 0.0895282 0.00423582
686.493 0.0925641 0.00425556
686.819 0.0919338 0.00426512
687.145 0.0968958 0.0045699
687.471 0.11566 0.00536916
687.797 0.11932 0.0056364
688.123 0.121455 0.005652
688.448 0.106912 0.00512889
688.774 0.110372 0.0050546
689.1 0.115297 0.0052536
689.425 0.123626 0.00566828
689.751 0.119889 0.00567229
690.076 0.112343 0.00518511
690.402 0.0951582 0.00445849
690.727 0.0920459 0.00424961
691.052 0.093828 0.00440303
691.377 0.100104 0.00468442
691.703 0.107005 0.00496581
692.028 0.106667 0.00496077
692.353 0.0988157 0.00467377
692.678 0.104038 0.00483256
693.003 0.110106 0.00516048
693.328 0.13037 0.00602988
693.652 0.144049 0.00662449
693.977 0.137741 0.00632303
694.302 0.121289 0.00559463
694.627 0.113365 0.00533318
694.951 0.12151 0.00571999
695.276 0.150893 0.00698766
695.6 0.159524 0.00730557
695.925 0.124269 0.0056591
696.249 0.0896265 0.00423776
696.574 0.079325 0.00377837
696.898 0.0927976 0.00427267
697.222 0.104238 0.00478649
697.546 0.109691 0.00510765
697.871 0.115204 0.00534471
698.195 0.111685 0.00530102
698.519 0.122363 0.00568904
698.843 0.133521 0.00611284
699.167 0.143573 0.00657698
699.491 0.1467 0.00690142
699.814 0.149923 0.00703322
700.138 0.15574 0.00719027
700.462 0.154021 0.0072687
700.786 0.147208 0.00701175
701.109 0.142837 0.00673663
701.433 0.134542 0.00631165
701.756 0.129562 0.00597264
702.08 0.127241 0.0059194
702.403 0.134837 0.00621765
702.726 0.137236 0.00653892
703.05 0.148009 0.00695647
703.373 0.155279 0.00720833
703.696 0.168284 0.00751044
704.019 0.160265 0.00758504
704.342 0.168888 0.00807043
704.665 0.192263 0.00896635
704.988 0.192216 0.00890664
705.311 0.15838 0.00758798
705.634 0.135164 0.00629377
705.957 0.112168 0.00519275
706.28 0.100416 0.00455148
706.602 0.0883099 0.00422405
706.925 0.0925415 0.004415
707.247 0.101484 0.00480763
707.57 0.113419 0.00528291
707.892 0.123084 0.0056912
708.215 0.137298 0.00630456
708.537 0.141553 0.00655908
708.859 0.140382 0.00656925
709.182 0.141507 0.00652725
709.504 0.125245 0.00597913
709.826 0.122594 0.00584124
710.148 0.13752 0.00621158
710.47 0.143007 0.00651433
710.792 0.146435 0.00683553
711.114 0.16 0.00738464
711.436 0.161942 0.00759463
711.758 0.161341 0.00745783
712.079 0.165225 0.00746082
712.401 0.133078 0.00636539
712.723 0.133624 0.0061469
713.044 0.112906 0.00532332
713.366 0.124405 0.0055256
713.687 0.113339 0.00531698
714.009 0.115165 0.00550508
714.33 0.127807 0.00592938
714.652 0.132614 0.00621153
714.973 0.140198 0.00660796
715.294 0.1588 0.00739438
715.615 0.169357 0.00812451
715.936 0.182334 0.00855367
716.257 0.19422 0.00891301
716.578 0.187897 0.00882563
716.899 0.179614 0.0084366
717.22 0.156202 0.00735999
717.541 0.158661 0.00721887
717.862 0.152318 0.00704935
718.182 0.144709 0.00685749
718.503 0.145286 0.00672179
718.824 0.144367 0.00679594
719.144 0.156331 0.00718498
719.465 0.158064 0.00738972
719.785 0.153489 0.00713175
720.105 0.153419 0.00703648
720.426 0.145441 0.00676611
720.746 0.152449 0.00704469
721.066 0.146044 0.00690755
721.386 0.154162 0.00716965
721.706 0.164662 0.00762528
722.026 0.169822 0.00794932
722.346 0.17674 0.00817707
722.666 0.16995 0.00791355
722.986 0.158637 0.00745596
723.306 0.161224 0.00757523
723.626 0.177979 0.0081169
723.946 0.170989 0.00794001
724.265 0.153195 0.00711374
724.585 0.131493 0.00624314
724.904 0.132943 0.00623081
725.224 0.137156 0.00634567
725.543 0.132265 0.00623019
725.863 0.137445 0.00641187
726.182 0.14313 0.00680877
726.501 0.144357 0.00694561
726.82 0.153567 0.00721093
727.14 0.138618 0.00658562
727.459 0.129295 0.00616847
727.778 0.126772 0.00607172
728.097 0.138747 0.00643888
728.416 0.13687 0.0063229
728.734 0.126132 0.00587683
729.053 0.125346 0.00580106
729.372 0.126195 0.00580865
729.691 0.128782 0.00572004
730.009 0.098991 0.00477388
730.328 0.0971285 0.00458961
730.647 0.103335 0.00473938
730.965 0.107268 0.0049979
731.283 0.11683 0.00541187
731.602 0.116873 0.00547589
731.92 0.117461 0.00539209
732.238 0.110134 0.00509547
732.557 0.102408 0.00486848
732.875 0.105509 0.00482185
733.193 0.083566 0.00403536
733.511 0.0851263 0.00397978
733.829 0.0905873 0.00422857
734.147 0.106014 0.00487535
734.465 0.111564 0.00522884
734.782 0.118723 0.0053891
735.1 0.108164 0.00499977
735.418 0.103007 0.00487514
735.735 0.107979 0.00500642
736.053 0.105212 0.00488709
736.371 0.109041 0.00502665
736.688 0.116638 0.00538823
737.005 0.122772 0.00586487
737.323 0.141172 0.00652953
737.64 0.141668 0.00654845
737.957 0.126492 0.00586664
738.274 0.101094 0.00481373
738.592 0.104283 0.00477006
738.909 0.107975 0.00497603
739.226 0.115197 0.00559811
739.543 0.153226 0.00695934
739.86 0.166439 0.0076749
740.176 0.170963 0.00798048
740.493 0.186607 0.00858938
740.81 0.175026 0.0083448
741.127 0.185163 0.0084924
741.443 0.155224 0.0073675
741.76 0.147983 0.00695524
742.076 0.159112 0.00727585
742.393 0.17643 0.00807258
742.709 0.196736 0.00899634
743.025 0.198847 0.00921111
743.342 0.18011 0.00868586
743.658 0.175875 0.00841797
743.974 0.17785 0.00823098
744.29 0.178998 0.00824908
744.606 0.181193 0.00838823
744.922 0.184497 0.00847949
745.238 0.177496 0.00834234
745.554 0.185954 0.00874537
745.87 0.197759 0.00911369
746.186 0.174019 0.00819696
746.501 0.166942 0.0077332
746.817 0.163488 0.00777466
747.132 0.194772 0.00910875
747.448 0.222129 0.0101096
747.763 0.20059 0.00946348
748.079 0.197861 0.00900776
748.394 0.169826 0.00777964
748.71 0.143863 0.0066661
749.025 0.129309 0.00595023
749.34 0.12105 0.00568222
749.655 0.126797 0.00594279
749.97 0.146019 0.00660691
750.285 0.136251 0.00640185
750.6 0.129918 0.00611768
750.915 0.128515 0.00593333
751.23 0.136295 0.00623062
751.545 0.145625 0.00670497
751.859 0.154067 0.00715638
752.174 0.16087 0.00739807
752.489 0.142904 0.00662169
752.803 0.127339 0.00587545
753.118 0.12301 0.00573141
753.432 0.128324 0.00605024
753.747 0.148635 0.00675285
754.061 0.133531 0.00618366
754.375 0.119306 0.00560038
754.689 0.114796 0.00532251
755.004 0.113588 0.0052859
755.318 0.115435 0.00521255
755.632 0.100582 0.00462832
755.946 0.0882357 0.00425664
756.26 0.0807363 0.0038897
756.573 0.0789242 0.00367958
756.887 0.0730937 0.00343326
757.201 0.0795691 0.00365813
757.515 0.0887178 0.00423124
757.828 0.104483 0.00492463
758.142 0.116878 0.00519131
758.455 0.0901404 0.00423395
758.769 0.078258 0.00373599
759.082 0.0834462 0.0037529
759.396 0.0738484 0.00347742
759.709 0.0768701 0.00352034
760.022 0.0760459 0.00353232
760.335 0.0896643 0.00403717
760.648 0.0992909 0.00456617
760.962 0.113297 0.00523546
761.275 0.121624 0.00569317
761.587 0.130865 0.00598238
761.9 0.130591 0.00599125
762.213 0.120522 0.00556766
762.526 0.107912 0.0050783
762.839 0.110418 0.00511637
763.151 0.105209 0.00484997
763.464 0.0933797 0.00432165
763.776 0.0826256 0.00377605
764.089 0.0727896 0.00346932
764.401 0.0788092 0.00373818
764.714 0.0939373 0.00432125
765.026 0.10419 0.00485752
765.338 0.115282 0.00544052
765.65 0.133383 0.00629872
765.962 0.142189 0.00680562
766.275 0.154725 0.0073533
766.587 0.165535 0.00763092
766.898 0.15536 0.00715542
767.21 0.137536 0.00633452
767.522 0.115194 0.00537885
767.834 0.107768 0.00501199
768.146 0.112084 0.00514828
768.457 0.118037 0.00560609
768.769 0.130271 0.00620302
769.08 0.136949 0.00638876
769.392 0.129268 0.00598258
769.703 0.111007 0.00525704
770.015 0.100998 0.00482311
770.326 0.10395 0.00490261
770.637 0.125271 0.00557658
770.948 0.136202 0.00623931
771.26 0.142486 0.00678253
771.571 0.146283 0.00694761
771.882 0.148354 0.00682661
772.193 0.145918 0.00683892
772.504 0.147675 0.00705214
772.814 0.158198 0.00744473
773.125 0.171345 0.00790825
773.436 0.171021 0.00812773
773.747 0.189699 0.00875275
774.057 0.202684 0.00924091
774.368 0.208001 0.00950858
774.678 0.211711 0.00984307
774.989 0.225778 0.0103244
775.299 0.226486 0.0106885
775.609 0.224403 0.0105206
775.919 0.215779 0.0102319
776.23 0.216578 0.0102632
776.54 0.216182 0.010167
776.85 0.219784 0.0103591
777.16 0.214615 0.00993248
777.47 0.191489 0.00889464
777.78 0.170803 0.00803027
778.089 0.159766 0.00737612
778.399 0.153071 0.00717419
778.709 0.167627 0.00785389
779.019 0.201285 0.00917171
779.328 0.22207 0.0101548
779.638 0.201863 0.00955376
779.947 0.172761 0.00805687
780.257 0.138882 0.00658978
780.566 0.138302 0.00632988
780.875 0.142029 0.00656121
781.185 0.146898 0.00709592
781.494 0.161945 0.00757356
781.803 0.167856 0.00791658
782.112 0.17433 0.00818585
782.421 0.171374 0.00800955
782.73 0.162769 0.00760031
783.039 0.167443 0.00780648
783.348 0.192467 0.00903751
783.656 0.206555 0.00987681
783.965 0.227023 0.0105099
784.274 0.209079 0.00970282
784.582 0.200132 0.00919808
784.891 0.193037 0.0089803
785.199 0.195628 0.00917734
785.508 0.202425 0.00959252
785.816 0.217208 0.0101173
786.124 0.219875 0.00995452
786.432 0.183432 0.00864572
786.741 0.174492 0.00811011
787.049 0.169579 0.00794789
787.357 0.181459 0.0083474
787.665 0.183371 0.00834072
787.973 0.178608 0.00830654
788.281 0.191151 0.00877218
788.588 0.211283 0.00971356
788.896 0.231376 0.0107971
789.204 0.23507 0.0113251
789.511 0.242264 0.0115283
789.819 0.261344 0.0121919
790.126 0.261563 0.0122021
790.434 0.260152 0.0121663
790.741 0.272013 0.0124092
791.049 0.253001 0.011955
791.356 0.277729 0.0129322
791.663 0.285539 0.0133493
791.97 0.291115 0.0135141
792.277 0.271825 0.0128161
792.584 0.242529 0.0114674
792.891 0.195751 0.00911221
793.198 0.166701 0.00780564
793.505 0.15964 0.00748907
793.812 0.171751 0.00798766
794.119 0.175328 0.00825595
794.425 0.185547 0.0087454
794.732 0.196323 0.00940582
795.038 0.262569 0.0120174
795.345 0.292805 0.0136469
795.651 0.321238 0.0150605
795.958 0.316908 0.0149891
796.264 0.29348 0.0134602
796.57 0.258092 0.0121609
796.876 0.243123 0.0117016
797.183 0.268115 0.0125155
797.489 0.293636 0.0136352
797.795 0.285926 0.0135754
798.101 0.27923 0.0133562
798.406 0.314636 0.014253
798.712 0.3168 0.0147244
799.018 0.326571 0.0151833
799.324 0.328287 0.0152631
799.629 0.330648 0.015387
799.935 0.334952 0.0156016
800.24 0.366448 0.0166291
800.546 0.340126 0.0160262
800.851 0.349183 0.016386
801.157 0.381403 0.0178589
801.462 0.383272 0.0180763
801.767 0.415991 0.0189216
802.072 0.365616 0.0170508
802.377 0.320582 0.0153642
802.682 0.314991 0.0149843
802.987 0.341284 0.0160303
803.292 0.361428 0.0169184
803.597 0.37721 0.0174309
803.902 0.348016 0.0167007
804.207 0.367711 0.0170593
804.511 0.354132 0.0164848
804.816 0.307061 0.0144228
805.12 0.275794 0.0127717
805.425 0.238267 0.0111811
805.729 0.247461 0.011484
806.034 0.259968 0.0122262
806.338 0.293914 0.0137409
806.642 0.288354 0.0139569
806.946 0.311675 0.0143635
807.251 0.298871 0.0141947
807.555 0.305007 0.0141115
807.859 0.310243 0.014124
808.162 0.310925 0.0145499
808.466 0.347331 0.0159015
808.77 0.347692 0.0163313
809.074 0.36932 0.0174072
809.378 0.35331 0.0170554
809.681 0.365484 0.0172101
809.985 0.398064 0.0182514
810.288 0.375661 0.0179281
810.592 0.390631 0.0181447
810.895 0.443988 0.0198037
811.198 0.441213 0.0206147
811.502 0.449926 0.02112
811.805 0.510331 0.0231111
812.108 0.413496 0.019856
812.411 0.392675 0.0187765
812.714 0.366343 0.0168981
813.017 0.3281 0.0151341
813.32 0.318829 0.0148966
813.623 0.350646 0.0161157
813.926 0.382976 0.0180623
814.228 0.420741 0.0199444
814.531 0.454156 0.0213856
814.833 0.446071 0.0210315
815.136 0.444103 0.0211126
815.438 0.43914 0.0212338
815.741 0.432402 0.0201967
816.043 0.438664 0.020095
816.345 0.439223 0.0199725
816.648 0.442218 0.0202038
816.95 0.439427 0.0204491
817.252 0.455163 0.0212795
817.554 0.465333 0.0215619
817.856 0.488371 0.022561
818.158 0.494791 0.022906
818.46 0.502165 0.0236613
818.761 0.504477 0.0236292
819.063 0.496818 0.0230421
819.365 0.465051 0.0216347
819.666 0.419187 0.0195131
819.968 0.398007 0.0183865
820.269 0.374125 0.0176337
820.571 0.379084 0.0182155
820.872 0.416867 0.0198241
821.173 0.468286 0.0218458
821.475 0.519371 0.0238918
821.776 0.507829 0.0235025
822.077 0.485146 0.0228378
822.378 0.514225 0.0236764
822.679 0.514574 0.0240721
822.98 0.513526 0.0238242
823.281 0.552725 0.0255184
823.581 0.535405 0.024862
823.882 0.53508 0.0251725
824.183 0.566095 0.0256291
824.483 0.509101 0.0234405
824.784 0.46757 0.0215413
825.084 0.485069 0.022334
825.385 0.49877 0.0229441
825.685 0.518262 0.0238911
825.985 0.48025 0.0228017
826.286 0.470435 0.0222576
826.586 0.438081 0.0210572
826.886 0.459033 0.0215949
827.186 0.46489 0.0220513
827.486 0.503307 0.023715
827.786 0.523991 0.0245662
828.086 0.514154 0.0240899
828.386 0.522024 0.0239564
828.685 0.49157 0.0231184
828.985 0.541028 0.0249784
829.285 0.531267 0.0249229
829.584 0.543092 0.0256059
829.884 0.561892 0.0264424
830.183 0.632564 0.0295185
830.482 0.593971 0.0282917
830.782 0.641079 0.0295171
831.081 0.691348 0.0318128
831.38 0.6248 0.029265
831.679 0.606929 0.0289089
831.978 0.625332 0.0293907
832.277 0.578701 0.0273625
832.576 0.57375 0.0267327
832.875 0.572342 0.0266836
833.174 0.574248 0.0265602
833.472 0.560309 0.0264344
833.771 0.574572 0.0271329
834.07 0.566307 0.026297
834.368 0.596171 0.0272455
834.667 0.619889 0.0285158
834.965 0.606802 0.0286367
835.263 0.62844 0.0291821
835.562 0.642097 0.0295109
835.86 0.618957 0.0287068
836.158 0.632357 0.029346
836.456 0.676697 0.0311571
836.754 0.653888 0.0305418
837.052 0.675816 0.0320357
837.35 0.651103 0.0308347
837.648 0.656133 0.0313641
837.946 0.68165 0.0322406
838.243 0.695039 0.032565
838.541 0.648324 0.0306253
838.839 0.69429 0.0317388
839.136 0.686443 0.0314925
839.434 0.661109 0.030718
839.731 0.693338 0.0323046
840.028 0.626439 0.030003
840.326 0.671151 0.0314457
840.623 0.697473 0.0320272
840.92 0.69437 0.0322635
841.217 0.709169 0.0335208
841.514 0.709379 0.0337131
841.811 0.644188 0.0310662
842.108 0.729482 0.0340308
842.405 0.729891 0.0342944
842.701 0.727414 0.034394
842.998 0.709331 0.0329182
843.295 0.780054 0.0352749
843.591 0.732103 0.0342482
843.888 0.73526 0.0339251
844.184 0.71234 0.0335856
844.481 0.698741 0.0327179
844.777 0.743797 0.0339216
845.073 0.701108 0.0331821
845.369 0.675227 0.0328906
845.665 0.764412 0.0355068
845.962 0.714007 0.0336429
846.258 0.71294 0.0342688
846.553 0.73518 0.0348497
846.849 0.753233 0.0353358
847.145 0.724903 0.0335384
847.441 0.726483 0.0337764
847.737 0.684682 0.0325185
848.032 0.762531 0.034973
848.328 0.73006 0.0343776
848.623 0.7511 0.035335
848.919 0.719798 0.0338202
849.214 0.739172 0.0338813
849.509 0.688748 0.0331931
849.805 0.756344 0.0354818
850.1 0.812777 0.037604
850.395 0.836333 0.0380187
850.69 0.781858 0.0370154
850.985 0.756501 0.0351182
851.28 0.730963 0.0343771
851.575 0.768206 0.0356723
851.869 0.752701 0.0351899
852.164 0.661074 0.0324873
852.459 0.657468 0.0315098
852.753 0.665981 0.0312719
853.048 0.587803 0.0278549
853.342 0.595567 0.0278436
853.637 0.625955 0.029058
853.931 0.611474 0.0284118
854.225 0.59683 0.0279461
854.52 0.650923 0.0302725
854.814 0.648821 0.030324
855.108 0.604005 0.0283087
855.402 0.602497 0.0287907
855.696 0.67756 0.0314055
855.99 0.654801 0.0313715
856.283 0.650862 0.0305906
856.577 0.718527 0.0328764
856.871 0.657215 0.0311939
857.164 0.69177 0.0323515
857.458 0.693558 0.0334693
857.751 0.655985 0.0319856
858.045 0.729153 0.0333131
858.338 0.717046 0.0335751
858.632 0.685869 0.0320853
858.925 0.700794 0.0332837
859.218 0.700182 0.0331275
859.511 0.785133 0.0365479
859.804 0.774241 0.0359305
860.097 0.735108 0.0340832
860.39 0.754171 0.0355354
860.683 0.77984 0.0359821
860.976 0.799571 0.0367263
861.268 0.758791 0.0352245
861.561 0.768525 0.0364656
861.854 0.881149 0.0402096
862.146 0.762985 0.0360875
862.439 0.79117 0.0365492
862.731 0.681284 0.0330857
863.023 0.80928 0.037228
863.316 0.770961 0.0356804
863.608 0.766261 0.0357574
863.9 0.755857 0.0355364
864.192 0.747546 0.0345023
864.484 0.715007 0.0345503
864.776 0.754292 0.0358016
865.068 0.781186 0.0362087
865.36 0.764785 0.035733
865.651 0.808989 0.0377164
865.943 0.737517 0.0353462
866.235 0.763476 0.0361452
866.526 0.861023 0.0394194
866.818 0.766908 0.0359548
867.109 0.735789 0.0350019
867.4 0.798755 0.0371707
867.692 0.816946 0.0377969
867.983 0.781723 0.0366152
868.274 0.787479 0.0372107
868.565 0.76558 0.0362216
868.856 0.821953 0.0377771
869.147 0.779272 0.0366835
869.438 0.772159 0.0364173
869.729 0.826812 0.0379096
870.02 0.840001 0.0397173
870.31 0.809921 0.0377833
870.601 0.787723 0.036725
870.892 0.729736 0.0349845
871.182 0.763736 0.0356396
871.473 0.831787 0.0380021
871.763 0.739333 0.0349689
872.053 0.736672 0.0353171
872.343 0.769375 0.0360368
872.634 0.760488 0.0361883
872.924 0.771886 0.0357339
873.214 0.783751 0.0367444
873.504 0.838072 0.0385065
873.794 0.834579 0.0393862
874.084 0.847084 0.0395656
874.373 0.797995 0.0374357
874.663 0.751156 0.0354603
874.953 0.83188 0.0385585
875.242 0.825422 0.0378913
875.532 0.783752 0.0366191
875.821 0.83581 0.0380508
876.111 0.766046 0.03629
876.4 0.828351 0.038209
876.689 0.801099 0.0373255
876.978 0.813543 0.0376281
877.268 0.785696 0.0370443
877.557 0.8435 0.0388256
877.846 0.822753 0.0382168
878.134 0.826983 0.0386626
878.423 0.827135 0.0386697
878.712 0.827287 0.0386769
