178.41 0.66375 0.126023
178.791 0.667953 0.126821
179.172 0.672125 0.127614
179.553 0.380337 0.380337
179.934 0.812796 0.812796
180.316 0.29615 0.29615
180.697 0.485639 0.485639
181.078 0.350539 0.350539
181.459 0.646935 0.646935
181.84 0.68679 0.68679
182.221 0.834008 0.834008
182.602 0.357053 0.357053
182.983 -3.625 -3.625
183.364 0.225766 0.084314
183.744 0.26936 0.0581459
184.125 0.65028 0.0783698
184.506 0.597385 0.0615337
184.887 0.555526 0.0529145
185.268 0.581107 0.0465916
185.648 0.496658 0.0416962
186.029 0.559882 0.0422267
186.41 0.664336 0.0447946
186.791 0.650122 0.0425863
187.171 0.576719 0.0343079
187.552 0.560722 0.0275231
187.932 0.655728 0.0303065
188.313 0.612918 0.0273662
188.694 0.63265 0.0277874
189.074 0.613144 0.026374
189.455 0.609988 0.0255761
189.835 0.627244 0.0266676
190.216 0.635437 0.0261339
190.596 0.614053 0.0245861
190.977 0.615252 0.024419
191.357 0.650351 0.02518
191.737 0.658948 0.0250292
192.118 0.626397 0.0242835
192.498 0.6104 0.0232278
192.878 0.651809 0.0241874
193.258 0.658425 0.0238903
193.639 0.629528 0.0230705
194.019 0.658916 0.0238109
194.399 0.661692 0.0236551
194.779 0.617641 0.0219382
195.159 0.671678 0.0235409
195.54 0.640575 0.0223005
195.92 0.655178 0.0226199
196.3 0.649817 0.0222008
196.68 0.669727 0.0226509
197.06 0.677775 0.0226506
197.44 0.66211 0.0221724
197.82 0.652568 0.0218392
198.2 0.675026 0.0222014
198.58 0.66289 0.0214203
198.959 0.661467 0.0213586
199.339 0.677808 0.0217146
199.719 0.682253 0.0213683
200.099 0.690271 0.0215452
200.479 0.688443 0.0214558
200.858 0.703926 0.0213759
201.238 0.678559 0.0206593
201.618 0.698587 0.0211973
201.998 0.680699 0.0204231
202.377 0.686017 0.0205023
202.757 0.692108 0.0203227
203.136 0.705499 0.0203852
203.516 0.690908 0.0198729
203.896 0.7003 0.0197611
204.275 0.679105 0.0190758
204.655 0.704777 0.0194699
205.034 0.71113 0.0193275
205.414 0.705786 0.0190137
205.793 0.689243 0.0186212
206.172 0.723535 0.0190961
206.552 0.713113 0.0186348
206.931 0.694726 0.0181111
207.31 0.703753 0.018032
207.69 0.701203 0.0178555
208.069 0.724575 0.0179104
208.448 0.71391 0.0175542
208.827 0.714185 0.0174567
209.207 0.729998 0.0176027
209.586 0.720245 0.0170273
209.965 0.724725 0.0170262
210.344 0.725268 0.0167841
210.723 0.726646 0.0165937
211.102 0.734587 0.0163955
211.481 0.732991 0.0162912
211.86 0.73444 0.016145
212.239 0.744672 0.0160928
212.618 0.763743 0.016062
212.997 0.749707 0.0156541
213.376 0.751996 0.015622
213.755 0.742455 0.0153045
214.134 0.754472 0.0152189
214.513 0.748704 0.0149152
214.891 0.759366 0.0149208
215.27 0.743456 0.0144861
215.649 0.767899 0.0146012
216.028 0.754809 0.0142262
216.406 0.761749 0.0141426
216.785 0.757181 0.0138707
217.164 0.7703 0.0138503
217.542 0.760236 0.013471
217.921 0.765393 0.0133436
218.3 0.777018 0.0133969
218.678 0.782321 0.0132311
219.057 0.772006 0.0129096
219.435 0.76492 0.012639
219.814 0.776291 0.0126388
220.192 0.782667 0.012486
220.57 0.775605 0.0122838
220.949 0.782028 0.0121276
221.327 0.779733 0.0119085
221.705 0.787409 0.0118444
222.084 0.761842 0.0113978
222.462 0.775393 0.0113617
222.84 0.794224 0.0114039
223.218 0.785127 0.0110561
223.597 0.784204 0.010938
223.975 0.783342 0.0107351
224.353 0.793855 0.0106882
224.731 0.788719 0.0104819
225.109 0.786236 0.010254
225.487 0.786228 0.0101082
225.865 0.790634 0.00998146
226.243 0.789822 0.00984968
226.621 0.804417 0.00980936
226.999 0.785585 0.00949527
227.377 0.799201 0.00948422
227.755 0.791865 0.00931742
228.133 0.806071 0.00928124
228.511 0.807106 0.00917666
228.889 0.80125 0.00896847
229.266 0.80226 0.00888896
229.644 0.799081 0.00869669
230.022 0.805619 0.00861915
230.4 0.797796 0.00849637
230.777 0.809577 0.00847743
231.155 0.804866 0.00834285
231.533 0.801172 0.00820583
231.91 0.80569 0.00811754
232.288 0.806756 0.00804595
232.665 0.801662 0.00791725
233.043 0.809766 0.00788205
233.42 0.81064 0.00777971
233.798 0.809448 0.00771715
234.175 0.809708 0.00761785
234.553 0.809513 0.00753584
234.93 0.811796 0.00747087
235.307 0.81662 0.00743233
235.685 0.817826 0.0073771
236.062 0.815476 0.00728042
236.439 0.820463 0.00726653
236.816 0.823611 0.00719142
237.194 0.816843 0.00708599
237.571 0.81641 0.00702243
237.948 0.820825 0.00700419
238.325 0.815124 0.00690257
238.702 0.819542 0.00688039
239.079 0.823567 0.00682883
239.456 0.818673 0.00676302
239.833 0.822753 0.00673613
240.21 0.81905 0.00665887
240.587 0.827326 0.00666144
240.964 0.824907 0.00659742
241.341 0.825797 0.00654521
241.718 0.830409 0.00650134
242.095 0.83314 0.00651007
242.472 0.828713 0.00644127
242.849 0.829941 0.00639793
243.225 0.827895 0.00633433
243.602 0.829743 0.00630947
243.979 0.835781 0.0063105
244.356 0.836825 0.00628853
244.732 0.832461 0.00620824
245.109 0.834417 0.006172
245.486 0.836709 0.00617187
245.862 0.838912 0.00614947
246.239 0.83676 0.00607898
246.615 0.840405 0.00608116
246.992 0.834355 0.00601486
247.368 0.843544 0.00604784
247.745 0.842094 0.0059917
248.121 0.84044 0.00594501
248.497 0.841664 0.00593972
248.874 0.843982 0.00591187
249.25 0.841132 0.00584994
249.626 0.848428 0.00586554
250.003 0.843186 0.00581308
250.379 0.840369 0.00574685
250.755 0.845278 0.0057686
251.131 0.843635 0.00572255
251.507 0.844649 0.00571836
251.884 0.845099 0.00568061
252.26 0.852705 0.00570756
252.636 0.844792 0.00562931
253.012 0.844447 0.00560764
253.388 0.850688 0.00561137
253.764 0.85103 0.00558954
254.14 0.845318 0.0055575
254.516 0.851356 0.00556971
254.892 0.847482 0.00552891
255.268 0.852766 0.00554023
255.643 0.851734 0.00551363
256.019 0.853079 0.00551389
256.395 0.853755 0.00550457
256.771 0.850328 0.00545346
257.147 0.852335 0.00545369
257.522 0.850456 0.00543904
257.898 0.858084 0.0054544
258.274 0.851671 0.00541992
258.649 0.85887 0.00543945
259.025 0.85192 0.00538764
259.4 0.853068 0.00538835
259.776 0.856805 0.00538346
260.151 0.862459 0.00541936
260.527 0.857266 0.00537894
260.902 0.859218 0.00537042
261.278 0.856296 0.00534995
261.653 0.859177 0.00535879
262.028 0.861226 0.00537034
262.404 0.861123 0.0053454
262.779 0.860811 0.00533105
263.154 0.861495 0.00532376
263.53 0.866712 0.00532529
263.905 0.856752 0.00530488
264.28 0.864524 0.00532613
264.655 0.858702 0.00529273
265.03 0.864171 0.00532595
265.405 0.861706 0.00530063
265.781 0.865582 0.00531884
266.156 0.864231 0.00530899
266.531 0.857112 0.00525917
266.906 0.871053 0.00533106
267.281 0.86746 0.00529373
267.655 0.864577 0.00530468
268.03 0.866602 0.00531385
268.405 0.864634 0.00530075
268.78 0.868526 0.00531253
269.155 0.86565 0.00529193
269.53 0.866131 0.00531166
269.904 0.870416 0.00531878
270.279 0.872578 0.00532876
270.654 0.868456 0.00530104
271.029 0.866743 0.00530585
271.403 0.867972 0.0052946
271.778 0.867098 0.00530697
272.152 0.873509 0.00533162
272.527 0.867792 0.00530949
272.901 0.872932 0.00530435
273.276 0.869689 0.00528241
273.65 0.872856 0.00530866
274.025 0.868943 0.00528298
274.399 0.87354 0.00532232
274.774 0.869616 0.00529808
275.148 0.870307 0.00528342
275.522 0.874941 0.00531165
275.897 0.870008 0.00529379
276.271 0.871333 0.0053031
276.645 0.876436 0.00530321
277.019 0.869631 0.00526827
277.393 0.870735 0.00525738
277.768 0.872934 0.00528892
278.142 0.86866 0.00527066
278.516 0.873272 0.00529395
278.89 0.868456 0.00526892
279.264 0.873263 0.00530043
279.638 0.873223 0.00527467
280.012 0.876562 0.00529403
280.386 0.875882 0.00531965
280.76 0.876631 0.00530169
281.133 0.880599 0.00532342
281.507 0.874998 0.00530221
281.881 0.87667 0.00529513
282.255 0.877049 0.0053037
282.629 0.875429 0.00531418
283.002 0.880412 0.00533216
283.376 0.877359 0.00530834
283.75 0.875965 0.00532213
284.123 0.878286 0.00531058
284.497 0.878507 0.00532093
284.87 0.881501 0.00533544
285.244 0.874806 0.00530536
285.618 0.876614 0.00532448
285.991 0.876639 0.00534703
286.364 0.878339 0.00535022
286.738 0.882102 0.00536068
287.111 0.88433 0.00536972
287.485 0.877082 0.00535069
287.858 0.880576 0.00538135
288.231 0.875083 0.00535513
288.605 0.884355 0.00539819
288.978 0.882661 0.00538152
289.351 0.881827 0.00540695
289.724 0.88047 0.00540259
290.097 0.881636 0.00541263
290.47 0.880601 0.00542692
290.843 0.880648 0.00542517
291.217 0.877936 0.00541788
291.59 0.879733 0.00546099
291.963 0.880322 0.00545078
292.336 0.880145 0.00546764
292.708 0.882516 0.00548543
293.081 0.885692 0.00552059
293.454 0.885699 0.00549629
293.827 0.883459 0.00550565
294.2 0.884372 0.00554441
294.573 0.877476 0.00550514
294.945 0.880499 0.00554719
295.318 0.88724 0.00556623
295.691 0.886548 0.00557762
296.064 0.889154 0.00559605
296.436 0.883603 0.00557462
296.809 0.880346 0.00554938
297.181 0.884293 0.00559166
297.554 0.8792 0.00558405
297.926 0.882017 0.00559744
298.299 0.886697 0.00561826
298.671 0.883807 0.00558467
299.044 0.888177 0.00562913
299.416 0.883422 0.00562254
299.788 0.882605 0.00561121
300.161 0.888869 0.00565586
300.533 0.885054 0.00563584
300.905 0.890749 0.00563243
301.278 0.886167 0.00562973
301.65 0.888786 0.00563171
302.022 0.888674 0.00564364
302.394 0.887292 0.00564835
302.766 0.886251 0.00563708
303.138 0.888779 0.0056673
303.51 0.888426 0.00565141
303.882 0.889454 0.00564759
304.254 0.887024 0.00565095
304.626 0.887954 0.00563692
304.998 0.888321 0.00563641
305.37 0.887008 0.00566372
305.742 0.883948 0.00563275
306.114 0.883662 0.00562942
306.485 0.889558 0.00564942
306.857 0.891929 0.00565291
307.229 0.889773 0.00566581
307.601 0.884754 0.00564826
307.972 0.882653 0.00563574
308.344 0.885057 0.00563634
308.716 0.88644 0.00566401
309.087 0.891236 0.00567216
309.459 0.884925 0.00566062
309.83 0.88914 0.00567483
310.202 0.882981 0.00564595
310.573 0.889415 0.00566979
310.945 0.88462 0.00565056
311.316 0.887508 0.00568686
311.687 0.890375 0.0056732
312.059 0.889057 0.00568888
312.43 0.885163 0.0056661
312.801 0.895525 0.00571927
313.172 0.886019 0.00569233
313.544 0.895428 0.00572838
313.915 0.884773 0.005658
314.286 0.889249 0.00569693
314.657 0.884789 0.00567003
315.028 0.88803 0.00569241
315.399 0.88616 0.00568452
315.77 0.888538 0.0056841
316.141 0.88659 0.00570149
316.512 0.893207 0.00572188
316.883 0.888023 0.00571677
317.254 0.888443 0.00571236
317.625 0.885913 0.00573937
317.996 0.889772 0.00572036
318.366 0.890586 0.00573718
318.737 0.884866 0.00571297
319.108 0.894706 0.00576448
319.478 0.89002 0.00575128
319.849 0.887035 0.0057389
320.22 0.890825 0.00575681
320.59 0.890474 0.00575239
320.961 0.885358 0.00574569
321.331 0.89011 0.00576185
321.702 0.89022 0.00579139
322.072 0.890089 0.00580848
322.443 0.893661 0.00580859
322.813 0.885881 0.00577252
323.184 0.89082 0.00580483
323.554 0.890127 0.005821
323.924 0.890179 0.00581816
324.295 0.894577 0.00586081
324.665 0.887954 0.00584333
325.035 0.891403 0.00584701
325.405 0.891342 0.00587087
325.775 0.896064 0.00591502
326.145 0.893758 0.00590175
326.515 0.889331 0.00589798
326.886 0.891606 0.00593537
327.256 0.895599 0.00595431
327.626 0.89222 0.00597982
327.995 0.894223 0.00600129
328.365 0.890618 0.00599756
328.735 0.887892 0.00601847
329.105 0.890518 0.00609266
329.475 0.890395 0.00614009
329.845 0.894502 0.00624324
330.215 0.901196 0.00624305
330.584 0.905772 0.00619856
330.954 0.903102 0.00604314
331.324 0.892787 0.00583937
331.693 0.885284 0.005715
332.063 0.882101 0.00564327
332.432 0.887742 0.0056321
332.802 0.890157 0.00568604
333.171 0.893668 0.00577201
333.541 0.896218 0.00588808
333.91 0.890501 0.00589908
334.28 0.895931 0.00595094
334.649 0.892819 0.00595782
335.018 0.892619 0.00597746
335.388 0.899596 0.00602014
335.757 0.894431 0.00600369
336.126 0.897701 0.00603627
336.495 0.892634 0.00599886
336.865 0.889453 0.00601296
337.234 0.893746 0.00606153
337.603 0.890506 0.0060382
337.972 0.895289 0.00606834
338.341 0.893921 0.00605377
338.71 0.891399 0.00604111
339.079 0.89746 0.0060836
339.448 0.896366 0.00607029
339.817 0.895112 0.00608104
340.186 0.896795 0.00609061
340.554 0.89479 0.00607582
340.923 0.896296 0.00609364
341.292 0.89017 0.00607851
341.661 0.89701 0.00610947
342.029 0.892249 0.00608269
342.398 0.890215 0.00608391
342.767 0.892043 0.00611358
343.135 0.895281 0.00612008
343.504 0.890996 0.00612445
343.872 0.890662 0.00610052
344.241 0.899363 0.0061446
344.609 0.897004 0.00616092
344.978 0.892941 0.00614073
345.346 0.894639 0.00612346
345.715 0.895532 0.0061502
346.083 0.893233 0.00615599
346.451 0.898639 0.00616479
346.82 0.898289 0.00618424
347.188 0.898982 0.00617493
347.556 0.896754 0.00619909
347.924 0.895897 0.00618863
348.292 0.891987 0.00618915
348.66 0.893195 0.00618788
349.028 0.897018 0.0062089
349.396 0.894681 0.00622525
349.764 0.895222 0.00621929
350.132 0.892166 0.00620546
350.5 0.896819 0.00623178
350.868 0.897814 0.00624656
351.236 0.895533 0.00623366
351.604 0.896176 0.00626013
351.972 0.899405 0.00627851
352.34 0.897722 0.00628175
352.707 0.897872 0.00628504
353.075 0.899591 0.00629271
353.443 0.89873 0.00630404
353.81 0.89833 0.0063183
354.178 0.898149 0.00632122
354.545 0.897378 0.00630302
354.913 0.900241 0.00633992
355.28 0.895435 0.00632384
355.648 0.890033 0.0062914
356.015 0.896478 0.0063252
356.383 0.896348 0.00631752
356.75 0.892483 0.00631995
357.117 0.892546 0.00632368
357.485 0.895256 0.00633772
357.852 0.907384 0.00642456
358.219 0.897601 0.00635812
358.586 0.892184 0.00633785
358.954 0.896384 0.00637945
359.321 0.888176 0.00633483
359.688 0.901342 0.00641302
360.055 0.890976 0.00636696
360.422 0.90005 0.00640858
360.789 0.895946 0.00640497
361.156 0.895896 0.00639914
361.523 0.898662 0.00643496
361.89 0.893102 0.00640724
362.256 0.890572 0.00637257
362.623 0.89956 0.00646843
362.99 0.890084 0.00640347
363.357 0.897975 0.00645806
363.724 0.902604 0.00647747
364.09 0.888907 0.00641518
364.457 0.903423 0.00651565
364.823 0.896159 0.00644771
365.19 0.89554 0.00645507
365.557 0.898665 0.00645629
365.923 0.898631 0.00647756
366.29 0.898782 0.00649846
366.656 0.897876 0.00646847
367.022 0.892956 0.00644267
367.389 0.897772 0.00648895
367.755 0.89778 0.00651986
368.121 0.899034 0.00652177
368.488 0.899034 0.00651296
368.854 0.898822 0.00653691
369.22 0.897892 0.00656433
369.586 0.900504 0.00659624
369.952 0.898744 0.00660413
370.318 0.893464 0.00658782
370.684 0.895971 0.00661629
371.051 0.899419 0.00663084
371.416 0.901551 0.00667972
371.782 0.897539 0.00664491
372.148 0.902127 0.00667559
372.514 0.900404 0.00668354
372.88 0.905258 0.00672122
373.246 0.894621 0.00667547
373.612 0.904956 0.00671077
373.977 0.901425 0.00668254
374.343 0.902912 0.00666692
374.709 0.901873 0.00664146
375.074 0.897454 0.00664501
375.44 0.897363 0.00667314
375.806 0.902022 0.00672737
376.171 0.897238 0.00667558
376.537 0.905236 0.00669914
376.902 0.900693 0.00669406
377.268 0.903524 0.00667705
377.633 0.897522 0.00664264
377.998 0.898157 0.00661954
378.364 0.904319 0.00661349
378.729 0.905787 0.00663
379.094 0.900603 0.00663993
379.459 0.904618 0.00674386
379.825 0.899323 0.00669429
380.19 0.896489 0.0066941
380.555 0.896055 0.00673951
380.92 0.90533 0.00685895
381.285 0.902766 0.00683628
381.65 0.898112 0.00676557
382.015 0.900747 0.00678547
382.38 0.896981 0.00679758
382.745 0.898387 0.00684461
383.11 0.904119 0.00688498
383.474 0.901881 0.00685616
383.839 0.903519 0.00687475
384.204 0.9053 0.00690372
384.569 0.902076 0.00689986
384.933 0.905024 0.00693124
385.298 0.902039 0.00693058
385.663 0.896954 0.00689142
386.027 0.898791 0.0068842
386.392 0.900755 0.00686231
386.756 0.897271 0.00681459
387.121 0.899633 0.00682159
387.485 0.909273 0.00683697
387.849 0.901989 0.00677765
388.214 0.903338 0.00685798
388.578 0.903322 0.00689241
388.942 0.897896 0.00690668
389.307 0.903987 0.00692375
389.671 0.902609 0.00694394
390.035 0.906214 0.0069261
390.399 0.896545 0.00687288
390.763 0.900074 0.00684579
391.127 0.904683 0.00683855
391.492 0.902006 0.00673451
391.856 0.89927 0.00664678
392.219 0.902237 0.00660807
392.583 0.899667 0.00663623
392.947 0.90696 0.00680685
393.311 0.899264 0.00684046
393.675 0.906206 0.00688751
394.039 0.907781 0.00693617
394.403 0.90833 0.00694172
394.766 0.898918 0.00692443
395.13 0.896594 0.00693377
395.494 0.90397 0.00695946
395.857 0.896511 0.00690042
396.221 0.901729 0.00688914
396.584 0.902932 0.00684209
396.948 0.897664 0.00674845
397.311 0.897491 0.00664843
397.675 0.899416 0.0066196
398.038 0.90136 0.00662997
398.401 0.894757 0.00669954
398.765 0.901821 0.00682995
399.128 0.901829 0.00692756
399.491 0.899331 0.00697058
399.854 0.89501 0.00696372
400.218 0.898293 0.00699677
400.581 0.894321 0.00700118
400.944 0.898148 0.00705049
401.307 0.896189 0.00712756
401.67 0.895716 0.00710497
402.033 0.898528 0.00713687
402.396 0.898543 0.0071409
402.759 0.902413 0.00716498
403.122 0.892945 0.00709252
403.485 0.905238 0.00713933
403.847 0.899162 0.00705613
404.21 0.904979 0.00704234
404.573 0.905985 0.00703857
404.936 0.901089 0.00698494
405.298 0.900143 0.00705791
405.661 0.896551 0.00714256
406.023 0.898748 0.00725272
406.386 0.900578 0.00728579
406.749 0.902518 0.00732699
407.111 0.89954 0.00730551
407.473 0.894404 0.00716806
407.836 0.90939 0.00721732
408.198 0.895667 0.00711905
408.561 0.902143 0.0071653
408.923 0.901522 0.00717341
409.285 0.899663 0.00717924
409.647 0.897889 0.00723501
410.009 0.901791 0.00731929
410.372 0.89952 0.00729942
410.734 0.900206 0.00733892
411.096 0.900388 0.00732678
411.458 0.905188 0.00734452
411.82 0.902198 0.00728427
412.182 0.899755 0.00721919
412.544 0.897728 0.00722719
412.906 0.902636 0.00723409
413.267 0.904706 0.00726828
413.629 0.906692 0.00733352
413.991 0.900295 0.00734195
414.353 0.904153 0.00737793
414.714 0.910686 0.00748253
415.076 0.899628 0.00741849
415.438 0.905821 0.00743588
415.799 0.897883 0.00737368
416.161 0.898863 0.0074424
416.522 0.898576 0.00747183
416.884 0.895396 0.00746323
417.245 0.899701 0.00750876
417.607 0.898054 0.00748338
417.968 0.894868 0.00746168
418.329 0.896301 0.00745831
418.691 0.902404 0.00748118
419.052 0.903092 0.00747882
419.413 0.897178 0.00738722
419.774 0.899826 0.0073751
420.135 0.901267 0.00721668
420.497 0.901556 0.00710394
420.858 0.905721 0.0070221
421.219 0.903147 0.00703579
421.58 0.900349 0.00711445
421.941 0.90635 0.00726346
422.302 0.90397 0.00735121
422.662 0.898334 0.00735979
423.023 0.896733 0.00738567
423.384 0.901565 0.00743037
423.745 0.903829 0.0073948
424.106 0.898041 0.00736694
424.466 0.898015 0.00735251
424.827 0.901781 0.00746962
425.187 0.899131 0.00755302
425.548 0.901758 0.00763551
425.909 0.899848 0.00766775
426.269 0.901171 0.00761928
426.63 0.898456 0.00755621
426.99 0.907031 0.00752987
427.35 0.899881 0.00753361
427.711 0.9018 0.00748818
428.071 0.899859 0.0074175
428.431 0.907133 0.00730514
428.792 0.899369 0.00702487
429.152 0.902042 0.0068419
429.512 0.900607 0.00682365
429.872 0.895708 0.00685229
430.232 0.902717 0.00700053
430.592 0.899168 0.00718501
430.952 0.901925 0.00740849
431.312 0.903561 0.00759969
431.672 0.903124 0.00768534
432.032 0.898119 0.00764061
432.392 0.908807 0.00758199
432.752 0.904396 0.00719148
433.111 0.895946 0.00699797
433.471 0.900789 0.00712665
433.831 0.90079 0.00740577
434.19 0.895152 0.00738352
434.55 0.900956 0.00740608
434.91 0.899156 0.00748498
435.269 0.902185 0.00739431
435.629 0.904298 0.00738665
435.988 0.900534 0.00733971
436.348 0.904869 0.00746988
436.707 0.901553 0.00756963
437.066 0.904898 0.00757953
437.426 0.8981 0.00746137
437.785 0.897715 0.00743887
438.144 0.902225 0.00744824
438.503 0.901551 0.0075437
438.862 0.900214 0.00755208
439.222 0.90063 0.00761409
439.581 0.901884 0.0076521
439.94 0.903959 0.00755356
440.299 0.904467 0.00730099
440.658 0.903369 0.00711084
441.017 0.902759 0.00711074
441.376 0.904382 0.00720019
441.734 0.898901 0.00725207
442.093 0.894978 0.00723307
442.452 0.896764 0.0071883
442.811 0.905008 0.00718952
443.169 0.898805 0.00716215
443.528 0.909897 0.00735568
443.887 0.902015 0.00732844
444.245 0.903835 0.00736796
444.604 0.897106 0.00740159
444.962 0.897933 0.00744023
445.321 0.902381 0.00746559
445.679 0.901071 0.00742096
446.038 0.901378 0.00739512
446.396 0.898283 0.00748412
446.754 0.90278 0.0076055
447.112 0.904316 0.00765046
447.471 0.894534 0.00761769
447.829 0.898814 0.00767583
448.187 0.899495 0.00766509
448.545 0.900105 0.00764423
448.903 0.897575 0.00765324
449.261 0.899452 0.00768353
449.619 0.902333 0.0077687
449.977 0.903022 0.00780953
450.335 0.902088 0.007891
450.693 0.908443 0.00793836
451.051 0.904222 0.00790421
451.409 0.901955 0.00792525
451.766 0.898837 0.00792163
452.124 0.901847 0.0080462
452.482 0.895955 0.00809932
452.839 0.900855 0.00821213
453.197 0.900321 0.00822419
453.555 0.904013 0.00827511
453.912 0.896491 0.00821897
454.27 0.897056 0.00809187
454.627 0.899658 0.00800784
454.984 0.898327 0.00802082
455.342 0.899053 0.00814708
455.699 0.9066 0.00827249
456.056 0.899823 0.0081926
456.414 0.909059 0.00816091
456.771 0.902059 0.00798078
457.128 0.899099 0.00793719
457.485 0.896861 0.00789982
457.842 0.905536 0.00798706
458.199 0.900244 0.00795447
458.556 0.906435 0.00790478
458.913 0.902911 0.00788973
459.27 0.903127 0.00784597
459.627 0.901113 0.00795124
459.984 0.897401 0.00787699
460.341 0.901137 0.00788322
460.697 0.895393 0.00795168
461.054 0.894602 0.0081823
461.411 0.895132 0.00835334
461.767 0.903912 0.00849319
462.124 0.902135 0.00846362
462.481 0.904433 0.00837304
462.837 0.90323 0.00823759
463.194 0.898407 0.0080436
463.55 0.900883 0.00810647
463.907 0.899995 0.00788977
464.263 0.90232 0.0077912
464.619 0.903212 0.00764748
464.976 0.898866 0.00752341
465.332 0.895263 0.00750645
465.688 0.90033 0.00775866
466.044 0.902688 0.00804774
466.4 0.905346 0.00818498
466.756 0.905558 0.00823964
467.112 0.907095 0.00824656
467.468 0.906923 0.00823359
467.824 0.906749 0.00831725
468.18 0.900409 0.00839638
468.536 0.899809 0.0084006
468.892 0.903505 0.00855212
469.248 0.900071 0.00857371
469.604 0.903854 0.00864339
469.959 0.902878 0.00863566
470.315 0.904966 0.00864098
470.671 0.906046 0.0086375
471.026 0.910279 0.00858459
471.382 0.894273 0.00842737
471.737 0.90647 0.00841639
472.093 0.900524 0.00825787
472.448 0.901073 0.00810182
472.804 0.908646 0.00806641
473.159 0.902803 0.00797443
473.514 0.906566 0.00803165
473.87 0.901606 0.00789552
474.225 0.901584 0.0076698
474.58 0.904848 0.00753217
474.935 0.904643 0.00759538
475.29 0.910363 0.00772209
475.645 0.902736 0.00769746
476 0.897586 0.00768536
476.355 0.899339 0.00776212
476.71 0.900766 0.00776372
477.065 0.903579 0.00754933
477.42 0.903692 0.00745023
477.775 0.902771 0.00745541
478.13 0.903125 0.00752394
478.485 0.903382 0.0074705
478.839 0.901744 0.00737443
479.194 0.898115 0.00717097
479.549 0.907376 0.00711946
479.903 0.903395 0.00712276
480.258 0.901009 0.00716933
480.612 0.906453 0.00709717
480.967 0.902334 0.00691731
481.321 0.902808 0.00694131
481.675 0.901324 0.00706921
482.03 0.901295 0.0071938
482.384 0.905661 0.00724149
482.738 0.897145 0.00713864
483.093 0.905558 0.00711966
483.447 0.901058 0.0069477
483.801 0.898131 0.00671983
484.155 0.896489 0.00662801
484.509 0.923026 0.0058563
484.863 0.90759 0.00395807
485.217 0.897498 0.00357726
485.571 0.89785 0.0036704
485.925 0.901799 0.0046858
486.279 0.900583 0.0054298
486.632 0.902179 0.00587792
486.986 0.897888 0.00633871
487.34 0.895858 0.00675897
487.694 0.903527 0.00697732
488.047 0.900242 0.00700401
488.401 0.902245 0.0070207
488.754 0.901427 0.00706206
489.108 0.903082 0.0071839
489.461 0.89977 0.00720544
489.815 0.90558 0.00730406
490.168 0.904508 0.00721921
490.522 0.902827 0.00718182
490.875 0.899853 0.00718076
491.228 0.902013 0.00723882
491.581 0.897492 0.00717111
491.935 0.902794 0.00721885
492.288 0.900533 0.00723952
492.641 0.903354 0.00719942
492.994 0.902486 0.00719058
493.347 0.902902 0.00709236
493.7 0.899205 0.00708324
494.053 0.899824 0.00710992
494.406 0.895505 0.00720755
494.759 0.902662 0.00738385
495.111 0.90559 0.00716486
495.464 0.903356 0.00684196
495.817 0.900426 0.00670746
496.169 0.894054 0.00687124
496.522 0.898336 0.0071986
496.875 0.893027 0.007417
497.227 0.907158 0.00754932
497.58 0.906309 0.00753263
497.932 0.901786 0.0074256
498.285 0.900406 0.00735217
498.637 0.894858 0.00714695
498.989 0.893992 0.00706395
499.342 0.896195 0.00712509
499.694 0.898823 0.00729329
500.046 0.897859 0.00735197
500.398 0.900833 0.00718381
500.751 0.902118 0.00712336
501.103 0.899966 0.00709217
501.455 0.898948 0.00709904
501.807 0.908148 0.00714599
502.159 0.896592 0.00710422
502.511 0.898204 0.00709294
502.862 0.896777 0.00711784
503.214 0.896362 0.00721346
503.566 0.895586 0.00735648
503.918 0.903425 0.00746856
504.27 0.899624 0.00744494
504.621 0.90172 0.0074718
504.973 0.897711 0.00749723
505.324 0.907347 0.00748869
505.676 0.90091 0.00733206
506.027 0.902197 0.00735709
506.379 0.891008 0.00755499
506.73 0.89861 0.00770283
507.082 0.903134 0.0076674
507.433 0.900567 0.00751468
507.784 0.896601 0.00743543
508.136 0.896484 0.00756467
508.487 0.901135 0.0076621
508.838 0.896347 0.00771337
509.189 0.906154 0.00774693
509.54 0.901925 0.00762552
509.891 0.90052 0.00770773
510.242 0.90382 0.00773044
510.593 0.901725 0.00777061
510.944 0.901261 0.00781204
511.295 0.90541 0.00799306
511.646 0.906053 0.00808446
511.996 0.898361 0.00796713
512.347 0.90036 0.007916
512.698 0.899755 0.00793949
513.049 0.903457 0.00800482
513.399 0.904169 0.00804511
513.75 0.898699 0.00799676
514.1 0.902699 0.0081666
514.451 0.907724 0.00835959
514.801 0.897223 0.0082746
515.152 0.902 0.00822327
515.502 0.897494 0.00807556
515.852 0.903888 0.00806077
516.202 0.899481 0.00803032
516.553 0.905913 0.0081768
516.903 0.891808 0.00823663
517.253 0.906146 0.00842783
517.603 0.899169 0.00839379
517.953 0.908951 0.00839831
518.303 0.909101 0.00820187
518.653 0.904206 0.00811273
519.003 0.893906 0.00812835
519.353 0.899176 0.00844387
519.703 0.892719 0.00859192
520.052 0.894436 0.00864428
520.402 0.905266 0.00864855
520.752 0.902541 0.00853669
521.102 0.904604 0.00868495
521.451 0.901154 0.00873009
521.801 0.909339 0.00874457
522.15 0.895904 0.00853589
522.5 0.894276 0.00851429
522.849 0.898176 0.00850604
523.199 0.903475 0.00845051
523.548 0.893726 0.00832398
523.897 0.898997 0.00844502
524.246 0.900604 0.00859326
524.596 0.905091 0.00873656
524.945 0.897029 0.00864686
525.294 0.900977 0.00866487
525.643 0.901017 0.00864575
525.992 0.895356 0.00860382
526.341 0.893875 0.0085431
526.69 0.908487 0.00868044
527.039 0.899048 0.00871938
527.388 0.900595 0.00878793
527.737 0.905654 0.00854444
528.086 0.896527 0.0081885
528.434 0.901287 0.00805996
528.783 0.90006 0.00827456
529.132 0.901388 0.00843828
529.48 0.896757 0.00852487
529.829 0.90602 0.008616
530.177 0.900162 0.00867624
530.526 0.896809 0.00868136
530.874 0.895878 0.00859413
531.223 0.892582 0.00856591
531.571 0.904045 0.00869498
531.919 0.898161 0.00858147
532.268 0.898303 0.00832008
532.616 0.903206 0.00807606
532.964 0.896973 0.00792877
533.312 0.893281 0.00791653
533.66 0.900951 0.00798632
534.008 0.897511 0.00795292
534.356 0.89616 0.00795218
534.704 0.896121 0.00802427
535.052 0.90008 0.00815014
535.4 0.893843 0.00829353
535.748 0.893281 0.00848833
536.095 0.894732 0.00871045
536.443 0.901382 0.00875367
536.791 0.898252 0.00855362
537.139 0.905294 0.00838937
537.486 0.888524 0.00811908
537.834 0.897712 0.00811771
538.181 0.895939 0.00806314
538.529 0.900994 0.00813139
538.876 0.897231 0.00809336
539.223 0.899159 0.00823905
539.571 0.899366 0.00841627
539.918 0.90239 0.00840053
540.265 0.896558 0.00820826
540.613 0.894206 0.0080565
540.96 0.897348 0.00817058
541.307 0.886351 0.00813516
541.654 0.894164 0.00816889
542.001 0.906356 0.00825001
542.348 0.896503 0.00820351
542.695 0.902667 0.00824207
543.042 0.907264 0.00813622
543.388 0.890176 0.00795732
543.735 0.902626 0.00800164
544.082 0.902529 0.00798902
544.429 0.897896 0.00800518
544.775 0.898571 0.00818454
545.122 0.90174 0.00844205
545.469 0.900133 0.00857242
545.815 0.901607 0.00852979
546.162 0.898534 0.00844748
546.508 0.897314 0.00826842
546.854 0.897549 0.007963
547.201 0.893326 0.00765339
547.547 0.902922 0.0076721
547.893 0.903198 0.00784555
548.24 0.899186 0.00824735
548.586 0.8973 0.00858131
548.932 0.899425 0.00871928
549.278 0.899517 0.00872592
549.624 0.910241 0.00873089
549.97 0.89545 0.0087407
550.316 0.896061 0.00891825
550.662 0.905213 0.00905591
551.008 0.899035 0.00855802
551.353 0.902113 0.00811464
551.699 0.908836 0.00796466
552.045 0.900381 0.00814101
552.391 0.898503 0.00830105
552.736 0.896074 0.00832768
553.082 0.89122 0.00831729
553.427 0.895631 0.00848521
553.773 0.89047 0.00874086
554.118 0.893667 0.00875708
554.464 0.899208 0.00855878
554.809 0.889566 0.00817468
555.154 0.895569 0.00809175
555.5 0.900671 0.00813316
555.845 0.897874 0.00843627
556.19 0.888381 0.00861923
556.535 0.900154 0.00887099
556.88 0.903735 0.00874528
557.225 0.890055 0.00864667
557.57 0.902626 0.00887744
557.915 0.902922 0.00911961
558.26 0.902614 0.00923043
558.605 0.897954 0.00917392
558.95 0.905481 0.00900915
559.295 0.897358 0.00849036
559.639 0.901895 0.00819143
559.984 0.89433 0.00784526
560.329 0.892589 0.00780866
560.673 0.901698 0.00787565
561.018 0.898079 0.00809049
561.362 0.895856 0.00829588
561.707 0.901739 0.00853172
562.051 0.89467 0.00839462
562.395 0.894458 0.00828275
562.74 0.902263 0.00815374
563.084 0.895298 0.00802184
563.428 0.896782 0.00786084
563.772 0.894632 0.00788781
564.117 0.896604 0.00783874
564.461 0.892033 0.007794
564.805 0.89386 0.00786994
565.149 0.897928 0.00785145
565.493 0.895928 0.00785473
565.836 0.894249 0.0076966
566.18 0.900475 0.00761048
566.524 0.893185 0.00706809
566.868 0.897319 0.00689447
567.212 0.895831 0.0067715
567.555 0.896558 0.00668864
567.899 0.898574 0.00638589
568.242 0.895154 0.00611346
568.586 0.899243 0.00573399
568.929 0.896206 0.00535812
569.273 0.886824 0.00503926
569.616 0.902387 0.00509046
569.96 0.901005 0.00498381
570.303 0.896221 0.00481611
570.646 0.897702 0.00476022
570.989 0.897447 0.00461214
571.333 0.895523 0.00466454
571.676 0.890292 0.00482474
572.019 0.898535 0.00524119
572.362 0.89704 0.00494124
572.705 0.895852 0.00458321
573.048 0.897314 0.00436606
573.391 0.896669 0.00422207
573.733 0.896017 0.00416191
574.076 0.893262 0.00410957
574.419 0.895072 0.00423912
574.762 0.896081 0.00446749
575.104 0.897328 0.00478557
575.447 0.894727 0.00471411
575.789 0.898304 0.00443992
576.132 0.89181 0.00417929
576.474 0.90108 0.00415394
576.817 0.895641 0.00383104
577.159 0.894118 0.00361916
577.501 0.894075 0.00364763
577.844 0.892716 0.00390097
578.186 0.891504 0.00437263
578.528 0.895384 0.00456112
578.87 0.893883 0.00457719
579.212 0.897223 0.00443278
579.554 0.891333 0.00427703
579.896 0.897597 0.00431817
580.238 0.902315 0.00407993
580.58 0.894756 0.00356964
580.922 0.89861 0.00343805
581.264 0.898566 0.00343788
581.606 0.89572 0.00358356
581.947 0.89348 0.00379907
582.289 0.890018 0.00421255
582.631 0.889393 0.00467095
582.972 0.898015 0.00500828
583.314 0.898071 0.00495322
583.655 0.897316 0.00478626
583.997 0.897838 0.00437022
584.338 0.895658 0.00405984
584.679 0.897817 0.00389993
585.021 0.89387 0.00399832
585.362 0.89265 0.00429325
585.703 0.893175 0.00461909
586.044 0.89849 0.00465009
586.385 0.893909 0.00438898
586.726 0.895579 0.00419579
587.067 0.895424 0.00436008
587.408 0.895933 0.00461139
587.749 0.896132 0.00483056
588.09 0.895989 0.00503151
588.431 0.898185 0.00533775
588.772 0.899204 0.00555456
589.113 0.897693 0.00545406
589.453 0.892801 0.00540968
589.794 0.892234 0.00559316
590.134 0.896016 0.00590407
590.475 0.89588 0.00604084
590.815 0.892314 0.00597302
591.156 0.8946 0.00598918
591.496 0.902144 0.00583103
591.837 0.899942 0.00501021
592.177 0.891591 0.00453012
592.517 0.892749 0.00433997
592.857 0.895482 0.00458283
593.198 0.894791 0.00487409
593.538 0.902206 0.00539907
593.878 0.899414 0.00556297
594.218 0.892527 0.00536287
594.558 0.897016 0.00517651
594.898 0.897989 0.00532519
595.237 0.896161 0.00564958
595.577 0.899179 0.00602464
595.917 0.902096 0.00633578
596.257 0.890035 0.00602959
596.596 0.897713 0.00590335
596.936 0.897772 0.00580557
597.276 0.900286 0.00604095
597.615 0.900196 0.00593357
597.955 0.899835 0.00521752
598.294 0.895575 0.00488351
598.633 0.900093 0.00491204
598.973 0.898265 0.00509202
599.312 0.894311 0.0050653
599.651 0.901888 0.00512704
599.991 0.893011 0.00521317
600.33 0.897887 0.00530816
600.669 0.89638 0.00545572
601.008 0.895483 0.00564148
601.347 0.898285 0.00584286
601.686 0.890259 0.00564681
602.025 0.899045 0.00571247
602.364 0.894446 0.00541396
602.702 0.888382 0.00531817
603.041 0.895417 0.00537455
603.38 0.900092 0.00564631
603.719 0.893979 0.00588344
604.057 0.89397 0.00604876
604.396 0.898211 0.00605351
604.734 0.898256 0.00578174
605.073 0.89601 0.00534224
605.411 0.890762 0.00537827
605.75 0.894424 0.00558608
606.088 0.902667 0.00590551
606.426 0.895721 0.00573853
606.764 0.89602 0.0056606
607.103 0.897184 0.00584377
607.441 0.893637 0.0060335
607.779 0.897609 0.00619349
608.117 0.895674 0.00614449
608.455 0.893404 0.00639699
608.793 0.899189 0.00647955
609.131 0.887937 0.00600709
609.469 0.89347 0.00588038
609.806 0.894228 0.00596198
610.144 0.893377 0.00642712
610.482 0.894345 0.00649741
610.819 0.896255 0.0064901
611.157 0.892797 0.00651166
611.495 0.899336 0.00676451
611.832 0.892175 0.00675766
612.17 0.894281 0.00671641
612.507 0.897144 0.00665203
612.844 0.894962 0.00671373
613.182 0.890795 0.00671356
613.519 0.896514 0.0066936
613.856 0.893725 0.00666576
614.193 0.895214 0.00658718
614.53 0.894867 0.0064487
614.867 0.897452 0.00645101
615.205 0.896954 0.00677215
615.541 0.89294 0.00700116
615.878 0.887267 0.00727521
616.215 0.89439 0.00722979
616.552 0.895193 0.00730694
616.889 0.897882 0.0071499
617.226 0.895071 0.00706548
617.562 0.892874 0.00728113
617.899 0.898736 0.00774615
618.235 0.889692 0.00810417
618.572 0.889154 0.00840187
618.908 0.89849 0.0081528
619.245 0.892496 0.00779393
619.581 0.88719 0.0076345
619.918 0.891169 0.00828726
620.254 0.898638 0.00938779
620.59 0.901945 0.00954663
620.926 0.892599 0.00885503
621.262 0.893027 0.00836522
621.599 0.892726 0.00840182
621.935 0.895273 0.0083079
622.271 0.893447 0.00798824
622.606 0.894595 0.00782065
622.942 0.892074 0.00800324
623.278 0.898749 0.00826728
623.614 0.885498 0.00782042
623.95 0.889113 0.007805
624.285 0.890517 0.00795676
624.621 0.884299 0.00835968
624.957 0.886972 0.00863272
625.292 0.897544 0.00894661
625.628 0.887898 0.00916764
625.963 0.890775 0.00924344
626.299 0.887269 0.00903529
626.634 0.883308 0.00887366
626.969 0.887471 0.00905905
627.304 0.883065 0.00979521
627.64 0.894341 0.0105733
627.975 0.882316 0.0102919
628.31 0.884238 0.00973896
628.645 0.895595 0.00957712
628.98 0.893187 0.0097744
629.315 0.898781 0.00999287
629.65 0.889471 0.0100203
629.985 0.886228 0.00997389
630.319 0.888509 0.0104235
630.654 0.899015 0.0106044
630.989 0.885655 0.0104737
631.323 0.887895 0.0106686
631.658 0.895933 0.0111535
631.993 0.900866 0.0116685
632.327 0.89769 0.0116923
632.662 0.891388 0.0115881
632.996 0.892416 0.0113376
633.33 0.867335 0.0110117
633.665 0.884093 0.0115069
633.999 0.89207 0.0119098
634.333 0.889216 0.0118884
634.667 0.89193 0.0119477
635.001 0.900121 0.01171
635.335 0.88714 0.0111829
635.669 0.883767 0.0107474
636.003 0.889175 0.0109303
636.337 0.896338 0.0115228
636.671 0.897525 0.0121327
637.005 0.892945 0.0124304
637.339 0.895933 0.0123962
637.672 0.888346 0.0118929
638.006 0.903332 0.0116848
638.339 0.885713 0.011739
638.673 0.896658 0.0121874
639.006 0.893707 0.0125495
639.34 0.891634 0.012528
639.673 0.887622 0.0126782
640.007 0.88645 0.012638
640.34 0.893925 0.0129125
640.673 0.89285 0.0130031
641.006 0.9033 0.0132712
641.34 0.876067 0.0132119
641.673 0.900367 0.0137137
642.006 0.880646 0.0137964
642.339 0.899791 0.013699
642.672 0.897214 0.0135952
643.004 0.880645 0.013546
643.337 0.888971 0.0140483
643.67 0.88025 0.0139754
644.003 0.883006 0.0138601
644.336 0.882805 0.0138005
644.668 0.879352 0.0137488
645.001 0.893633 0.0140996
645.333 0.899996 0.0144976
645.666 0.889254 0.0147082
645.998 0.892127 0.0150683
646.331 0.886747 0.0152511
646.663 0.900976 0.0152148
646.995 0.877999 0.0141036
647.327 0.881502 0.0129777
647.66 0.886228 0.0123003
647.992 0.883633 0.0120947
648.324 0.893904 0.0121198
648.656 0.885935 0.0122334
648.988 0.900596 0.0128253
649.32 0.900385 0.0137174
649.652 0.899885 0.014357
649.983 0.895186 0.0146278
650.315 0.898989 0.0147533
650.647 0.900658 0.0144282
650.979 0.898848 0.0137563
651.31 0.886519 0.0131361
651.642 0.892562 0.0128849
651.973 0.895363 0.0128965
652.305 0.888578 0.0127988
652.636 0.895819 0.0130289
652.967 0.886268 0.0132521
653.299 0.892977 0.0136123
653.63 0.893321 0.013461
653.961 0.895586 0.0125205
654.292 0.913267 0.00970454
654.623 0.925515 0.00354099
654.955 0.891847 0.00341218
655.286 0.891792 0.00341197
655.616 0.891736 0.00341175
655.947 0.89168 0.00341154
656.278 0.891623 0.00341132
656.609 0.89596 0.00357856
656.94 0.884713 0.00470552
657.27 0.883463 0.00551277
657.601 0.881424 0.00635101
657.932 0.885809 0.00761528
658.262 0.88496 0.00927216
658.593 0.877866 0.0110778
658.923 0.879522 0.0129652
659.254 0.887523 0.0143867
659.584 0.870783 0.0151301
659.914 0.898336 0.0160927
660.244 0.887533 0.0163951
660.575 0.896303 0.0163554
660.905 0.882377 0.0162519
661.235 0.891936 0.016111
661.565 0.899268 0.0160607
661.895 0.884059 0.0158334
662.225 0.878685 0.0160339
662.555 0.88493 0.0163142
662.884 0.878663 0.0160746
663.214 0.892383 0.0159762
663.544 0.891551 0.0158026
663.873 0.877523 0.0154455
664.203 0.899804 0.01547
664.533 0.879125 0.014877
664.862 0.879997 0.0147809
665.192 0.882469 0.0152274
665.521 0.893702 0.0161559
665.85 0.866041 0.0163764
666.18 0.881649 0.017204
666.509 0.888752 0.0171705
666.838 0.87891 0.0166715
667.167 0.882322 0.0164892
667.496 0.898267 0.0169243
667.825 0.891028 0.0169408
668.154 0.887627 0.0168803
668.483 0.896684 0.0168509
668.812 0.898012 0.0165491
669.141 0.899872 0.016401
669.47 0.88681 0.0160811
669.798 0.905704 0.0164178
670.127 0.86895 0.0160964
670.456 0.878943 0.0152732
670.784 0.879161 0.0137014
671.113 0.880879 0.0125894
671.441 0.890587 0.0120959
671.77 0.893451 0.0123165
672.098 0.872041 0.0126468
672.426 0.891138 0.0142135
672.755 0.88993 0.0151024
673.083 0.873675 0.0151754
673.411 0.885611 0.0152482
673.739 0.867613 0.0153133
674.067 0.887546 0.0163062
674.395 0.886029 0.0162904
674.723 0.880695 0.0158184
675.051 0.899811 0.0157579
675.379 0.876769 0.0155419
675.706 0.888452 0.0158172
676.034 0.887444 0.0161649
676.362 0.895779 0.016319
676.689 0.888735 0.0152687
677.017 0.88973 0.0142741
677.344 0.885362 0.0136782
677.672 0.894034 0.0139806
677.999 0.879035 0.0140316
678.327 0.888052 0.0138223
678.654 0.891656 0.0132476
678.981 0.887958 0.0128224
679.308 0.885855 0.0129093
679.636 0.904115 0.0136513
679.963 0.900332 0.0143045
680.29 0.878636 0.0141695
680.617 0.883052 0.0139406
680.944 0.888794 0.0137784
681.271 0.89011 0.0141859
681.597 0.899448 0.0152245
681.924 0.894085 0.0161665
682.251 0.882056 0.0159942
682.578 0.890343 0.0152247
682.904 0.872695 0.0140648
683.231 0.884859 0.0135991
683.557 0.877867 0.0132419
683.884 0.882706 0.0128996
684.21 0.898593 0.0127104
684.536 0.892149 0.0122508
684.863 0.877345 0.0119662
685.189 0.882554 0.0122042
685.515 0.891762 0.0129317
685.841 0.882542 0.013286
686.167 0.873215 0.0132287
686.493 0.888488 0.0131844
686.819 0.886608 0.0132452
687.145 0.87245 0.0137127
687.471 0.888289 0.0148796
687.797 0.887513 0.0153721
688.123 0.879907 0.0152129
688.448 0.889017 0.0147899
688.774 0.874411 0.0142271
689.1 0.883833 0.0145456
689.425 0.880802 0.0151299
689.751 0.890844 0.0154621
690.076 0.879538 0.0145081
690.402 0.878548 0.0135471
690.727 0.874235 0.0130967
691.052 0.887119 0.0135387
691.377 0.87719 0.0138668
691.703 0.880533 0.014245
692.028 0.892493 0.0143495
692.353 0.887228 0.0140046
692.678 0.877859 0.0140376
693.003 0.900878 0.0147611
693.328 0.887567 0.0157333
693.652 0.885237 0.016422
693.977 0.877454 0.015959
694.302 0.877059 0.0150444
694.627 0.892187 0.0149615
694.951 0.883577 0.0154245
695.276 0.896252 0.0170299
695.6 0.897362 0.017327
695.925 0.875871 0.0150241
696.249 0.882142 0.013295
696.574 0.880409 0.0125876
696.898 0.882371 0.0131752
697.222 0.881481 0.0139191
697.546 0.875453 0.0144295
697.871 0.887079 0.014831
698.195 0.874412 0.0148327
698.519 0.885223 0.0153017
698.843 0.87868 0.0156814
699.167 0.88061 0.0162886
699.491 0.88111 0.0169137
699.814 0.893325 0.0171682
700.138 0.88965 0.0171852
700.462 0.886694 0.0174403
700.786 0.871033 0.017056
701.109 0.90402 0.0169477
701.433 0.902555 0.0163475
701.756 0.892946 0.0156798
702.08 0.88308 0.0155942
702.403 0.896739 0.0160345
702.726 0.892491 0.0166753
703.05 0.87641 0.0169277
703.373 0.885719 0.0172158
703.696 0.898476 0.0173539
704.019 0.901685 0.0179914
704.342 0.883692 0.0184607
704.665 0.889567 0.0192867
704.988 0.882437 0.0190836
705.311 0.883002 0.0179167
705.634 0.87475 0.0160112
705.957 0.880763 0.014551
706.28 0.874667 0.013433
706.602 0.884275 0.0133665
706.925 0.88534 0.0136558
707.247 0.877896 0.0141401
707.57 0.874826 0.0146721
707.892 0.880062 0.0152181
708.215 0.892611 0.0160751
708.537 0.872705 0.0162861
708.859 0.87562 0.0164066
709.182 0.876195 0.0162421
709.504 0.883145 0.0158772
709.826 0.888017 0.0157211
710.148 0.872145 0.0156428
710.47 0.877432 0.0161361
710.792 0.87656 0.016724
711.114 0.884204 0.0173598
711.436 0.894802 0.0178521
711.758 0.869309 0.0173112
712.079 0.883844 0.0172559
712.401 0.884142 0.0164072
712.723 0.879366 0.0157688
713.044 0.868217 0.0147618
713.366 0.871738 0.014627
713.687 0.882017 0.0148325
714.009 0.877182 0.0151931
714.33 0.878976 0.0155497
714.652 0.873847 0.0159449
714.973 0.874462 0.0165032
715.294 0.874998 0.0173572
715.615 0.890186 0.0186267
715.936 0.856991 0.0185442
716.257 0.867774 0.01884
716.578 0.89902 0.019305
716.899 0.890911 0.0187895
717.22 0.871823 0.017388
717.541 0.89154 0.0171122
717.862 0.890951 0.0170491
718.182 0.87304 0.0168436
718.503 0.885645 0.016596
718.824 0.886858 0.0168439
719.144 0.875434 0.0170026
719.465 0.874915 0.0173858
719.785 0.857198 0.0168538
720.105 0.870488 0.0167609
720.426 0.871122 0.016559
720.746 0.884711 0.0169707
721.066 0.885475 0.0170087
721.386 0.867787 0.0170104
721.706 0.863247 0.0174593
722.026 0.882721 0.0181236
722.346 0.893908 0.0183898
722.666 0.895017 0.0181605
722.986 0.876331 0.0175241
723.306 0.87415 0.017639
723.626 0.868116 0.0179265
723.946 0.888304 0.0180975
724.265 0.884825 0.0170964
724.585 0.862382 0.0159883
724.904 0.874545 0.015981
725.224 0.890818 0.016172
725.543 0.882957 0.0160971
725.863 0.869996 0.0161317
726.182 0.890506 0.0169833
726.501 0.862809 0.0169804
726.82 0.903885 0.0174944
727.14 0.869422 0.0164931
727.459 0.859423 0.0159034
727.778 0.872073 0.0159249
728.097 0.878702 0.0162039
728.416 0.866171 0.0159061
728.734 0.869835 0.015433
729.053 0.875561 0.0153319
729.372 0.866317 0.0152192
729.691 0.877684 0.0149328
730.009 0.87091 0.0141599
730.328 0.877472 0.0137949
730.647 0.881009 0.0138385
730.965 0.881798 0.0143297
731.283 0.881896 0.0148689
731.602 0.871062 0.0149494
731.92 0.872987 0.0146999
732.238 0.86598 0.0142882
732.557 0.888177 0.0143376
732.875 0.87565 0.013891
733.193 0.865096 0.0129837
733.511 0.869737 0.012721
733.829 0.869909 0.0131038
734.147 0.892812 0.0141483
734.465 0.883809 0.0147171
734.782 0.888068 0.0147391
735.1 0.876275 0.0142308
735.418 0.871516 0.0141805
735.735 0.883141 0.0143177
736.053 0.865953 0.0140205
736.371 0.875195 0.0142408
736.688 0.870361 0.014719
737.005 0.891386 0.0158031
737.323 0.862545 0.0161398
737.64 0.876743 0.0162907
737.957 0.875518 0.0154344
738.274 0.875121 0.0141629
738.592 0.875884 0.0138242
738.909 0.86974 0.0141226
739.226 0.875146 0.0154298
739.543 0.884508 0.0167207
739.86 0.888248 0.0177301
740.176 0.877227 0.0180773
740.493 0.882955 0.0186839
740.81 0.86107 0.018509
741.127 0.86446 0.0183495
741.443 0.867041 0.0174125
741.76 0.872113 0.0168847
742.076 0.860932 0.0169245
742.393 0.884793 0.0180779
742.709 0.886463 0.0190965
743.025 0.877273 0.0193473
743.342 0.880069 0.0192001
743.658 0.873904 0.0187645
743.974 0.858958 0.0180888
744.29 0.865214 0.0181361
744.606 0.863259 0.0183092
744.922 0.876177 0.0184787
745.238 0.850544 0.0182617
745.554 0.855111 0.0187537
745.87 0.873805 0.0191573
746.186 0.876296 0.0183942
746.501 0.847905 0.0174281
746.817 0.856305 0.0177931
747.132 0.871692 0.0192698
747.448 0.875916 0.0200754
747.763 0.85516 0.0195398
748.079 0.873876 0.0189305
748.394 0.883828 0.0177476
748.71 0.873107 0.0164222
749.025 0.860642 0.0153508
749.34 0.86644 0.0152022
749.655 0.874733 0.0156089
749.97 0.869404 0.0161215
750.285 0.864545 0.0161261
750.6 0.873528 0.0158632
750.915 0.87387 0.0154719
751.23 0.891315 0.0159333
751.545 0.893758 0.0166108
751.859 0.865663 0.0169634
752.174 0.873144 0.0172355
752.489 0.874627 0.0163817
752.803 0.856064 0.015234
753.118 0.859711 0.0151519
753.432 0.865775 0.0157153
753.747 0.872103 0.0163573
754.061 0.860784 0.0157001
754.375 0.858992 0.0150273
754.689 0.851371 0.0144948
755.004 0.874585 0.0146674
755.318 0.874025 0.0143431
755.632 0.86055 0.0135379
755.946 0.871172 0.0133751
756.26 0.87387 0.0127969
756.573 0.863946 0.0121741
756.887 0.861416 0.0117862
757.201 0.85594 0.011998
757.515 0.876836 0.0133021
757.828 0.877242 0.0142695
758.142 0.871195 0.0141732
758.455 0.865018 0.0131159
758.769 0.858675 0.0123753
759.082 0.851915 0.0119912
759.396 0.856631 0.0118436
759.709 0.857562 0.0117581
760.022 0.866459 0.0119233
760.335 0.873832 0.0126032
760.648 0.864287 0.0134718
760.962 0.870061 0.0145084
761.275 0.85613 0.0151048
761.587 0.890157 0.0156025
761.9 0.873011 0.0154907
762.213 0.866779 0.0149312
762.526 0.858544 0.014324
762.839 0.872533 0.0143825
763.151 0.871872 0.0139618
763.464 0.859974 0.0131149
763.776 0.859191 0.0121766
764.089 0.862175 0.0119401
764.401 0.857099 0.0123279
764.714 0.862653 0.0130951
765.026 0.864944 0.0139957
765.338 0.862172 0.0148784
765.65 0.863083 0.0160224
765.962 0.858702 0.0167246
766.275 0.852966 0.017265
766.587 0.858025 0.0173733
766.898 0.855593 0.0167919
767.21 0.85994 0.0158394
767.522 0.853327 0.0146397
767.834 0.85623 0.0141273
768.146 0.829815 0.0140082
768.457 0.861044 0.0151413
768.769 0.858836 0.015927
769.08 0.864568 0.0160523
769.392 0.866586 0.0154899
769.703 0.844637 0.0145011
770.015 0.856464 0.0140451
770.326 0.849984 0.0140191
770.637 0.854547 0.014565
770.948 0.851404 0.0155996
771.26 0.861243 0.0166751
771.571 0.86413 0.016886
771.882 0.855613 0.0163943
772.193 0.873217 0.01673
772.504 0.861783 0.017036
772.814 0.862571 0.0173838
773.125 0.862326 0.0177411
773.436 0.847122 0.0180891
773.747 0.845587 0.0184796
774.057 0.856532 0.0189967
774.368 0.864362 0.0193834
774.678 0.867885 0.0199292
774.989 0.83959 0.0199093
775.299 0.868924 0.0209357
775.609 0.852678 0.0205079
775.919 0.851471 0.0203253
776.23 0.872371 0.0205981
776.54 0.839403 0.020034
776.85 0.855647 0.0204396
777.16 0.83823 0.0196295
777.47 0.851641 0.0187579
777.78 0.860303 0.0180222
778.089 0.849815 0.0170117
778.399 0.838434 0.0167904
778.709 0.857262 0.0177611
779.019 0.867719 0.0190429
779.328 0.857113 0.0199501
779.638 0.865304 0.0197802
779.947 0.842772 0.017795
780.257 0.840892 0.0162151
780.566 0.845973 0.0156552
780.875 0.830336 0.0158644
781.185 0.867767 0.0172466
781.494 0.853336 0.0173851
781.803 0.848833 0.0178025
782.112 0.847872 0.0180527
782.421 0.870839 0.0180553
782.73 0.843248 0.0172991
783.039 0.834071 0.017423
783.348 0.864613 0.019155
783.656 0.875409 0.0203331
783.965 0.839217 0.0202069
784.274 0.864969 0.0197352
784.582 0.845571 0.0189066
784.891 0.844568 0.018784
785.199 0.856236 0.0191999
785.508 0.860939 0.0197828
785.816 0.855262 0.0200759
786.124 0.861082 0.0196995
786.432 0.864074 0.0187646
786.741 0.860721 0.0180124
787.049 0.857077 0.017868
787.357 0.861498 0.0181881
787.665 0.853989 0.0179997
787.973 0.870236 0.0183353
788.281 0.858865 0.0185944
788.588 0.834105 0.0193
788.896 0.860479 0.0208218
789.204 0.869364 0.0217794
789.511 0.870244 0.0218494
789.819 0.859478 0.0221096
790.126 0.843633 0.021914
790.434 0.854235 0.0220462
790.741 0.880801 0.0223299
791.049 0.86994 0.0221684
791.356 0.84508 0.0225585
791.663 0.870077 0.0233027
791.97 0.871093 0.0233769
792.277 0.868475 0.0229081
792.584 0.870438 0.0217246
792.891 0.840528 0.018882
793.198 0.832544 0.0174439
793.505 0.842272 0.0172022
793.812 0.844645 0.0177136
794.119 0.847742 0.018154
794.425 0.855274 0.0187761
794.732 0.835415 0.0194027
795.038 0.854392 0.021678
795.345 0.854645 0.0233151
795.651 0.863549 0.0246928
795.958 0.860291 0.0246962
796.264 0.822766 0.0225373
796.57 0.874229 0.0223816
796.876 0.858646 0.0219907
797.183 0.835748 0.0220966
797.489 0.851832 0.0232239
797.795 0.841657 0.0232913
798.101 0.865941 0.0235204
798.406 0.867197 0.0236625
798.712 0.852172 0.0241495
799.018 0.841734 0.0243761
799.324 0.867291 0.0248083
799.629 0.853411 0.02472
799.935 0.877545 0.025253
800.24 0.868628 0.0256023
800.546 0.85415 0.0253967
800.851 0.824779 0.0251834
801.157 0.841629 0.0265291
801.462 0.834499 0.0266727
801.767 0.876161 0.0274605
802.072 0.853372 0.0260497
802.377 0.873671 0.0253638
802.682 0.839541 0.0244629
802.987 0.849994 0.0252983
803.292 0.833634 0.0256942
803.597 0.857409 0.0262799
803.902 0.88264 0.0265966
804.207 0.861165 0.0261067
804.511 0.856342 0.0256345
804.816 0.83957 0.0238488
805.12 0.828518 0.0221364
805.425 0.844515 0.0210502
805.729 0.853183 0.0213236
806.034 0.851692 0.0221296
806.338 0.873994 0.0236951
806.642 0.854644 0.024028
806.946 0.853234 0.0237653
807.251 0.873718 0.02427
807.555 0.857861 0.0236661
807.859 0.849208 0.0233676
808.162 0.868461 0.0243168
808.466 0.88791 0.0254244
808.77 0.86768 0.025799
809.074 0.885813 0.0269587
809.378 0.88612 0.0270103
809.681 0.868574 0.026531
809.985 0.873343 0.0270341
810.288 0.886909 0.0275471
810.592 0.848738 0.0267457
810.895 0.846724 0.0273484
811.198 0.863778 0.0288439
811.502 0.861672 0.0292277
811.805 0.875694 0.030274
812.108 0.863692 0.0286969
812.411 0.866945 0.0278993
812.714 0.869387 0.0260316
813.017 0.878861 0.0247693
813.32 0.86199 0.024494
813.623 0.83177 0.0248209
813.926 0.891433 0.027557
814.228 0.884924 0.0289245
814.531 0.878091 0.0297364
814.833 0.813141 0.0283956
815.136 0.843181 0.0290911
815.438 0.891217 0.0302495
815.741 0.810863 0.0276573
816.043 0.865785 0.028231
816.345 0.84675 0.0277312
816.648 0.836917 0.0277943
816.95 0.851799 0.0284708
817.252 0.861021 0.0292675
817.554 0.844403 0.0290456
817.856 0.856729 0.0298817
818.158 0.840827 0.0298601
818.46 0.880545 0.0313322
818.761 0.908526 0.0317101
819.063 0.888115 0.0308076
819.365 0.873639 0.0296529
819.666 0.874017 0.0281762
819.968 0.856311 0.0269693
820.269 0.858731 0.0267155
820.571 0.869102 0.0275809
820.872 0.855022 0.0283912
821.173 0.8288 0.0290628
821.475 0.862772 0.0307935
821.776 0.827734 0.0300055
822.077 0.855174 0.0303211
822.378 0.856068 0.0305487
822.679 0.898947 0.0318168
822.98 0.848605 0.030626
823.281 0.859583 0.0318231
823.581 0.866478 0.0316281
823.882 0.896825 0.032589
824.183 0.896101 0.0322453
824.483 0.859432 0.0304558
824.784 0.825031 0.0286143
825.084 0.913211 0.0306443
825.385 0.887866 0.0306123
825.685 0.851497 0.0306234
825.985 0.874921 0.0307764
826.286 0.847485 0.029874
826.586 0.823429 0.0288693
826.886 0.868368 0.0297017
827.186 0.867765 0.0301273
827.486 0.895487 0.0316328
827.786 0.854308 0.0313677
828.086 0.853496 0.0310377
828.386 0.871103 0.0309464
828.685 0.848581 0.0303747
828.985 0.923525 0.0326346
829.285 0.881801 0.032109
829.584 0.858637 0.0321964
829.884 0.836088 0.0322552
830.183 0.899009 0.0351904
830.482 0.878741 0.0344118
830.782 0.872377 0.0344326
831.081 0.906919 0.0364366
831.38 0.885694 0.0348434
831.679 0.875687 0.0347246
831.978 0.924233 0.035731
832.277 0.890874 0.0339497
832.576 0.851682 0.0325701
832.875 0.87458 0.0329849
833.174 0.846956 0.0322561
833.472 0.844292 0.032449
833.771 0.909118 0.0341299
834.07 0.872296 0.0326371
834.368 0.918674 0.0338212
834.667 0.863182 0.0336496
834.965 0.910716 0.0350826
835.263 0.906655 0.0350515
835.562 0.875615 0.0344618
835.86 0.842566 0.0334932
836.158 0.819423 0.0334058
836.456 0.835116 0.0346125
836.754 0.815487 0.0341077
837.052 0.872412 0.0363983
837.35 0.868273 0.0356077
837.648 0.867243 0.0360585
837.946 0.888138 0.0368012
838.243 0.875676 0.0365526
838.541 0.837649 0.0348109
838.839 0.906282 0.036262
839.136 0.861135 0.0352729
839.434 0.906889 0.0359778
839.731 0.907342 0.0369554
840.028 0.868269 0.0353226
840.326 0.891489 0.0362418
840.623 0.846126 0.0352755
840.92 0.855268 0.0358069
841.217 0.866679 0.0370569
841.514 0.885943 0.0376758
841.811 0.832659 0.0353196
842.108 0.887285 0.0375315
842.405 0.896472 0.0380069
842.701 0.88124 0.0378563
842.998 0.883238 0.0367325
843.295 0.891541 0.0377115
843.591 0.875464 0.0374517
843.888 0.869533 0.036893
844.184 0.876043 0.0372454
844.481 0.798902 0.0349844
844.777 0.858061 0.0364342
845.073 0.873276 0.0370328
845.369 0.90042 0.0379812
845.665 0.885321 0.0382119
845.962 0.887317 0.0375044
846.258 0.865042 0.0377478
846.553 0.899403 0.038546
846.849 0.926013 0.0391795
847.145 0.855368 0.0364317
847.441 0.90216 0.0376394
847.737 0.851374 0.0362615
848.032 0.863295 0.037212
848.328 0.8662 0.037446
848.623 0.889487 0.0384527
848.919 0.850292 0.0367582
849.214 0.874579 0.0368542
849.509 0.86233 0.0371411
849.805 0.866602 0.03798
850.1 0.975326 0.041193
850.395 0.897341 0.0393809
850.69 0.959553 0.0410066
850.985 0.849214 0.0372079
851.28 0.860982 0.0373094
851.575 0.866633 0.0378887
851.869 0.914357 0.038785
852.164 0.879175 0.037465
852.459 0.913753 0.0371469
852.753 0.912218 0.0365993
853.048 0.857754 0.0336485
853.342 0.902996 0.0342849
853.637 0.910537 0.0350463
853.931 0.902313 0.0345134
854.225 0.868473 0.0337111
854.52 0.916873 0.0359285
854.814 0.905727 0.0358281
855.108 0.844153 0.0334665
855.402 0.872989 0.0346561
855.696 0.874207 0.035673
855.99 0.937111 0.0375298
856.283 0.842272 0.0347993
856.577 0.894015 0.036672
856.871 0.849321 0.0354611
857.164 0.858891 0.0360481
857.458 0.914607 0.0384346
857.751 0.842045 0.0362389
858.045 0.848051 0.0359266
858.338 0.843445 0.0364143
858.632 0.861858 0.035967
858.925 0.857071 0.0368082
859.218 0.864879 0.036818
859.511 0.901655 0.0391661
859.804 0.860548 0.0378802
860.097 0.878739 0.0372645
860.39 0.920152 0.0392515
860.683 0.855413 0.0376852
860.976 0.912224 0.0392283
861.268 0.854106 0.0373714
861.561 0.886096 0.0391557
861.854 0.964655 0.0420718
862.146 0.875569 0.0386585
862.439 0.846483 0.0378053
862.731 0.831517 0.036552
863.023 0.913454 0.0395516
863.316 0.902322 0.0386006
863.608 0.862573 0.0379381
863.9 0.891621 0.0385962
864.192 0.867885 0.0371758
864.484 0.909907 0.0389758
864.776 0.87698 0.0386035
865.068 0.899474 0.0388535
865.36 0.88152 0.0383632
865.651 0.913965 0.0400889
865.943 0.851675 0.0379834
866.235 0.885571 0.0389282
866.526 0.94469 0.0412902
866.818 0.89099 0.0387545
867.109 0.856489 0.0377638
867.4 0.870627 0.038807
867.692 0.952577 0.040814
867.983 0.891914 0.0391107
868.274 0.898464 0.0397465
868.565 0.85819 0.0383499
868.856 0.8926 0.0393671
869.147 0.928419 0.0400404
869.438 0.872275 0.0387063
869.729 0.900006 0.039552
870.02 0.954799 0.0423444
870.31 0.923662 0.0403492
870.601 0.863248 0.0384452
870.892 0.83228 0.0373618
871.182 0.882366 0.0383076
871.473 0.844322 0.0382874
871.763 0.858749 0.0376873
872.053 0.829626 0.0374791
872.343 0.878787 0.038514
872.634 0.924856 0.0399079
872.924 0.854699 0.037602
873.214 0.862667 0.03855
873.504 0.880976 0.0394799
873.794 0.883352 0.0405207
874.084 0.888738 0.0405268
874.373 0.862009 0.0389082
874.663 0.824996 0.0371624
874.953 0.903101 0.0401751
875.242 0.887832 0.0392977
875.532 0.892226 0.0390711
875.821 0.868464 0.0387869
876.111 0.8775 0.0388404
876.4 0.942558 0.0407579
876.689 0.881741 0.0391591
876.978 0.873012 0.0389792
877.268 0.894455 0.0395251
877.557 0.907103 0.0402628
877.846 0.88492 0.0396343
878.134 0.870291 0.0396621
878.423 0.870451 0.0396694
878.712 0.870611 0.0396767
