178.41 0.419689 0.10021
178.791 0.422346 0.100845
179.172 0.424985 0.101475
179.553 0.384995 0.384995
179.934 0.605294 0.605294
180.316 0.416323 0.416323
180.697 0.416487 0.416487
181.078 0.597492 0.597492
181.459 0.37396 0.37396
181.84 0.568917 0.568917
182.221 2.11542 2.11542
182.602 0.474605 0.474605
182.983 -3.25799 -3.25799
183.364 0.633216 0.141204
183.744 0.313291 0.0627085
184.125 0.634885 0.0774365
184.506 0.559862 0.0595699
184.887 0.624929 0.0561226
185.268 0.456787 0.0413082
185.648 0.524872 0.0428642
186.029 0.55106 0.0418927
186.41 0.609516 0.0429066
186.791 0.591568 0.0406233
187.171 0.579209 0.0343818
187.552 0.518234 0.0264598
187.932 0.596198 0.0288981
188.313 0.527717 0.025393
188.694 0.56938 0.0263613
189.074 0.578815 0.0256251
189.455 0.539232 0.024047
189.835 0.608366 0.0262632
190.216 0.58435 0.0250614
190.596 0.555284 0.02338
190.977 0.544493 0.0229719
191.357 0.59053 0.023994
191.737 0.562405 0.0231231
192.118 0.586764 0.0235027
192.498 0.568936 0.022425
192.878 0.600595 0.0232177
193.258 0.580539 0.0224329
193.639 0.57771 0.0221006
194.019 0.605216 0.02282
194.399 0.567063 0.0218984
194.779 0.551843 0.0207367
195.159 0.578463 0.0218464
195.54 0.576588 0.0211574
195.92 0.589273 0.0214521
196.3 0.576616 0.020913
196.68 0.580218 0.021083
197.06 0.559833 0.0205857
197.44 0.566773 0.0205141
197.82 0.563269 0.02029
198.2 0.560888 0.0202376
198.58 0.548684 0.0194879
198.959 0.564625 0.0197332
199.339 0.568945 0.0198945
199.719 0.564744 0.0194412
200.099 0.568982 0.0195609
200.479 0.561988 0.0193854
200.858 0.556356 0.0190037
201.238 0.543006 0.0184809
201.618 0.565434 0.0190704
201.998 0.53384 0.0180863
202.377 0.531915 0.0180533
202.757 0.542952 0.0180001
203.136 0.540083 0.017836
203.516 0.528307 0.0173778
203.896 0.524655 0.0171043
204.275 0.515783 0.0166245
204.655 0.524262 0.0167924
205.034 0.53731 0.0168002
205.414 0.503595 0.016061
205.793 0.514169 0.0160833
206.172 0.515387 0.0161169
206.552 0.501252 0.0156234
206.931 0.493048 0.0152575
207.31 0.496787 0.0151502
207.69 0.505001 0.015153
208.069 0.500807 0.0148902
208.448 0.481473 0.014416
208.827 0.489034 0.0144453
209.207 0.491374 0.0144419
209.586 0.479573 0.0138942
209.965 0.490253 0.0140036
210.344 0.466781 0.013465
210.723 0.47209 0.013375
211.102 0.461859 0.0130004
211.481 0.458112 0.0128792
211.86 0.453122 0.0126814
212.239 0.462841 0.0126872
212.618 0.467167 0.0125621
212.997 0.458369 0.0122402
213.376 0.461463 0.0122376
213.755 0.448239 0.0118916
214.134 0.450705 0.0117627
214.513 0.441969 0.0114596
214.891 0.449292 0.011477
215.27 0.450309 0.011274
215.649 0.439985 0.0110524
216.028 0.44005 0.0108623
216.406 0.44339 0.0107899
216.785 0.431771 0.0104743
217.164 0.437825 0.0104419
217.542 0.434694 0.0101863
217.921 0.434387 0.0100524
218.3 0.435882 0.010034
218.678 0.442071 0.00994604
219.057 0.444762 0.00979864
219.435 0.440585 0.00959225
219.814 0.438224 0.00949602
220.192 0.448838 0.00945541
220.57 0.443278 0.00928649
220.949 0.44877 0.00918706
221.327 0.444225 0.00898844
221.705 0.45087 0.0089627
222.084 0.454558 0.00880404
222.462 0.457087 0.00872331
222.84 0.469518 0.00876815
223.218 0.457761 0.00844211
223.597 0.464798 0.0084208
223.975 0.465987 0.00827977
224.353 0.474583 0.00826402
224.731 0.473907 0.00812505
225.109 0.47669 0.00798427
225.487 0.487951 0.0079632
225.865 0.487173 0.00783517
226.243 0.492736 0.00777974
226.621 0.499012 0.00772601
226.999 0.497691 0.00755772
227.377 0.510194 0.00757777
227.755 0.508505 0.00746651
228.133 0.524429 0.00748622
228.511 0.524685 0.00739893
228.889 0.52562 0.00726391
229.266 0.534119 0.00725291
229.644 0.533159 0.00710373
230.022 0.541396 0.00706573
230.4 0.544028 0.00701613
230.777 0.555616 0.007023
231.155 0.559804 0.00695778
231.533 0.564585 0.0068885
231.91 0.565782 0.00680245
232.288 0.575943 0.00679823
232.665 0.572219 0.00668898
233.043 0.586532 0.00670819
233.42 0.585316 0.00661066
233.798 0.596986 0.00662742
234.175 0.595204 0.00653132
234.553 0.601598 0.0064964
234.93 0.60746 0.00646259
235.307 0.614855 0.00644913
235.685 0.621894 0.006433
236.062 0.620884 0.00635267
236.439 0.627532 0.006355
236.816 0.632849 0.00630382
237.194 0.634968 0.00624751
237.571 0.63645 0.00620034
237.948 0.647863 0.00622263
238.325 0.645292 0.00614153
238.702 0.645789 0.00610763
239.079 0.652987 0.00608064
239.456 0.657126 0.00605913
239.833 0.658573 0.00602667
240.21 0.662665 0.00598952
240.587 0.666624 0.00597957
240.964 0.669908 0.00594538
241.341 0.672209 0.00590526
241.718 0.673203 0.00585369
242.095 0.680581 0.00588392
242.472 0.67944 0.00583238
242.849 0.682235 0.00580073
243.225 0.685062 0.00576207
243.602 0.68617 0.00573769
243.979 0.688155 0.00572613
244.356 0.697905 0.00574289
244.732 0.69195 0.00566009
245.109 0.694529 0.00563093
245.486 0.69716 0.00563373
245.862 0.7082 0.00565012
246.239 0.699986 0.00556
246.615 0.705323 0.00557104
246.992 0.707511 0.00553881
247.368 0.710477 0.00555036
247.745 0.708589 0.00549625
248.121 0.711744 0.00547093
248.497 0.709072 0.00545182
248.874 0.713904 0.00543723
249.25 0.712322 0.00538341
249.626 0.717851 0.00539533
250.003 0.719551 0.00537001
250.379 0.714789 0.00530009
250.755 0.719902 0.00532363
251.131 0.721202 0.00529103
251.507 0.719253 0.00527684
251.884 0.722197 0.00525132
252.26 0.724598 0.00526139
252.636 0.722006 0.00520416
253.012 0.723727 0.00519136
253.388 0.726644 0.00518615
253.764 0.728687 0.00517219
254.14 0.72685 0.00515338
254.516 0.731089 0.00516133
254.892 0.723072 0.00510699
255.268 0.736015 0.00514702
255.643 0.730339 0.00510561
256.019 0.733884 0.0051142
256.395 0.733293 0.00510147
256.771 0.728853 0.00504892
257.147 0.732797 0.00505681
257.522 0.732571 0.00504802
257.898 0.732455 0.00503933
258.274 0.735746 0.00503757
258.649 0.739651 0.00504783
259.025 0.73344 0.00499898
259.4 0.733271 0.0049957
259.776 0.73498 0.00498607
260.151 0.741669 0.00502555
260.527 0.737377 0.00498866
260.902 0.739324 0.00498166
261.278 0.736695 0.00496229
261.653 0.739296 0.0049709
262.028 0.73901 0.00497472
262.404 0.739269 0.00495278
262.779 0.737241 0.00493359
263.154 0.739273 0.00493168
263.53 0.738963 0.00491719
263.905 0.739157 0.00492739
264.28 0.73944 0.00492578
264.655 0.738837 0.00490945
265.03 0.737708 0.00492084
265.405 0.737515 0.00490381
265.781 0.744321 0.00493223
266.156 0.741716 0.00491831
266.531 0.739467 0.00488493
266.906 0.746898 0.00493653
267.281 0.741277 0.00489359
267.655 0.738827 0.00490375
268.03 0.744527 0.00492537
268.405 0.744493 0.00491871
268.78 0.744163 0.0049175
269.155 0.74103 0.00489622
269.53 0.744744 0.00492541
269.904 0.744292 0.00491836
270.279 0.747123 0.00493083
270.654 0.743499 0.00490487
271.029 0.741346 0.00490705
271.403 0.741529 0.00489378
271.778 0.744274 0.00491676
272.152 0.745738 0.00492627
272.527 0.741841 0.00490908
272.901 0.746154 0.00490406
273.276 0.743 0.00488253
273.65 0.748826 0.00491704
274.025 0.741481 0.00488016
274.399 0.747578 0.00492366
274.774 0.746746 0.00490954
275.148 0.740008 0.00487188
275.522 0.747433 0.00490937
275.897 0.744585 0.00489736
276.271 0.742658 0.0048959
276.645 0.746025 0.00489277
277.019 0.744565 0.00487474
277.393 0.742793 0.00485579
277.768 0.745136 0.00488646
278.142 0.743978 0.00487775
278.516 0.742493 0.00488148
278.89 0.746752 0.0048858
279.264 0.74634 0.00490012
279.638 0.743696 0.00486777
280.012 0.741707 0.0048698
280.386 0.746137 0.00490986
280.76 0.74866 0.00489946
281.133 0.750262 0.0049137
281.507 0.742098 0.00488297
281.881 0.745503 0.00488296
282.255 0.745917 0.00489116
282.629 0.748464 0.00491373
283.002 0.744962 0.00490486
283.376 0.74543 0.00489298
283.75 0.748739 0.00492047
284.123 0.742681 0.00488344
284.497 0.743255 0.00489422
284.87 0.749023 0.0049182
285.244 0.745123 0.00489635
285.618 0.748123 0.0049188
285.991 0.746056 0.00493274
286.364 0.749117 0.00494101
286.738 0.750502 0.00494466
287.111 0.752018 0.00495174
287.485 0.746067 0.0049349
287.858 0.750818 0.00496907
288.231 0.746118 0.0049448
288.605 0.747434 0.00496274
288.978 0.748528 0.00495579
289.351 0.748733 0.00498223
289.724 0.747613 0.00497833
290.097 0.749025 0.00498898
290.47 0.751196 0.00501234
290.843 0.750464 0.00500814
291.217 0.745394 0.00499219
291.59 0.750624 0.00504438
291.963 0.750879 0.00503411
292.336 0.748572 0.00504243
292.708 0.751144 0.00506071
293.081 0.753749 0.00509281
293.454 0.748729 0.00505346
293.827 0.750836 0.0050756
294.2 0.752201 0.00511334
294.573 0.748844 0.00508565
294.945 0.749298 0.00511724
295.318 0.754766 0.00513389
295.691 0.7542 0.00514447
296.064 0.754641 0.00515541
296.436 0.749769 0.00513512
296.809 0.744928 0.00510476
297.181 0.750061 0.00514981
297.554 0.746509 0.00514545
297.926 0.751526 0.00516681
298.299 0.749345 0.00516482
298.671 0.751641 0.0051502
299.044 0.752976 0.00518301
299.416 0.753359 0.00519218
299.788 0.747014 0.00516223
300.161 0.752178 0.00520284
300.533 0.749792 0.00518734
300.905 0.748777 0.0051641
301.278 0.755125 0.00519683
301.65 0.749881 0.00517295
302.022 0.747493 0.00517597
302.394 0.745092 0.00517599
302.766 0.753661 0.00519832
303.138 0.751161 0.00521009
303.51 0.749303 0.0051901
303.882 0.749592 0.00518458
304.254 0.749921 0.0051959
304.626 0.751384 0.00518535
304.998 0.750813 0.00518183
305.37 0.753551 0.00522029
305.742 0.750736 0.005191
306.114 0.746688 0.00517476
306.485 0.750732 0.0051899
306.857 0.753438 0.00519554
307.229 0.750247 0.00520265
307.601 0.747558 0.00519189
307.972 0.74435 0.00517541
308.344 0.744999 0.00517118
308.716 0.748729 0.00520549
309.087 0.747201 0.00519363
309.459 0.74681 0.00520015
309.83 0.749464 0.00521007
310.202 0.742414 0.00517707
310.573 0.751232 0.00521077
310.945 0.747085 0.00519276
311.316 0.745035 0.00521044
311.687 0.746349 0.00519413
312.059 0.743927 0.00520388
312.43 0.74367 0.00519353
312.801 0.748818 0.00522986
313.172 0.748983 0.00523365
313.544 0.745727 0.00522765
313.915 0.743375 0.00518622
314.286 0.745646 0.00521669
314.657 0.744312 0.00520048
315.028 0.747343 0.00522207
315.399 0.744919 0.00521186
315.77 0.741922 0.00519401
316.141 0.741113 0.00521278
316.512 0.746787 0.00523192
316.883 0.743599 0.00523128
317.254 0.743989 0.00522738
317.625 0.744499 0.00526139
317.996 0.740808 0.00521959
318.366 0.744054 0.005244
318.737 0.739527 0.00522276
319.108 0.747092 0.00526753
319.478 0.743667 0.00525719
319.849 0.742249 0.00524968
320.22 0.744597 0.00526315
320.59 0.74107 0.00524767
320.961 0.738271 0.00524676
321.331 0.74284 0.00526366
321.702 0.739439 0.00527819
322.072 0.74321 0.00530764
322.443 0.742236 0.00529365
322.813 0.74303 0.00528665
323.184 0.739637 0.00528937
323.554 0.742422 0.00531615
323.924 0.739485 0.00530288
324.295 0.740428 0.005332
324.665 0.735855 0.00531938
325.035 0.737633 0.00531884
325.405 0.739156 0.00534623
325.775 0.743822 0.00538916
326.145 0.737686 0.00536175
326.515 0.738687 0.00537529
326.886 0.742125 0.00541502
327.256 0.736974 0.00540134
327.626 0.731938 0.00541614
327.995 0.732194 0.00543044
328.365 0.722693 0.00540264
328.735 0.71313 0.00539374
329.105 0.714871 0.00545882
329.475 0.734015 0.00557488
329.845 0.761107 0.00575893
330.215 0.779872 0.00580763
330.584 0.789171 0.00578584
330.954 0.776816 0.00560471
331.324 0.757352 0.00537825
331.693 0.738451 0.00521958
332.063 0.723188 0.00510972
332.432 0.721391 0.00507706
332.802 0.722028 0.00512099
333.171 0.726793 0.00520529
333.541 0.726559 0.00530154
333.91 0.733449 0.00535368
334.28 0.727915 0.005364
334.649 0.732651 0.00539702
335.018 0.731299 0.00541042
335.388 0.738292 0.00545377
335.757 0.739078 0.00545745
336.126 0.732405 0.00545228
336.495 0.732435 0.00543397
336.865 0.735635 0.00546837
337.234 0.734655 0.00549562
337.603 0.733834 0.00548135
337.972 0.731959 0.00548695
338.341 0.729302 0.00546802
338.71 0.729492 0.00546501
339.079 0.731066 0.00549074
339.448 0.733814 0.00549237
339.817 0.732103 0.00549953
340.186 0.734735 0.0055129
340.554 0.726281 0.0054739
340.923 0.731724 0.00550586
341.292 0.72438 0.00548333
341.661 0.728191 0.00550462
342.029 0.729125 0.00549862
342.398 0.727603 0.00550026
342.767 0.725072 0.0055118
343.135 0.729415 0.00552414
343.504 0.729902 0.00554321
343.872 0.72696 0.00551145
344.241 0.730783 0.00553886
344.609 0.7329 0.00556892
344.978 0.729071 0.00554873
345.346 0.727877 0.00552334
345.715 0.726176 0.00553822
346.083 0.725211 0.00554687
346.451 0.718779 0.00551345
346.82 0.728214 0.0055681
347.188 0.729198 0.00556134
347.556 0.727097 0.00558197
347.924 0.726745 0.00557386
348.292 0.723539 0.0055742
348.66 0.725309 0.00557609
349.028 0.725019 0.00558199
349.396 0.723133 0.00559669
349.764 0.722606 0.00558761
350.132 0.720024 0.00557474
350.5 0.719097 0.00558025
350.868 0.726488 0.00561904
351.236 0.722132 0.00559771
351.604 0.719698 0.00560999
351.972 0.724196 0.00563387
352.34 0.718169 0.00561854
352.707 0.721994 0.00563595
353.075 0.725309 0.00565037
353.443 0.724578 0.0056604
353.81 0.719648 0.00565513
354.178 0.722554 0.00566972
354.545 0.71972 0.00564473
354.913 0.72104 0.00567393
355.28 0.719365 0.00566811
355.648 0.717749 0.00564977
356.015 0.719634 0.00566709
356.383 0.719394 0.00565967
356.75 0.713887 0.00565234
357.117 0.72039 0.00568118
357.485 0.716717 0.00567065
357.852 0.725928 0.00574638
358.219 0.717588 0.00568492
358.586 0.716566 0.00567992
358.954 0.717342 0.00570689
359.321 0.714282 0.00568094
359.688 0.718567 0.005726
360.055 0.714693 0.00570242
360.422 0.720834 0.00573516
360.789 0.718399 0.00573534
361.156 0.713806 0.00571193
361.523 0.717353 0.00574929
361.89 0.716255 0.00573792
362.256 0.708983 0.00568588
362.623 0.718541 0.00578109
362.99 0.707488 0.00570899
363.357 0.716199 0.00576749
363.724 0.714354 0.00576254
364.09 0.708762 0.00572837
364.457 0.717027 0.0058047
364.823 0.712319 0.00574844
365.19 0.712115 0.00575617
365.557 0.711474 0.00574464
365.923 0.712703 0.00576866
366.29 0.710586 0.00577819
366.656 0.711766 0.0057592
367.022 0.711596 0.00575132
367.389 0.714006 0.00578685
367.755 0.711088 0.0058025
368.121 0.710477 0.00579766
368.488 0.706902 0.00577524
368.854 0.711202 0.00581476
369.22 0.713225 0.00585048
369.586 0.710302 0.00585835
369.952 0.706198 0.00585411
370.318 0.701996 0.00583943
370.684 0.706547 0.00587541
371.051 0.708619 0.00588564
371.416 0.714912 0.00594826
371.782 0.704873 0.00588869
372.148 0.708247 0.00591491
372.514 0.704618 0.00591242
372.88 0.710745 0.00595551
373.246 0.708754 0.00594169
373.612 0.707716 0.00593456
373.977 0.706219 0.00591489
374.343 0.706703 0.00589822
374.709 0.709848 0.00589215
375.074 0.708557 0.00590441
375.44 0.706417 0.00592075
375.806 0.709563 0.00596667
376.171 0.704043 0.00591337
376.537 0.701741 0.0058983
376.902 0.703828 0.00591746
377.268 0.706611 0.0059048
377.633 0.702452 0.0058766
377.998 0.702099 0.00585263
378.364 0.70346 0.00583297
378.729 0.703943 0.00584479
379.094 0.713352 0.00590947
379.459 0.712042 0.00598313
379.825 0.701774 0.00591351
380.19 0.701979 0.00592355
380.555 0.705835 0.00598153
380.92 0.706956 0.00606109
381.285 0.700149 0.00602043
381.65 0.693749 0.00594621
382.015 0.70191 0.00598989
382.38 0.7037 0.00602083
382.745 0.700563 0.00604423
383.11 0.70182 0.006066
383.474 0.699668 0.00603882
383.839 0.702691 0.00606276
384.204 0.703301 0.00608496
384.569 0.700869 0.00608187
384.933 0.703011 0.00610888
385.298 0.697535 0.00609453
385.663 0.697091 0.00607531
386.027 0.69732 0.00606373
386.392 0.695668 0.00603071
386.756 0.693958 0.005993
387.121 0.697772 0.00600772
387.485 0.699914 0.00599844
387.849 0.695812 0.00595285
388.214 0.701859 0.00604499
388.578 0.70157 0.00607414
388.942 0.695541 0.0060788
389.307 0.693435 0.00606406
389.671 0.695467 0.00609529
390.035 0.691391 0.00604972
390.399 0.695607 0.00605389
390.763 0.688132 0.00598578
391.127 0.695711 0.00599694
391.492 0.691399 0.00589611
391.856 0.686449 0.00580725
392.219 0.692119 0.00578768
392.583 0.697947 0.0058451
392.947 0.706563 0.00600797
393.311 0.697074 0.00602256
393.675 0.695218 0.00603266
394.039 0.696077 0.00607377
394.403 0.697954 0.00608498
394.766 0.693532 0.00608215
395.13 0.69066 0.0060856
395.494 0.692588 0.00609167
395.857 0.688246 0.00604602
396.221 0.686098 0.00600924
396.584 0.685643 0.00596225
396.948 0.684793 0.00589423
397.311 0.683952 0.00580386
397.675 0.685169 0.00577764
398.038 0.688016 0.00579245
398.401 0.698575 0.00591969
398.765 0.69199 0.00598284
399.128 0.694256 0.00607824
399.491 0.690567 0.00610819
399.854 0.685763 0.00609557
400.218 0.687975 0.00612315
400.581 0.685293 0.00612861
400.944 0.691338 0.00618573
401.307 0.686403 0.00623779
401.67 0.684837 0.00621256
402.033 0.684217 0.00622786
402.396 0.685079 0.00623525
402.759 0.689362 0.00626233
403.122 0.685225 0.00621305
403.485 0.687641 0.00622239
403.847 0.678521 0.00612956
404.21 0.682436 0.00611545
404.573 0.691986 0.00615138
404.936 0.681179 0.00607309
405.298 0.689557 0.0061774
405.661 0.690395 0.0062678
406.023 0.691226 0.00636051
406.386 0.684723 0.00635292
406.749 0.684662 0.00638169
407.111 0.678414 0.00634436
407.473 0.675545 0.00622963
407.836 0.682565 0.00625278
408.198 0.682337 0.00621367
408.561 0.684489 0.00624137
408.923 0.680169 0.00623083
409.285 0.685447 0.00626651
409.647 0.686775 0.00632755
410.009 0.684557 0.00637707
410.372 0.679204 0.00634283
410.734 0.681868 0.00638721
411.096 0.683252 0.00638247
411.458 0.677971 0.00635622
411.82 0.677313 0.00631146
412.182 0.676497 0.00625979
412.544 0.672888 0.00625703
412.906 0.67736 0.00626668
413.267 0.680735 0.00630473
413.629 0.68274 0.00636371
413.991 0.677371 0.00636843
414.353 0.682099 0.00640822
414.714 0.686191 0.00649511
415.076 0.679106 0.00644544
415.438 0.683034 0.00645702
415.799 0.677595 0.0064056
416.161 0.676027 0.00645428
416.522 0.673232 0.00646744
416.884 0.676205 0.00648573
417.245 0.678065 0.00651861
417.607 0.674328 0.00648459
417.968 0.670816 0.00646039
418.329 0.673417 0.00646481
418.691 0.680962 0.00649877
419.052 0.674221 0.00646202
419.413 0.667306 0.00637095
419.774 0.667936 0.00635413
420.135 0.664186 0.0061952
420.497 0.665521 0.00610357
420.858 0.669678 0.00603813
421.219 0.678531 0.00609844
421.58 0.681998 0.00619195
421.941 0.688416 0.00633025
422.302 0.676335 0.00635862
422.662 0.676342 0.00638601
423.023 0.67221 0.00639457
423.384 0.669195 0.0064016
423.745 0.671624 0.00637451
424.106 0.669795 0.00636224
424.466 0.673197 0.00636597
424.827 0.686399 0.00651683
425.187 0.681045 0.00657351
425.548 0.679535 0.00662825
425.909 0.672592 0.00662917
426.269 0.666133 0.00655075
426.63 0.665267 0.0065021
426.99 0.674162 0.0064917
427.35 0.675268 0.00652603
427.711 0.662025 0.00641591
428.071 0.663014 0.00636696
428.431 0.654139 0.00620337
428.792 0.650831 0.0059759
429.152 0.656963 0.00583894
429.512 0.66567 0.0058665
429.872 0.67282 0.00593885
430.232 0.680242 0.00607697
430.592 0.686492 0.00627805
430.952 0.684169 0.00645247
431.312 0.686497 0.00662424
431.672 0.668839 0.00661379
432.032 0.66378 0.0065686
432.392 0.660685 0.00646465
432.752 0.643999 0.0060685
433.111 0.655532 0.00598588
433.471 0.680334 0.00619349
433.831 0.685315 0.00645957
434.19 0.670128 0.00638843
434.55 0.667363 0.00637408
434.91 0.670334 0.00646277
435.269 0.656235 0.00630637
435.629 0.660556 0.00631316
435.988 0.666717 0.00631538
436.348 0.676399 0.00645836
436.707 0.67533 0.00655145
437.066 0.666847 0.00650662
437.426 0.657522 0.00638428
437.785 0.657766 0.00636757
438.144 0.664766 0.00639338
438.503 0.670536 0.0065058
438.862 0.668748 0.00650916
439.222 0.670388 0.00656913
439.581 0.662932 0.00656054
439.94 0.649595 0.00640322
440.299 0.643735 0.00615941
440.658 0.650248 0.00603292
441.017 0.660457 0.00608206
441.376 0.673687 0.00621437
441.734 0.667562 0.00624959
442.093 0.657584 0.00620001
442.452 0.651667 0.00612773
442.811 0.658786 0.00613403
443.169 0.664142 0.00615661
443.528 0.674404 0.00633267
443.887 0.663972 0.00628752
444.245 0.663931 0.00631486
444.604 0.660768 0.00635225
444.962 0.661487 0.00638594
445.321 0.659923 0.00638434
445.679 0.65383 0.0063214
446.038 0.662937 0.00634202
446.396 0.668008 0.00645394
446.754 0.667265 0.00653861
447.112 0.668599 0.00657824
447.471 0.661919 0.00655281
447.829 0.656966 0.00656239
448.187 0.659225 0.00656198
448.545 0.655894 0.00652535
448.903 0.655892 0.00654224
449.261 0.660569 0.00658462
449.619 0.664055 0.00666449
449.977 0.663779 0.00669557
450.335 0.669172 0.00679636
450.693 0.663986 0.00678675
451.051 0.651476 0.00670919
451.409 0.659887 0.00677884
451.766 0.662055 0.00679862
452.124 0.670064 0.00693557
452.482 0.665357 0.00697964
452.839 0.662351 0.00704162
453.197 0.66281 0.0070565
453.555 0.662122 0.00708199
453.912 0.655748 0.00702931
454.27 0.643895 0.00685562
454.627 0.654194 0.00682858
454.984 0.662117 0.00688603
455.342 0.670146 0.00703386
455.699 0.6588 0.00705189
456.056 0.651735 0.00697234
456.414 0.649969 0.00690063
456.771 0.651048 0.00678007
457.128 0.654295 0.00677095
457.485 0.658186 0.00676751
457.842 0.662648 0.00683244
458.199 0.658171 0.00680144
458.556 0.653662 0.00671271
458.913 0.651839 0.00670362
459.27 0.657701 0.00669556
459.627 0.658697 0.0067981
459.984 0.651845 0.00671335
460.341 0.653782 0.00671467
460.697 0.656443 0.00680849
461.054 0.670579 0.00708411
461.411 0.668458 0.00721861
461.767 0.65117 0.00720867
462.124 0.647939 0.00717278
462.481 0.648132 0.00708804
462.837 0.640015 0.00693419
463.194 0.647243 0.00682728
463.55 0.654446 0.00690931
463.907 0.645713 0.00668288
464.263 0.646093 0.00659282
464.619 0.644474 0.0064599
464.976 0.648472 0.00639017
465.332 0.654269 0.00641708
465.688 0.671767 0.00670186
466.044 0.668054 0.00692326
466.4 0.663206 0.00700542
466.756 0.652374 0.00699356
467.112 0.653584 0.00699999
467.468 0.649992 0.00697041
467.824 0.659274 0.00709201
468.18 0.659633 0.00718659
468.536 0.648744 0.00713299
468.892 0.659905 0.00730885
469.248 0.658985 0.00733615
469.604 0.655892 0.00736294
469.959 0.648423 0.0073183
470.315 0.649012 0.00731768
470.671 0.648659 0.00730838
471.026 0.645359 0.00722824
471.382 0.642335 0.0071423
471.737 0.647515 0.00711334
472.093 0.643987 0.00698327
472.448 0.638181 0.00681828
472.804 0.639947 0.00676948
473.159 0.647611 0.00675398
473.514 0.655638 0.00683026
473.87 0.644148 0.00667367
474.225 0.633337 0.00642834
474.58 0.638738 0.0063284
474.935 0.656034 0.00646806
475.29 0.660793 0.006579
475.645 0.654043 0.00655195
476 0.644054 0.0065101
476.355 0.6499 0.00659845
476.71 0.640333 0.00654586
477.065 0.626911 0.00628823
477.42 0.634216 0.00624135
477.775 0.647553 0.00631423
478.13 0.647234 0.00636945
478.485 0.643279 0.00630396
478.839 0.636051 0.00619345
479.194 0.63147 0.00601296
479.549 0.638989 0.00597447
479.903 0.650237 0.0060429
480.258 0.647232 0.00607636
480.612 0.635937 0.00594456
480.967 0.633603 0.00579645
481.321 0.649498 0.00588752
481.675 0.65501 0.00602636
482.03 0.652834 0.00612246
482.384 0.647463 0.00612283
482.738 0.640203 0.00603035
483.093 0.638648 0.00597904
483.447 0.631193 0.00581495
483.801 0.627087 0.00561504
484.155 0.634994 0.00557822
484.509 0.532133 0.00444658
484.863 0.516484 0.00298584
485.217 0.604219 0.00293516
485.571 0.697322 0.00323465
485.925 0.812173 0.00444686
486.279 0.732333 0.00489639
486.632 0.658491 0.00502172
486.986 0.658434 0.00542808
487.34 0.665539 0.0058257
487.694 0.651464 0.00592466
488.047 0.638589 0.00589899
488.401 0.641178 0.00591844
488.754 0.64775 0.00598646
489.108 0.643404 0.00606371
489.461 0.644234 0.006097
489.815 0.638094 0.00613117
490.168 0.634843 0.00604807
490.522 0.636618 0.00603075
490.875 0.640787 0.00605956
491.228 0.643645 0.00611483
491.581 0.636065 0.00603701
491.935 0.644015 0.00609708
492.288 0.641665 0.00611102
492.641 0.637462 0.00604778
492.994 0.636741 0.00603984
493.347 0.632152 0.00593446
493.7 0.640202 0.00597669
494.053 0.641146 0.00600156
494.406 0.65117 0.00614612
494.759 0.64784 0.00625538
495.111 0.620943 0.00593291
495.464 0.620311 0.00566964
495.817 0.630985 0.00561492
496.169 0.655688 0.00588439
496.522 0.660389 0.00617203
496.875 0.648345 0.00631974
497.227 0.641572 0.00634876
497.58 0.637178 0.00631595
497.932 0.63356 0.00622406
498.285 0.626485 0.0061327
498.637 0.625802 0.00597671
498.989 0.631381 0.00593645
499.342 0.643995 0.00603991
499.694 0.649119 0.00619795
500.046 0.637694 0.00619592
500.398 0.622038 0.00596954
500.751 0.63204 0.00596246
501.103 0.630866 0.00593793
501.455 0.63907 0.00598559
501.807 0.633836 0.00596997
502.159 0.633322 0.00597078
502.511 0.633249 0.00595561
502.862 0.636438 0.00599631
503.214 0.641537 0.00610257
503.566 0.645253 0.00624427
503.918 0.633258 0.0062529
504.27 0.635581 0.00625772
504.621 0.639225 0.00629095
504.973 0.636594 0.00631341
505.324 0.634254 0.00626109
505.676 0.62361 0.00610017
506.027 0.636583 0.00617993
506.379 0.64983 0.00645198
506.73 0.633332 0.00646667
507.082 0.624875 0.00637776
507.433 0.621514 0.00624278
507.784 0.632209 0.00624362
508.136 0.6341 0.00636205
508.487 0.641994 0.00646723
508.838 0.632104 0.0064774
509.189 0.628386 0.00645122
509.54 0.625742 0.00635158
509.891 0.636836 0.00648177
510.242 0.635424 0.0064818
510.593 0.632106 0.00650599
510.944 0.635035 0.0065575
511.295 0.644626 0.00674442
511.646 0.640931 0.00679954
511.996 0.622652 0.00663284
512.347 0.627178 0.00660683
512.698 0.634128 0.00666529
513.049 0.636701 0.00671994
513.399 0.635162 0.00674294
513.75 0.630948 0.00670044
514.1 0.644359 0.00689976
514.451 0.63866 0.00701202
514.801 0.627562 0.0069203
515.152 0.627072 0.00685645
515.502 0.625013 0.00673909
515.852 0.629876 0.00672895
516.202 0.631317 0.00672761
516.553 0.641161 0.00687897
516.903 0.639868 0.00697684
517.253 0.641396 0.00709054
517.603 0.629583 0.00702366
517.953 0.62864 0.00698429
518.303 0.624192 0.00679619
518.653 0.632571 0.0067856
519.003 0.635046 0.00685108
519.353 0.647266 0.00716408
519.703 0.638687 0.00726736
520.052 0.630351 0.0072568
520.402 0.62183 0.00716789
520.752 0.632095 0.00714409
521.102 0.640107 0.00730575
521.451 0.636679 0.00733803
521.801 0.627201 0.00726238
522.15 0.623585 0.00712141
522.5 0.631343 0.00715394
522.849 0.629795 0.00712272
523.199 0.626407 0.00703644
523.548 0.624739 0.0069595
523.897 0.638281 0.00711586
524.246 0.635065 0.00721606
524.596 0.635862 0.00732278
524.945 0.62736 0.00723125
525.294 0.630652 0.00724937
525.643 0.628689 0.00722194
525.992 0.628872 0.00721066
526.341 0.625461 0.00714623
526.69 0.63234 0.00724198
527.039 0.63762 0.00734303
527.388 0.627013 0.00733263
527.737 0.612243 0.00702529
528.086 0.612194 0.00676655
528.434 0.622346 0.00669757
528.783 0.649347 0.00702826
529.132 0.641501 0.00711864
529.48 0.630845 0.0071501
529.829 0.629981 0.00718457
530.177 0.635718 0.00729127
530.526 0.628603 0.00726819
530.874 0.621281 0.00715685
531.223 0.622298 0.00715235
531.571 0.634569 0.00728472
531.919 0.624638 0.00715647
532.268 0.606887 0.00683864
532.616 0.616767 0.0066737
532.964 0.623392 0.00660993
533.312 0.628236 0.00663899
533.66 0.628532 0.00667052
534.008 0.622383 0.00662271
534.356 0.628522 0.00665968
534.704 0.631245 0.00673475
535.052 0.641897 0.00688267
535.4 0.638569 0.00700992
535.748 0.628932 0.00712245
536.095 0.635555 0.00734126
536.443 0.617163 0.00724328
536.791 0.607729 0.00703568
537.139 0.615632 0.00691823
537.486 0.617516 0.00676856
537.834 0.626635 0.00678223
538.181 0.623985 0.00672902
538.529 0.627105 0.00678382
538.876 0.625369 0.00675686
539.223 0.633368 0.00691492
539.571 0.637221 0.0070843
539.918 0.621615 0.00697221
540.265 0.61753 0.00681226
540.613 0.622251 0.00672064
540.96 0.630768 0.00685026
541.307 0.625761 0.00683546
541.654 0.62336 0.00682063
542.001 0.624094 0.00684589
542.348 0.622324 0.00683489
542.695 0.621888 0.00684114
543.042 0.618109 0.00671565
543.388 0.612844 0.00660243
543.735 0.623495 0.00665031
544.082 0.623442 0.00663989
544.429 0.629453 0.00670255
544.775 0.634804 0.0068792
545.122 0.639483 0.00710922
545.469 0.620466 0.0071172
545.815 0.619324 0.0070695
546.162 0.61344 0.00697985
546.508 0.610893 0.00682233
546.854 0.605591 0.0065409
547.201 0.61239 0.00633669
547.547 0.634815 0.00643298
547.893 0.639506 0.00660168
548.24 0.649447 0.00700909
548.586 0.631441 0.00719865
548.932 0.625704 0.00727248
549.278 0.615458 0.00721781
549.624 0.621229 0.00721284
549.97 0.625662 0.00730627
550.316 0.621438 0.00742694
550.662 0.623972 0.00751864
551.008 0.594409 0.0069587
551.353 0.601663 0.00662698
551.699 0.623737 0.00659819
552.045 0.644296 0.00688665
552.391 0.629209 0.00694658
552.736 0.617943 0.00691554
553.082 0.615056 0.0069095
553.427 0.629104 0.00711147
553.773 0.63026 0.00735367
554.118 0.607333 0.00721913
554.464 0.602985 0.00700866
554.809 0.600193 0.00671471
555.154 0.62469 0.00675811
555.5 0.628875 0.00679608
555.845 0.636889 0.00710517
556.19 0.622 0.00721214
556.535 0.623442 0.00738264
556.88 0.609127 0.00717971
557.225 0.621716 0.00722665
557.57 0.627327 0.00740084
557.915 0.62991 0.00761711
558.26 0.619678 0.00764811
558.605 0.616474 0.00760125
558.95 0.609448 0.00739116
559.295 0.599873 0.00694182
559.639 0.608079 0.00672608
559.984 0.606806 0.00646224
560.329 0.62255 0.00652136
560.673 0.624205 0.00655269
561.018 0.628273 0.00676693
561.362 0.62741 0.00694255
561.707 0.62494 0.00710257
562.051 0.606842 0.00691365
562.395 0.607472 0.00682586
562.74 0.613965 0.00672608
563.084 0.614482 0.00664577
563.428 0.61566 0.00651323
563.772 0.618905 0.00656064
564.117 0.612979 0.0064814
564.461 0.620057 0.00649809
564.805 0.613812 0.0065216
565.149 0.610839 0.00647579
565.493 0.612819 0.00649622
565.836 0.607201 0.00634214
566.18 0.604123 0.0062336
566.524 0.590302 0.00574604
566.868 0.609821 0.00568367
567.212 0.616787 0.00561874
567.555 0.608976 0.0055125
567.899 0.594257 0.00519316
568.242 0.601669 0.00501207
568.586 0.590428 0.00464624
568.929 0.590011 0.00434749
569.273 0.599159 0.00414208
569.616 0.618725 0.00421511
569.96 0.605151 0.00408442
570.303 0.601514 0.00394559
570.646 0.609842 0.00392347
570.989 0.600198 0.00377177
571.333 0.615407 0.0038668
571.676 0.626579 0.00404758
572.019 0.623904 0.00436738
572.362 0.569931 0.0039386
572.705 0.57652 0.0036767
573.048 0.606329 0.00358898
573.391 0.600734 0.00345582
573.733 0.609331 0.00343211
574.076 0.60878 0.00339264
574.419 0.627442 0.00354922
574.762 0.618666 0.00371209
575.104 0.626449 0.00399854
575.447 0.576657 0.00378454
575.789 0.573546 0.00354771
576.132 0.601992 0.0034337
576.474 0.599342 0.00338779
576.817 0.589468 0.003108
577.159 0.604511 0.00297586
577.501 0.643396 0.0030943
577.844 0.646826 0.00332055
578.186 0.631161 0.00367918
578.528 0.589258 0.00370015
578.87 0.591117 0.00372216
579.212 0.583191 0.00357381
579.554 0.607045 0.00352966
579.896 0.607033 0.00355112
580.238 0.573263 0.003252
580.58 0.585426 0.00288741
580.922 0.639896 0.00290123
581.264 0.695632 0.00302486
581.606 0.653866 0.00306177
581.947 0.632321 0.00319597
582.289 0.622962 0.00352433
582.631 0.609023 0.00386523
582.972 0.588317 0.00405371
583.314 0.58047 0.0039822
583.655 0.578721 0.00384378
583.997 0.571019 0.00348522
584.338 0.591593 0.00329951
584.679 0.60482 0.00320093
585.021 0.634574 0.00336885
585.362 0.624774 0.00359176
585.703 0.614685 0.00383191
586.044 0.574094 0.00371703
586.385 0.578091 0.00352951
586.726 0.5934 0.00341535
587.067 0.629835 0.00365674
587.408 0.621324 0.00384019
587.749 0.609726 0.00398455
588.09 0.603895 0.00413074
588.431 0.617179 0.00442467
588.772 0.595295 0.00451946
589.113 0.586171 0.00440726
589.453 0.601926 0.00444187
589.794 0.619582 0.00466087
590.134 0.616783 0.00489847
590.475 0.602958 0.00495582
590.815 0.589709 0.00485572
591.156 0.606624 0.00493188
591.496 0.579303 0.00467262
591.837 0.561135 0.00395623
592.177 0.583793 0.00366569
592.517 0.618649 0.0036128
592.857 0.632657 0.00385203
593.198 0.625936 0.0040766
593.538 0.61706 0.00446509
593.878 0.584762 0.00448556
594.218 0.568438 0.00427985
594.558 0.595308 0.00421704
594.898 0.619835 0.00442423
595.237 0.627729 0.00472834
595.577 0.613394 0.00497597
595.917 0.595898 0.00514944
596.257 0.572821 0.0048372
596.596 0.584787 0.00476462
596.936 0.615958 0.0048088
597.276 0.613461 0.00498665
597.615 0.582843 0.00477445
597.955 0.556456 0.00410297
598.294 0.598211 0.00399125
598.633 0.623774 0.00408914
598.973 0.615013 0.00421337
599.312 0.588842 0.00411018
599.651 0.60704 0.00420629
599.991 0.604795 0.0042902
600.33 0.601472 0.00434451
600.669 0.603301 0.00447582
601.008 0.609657 0.00465486
601.347 0.595816 0.00475854
601.686 0.583885 0.00457308
602.025 0.598521 0.00466093
602.364 0.586071 0.00438241
602.702 0.600557 0.00437259
603.041 0.613489 0.00444869
603.38 0.620224 0.00468701
603.719 0.612233 0.00486885
604.057 0.594733 0.00493362
604.396 0.590648 0.00490888
604.734 0.567065 0.00459383
605.073 0.597896 0.00436395
605.411 0.61492 0.0044686
605.75 0.625665 0.00467204
606.088 0.603185 0.00482746
606.426 0.582489 0.00462762
606.764 0.594262 0.00460991
607.103 0.615151 0.00483886
607.441 0.603389 0.00495778
607.779 0.597534 0.00505328
608.117 0.594232 0.00500482
608.455 0.614617 0.00530584
608.793 0.58794 0.00523945
609.131 0.573685 0.00482848
609.469 0.598304 0.004812
609.806 0.622491 0.00497431
610.144 0.615803 0.00533605
610.482 0.584618 0.0052532
610.819 0.599413 0.00530761
611.157 0.598929 0.00533338
611.495 0.605793 0.00555185
611.832 0.595145 0.00551928
612.17 0.587998 0.00544613
612.507 0.599733 0.00543879
612.844 0.602293 0.00550764
613.182 0.594264 0.00548344
613.519 0.590795 0.00543375
613.856 0.599034 0.00545724
614.193 0.582235 0.00531233
614.53 0.591491 0.00524284
614.867 0.607174 0.00530614
615.205 0.61013 0.00558538
615.541 0.605393 0.00576471
615.878 0.588439 0.00592474
616.215 0.587239 0.00585827
616.552 0.596693 0.00596558
616.889 0.589985 0.00579576
617.226 0.602098 0.0057949
617.562 0.616 0.00604775
617.899 0.619274 0.00643001
618.235 0.608394 0.00670164
618.572 0.5891 0.00683884
618.908 0.572244 0.00650639
619.245 0.585246 0.00631136
619.581 0.60588 0.00630908
619.918 0.651197 0.00708414
620.254 0.632473 0.00787575
620.59 0.57712 0.00763648
620.926 0.567527 0.00706083
621.262 0.587415 0.00678449
621.599 0.615985 0.0069791
621.935 0.598568 0.00679313
622.271 0.594665 0.00651707
622.606 0.601786 0.00641432
622.942 0.62337 0.00669019
623.278 0.602789 0.00677058
623.614 0.580535 0.00633214
623.95 0.602844 0.00642683
624.285 0.611329 0.00659254
624.621 0.617238 0.0069842
624.957 0.594177 0.00706562
625.292 0.609027 0.00736969
625.628 0.599509 0.0075331
625.963 0.58825 0.00751156
626.299 0.58847 0.00735829
626.634 0.591017 0.0072585
626.969 0.619337 0.00756779
627.304 0.635965 0.00831255
627.64 0.607266 0.00871265
627.975 0.574636 0.00830575
628.31 0.573098 0.00784048
628.645 0.60766 0.00788877
628.98 0.61632 0.00811936
629.315 0.616618 0.00827697
629.65 0.602999 0.00825037
629.985 0.599133 0.00820075
630.319 0.617936 0.00869266
630.654 0.595772 0.0086326
630.989 0.60501 0.00865665
631.323 0.604195 0.00880067
631.658 0.626538 0.00932715
631.993 0.613151 0.0096265
632.327 0.597445 0.00953861
632.662 0.59152 0.00943978
632.996 0.603524 0.00932361
633.33 0.601728 0.00917191
633.665 0.620775 0.00964222
633.999 0.612354 0.0098675
634.333 0.595615 0.00972975
634.667 0.60592 0.00984751
635.001 0.606435 0.00961166
635.335 0.59904 0.00918936
635.669 0.603926 0.00888436
636.003 0.629099 0.00919389
636.337 0.636569 0.00971059
636.671 0.622231 0.0101021
637.005 0.600204 0.0101912
637.339 0.602391 0.0101646
637.672 0.587818 0.00967425
638.006 0.60529 0.00956491
638.339 0.616363 0.00979272
638.673 0.623729 0.0101647
639.006 0.621423 0.0104646
639.34 0.605517 0.0103241
639.673 0.612052 0.0105278
640.007 0.607208 0.0104597
640.34 0.619048 0.0107454
640.673 0.613713 0.0107805
641.006 0.60787 0.0108868
641.34 0.606493 0.0109929
641.673 0.616893 0.0113514
642.006 0.607515 0.0114589
642.339 0.603072 0.011215
642.672 0.619375 0.0112958
643.004 0.608796 0.0112628
643.337 0.633889 0.0118628
643.67 0.594411 0.0114843
644.003 0.609167 0.0115121
644.336 0.615046 0.011519
644.668 0.606579 0.0114189
645.001 0.615311 0.0116997
645.333 0.629294 0.0121228
645.666 0.62677 0.0123481
645.998 0.614184 0.0125026
646.331 0.615007 0.0127011
646.663 0.613926 0.0125593
646.995 0.586813 0.0115301
647.327 0.594977 0.010662
647.66 0.601609 0.0101345
647.992 0.617707 0.0101123
648.324 0.618244 0.0100793
648.656 0.615985 0.0102008
648.988 0.623998 0.0106756
649.32 0.63344 0.0115057
649.652 0.613625 0.0118556
649.983 0.61062 0.0120812
650.315 0.604748 0.0121004
650.647 0.589825 0.011676
650.979 0.594533 0.0111878
651.31 0.601769 0.0108228
651.642 0.614294 0.0106893
651.973 0.611496 0.0106578
652.305 0.612152 0.0106231
652.636 0.616079 0.0108048
652.967 0.606748 0.0109649
653.299 0.601888 0.0111755
653.63 0.588079 0.0109217
653.961 0.559367 0.00989503
654.292 0.46765 0.00694443
654.623 0.341224 0.00215007
654.955 0.899517 0.00342682
655.286 0.899462 0.00342661
655.616 0.899406 0.00342639
655.947 0.899349 0.00342618
656.278 0.899291 0.00342596
656.609 0.429315 0.00247715
656.94 0.377563 0.00307398
657.27 0.342583 0.00343288
657.601 0.360988 0.0040644
657.932 0.405924 0.00515511
658.262 0.464779 0.00671959
658.593 0.513095 0.00846915
658.923 0.552647 0.0102773
659.254 0.57586 0.0115886
659.584 0.596375 0.0125212
659.914 0.611223 0.0132742
660.244 0.608157 0.0135715
660.575 0.605515 0.013443
660.905 0.605071 0.013458
661.235 0.613302 0.0133596
661.565 0.613422 0.0132648
661.895 0.6169 0.0132264
662.225 0.620337 0.0134721
662.555 0.624742 0.0137076
662.884 0.616573 0.0134655
663.214 0.618091 0.0132961
663.544 0.623076 0.0132107
663.873 0.610848 0.0128866
664.203 0.619486 0.0128361
664.533 0.607479 0.0123668
664.862 0.624841 0.012455
665.192 0.625446 0.0128195
665.521 0.631304 0.0135786
665.85 0.618817 0.013843
666.18 0.618927 0.0144145
666.509 0.611041 0.0142373
666.838 0.613205 0.0139253
667.167 0.620338 0.0138262
667.496 0.642701 0.0143157
667.825 0.633519 0.0142846
668.154 0.622309 0.0141341
668.483 0.624098 0.0140582
668.812 0.630119 0.0138626
669.141 0.630221 0.0137255
669.47 0.635912 0.0136176
669.798 0.638182 0.0137814
670.127 0.624736 0.0136483
670.456 0.583237 0.0124414
670.784 0.578392 0.0111133
671.113 0.591766 0.0103187
671.441 0.616939 0.0100675
671.77 0.63003 0.0103427
672.098 0.634274 0.0107858
672.426 0.645502 0.012097
672.755 0.606163 0.0124642
673.083 0.596281 0.0125369
673.411 0.595359 0.0125022
673.739 0.613957 0.0128817
674.067 0.62662 0.0137012
674.395 0.615832 0.0135812
674.723 0.597826 0.0130328
675.051 0.618759 0.0130672
675.379 0.623687 0.0131083
675.706 0.642396 0.0134498
676.034 0.622744 0.0135413
676.362 0.612755 0.013497
676.689 0.587593 0.0124152
677.017 0.606983 0.0117898
677.344 0.616673 0.0114155
677.672 0.640758 0.0118358
677.999 0.61662 0.011752
678.327 0.59086 0.0112746
678.654 0.60337 0.0108976
678.981 0.609376 0.0106222
679.308 0.627462 0.0108646
679.636 0.639107 0.0114775
679.963 0.631745 0.0119824
680.29 0.600638 0.0117154
680.617 0.594912 0.0114424
680.944 0.603664 0.0113552
681.271 0.633668 0.0119692
681.597 0.633633 0.0127783
681.924 0.622047 0.0134846
682.251 0.597764 0.0131668
682.578 0.588134 0.0123739
682.904 0.591756 0.0115817
683.231 0.604398 0.0112392
683.557 0.612054 0.0110569
683.884 0.607363 0.0107002
684.21 0.606477 0.010442
684.536 0.603311 0.0100744
684.863 0.608191 0.00996304
685.189 0.62058 0.0102338
685.515 0.621322 0.0107942
685.841 0.598716 0.010943
686.167 0.582359 0.0108032
686.493 0.602768 0.0108595
686.819 0.602577 0.0109194
687.145 0.620084 0.0115606
687.471 0.621042 0.0124416
687.797 0.601933 0.0126596
688.123 0.598707 0.0125488
688.448 0.583087 0.0119778
688.774 0.610493 0.0118877
689.1 0.61827 0.0121657
689.425 0.623012 0.0127246
689.751 0.61037 0.0127987
690.076 0.583272 0.0118146
690.402 0.582676 0.0110326
690.727 0.606079 0.0109046
691.052 0.633971 0.0114451
691.377 0.608793 0.0115522
691.703 0.607077 0.011828
692.028 0.601212 0.0117774
692.353 0.603649 0.0115517
692.678 0.617046 0.011769
693.003 0.641076 0.012452
693.328 0.630906 0.0132649
693.652 0.614876 0.0136865
693.977 0.57939 0.0129682
694.302 0.573695 0.0121675
694.627 0.620444 0.0124767
694.951 0.630507 0.0130297
695.276 0.642768 0.014422
695.6 0.595195 0.0141114
695.925 0.552771 0.0119355
696.249 0.581099 0.0107906
696.574 0.611812 0.0104932
696.898 0.654435 0.0113466
697.222 0.632583 0.0117913
697.546 0.614657 0.0120907
697.871 0.596463 0.0121614
698.195 0.603495 0.0123225
698.519 0.609915 0.0127013
698.843 0.606328 0.0130264
699.167 0.614208 0.0136034
699.491 0.616297 0.0141455
699.814 0.611699 0.0142066
700.138 0.607492 0.0142009
700.462 0.623065 0.0146195
700.786 0.604297 0.0142064
701.109 0.590895 0.0137018
701.433 0.612419 0.013466
701.756 0.627797 0.0131473
702.08 0.626607 0.013136
702.403 0.623719 0.0133726
702.726 0.63316 0.0140452
703.05 0.612531 0.0141517
703.373 0.622333 0.0144308
703.696 0.615819 0.0143671
704.019 0.629032 0.0150271
704.342 0.642726 0.0157438
704.665 0.631106 0.016245
704.988 0.612604 0.0159004
705.311 0.602426 0.0147988
705.634 0.573824 0.0129679
705.957 0.59746 0.0119844
706.28 0.601698 0.0111414
706.602 0.628958 0.0112729
706.925 0.621729 0.0114436
707.247 0.627006 0.01195
707.57 0.610548 0.0122572
707.892 0.610444 0.0126744
708.215 0.627534 0.0134785
708.537 0.606412 0.0135759
708.859 0.58986 0.0134659
709.182 0.586587 0.0132894
709.504 0.598544 0.0130709
709.826 0.612791 0.0130595
710.148 0.620854 0.0131982
710.47 0.638386 0.0137636
710.792 0.624497 0.0141161
711.114 0.620398 0.0145413
711.436 0.624489 0.0149138
711.758 0.599439 0.0143752
712.079 0.602912 0.014252
712.401 0.599544 0.0135109
712.723 0.599922 0.0130245
713.044 0.597983 0.0122509
713.366 0.617694 0.0123125
713.687 0.631351 0.012549
714.009 0.608987 0.0126592
714.33 0.612758 0.0129831
714.652 0.611778 0.0133414
714.973 0.612863 0.0138159
715.294 0.615799 0.0145612
715.615 0.632807 0.0157048
715.936 0.608994 0.0156324
716.257 0.6115 0.0158153
716.578 0.637139 0.0162519
716.899 0.629328 0.0157919
717.22 0.61037 0.0145489
717.541 0.606186 0.0141103
717.862 0.636165 0.0144065
718.182 0.617031 0.0141602
718.503 0.614717 0.0138265
718.824 0.639732 0.0143059
719.144 0.628946 0.0144115
719.465 0.620196 0.0146378
719.785 0.59441 0.0140346
720.105 0.608017 0.0140079
720.426 0.604152 0.0137901
720.746 0.629982 0.0143207
721.066 0.609985 0.014117
721.386 0.612052 0.0142857
721.706 0.629872 0.0149137
722.026 0.625238 0.015253
722.346 0.630721 0.0154472
722.666 0.62348 0.0151573
722.986 0.621956 0.0147632
723.306 0.619107 0.0148444
723.626 0.639045 0.0153806
723.946 0.610359 0.0150013
724.265 0.58785 0.0139351
724.585 0.586487 0.013185
724.904 0.627755 0.0135396
725.224 0.631273 0.0136138
725.543 0.61855 0.0134731
725.863 0.618674 0.0136035
726.182 0.639327 0.0143901
726.501 0.604663 0.0142151
726.82 0.600387 0.014258
727.14 0.595911 0.0136546
727.459 0.61236 0.0134242
727.778 0.60204 0.0132316
728.097 0.619863 0.0136096
728.416 0.59409 0.0131731
728.734 0.589673 0.0127068
729.053 0.611348 0.0128114
729.372 0.607051 0.0127399
729.691 0.584089 0.0121818
730.009 0.590605 0.0116606
730.328 0.594842 0.011358
730.647 0.608403 0.0114999
730.965 0.617869 0.011995
731.283 0.616752 0.0124344
731.602 0.595306 0.0123586
731.92 0.583785 0.0120209
732.238 0.583175 0.0117253
732.557 0.602174 0.0118056
732.875 0.587665 0.0113798
733.193 0.573048 0.0105673
733.511 0.598454 0.0105522
733.829 0.610568 0.0109781
734.147 0.62076 0.0117974
734.465 0.591946 0.0120444
734.782 0.590602 0.0120198
735.1 0.569151 0.0114689
735.418 0.597255 0.011739
735.735 0.596953 0.0117714
736.053 0.585232 0.0115261
736.371 0.596497 0.0117567
736.688 0.601725 0.0122384
737.005 0.61026 0.0130757
737.323 0.595446 0.01341
737.64 0.584266 0.0132987
737.957 0.565946 0.0124092
738.274 0.565364 0.0113837
738.592 0.603617 0.0114762
738.909 0.614525 0.0118711
739.226 0.622716 0.0130156
739.543 0.612659 0.0139159
739.86 0.609475 0.0146867
740.176 0.601919 0.0149743
740.493 0.616279 0.0156094
740.81 0.592798 0.0153574
741.127 0.587094 0.0151219
741.443 0.584841 0.0143008
741.76 0.601226 0.0140192
742.076 0.619791 0.01436
742.393 0.638975 0.0153627
742.709 0.630899 0.0161103
743.025 0.611377 0.0161513
743.342 0.595973 0.0158
743.658 0.622076 0.0158317
743.974 0.602945 0.0151553
744.29 0.620411 0.0153575
744.606 0.623871 0.0155649
744.922 0.6077 0.0153893
745.238 0.60504 0.0154023
745.554 0.608093 0.0158147
745.87 0.614625 0.0160669
746.186 0.59041 0.0150984
746.501 0.597411 0.0146289
746.817 0.626396 0.0152182
747.132 0.64173 0.0165338
747.448 0.616086 0.0168365
747.763 0.58129 0.0161099
748.079 0.578866 0.0154073
748.394 0.599614 0.0146182
748.71 0.59286 0.0135324
749.025 0.583715 0.0126421
749.34 0.603829 0.0126909
749.655 0.611941 0.0130554
749.97 0.606439 0.0134644
750.285 0.58252 0.013237
750.6 0.577746 0.0129009
750.915 0.581557 0.0126217
751.23 0.604847 0.0131254
751.545 0.59932 0.0136022
751.859 0.584787 0.0139424
752.174 0.571759 0.0139472
752.489 0.565935 0.0131774
752.803 0.575161 0.0124869
753.118 0.591221 0.0125651
753.432 0.604261 0.013129
753.747 0.590137 0.0134556
754.061 0.565708 0.0127277
754.375 0.573498 0.0122787
754.689 0.570138 0.0118616
755.004 0.591099 0.0120582
755.318 0.573088 0.0116143
755.632 0.561921 0.0109396
755.946 0.568149 0.0108013
756.26 0.552733 0.0101775
756.573 0.565333 0.00984794
756.887 0.55803 0.00948627
757.201 0.575682 0.00983961
757.515 0.588513 0.0108978
757.828 0.56784 0.0114806
758.142 0.541967 0.0111788
758.455 0.526629 0.0102338
758.769 0.547927 0.00988559
759.082 0.547175 0.00961008
759.396 0.554386 0.00952781
759.709 0.556513 0.00947204
760.022 0.565977 0.00963655
760.335 0.580492 0.0102723
760.648 0.568562 0.0109266
760.962 0.563429 0.0116752
761.275 0.545798 0.0120604
761.587 0.534717 0.0120927
761.9 0.551793 0.0123154
762.213 0.536699 0.0117491
762.526 0.561386 0.0115828
762.839 0.556842 0.0114897
763.151 0.550601 0.0110951
763.464 0.543575 0.0104269
763.776 0.540459 0.00965743
764.089 0.570483 0.0097125
764.401 0.566587 0.0100232
764.714 0.564858 0.0105965
765.026 0.555899 0.0112202
765.338 0.551002 0.0118942
765.65 0.558733 0.0128915
765.962 0.551878 0.0134078
766.275 0.536037 0.0136867
766.587 0.532302 0.013684
766.898 0.5312 0.0132311
767.21 0.549417 0.0126606
767.522 0.537113 0.0116147
767.834 0.552001 0.0113432
768.146 0.577132 0.0116823
768.457 0.588375 0.0125164
768.769 0.571017 0.0129869
769.08 0.539684 0.0126826
769.392 0.557828 0.0124278
769.703 0.554156 0.0117458
770.015 0.554046 0.0112965
770.326 0.569617 0.0114764
770.637 0.57072 0.0119029
770.948 0.583706 0.0129164
771.26 0.545822 0.0132749
771.571 0.557666 0.0135652
771.882 0.544916 0.0130834
772.193 0.572369 0.0135448
772.504 0.569159 0.0138447
772.814 0.574202 0.0141834
773.125 0.559966 0.0142964
773.436 0.55401 0.0146286
773.747 0.565659 0.0151144
774.057 0.57253 0.0155312
774.368 0.580079 0.0158791
774.678 0.58504 0.0163626
774.989 0.572931 0.0164465
775.299 0.586205 0.0171958
775.609 0.564751 0.01669
775.919 0.593423 0.0169681
776.23 0.611929 0.0172515
776.54 0.593686 0.0168485
776.85 0.583063 0.0168726
777.16 0.567396 0.0161499
777.47 0.563981 0.0152647
777.78 0.571291 0.0146863
778.089 0.559941 0.0138088
778.399 0.569483 0.0138378
778.709 0.584602 0.0146671
779.019 0.592847 0.0157404
779.328 0.582296 0.0164437
779.638 0.544781 0.0156949
779.947 0.537645 0.0142132
780.257 0.547016 0.0130782
780.566 0.552106 0.0126472
780.875 0.567848 0.0131193
781.185 0.580252 0.0141029
781.494 0.538825 0.0138147
781.803 0.563202 0.0145011
782.112 0.558936 0.0146575
782.421 0.552415 0.0143803
782.73 0.54664 0.0139282
783.039 0.572201 0.014431
783.348 0.585473 0.0157625
783.656 0.562119 0.0162934
783.965 0.546559 0.0163073
784.274 0.5429 0.0156352
784.582 0.569725 0.0155193
784.891 0.567012 0.015391
785.199 0.572612 0.0157011
785.508 0.574618 0.0161618
785.816 0.596895 0.0167716
786.124 0.554889 0.0158138
786.432 0.563572 0.0151544
786.741 0.563111 0.0145692
787.049 0.579088 0.0146872
787.357 0.581914 0.0149483
787.665 0.547107 0.014407
787.973 0.557751 0.0146788
788.281 0.567354 0.0151129
788.588 0.567014 0.0159127
788.896 0.573216 0.0169945
789.204 0.55979 0.0174766
789.511 0.57163 0.0177083
789.819 0.586253 0.0182602
790.126 0.582412 0.0182079
790.434 0.587272 0.0182796
790.741 0.589733 0.0182716
791.049 0.573378 0.0179974
791.356 0.591011 0.0188651
791.663 0.583328 0.0190802
791.97 0.5991 0.0193867
792.277 0.581308 0.0187419
792.584 0.565446 0.0175097
792.891 0.541906 0.0151612
793.198 0.557252 0.0142713
793.505 0.56325 0.0140672
793.812 0.574279 0.014606
794.119 0.559762 0.0147518
794.425 0.555626 0.0151337
794.732 0.563061 0.015929
795.038 0.584122 0.0179243
795.345 0.557541 0.0188314
795.651 0.563903 0.019954
795.958 0.561794 0.0199571
796.264 0.55003 0.0184271
796.57 0.561897 0.0179435
796.876 0.602085 0.0184145
797.183 0.600045 0.0187232
797.489 0.57859 0.0191401
797.795 0.588622 0.019478
798.101 0.586494 0.0193568
798.406 0.584728 0.0194302
798.712 0.617654 0.0205597
799.018 0.59129 0.0204304
799.324 0.592595 0.0205066
799.629 0.607858 0.0208627
799.935 0.59618 0.0208146
800.24 0.633566 0.0218654
800.546 0.607562 0.0214193
800.851 0.611068 0.0216766
801.157 0.623182 0.0228281
801.462 0.626661 0.0231138
801.767 0.637018 0.0234149
802.072 0.603383 0.0219043
802.377 0.641715 0.0217376
802.682 0.621813 0.0210531
802.987 0.636637 0.0218942
803.292 0.618613 0.0221339
803.597 0.619629 0.0223406
803.902 0.633721 0.0225364
804.207 0.625371 0.0222473
804.511 0.616755 0.0217549
804.816 0.56859 0.0196263
805.12 0.550802 0.018049
805.425 0.561508 0.0171644
805.729 0.582182 0.0176145
806.034 0.57843 0.0182372
806.338 0.614025 0.0198609
806.642 0.575762 0.0197218
806.946 0.555388 0.0191738
807.251 0.585627 0.0198698
807.555 0.577455 0.0194167
807.859 0.567084 0.0190955
808.162 0.593561 0.0201031
808.466 0.615957 0.0211759
808.77 0.62152 0.0218349
809.074 0.639487 0.0229057
809.378 0.607979 0.0223732
809.681 0.611498 0.0222612
809.985 0.639248 0.0231288
810.288 0.638836 0.0233793
810.592 0.630009 0.0230431
810.895 0.618816 0.0233799
811.198 0.680206 0.0255961
811.502 0.657504 0.0255313
811.805 0.663901 0.02636
812.108 0.606176 0.0240411
812.411 0.64422 0.0240499
812.714 0.618543 0.0219574
813.017 0.606601 0.0205781
813.32 0.597332 0.0203899
813.623 0.623542 0.0214906
813.926 0.634125 0.0232421
814.228 0.670342 0.0251745
814.531 0.669567 0.0259667
814.833 0.622546 0.0248458
815.136 0.621325 0.0249724
815.438 0.673377 0.026294
815.741 0.60561 0.0239019
816.043 0.649836 0.0244581
816.345 0.603607 0.0234136
816.648 0.647432 0.0244462
816.95 0.641083 0.0246995
817.252 0.654998 0.0255269
817.554 0.628676 0.0250622
817.856 0.639579 0.0258185
818.158 0.635413 0.0259577
818.46 0.668684 0.0273039
818.761 0.657865 0.0269834
819.063 0.662763 0.0266136
819.365 0.667785 0.025925
819.666 0.577982 0.0229129
819.968 0.618109 0.0229132
820.269 0.608345 0.0224859
820.571 0.639673 0.0236621
820.872 0.632697 0.0244226
821.173 0.66146 0.0259636
821.475 0.694682 0.0276314
821.776 0.680111 0.0271986
822.077 0.674648 0.0269313
822.378 0.639012 0.0263933
822.679 0.699334 0.0280628
822.98 0.653223 0.02687
823.281 0.690602 0.0285241
823.581 0.691134 0.0282472
823.882 0.733082 0.0294641
824.183 0.673912 0.0279634
824.483 0.665671 0.0268037
824.784 0.628124 0.0249673
825.084 0.662774 0.0261064
825.385 0.708353 0.027343
825.685 0.712341 0.0280096
825.985 0.688866 0.0273087
826.286 0.672761 0.0266169
826.586 0.648924 0.0256283
826.886 0.658814 0.0258709
827.186 0.618459 0.025434
827.486 0.693625 0.02784
827.786 0.677413 0.027932
828.086 0.672172 0.0275441
828.386 0.655039 0.0268355
828.685 0.644112 0.0264635
828.985 0.675988 0.0279205
829.285 0.68436 0.0282868
829.584 0.674491 0.0285359
829.884 0.687809 0.0292555
830.183 0.744594 0.0320259
830.482 0.723082 0.0312155
830.782 0.706124 0.0309784
831.081 0.75021 0.0331394
831.38 0.698204 0.0309364
831.679 0.750575 0.0321484
831.978 0.725951 0.0316671
832.277 0.699345 0.0300797
832.576 0.712119 0.0297822
832.875 0.725707 0.0300467
833.174 0.674147 0.0287779
833.472 0.692517 0.029388
833.771 0.730736 0.0305988
834.07 0.728949 0.0298351
834.368 0.685062 0.0292061
834.667 0.744034 0.031241
834.965 0.732446 0.0314621
835.263 0.759396 0.0320789
835.562 0.726243 0.031385
835.86 0.704593 0.0306284
836.158 0.70681 0.0310255
836.456 0.744136 0.0326727
836.754 0.757783 0.0328788
837.052 0.807523 0.0350185
837.35 0.740485 0.0328832
837.648 0.774709 0.0340806
837.946 0.778894 0.0344636
838.243 0.808755 0.0351281
838.541 0.767645 0.0333246
838.839 0.755083 0.0330992
839.136 0.760099 0.0331391
839.434 0.767071 0.0330883
839.731 0.809356 0.0349029
840.028 0.75354 0.0329063
840.326 0.767596 0.0336293
840.623 0.769535 0.033641
840.92 0.764857 0.0338615
841.217 0.81425 0.0359185
841.514 0.763822 0.0349829
841.811 0.753345 0.0335953
842.108 0.800985 0.0356596
842.405 0.780536 0.0354643
842.701 0.803896 0.0361569
842.998 0.724379 0.0332655
843.295 0.79079 0.0355168
843.591 0.806075 0.0359368
843.888 0.780435 0.0349518
844.184 0.772434 0.0349736
844.481 0.763391 0.034198
844.777 0.772201 0.0345633
845.073 0.788347 0.035186
845.369 0.80197 0.0358448
845.665 0.848971 0.0374192
845.962 0.774609 0.0350416
846.258 0.838077 0.0371548
846.553 0.810048 0.0365812
846.849 0.821314 0.0368982
847.145 0.785092 0.034903
847.441 0.757561 0.0344913
847.737 0.787557 0.034876
848.032 0.778347 0.0353338
848.328 0.830522 0.0366667
848.623 0.815597 0.0368209
848.919 0.748099 0.0344786
849.214 0.744778 0.0340096
849.509 0.764893 0.0349799
849.805 0.818098 0.0369018
850.1 0.877289 0.0390679
850.395 0.814124 0.0375105
850.69 0.807584 0.0376194
850.985 0.782292 0.0357118
851.28 0.749653 0.0348138
851.575 0.815084 0.0367446
851.869 0.816995 0.036662
852.164 0.774252 0.0351584
852.459 0.746068 0.0335658
852.753 0.796243 0.0341937
853.048 0.691436 0.0302107
853.342 0.695162 0.0300818
853.637 0.72649 0.0313046
853.931 0.71323 0.0306849
854.225 0.68063 0.0298436
854.52 0.730694 0.0320739
854.814 0.742388 0.032437
855.108 0.677694 0.0299859
855.402 0.721062 0.0314964
855.696 0.731143 0.0326237
855.99 0.771119 0.0340441
856.283 0.734785 0.0325031
856.577 0.76024 0.0338172
856.871 0.751632 0.0333594
857.164 0.754754 0.0337922
857.458 0.795652 0.0358482
857.751 0.747939 0.0341539
858.045 0.760126 0.0340132
858.338 0.756177 0.034479
858.632 0.722808 0.032938
858.925 0.745989 0.0343402
859.218 0.77612 0.0348777
859.511 0.827972 0.0375317
859.804 0.846492 0.0375696
860.097 0.813885 0.035863
860.39 0.858083 0.0379045
860.683 0.822109 0.0369443
860.976 0.777894 0.036225
861.268 0.777693 0.0356605
861.561 0.839102 0.0381032
861.854 0.819552 0.0387787
862.146 0.780787 0.0365061
862.439 0.751272 0.0356157
862.731 0.779683 0.0353944
863.023 0.778026 0.0365021
863.316 0.783957 0.0359799
863.608 0.792174 0.036357
863.9 0.806447 0.0367064
864.192 0.787627 0.0354152
864.484 0.812974 0.0368413
864.776 0.820224 0.0373335
865.068 0.841538 0.0375814
865.36 0.782199 0.0361375
865.651 0.829316 0.0381873
865.943 0.817202 0.0372067
866.235 0.80997 0.0372295
866.526 0.837833 0.0388849
866.818 0.776348 0.0361754
867.109 0.807969 0.0366785
867.4 0.817765 0.0376104
867.692 0.824746 0.0379769
867.983 0.8069 0.0372001
868.274 0.843745 0.0385171
868.565 0.794628 0.0369024
868.856 0.845948 0.0383245
869.147 0.806591 0.037321
869.438 0.834901 0.037868
869.729 0.837033 0.0381432
870.02 0.888358 0.0408446
870.31 0.831301 0.0382787
870.601 0.823063 0.0375398
870.892 0.817186 0.0370215
871.182 0.768326 0.0357465
871.473 0.820814 0.0377506
871.763 0.813364 0.0366779
872.053 0.803822 0.0368916
872.343 0.805176 0.0368657
872.634 0.816557 0.0374986
872.924 0.761415 0.0354907
873.214 0.8237 0.0376692
873.504 0.872573 0.0392911
873.794 0.89456 0.040777
874.084 0.89833 0.0407449
874.373 0.800349 0.0374909
874.663 0.776668 0.0360574
874.953 0.863192 0.0392774
875.242 0.857375 0.0386178
875.532 0.795763 0.0368987
875.821 0.806673 0.0373817
876.111 0.793243 0.0369286
876.4 0.804699 0.0376595
876.689 0.813795 0.0376201
876.978 0.771913 0.0366528
877.268 0.793993 0.0372393
877.557 0.841838 0.0387874
877.846 0.822096 0.0382015
878.134 0.881209 0.0399101
878.423 0.881371 0.0399174
878.712 0.881533 0.0399248
