178.41 0.87503 0.144697
178.791 0.88057 0.145613
179.172 0.886071 0.146523
179.553 0.540278 0.540278
179.934 0.809048 0.809048
180.316 0.653445 0.653445
180.697 0.528816 0.528816
181.078 0.980469 0.980469
181.459 0.359409 0.359409
181.84 0.492194 0.492194
182.221 3.06654 3.06654
182.602 0.156664 0.156664
182.983 2.58137 0.727509
183.364 0.86402 0.164942
183.744 0.616792 0.0879876
184.125 0.488395 0.0679178
184.506 0.526713 0.0577794
184.887 0.595697 0.0547942
185.268 0.586374 0.0468022
185.648 0.496588 0.0416933
186.029 0.581602 0.0430379
186.41 0.600636 0.042593
186.791 0.569837 0.0398702
187.171 0.54533 0.0333612
187.552 0.5795 0.0279802
187.932 0.6406 0.0299549
188.313 0.574417 0.0264928
188.694 0.582427 0.0266616
189.074 0.540731 0.0247677
189.455 0.557377 0.0244482
189.835 0.619194 0.0264959
190.216 0.611672 0.0256406
190.596 0.586155 0.0240211
190.977 0.570496 0.023514
191.357 0.624945 0.0246832
191.737 0.647635 0.0248134
192.118 0.626915 0.0242935
192.498 0.605627 0.0231368
192.878 0.631237 0.0238026
193.258 0.610861 0.0230113
193.639 0.600351 0.0225295
194.019 0.629713 0.0232772
194.399 0.646622 0.0233842
194.779 0.596056 0.0215515
195.159 0.636704 0.0229198
195.54 0.617983 0.0219037
195.92 0.622964 0.0220568
196.3 0.62283 0.0217349
196.68 0.644201 0.022215
197.06 0.617302 0.0216165
197.44 0.634437 0.0217041
197.82 0.623479 0.0213469
198.2 0.644737 0.0216976
198.58 0.622676 0.0207604
198.959 0.611667 0.0205388
199.339 0.628173 0.0209044
199.719 0.640571 0.0207053
200.099 0.655974 0.0210031
200.479 0.659803 0.0210048
200.858 0.659332 0.0206877
201.238 0.651286 0.0202399
201.618 0.680295 0.0209179
201.998 0.655178 0.0200366
202.377 0.666361 0.0202065
202.757 0.679009 0.0201294
203.136 0.674204 0.0199279
203.516 0.671788 0.019596
203.896 0.675709 0.0194111
204.275 0.642534 0.0185551
204.655 0.671111 0.0189992
205.034 0.659551 0.0186134
205.414 0.678782 0.0186464
205.793 0.682044 0.0185237
206.172 0.680317 0.018517
206.552 0.666867 0.0180205
206.931 0.676081 0.0178664
207.31 0.668578 0.0175756
207.69 0.684534 0.017642
208.069 0.679037 0.0173385
208.448 0.679176 0.0171218
208.827 0.683434 0.0170767
209.207 0.705116 0.0173001
209.586 0.676907 0.0165071
209.965 0.705993 0.0168047
210.344 0.689662 0.0163669
210.723 0.695524 0.0162344
211.102 0.697949 0.0159814
211.481 0.717085 0.0161135
211.86 0.699921 0.015761
212.239 0.709529 0.0157085
212.618 0.712324 0.0155119
212.997 0.716835 0.0153071
213.376 0.716398 0.0152477
213.755 0.718002 0.0150504
214.134 0.718057 0.0148471
214.513 0.723998 0.0146671
214.891 0.732179 0.0146512
215.27 0.723915 0.0142944
215.649 0.738159 0.0143157
216.028 0.72758 0.0139673
216.406 0.73461 0.0138884
216.785 0.744415 0.0137533
217.164 0.733413 0.0135146
217.542 0.732841 0.0132261
217.921 0.734142 0.0130683
218.3 0.756377 0.0132178
218.678 0.75191 0.0129714
219.057 0.747761 0.0127052
219.435 0.742685 0.012454
219.814 0.757939 0.0124885
220.192 0.753249 0.0122491
220.57 0.763839 0.0121903
220.949 0.757896 0.011939
221.327 0.752594 0.0116994
221.705 0.764472 0.0116706
222.084 0.755679 0.0113516
222.462 0.770241 0.0113239
222.84 0.767043 0.0112071
223.218 0.756876 0.0108554
223.597 0.767257 0.0108191
223.975 0.763339 0.0105972
224.353 0.76738 0.0105085
224.731 0.774335 0.0103859
225.109 0.763541 0.0101049
225.487 0.764523 0.00996769
225.865 0.768435 0.00984034
226.243 0.776428 0.00976581
226.621 0.78117 0.00966658
226.999 0.766631 0.00938003
227.377 0.779891 0.00936894
227.755 0.776786 0.00922828
228.133 0.785886 0.00916429
228.511 0.782857 0.00903776
228.889 0.778181 0.00883842
229.266 0.779403 0.00876142
229.644 0.784488 0.00861691
230.022 0.785233 0.0085094
230.4 0.780847 0.00840563
230.777 0.784861 0.00834702
231.155 0.794542 0.00828917
231.533 0.787182 0.00813388
231.91 0.784873 0.00801199
232.288 0.794479 0.00798449
232.665 0.788237 0.00785068
233.043 0.796308 0.00781628
233.42 0.787929 0.00766996
233.798 0.794167 0.00764396
234.175 0.791174 0.00753016
234.553 0.792005 0.0074539
234.93 0.790417 0.00737184
235.307 0.79685 0.00734182
235.685 0.797915 0.00728674
236.062 0.792613 0.00717763
236.439 0.801158 0.00718053
236.816 0.79976 0.00708653
237.194 0.803224 0.00702667
237.571 0.802254 0.00696128
237.948 0.806563 0.00694307
238.325 0.804115 0.0068558
238.702 0.803591 0.0068131
239.079 0.803331 0.00674441
239.456 0.80209 0.00669418
239.833 0.809177 0.00668033
240.21 0.809941 0.00662174
240.587 0.811093 0.00659576
240.964 0.816032 0.00656183
241.341 0.812687 0.00649304
241.718 0.808546 0.00641518
242.095 0.814651 0.00643743
242.472 0.812437 0.00637771
242.849 0.815153 0.00634068
243.225 0.81455 0.00628308
243.602 0.81483 0.00625251
243.979 0.815502 0.00623348
244.356 0.817678 0.00621617
244.732 0.819706 0.00616049
245.109 0.817554 0.00610932
245.486 0.82083 0.00611303
245.862 0.823018 0.00609094
246.239 0.818869 0.00601364
246.615 0.825219 0.00602597
246.992 0.822256 0.00597109
247.368 0.826526 0.00598653
247.745 0.828414 0.00594283
248.121 0.82997 0.00590786
248.497 0.82565 0.00588294
248.874 0.828565 0.00585762
249.25 0.82393 0.00578981
249.626 0.828805 0.00579731
250.003 0.82607 0.00575377
250.379 0.823532 0.00568899
250.755 0.831498 0.00572139
251.131 0.827105 0.0056662
251.507 0.831054 0.00567215
251.884 0.832349 0.00563759
252.26 0.836685 0.0056537
252.636 0.831237 0.00558396
253.012 0.832144 0.00556664
253.388 0.838714 0.00557174
253.764 0.840083 0.00555348
254.14 0.83184 0.00551302
254.516 0.839463 0.00553067
254.892 0.833479 0.00548304
255.268 0.84063 0.00550066
255.643 0.837326 0.00546679
256.019 0.845418 0.00548908
256.395 0.84071 0.00546235
256.771 0.839446 0.00541845
257.147 0.840955 0.00541716
257.522 0.841639 0.00541077
257.898 0.846114 0.00541622
258.274 0.843944 0.00539528
258.649 0.845438 0.00539675
259.025 0.840357 0.00535095
259.4 0.844857 0.00536235
259.776 0.843831 0.00534255
260.151 0.854186 0.0053933
260.527 0.845711 0.00534256
260.902 0.84827 0.00533609
261.278 0.848839 0.0053266
261.653 0.845568 0.00531618
262.028 0.85046 0.00533667
262.404 0.849591 0.00530948
262.779 0.846411 0.00528627
263.154 0.852305 0.00529529
263.53 0.850825 0.00527626
263.905 0.847335 0.00527565
264.28 0.848552 0.0052767
264.655 0.847691 0.00525869
265.03 0.845543 0.00526823
265.405 0.85058 0.0052663
265.781 0.851526 0.00527548
266.156 0.853102 0.0052747
266.531 0.847201 0.00522868
266.906 0.852462 0.00527386
267.281 0.85262 0.00524825
267.655 0.852088 0.00526623
268.03 0.853956 0.00527493
268.405 0.850386 0.00525689
268.78 0.855354 0.0052721
269.155 0.855873 0.00526196
269.53 0.85735 0.00528467
269.904 0.858024 0.00528078
270.279 0.859315 0.00528811
270.654 0.856317 0.00526386
271.029 0.854088 0.00526697
271.403 0.853056 0.00524891
271.778 0.856708 0.00527508
272.152 0.856699 0.00528007
272.527 0.85795 0.00527929
272.901 0.8581 0.00525909
273.276 0.856933 0.00524353
273.65 0.865007 0.00528473
274.025 0.860031 0.00525582
274.399 0.859631 0.00527978
274.774 0.861928 0.00527461
275.148 0.861218 0.00525576
275.522 0.861481 0.00527063
275.897 0.863071 0.00527264
276.271 0.861831 0.00527411
276.645 0.867862 0.0052772
277.019 0.861786 0.00524445
277.393 0.858721 0.00522098
277.768 0.862759 0.005258
278.142 0.861585 0.00524915
278.516 0.861577 0.00525838
278.89 0.862608 0.00525114
279.264 0.861863 0.00526572
279.638 0.860265 0.00523538
280.012 0.859571 0.00524247
280.386 0.863205 0.00528101
280.76 0.860033 0.00525127
281.133 0.865647 0.00527803
281.507 0.860196 0.00525717
281.881 0.865006 0.00525979
282.255 0.866455 0.00527157
282.629 0.869432 0.00529595
283.002 0.865099 0.00528558
283.376 0.861356 0.00525971
283.75 0.864087 0.00528592
284.123 0.862847 0.0052637
284.497 0.863249 0.00527452
284.87 0.869344 0.00529852
285.244 0.867861 0.00528425
285.618 0.862376 0.00528106
285.991 0.866213 0.00531514
286.364 0.868281 0.0053195
286.738 0.868663 0.00531968
287.111 0.874442 0.00533961
287.485 0.866752 0.00531908
287.858 0.872687 0.00535719
288.231 0.865862 0.00532684
288.605 0.868887 0.00535077
288.978 0.865494 0.00532894
289.351 0.868341 0.00536544
289.724 0.867473 0.00536257
290.097 0.866317 0.0053654
290.47 0.869862 0.00539373
290.843 0.870589 0.00539409
291.217 0.868177 0.00538768
291.59 0.867144 0.00542178
291.963 0.870365 0.00541986
292.336 0.871191 0.00543976
292.708 0.867871 0.00543973
293.081 0.880016 0.00550287
293.454 0.872221 0.00545431
293.827 0.86911 0.00546075
294.2 0.873077 0.00550889
294.573 0.869178 0.00547904
294.945 0.869247 0.00551163
295.318 0.873682 0.00552354
295.691 0.87748 0.00554902
296.064 0.873217 0.00554567
296.436 0.869294 0.0055293
296.809 0.870044 0.00551682
297.181 0.873994 0.005559
297.554 0.871419 0.00555929
297.926 0.87534 0.00557621
298.299 0.875219 0.00558177
298.671 0.871372 0.00554524
299.044 0.880543 0.00560489
299.416 0.876854 0.0056016
299.788 0.87224 0.00557817
300.161 0.875279 0.00561246
300.533 0.875667 0.00560588
300.905 0.8714 0.00557092
301.278 0.876083 0.0055976
301.65 0.877376 0.00559545
302.022 0.875965 0.00560314
302.394 0.876166 0.00561282
302.766 0.875341 0.00560227
303.138 0.874529 0.00562168
303.51 0.873598 0.00560405
303.882 0.875771 0.00560398
304.254 0.874241 0.00561008
304.626 0.873878 0.00559207
304.998 0.876508 0.00559881
305.37 0.874709 0.00562432
305.742 0.87647 0.00560888
306.114 0.87436 0.00559971
306.485 0.8757 0.00560525
306.857 0.873793 0.00559514
307.229 0.878149 0.00562867
307.601 0.878092 0.00562695
307.972 0.876445 0.00561589
308.344 0.86945 0.00558642
308.716 0.878403 0.00563827
309.087 0.870783 0.0056067
309.459 0.873881 0.00562519
309.83 0.877212 0.00563664
310.202 0.875575 0.00562222
310.573 0.879135 0.00563693
310.945 0.876029 0.00562306
311.316 0.875303 0.00564762
311.687 0.872378 0.00561557
312.059 0.880286 0.00566075
312.43 0.874208 0.00563093
312.801 0.881247 0.0056735
313.172 0.876955 0.00566314
313.544 0.878235 0.00567312
313.915 0.874269 0.00562432
314.286 0.877052 0.00565772
314.657 0.874063 0.00563556
315.028 0.876471 0.00565524
315.399 0.872783 0.00564146
315.77 0.87312 0.00563457
316.141 0.877368 0.00567176
316.512 0.878259 0.0056738
316.883 0.875389 0.00567596
317.254 0.877024 0.00567554
317.625 0.879361 0.00571811
317.996 0.873385 0.00566744
318.366 0.879576 0.00570161
318.737 0.877236 0.00568828
319.108 0.880462 0.00571841
319.478 0.873769 0.00569853
319.849 0.878972 0.00571276
320.22 0.8803 0.00572269
320.59 0.877608 0.00571068
320.961 0.871734 0.00570131
321.331 0.881882 0.00573515
321.702 0.875964 0.00574483
322.072 0.880126 0.00577588
322.443 0.877401 0.0057555
322.813 0.874786 0.00573626
323.184 0.878224 0.00576364
323.554 0.87802 0.00578127
323.924 0.877077 0.00577519
324.295 0.884504 0.00582772
324.665 0.877026 0.00580726
325.035 0.875948 0.0057961
325.405 0.88002 0.00583346
325.775 0.885207 0.00587907
326.145 0.879678 0.00585508
326.515 0.878329 0.00586138
326.886 0.882411 0.00590469
327.256 0.878516 0.00589725
327.626 0.882056 0.00594567
327.995 0.878451 0.00594813
328.365 0.877121 0.00595194
328.735 0.876591 0.00598004
329.105 0.880084 0.00605686
329.475 0.877754 0.00609634
329.845 0.890624 0.00622969
330.215 0.891896 0.00621075
330.584 0.901364 0.00618346
330.954 0.889948 0.00599897
331.324 0.879899 0.00579707
331.693 0.865857 0.00565194
332.063 0.864304 0.00558605
332.432 0.868233 0.00556987
332.802 0.874961 0.0056373
333.171 0.883596 0.00573939
333.541 0.886354 0.00585559
333.91 0.884438 0.00587897
334.28 0.880611 0.00589984
334.649 0.88101 0.00591828
335.018 0.881141 0.0059389
335.388 0.884532 0.00596952
335.757 0.88331 0.00596625
336.126 0.880301 0.00597748
336.495 0.877727 0.00594856
336.865 0.882426 0.00598916
337.234 0.884629 0.00603054
337.603 0.879959 0.00600233
337.972 0.880774 0.00601894
338.341 0.885374 0.00602476
338.71 0.878921 0.00599868
339.079 0.882937 0.00603417
339.448 0.879093 0.00601152
339.817 0.879913 0.00602919
340.186 0.881627 0.00603888
340.554 0.882864 0.0060352
340.923 0.882885 0.00604789
341.292 0.87611 0.00603032
341.661 0.88169 0.00605707
342.029 0.88182 0.00604704
342.398 0.87989 0.00604853
342.767 0.881071 0.00607586
343.135 0.882158 0.00607506
343.504 0.87934 0.00608425
343.872 0.886669 0.00608683
344.241 0.88409 0.0060922
344.609 0.888625 0.00613207
344.978 0.887867 0.00612326
345.346 0.88251 0.00608181
345.715 0.886504 0.00611912
346.083 0.884665 0.0061264
346.451 0.880778 0.00610322
346.82 0.884825 0.00613772
347.188 0.880369 0.00611067
347.556 0.884506 0.00615661
347.924 0.884615 0.00614954
348.292 0.882635 0.00615662
348.66 0.886274 0.00616386
349.028 0.881502 0.00615497
349.396 0.886834 0.00619789
349.764 0.883996 0.00618017
350.132 0.880549 0.00616493
350.5 0.887144 0.00619808
350.868 0.883669 0.00619716
351.236 0.883203 0.0061906
351.604 0.885737 0.00622356
351.972 0.889707 0.00624457
352.34 0.878969 0.00621579
352.707 0.886709 0.00624584
353.075 0.887156 0.00624907
353.443 0.884355 0.00625342
353.81 0.882821 0.00626352
354.178 0.883005 0.0062677
354.545 0.881853 0.00624826
354.913 0.889786 0.006303
355.28 0.881603 0.00627481
355.648 0.883918 0.00626975
356.015 0.888619 0.00629741
356.383 0.884751 0.00627651
356.75 0.881792 0.00628199
357.117 0.885624 0.00629911
357.485 0.883733 0.0062968
357.852 0.889982 0.00636266
358.219 0.885269 0.00631429
358.586 0.880275 0.0062954
358.954 0.885502 0.00634061
359.321 0.874676 0.0062865
359.688 0.889653 0.0063713
360.055 0.883932 0.00634175
360.422 0.888821 0.00636848
360.789 0.88224 0.00635579
361.156 0.888471 0.00637257
361.523 0.885322 0.00638702
361.89 0.880585 0.00636219
362.256 0.880896 0.00633785
362.623 0.885462 0.00641754
362.99 0.877266 0.00635719
363.357 0.882215 0.00640114
363.724 0.886787 0.00642046
364.09 0.880162 0.00638355
364.457 0.892696 0.00647685
364.823 0.885662 0.00640983
365.19 0.879899 0.00639845
365.557 0.883978 0.00640331
365.923 0.888409 0.00644061
366.29 0.88876 0.00646213
366.656 0.889567 0.00643847
367.022 0.889041 0.00642853
367.389 0.885088 0.00644294
367.755 0.886452 0.0064786
368.121 0.887029 0.00647808
368.488 0.88454 0.00646024
368.854 0.88985 0.0065042
369.22 0.883554 0.0065117
369.586 0.885434 0.00654082
369.952 0.881427 0.0065402
370.318 0.881711 0.00654435
370.684 0.89467 0.00661149
371.051 0.886963 0.00658477
371.416 0.890574 0.00663893
371.782 0.887781 0.0066087
372.148 0.888745 0.0066259
372.514 0.886814 0.00663292
372.88 0.889765 0.00666346
373.246 0.887478 0.00664877
373.612 0.895771 0.00667663
373.977 0.890753 0.00664287
374.343 0.888801 0.00661462
374.709 0.888351 0.00659149
375.074 0.884247 0.00659593
375.44 0.887087 0.00663482
375.806 0.891395 0.00668762
376.171 0.884624 0.00662849
376.537 0.879886 0.00660467
376.902 0.887874 0.00664626
377.268 0.890608 0.00662916
377.633 0.888899 0.00661065
377.998 0.893633 0.00660285
378.364 0.895593 0.0065815
378.729 0.890618 0.00657425
379.094 0.891439 0.00660606
379.459 0.894529 0.00670615
379.825 0.881794 0.00662873
380.19 0.891381 0.006675
380.555 0.885111 0.00669822
380.92 0.899153 0.00683551
381.285 0.891302 0.00679273
381.65 0.884197 0.00671296
382.015 0.886829 0.00673284
382.38 0.888424 0.00676508
382.745 0.891114 0.00681685
383.11 0.894214 0.00684716
383.474 0.889252 0.00680798
383.839 0.888359 0.00681683
384.204 0.891211 0.00684979
384.569 0.891031 0.00685749
384.933 0.891325 0.00687858
385.298 0.885973 0.00686859
385.663 0.878135 0.00681874
386.027 0.887585 0.00684115
386.392 0.888938 0.00681715
386.756 0.887419 0.00677707
387.121 0.88989 0.00678455
387.485 0.893525 0.0067775
387.849 0.888428 0.00672651
388.214 0.891239 0.00681189
388.578 0.893072 0.00685319
388.942 0.888968 0.00687226
389.307 0.89025 0.00687094
389.671 0.895178 0.0069153
390.035 0.891285 0.00686881
390.399 0.890483 0.00684961
390.763 0.888436 0.00680139
391.127 0.896877 0.00680898
391.492 0.894149 0.00670512
391.856 0.890169 0.00661306
392.219 0.889912 0.00656278
392.583 0.888548 0.00659509
392.947 0.891187 0.0067474
393.311 0.886759 0.00679273
393.675 0.890894 0.00682907
394.039 0.897779 0.00689786
394.403 0.891899 0.00687865
394.766 0.885305 0.0068718
395.13 0.889583 0.0069066
395.494 0.891384 0.00691084
395.857 0.886403 0.00686141
396.221 0.887707 0.00683536
396.584 0.891411 0.0067983
396.948 0.891173 0.00672401
397.311 0.891391 0.0066258
397.675 0.891594 0.00659076
398.038 0.887289 0.00657802
398.401 0.875245 0.00662609
398.765 0.882781 0.00675746
399.128 0.887658 0.00687291
399.491 0.889736 0.0069333
399.854 0.883357 0.00691824
400.218 0.893338 0.00697744
400.581 0.886236 0.00696946
400.944 0.885713 0.00700151
401.307 0.887857 0.00709435
401.67 0.889602 0.00708068
402.033 0.88403 0.00707906
402.396 0.889201 0.00710368
402.759 0.892033 0.00712365
403.122 0.887323 0.00707016
403.485 0.890709 0.00708181
403.847 0.890662 0.0070227
404.21 0.891019 0.00698781
404.573 0.899984 0.00701522
404.936 0.88596 0.00692605
405.298 0.879665 0.00697716
405.661 0.885174 0.0070971
406.023 0.892097 0.00722583
406.386 0.888583 0.00723711
406.749 0.891993 0.00728414
407.111 0.891729 0.00727372
407.473 0.889793 0.00714956
407.836 0.892835 0.00715133
408.198 0.887182 0.00708525
408.561 0.890712 0.00711976
408.923 0.890366 0.00712889
409.285 0.888421 0.00713424
409.647 0.882506 0.00717277
410.009 0.884328 0.00724808
410.372 0.890941 0.00726453
410.734 0.889823 0.00729648
411.096 0.889152 0.00728092
411.458 0.893383 0.00729647
411.82 0.890715 0.00723776
412.182 0.890557 0.0071822
412.544 0.891797 0.00720327
412.906 0.886121 0.00716761
413.267 0.890494 0.00721097
413.629 0.889204 0.00726245
413.991 0.888279 0.00729279
414.353 0.890404 0.00732162
414.714 0.891606 0.00740373
415.076 0.890615 0.00738124
415.438 0.892526 0.00738111
415.799 0.889252 0.00733816
416.161 0.887182 0.00739388
416.522 0.888514 0.00742988
416.884 0.889371 0.00743808
417.245 0.895493 0.00749118
417.607 0.883809 0.00742379
417.968 0.881462 0.00740558
418.329 0.890988 0.00743618
418.691 0.889607 0.00742795
419.052 0.896342 0.00745081
419.413 0.888552 0.00735162
419.774 0.887371 0.00732388
420.135 0.888386 0.00716492
420.497 0.894349 0.00707549
420.858 0.887892 0.00695264
421.219 0.891181 0.00698903
421.58 0.88584 0.00705689
421.941 0.891463 0.00720356
422.302 0.883266 0.00726654
422.662 0.889126 0.00732198
423.023 0.886331 0.00734271
423.384 0.892131 0.00739139
423.745 0.889179 0.00733463
424.106 0.892079 0.00734244
424.466 0.894026 0.00733616
424.827 0.893864 0.00743676
425.187 0.884925 0.00749311
425.548 0.89204 0.00759425
425.909 0.894714 0.00764584
426.269 0.894229 0.00758988
426.63 0.889738 0.00751946
426.99 0.893507 0.00747352
427.35 0.885372 0.00747263
427.711 0.885492 0.00742017
428.071 0.889692 0.00737548
428.431 0.887718 0.00722654
428.792 0.896948 0.00701541
429.152 0.891689 0.00680253
429.512 0.887981 0.00677565
429.872 0.886787 0.00681808
430.232 0.889525 0.00694919
430.592 0.886358 0.00713365
430.952 0.883966 0.00733436
431.312 0.893753 0.00755833
431.672 0.891274 0.00763475
432.032 0.887399 0.00759487
432.392 0.904812 0.00756531
432.752 0.890394 0.00713559
433.111 0.890107 0.00697513
433.471 0.88209 0.0070523
433.831 0.887527 0.00735105
434.19 0.889626 0.00736069
434.55 0.890198 0.00736173
434.91 0.886341 0.00743145
435.269 0.891057 0.00734856
435.629 0.893615 0.00734289
435.988 0.890629 0.00729923
436.348 0.888583 0.00740235
436.707 0.889674 0.0075196
437.066 0.889721 0.0075157
437.426 0.890304 0.00742892
437.785 0.891181 0.00741175
438.144 0.889944 0.00739738
438.503 0.893937 0.00751178
438.862 0.888865 0.00750432
439.222 0.884724 0.00754656
439.581 0.893 0.00761432
439.94 0.894156 0.00751249
440.299 0.898546 0.00727705
440.658 0.892692 0.0070687
441.017 0.890073 0.0070606
441.376 0.891997 0.00715072
441.734 0.889894 0.00721564
442.093 0.889104 0.00720929
442.452 0.88611 0.00714547
442.811 0.89294 0.00714143
443.169 0.883466 0.00710078
443.528 0.892129 0.0072835
443.887 0.890722 0.00728242
444.245 0.885931 0.00729462
444.604 0.886326 0.00735698
444.962 0.87952 0.00736355
445.321 0.895511 0.00743711
445.679 0.884889 0.00735403
446.038 0.887938 0.00733978
446.396 0.892555 0.00746022
446.754 0.892451 0.00756186
447.112 0.889035 0.00758554
447.471 0.891335 0.00760406
447.829 0.884073 0.00761263
448.187 0.889898 0.00762409
448.545 0.89122 0.00760641
448.903 0.887414 0.0076098
449.261 0.886617 0.00762851
449.619 0.890112 0.00771591
449.977 0.891369 0.00775897
450.335 0.889067 0.00783385
450.693 0.895324 0.00788084
451.051 0.883758 0.00781425
451.409 0.890755 0.00787589
451.766 0.890026 0.00788271
452.124 0.886588 0.00797784
452.482 0.88199 0.00803595
452.839 0.90127 0.00821402
453.197 0.88692 0.00816276
453.555 0.889827 0.00820993
453.912 0.886073 0.00817107
454.27 0.892473 0.00807117
454.627 0.88961 0.007963
454.984 0.882704 0.00795077
455.342 0.88795 0.00809662
455.699 0.895503 0.00822171
456.056 0.890067 0.00814806
456.414 0.894341 0.00809458
456.771 0.890959 0.00793152
457.128 0.886289 0.00788045
457.485 0.888063 0.00786098
457.842 0.89202 0.00792723
458.199 0.889974 0.00790897
458.556 0.89631 0.00786051
458.913 0.887189 0.00782073
459.27 0.894849 0.00780993
459.627 0.889998 0.00790205
459.984 0.886942 0.00783096
460.341 0.894158 0.00785263
460.697 0.882331 0.00789346
461.054 0.881837 0.00812371
461.411 0.887232 0.0083164
461.767 0.889863 0.00842693
462.124 0.893356 0.00842234
462.481 0.894702 0.00832787
462.837 0.8893 0.00817382
463.194 0.887266 0.00799358
463.55 0.896121 0.00808502
463.907 0.89195 0.00785443
464.263 0.898812 0.00777604
464.619 0.895601 0.00761519
464.976 0.895343 0.00750865
465.332 0.884146 0.0074597
465.688 0.886267 0.00769783
466.044 0.887709 0.00798069
466.4 0.890129 0.0081159
466.756 0.892495 0.00817999
467.112 0.893238 0.00818333
467.468 0.896886 0.0081879
467.824 0.891261 0.00824592
468.18 0.891601 0.00835521
468.536 0.891105 0.00835986
468.892 0.885948 0.00846862
469.248 0.893513 0.00854242
469.604 0.890191 0.00857781
469.959 0.890822 0.00857781
470.315 0.896052 0.00859832
470.671 0.896063 0.00858978
471.026 0.892832 0.00850192
471.382 0.889034 0.00840265
471.737 0.899783 0.00838528
472.093 0.889709 0.00820813
472.448 0.891965 0.00806077
472.804 0.897402 0.00801635
473.159 0.885831 0.00789911
473.514 0.89937 0.00799971
473.87 0.896779 0.00787435
474.225 0.890758 0.00762362
474.58 0.895177 0.00749181
474.935 0.893043 0.00754652
475.29 0.89663 0.00766362
475.645 0.895639 0.00766714
476 0.886725 0.00763872
476.355 0.893881 0.00773853
476.71 0.894427 0.00773635
477.065 0.890995 0.00749658
477.42 0.894489 0.0074122
477.775 0.882853 0.00737271
478.13 0.890764 0.00747228
478.485 0.894601 0.0074341
478.839 0.897058 0.00735524
479.194 0.895156 0.00715915
479.549 0.898761 0.00708558
479.903 0.893071 0.00708195
480.258 0.8936 0.00713979
480.612 0.900543 0.007074
480.967 0.895328 0.00689041
481.321 0.895398 0.00691276
481.675 0.885084 0.00700524
482.03 0.892652 0.00715922
482.384 0.899403 0.00721643
482.738 0.886523 0.00709625
483.093 0.896729 0.00708486
483.447 0.893751 0.00691947
483.801 0.892223 0.00669769
484.155 0.886142 0.00658965
484.509 0.960895 0.00597522
484.863 0.913482 0.00397089
485.217 0.893716 0.00356972
485.571 0.873758 0.00362082
485.925 0.877444 0.00462209
486.279 0.886126 0.00538604
486.632 0.882857 0.00581464
486.986 0.882466 0.00628404
487.34 0.883925 0.00671381
487.694 0.891467 0.0069306
488.047 0.893276 0.00697686
488.401 0.895586 0.00699474
488.754 0.888121 0.00700975
489.108 0.895377 0.00715319
489.461 0.890723 0.00716912
489.815 0.891734 0.00724801
490.168 0.888747 0.00715604
490.522 0.889164 0.00712727
490.875 0.885803 0.00712448
491.228 0.891978 0.00719844
491.581 0.896467 0.00716701
491.935 0.888637 0.00716203
492.288 0.894529 0.00721535
492.641 0.894462 0.0071639
492.994 0.892811 0.00715193
493.347 0.889001 0.00703756
493.7 0.889074 0.00704322
494.053 0.887612 0.00706151
494.406 0.881181 0.00714968
494.759 0.897006 0.00736067
495.111 0.900723 0.00714558
495.464 0.891022 0.00679509
495.817 0.881702 0.00663735
496.169 0.883493 0.00683054
496.522 0.887886 0.0071566
496.875 0.88897 0.00740013
497.227 0.899225 0.00751623
497.58 0.894154 0.00748195
497.932 0.89287 0.0073888
498.285 0.882896 0.00728033
498.637 0.887187 0.00711625
498.989 0.884976 0.00702824
499.342 0.885983 0.00708438
499.694 0.889147 0.00725392
500.046 0.892745 0.007331
500.398 0.894587 0.00715886
500.751 0.892851 0.00708668
501.103 0.888707 0.00704767
501.455 0.887026 0.00705181
501.807 0.894577 0.00709239
502.159 0.88575 0.00706113
502.511 0.893298 0.00707355
502.862 0.88818 0.00708364
503.214 0.884512 0.00716562
503.566 0.885903 0.00731661
503.918 0.88801 0.00740457
504.27 0.892601 0.00741582
504.621 0.89806 0.00745662
504.973 0.892036 0.0074735
505.324 0.896714 0.00744468
505.676 0.889472 0.00728536
506.027 0.887496 0.00729691
506.379 0.884823 0.00752872
506.73 0.891979 0.00767436
507.082 0.895676 0.00763567
507.433 0.891378 0.00747625
507.784 0.885418 0.00738892
508.136 0.891027 0.00754161
508.487 0.886623 0.00760016
508.838 0.891457 0.0076923
509.189 0.891839 0.0076855
509.54 0.885767 0.00755691
509.891 0.889036 0.00765842
510.242 0.887607 0.00766079
510.593 0.886431 0.00770443
510.944 0.883932 0.00773657
511.295 0.894994 0.00794695
511.646 0.89132 0.00801846
511.996 0.885827 0.00791136
512.347 0.888798 0.007865
512.698 0.893537 0.00791201
513.049 0.894358 0.0079644
513.399 0.887372 0.00797003
513.75 0.885551 0.00793805
514.1 0.892055 0.00811831
514.451 0.891482 0.00828446
514.801 0.890177 0.00824204
515.152 0.895488 0.00819353
515.502 0.891174 0.00804708
515.852 0.893516 0.0080144
516.202 0.885397 0.00796721
516.553 0.89046 0.00810676
516.903 0.888536 0.0082215
517.253 0.890599 0.00835522
517.603 0.883441 0.00832005
517.953 0.892003 0.00831964
518.303 0.895177 0.00813882
518.653 0.890556 0.00805127
519.003 0.876753 0.00804999
519.353 0.887129 0.00838712
519.703 0.888215 0.00857022
520.052 0.886756 0.00860709
520.402 0.897305 0.00861044
520.752 0.888969 0.00847226
521.102 0.891069 0.00861973
521.451 0.888915 0.0086706
521.801 0.899324 0.00869628
522.15 0.883606 0.0084771
522.5 0.888014 0.00848443
522.849 0.887294 0.00845435
523.199 0.891013 0.00839202
523.548 0.883454 0.00827601
523.897 0.882998 0.00836954
524.246 0.887597 0.00853098
524.596 0.889843 0.00866266
524.945 0.890155 0.00861367
525.294 0.891923 0.00862122
525.643 0.88472 0.00856721
525.992 0.888203 0.00856939
526.341 0.886298 0.00850681
526.69 0.887668 0.0085804
527.039 0.879478 0.00862396
527.388 0.888851 0.00873044
527.737 0.890369 0.00847203
528.086 0.892389 0.00816958
528.434 0.88587 0.00799073
528.783 0.891943 0.00823717
529.132 0.896222 0.00841407
529.48 0.89196 0.00850204
529.829 0.887238 0.00852623
530.177 0.894649 0.00864963
530.526 0.890666 0.00865157
530.874 0.891013 0.00857076
531.223 0.882041 0.00851518
531.571 0.889529 0.0086249
531.919 0.887175 0.00852883
532.268 0.890346 0.00828314
532.616 0.891163 0.00802204
532.964 0.891404 0.00790411
533.312 0.890933 0.00790612
533.66 0.885543 0.00791773
534.008 0.890899 0.00792357
534.356 0.889199 0.00792123
534.704 0.894618 0.00801754
535.052 0.88274 0.00807125
535.4 0.876713 0.00821368
535.748 0.885577 0.00845164
536.095 0.881003 0.00864336
536.443 0.89562 0.00872564
536.791 0.893492 0.00853093
537.139 0.892954 0.008332
537.486 0.882508 0.00809155
537.834 0.889194 0.00807911
538.181 0.88736 0.00802444
538.529 0.890832 0.00808541
538.876 0.883715 0.00803217
539.223 0.886488 0.0081808
539.571 0.890662 0.00837545
539.918 0.890008 0.0083427
540.265 0.89407 0.00819686
540.613 0.8774 0.00798044
540.96 0.889459 0.00813458
541.307 0.880537 0.00810844
541.654 0.885981 0.00813143
542.001 0.891526 0.00818223
542.348 0.894209 0.008193
542.695 0.891432 0.00819061
543.042 0.886407 0.00804215
543.388 0.885232 0.00793519
543.735 0.891829 0.00795364
544.082 0.890289 0.00793467
544.429 0.89274 0.00798216
544.775 0.887445 0.00813371
545.122 0.88282 0.00835302
545.469 0.893931 0.00854284
545.815 0.888103 0.00846567
546.162 0.890336 0.00840886
546.508 0.890821 0.00823845
546.854 0.891647 0.00793678
547.201 0.888597 0.0076331
547.547 0.890557 0.00761939
547.893 0.884553 0.00776415
548.24 0.889453 0.00820259
548.586 0.879851 0.00849746
548.932 0.885727 0.00865263
549.278 0.884957 0.00865501
549.624 0.892362 0.00864471
549.97 0.894101 0.00873412
550.316 0.888207 0.00887908
550.662 0.892946 0.00899434
551.008 0.894812 0.0085379
551.353 0.894882 0.00808205
551.699 0.894193 0.00790023
552.045 0.889908 0.00809352
552.391 0.881558 0.0082224
552.736 0.877155 0.0082393
553.082 0.887699 0.00830084
553.427 0.88426 0.00843117
553.773 0.880353 0.00869106
554.118 0.886902 0.00872387
554.464 0.888899 0.00850958
554.809 0.883944 0.00814881
555.154 0.886864 0.00805233
555.5 0.888908 0.00807987
555.845 0.887781 0.00838872
556.19 0.880476 0.00858079
556.535 0.893032 0.00883582
556.88 0.898024 0.0087176
557.225 0.88496 0.00862189
557.57 0.888871 0.00880954
557.915 0.892014 0.00906436
558.26 0.893428 0.00918334
558.605 0.899468 0.00918164
558.95 0.895073 0.00895722
559.295 0.888037 0.00844615
559.639 0.891922 0.00814602
559.984 0.884941 0.00780397
560.329 0.883479 0.00776871
560.673 0.883349 0.00779511
561.018 0.885012 0.00803141
561.362 0.87983 0.00822134
561.707 0.889626 0.00847422
562.051 0.885322 0.00835065
562.395 0.882051 0.00822511
562.74 0.887019 0.00808457
563.084 0.888416 0.00799095
563.428 0.886136 0.00781404
563.772 0.883127 0.00783692
564.117 0.892456 0.00782059
564.461 0.881328 0.00774709
564.805 0.880447 0.00781067
565.149 0.890394 0.00781845
565.493 0.891431 0.00783499
565.836 0.893385 0.00769288
566.18 0.895507 0.00758945
566.524 0.890117 0.00705594
566.868 0.887893 0.00685816
567.212 0.890709 0.00675211
567.555 0.883156 0.00663846
567.899 0.893315 0.00636718
568.242 0.890539 0.00609768
568.586 0.891572 0.00570948
568.929 0.890996 0.00534253
569.273 0.88196 0.00502542
569.616 0.891215 0.00505885
569.96 0.896697 0.00497189
570.303 0.890152 0.00479978
570.646 0.892471 0.00474633
570.989 0.883891 0.00457717
571.333 0.884475 0.00463568
571.676 0.881016 0.00479954
572.019 0.893198 0.0052256
572.362 0.892041 0.00492745
572.705 0.894557 0.00457989
573.048 0.891674 0.00435232
573.391 0.889794 0.00420586
573.733 0.889193 0.00414603
574.076 0.886991 0.00409512
574.419 0.881472 0.00420679
574.762 0.883914 0.00443706
575.104 0.886489 0.00475658
575.447 0.887221 0.00469429
575.789 0.898336 0.00444
576.132 0.885322 0.00416406
576.474 0.895724 0.00414158
576.817 0.893934 0.00382739
577.159 0.889401 0.0036096
577.501 0.885931 0.00363098
577.844 0.877633 0.00386788
578.186 0.87903 0.00434193
578.528 0.888916 0.00454462
578.87 0.887872 0.00456177
579.212 0.892955 0.00442222
579.554 0.883511 0.00425822
579.896 0.886609 0.00429166
580.238 0.904988 0.00408596
580.58 0.890947 0.00356204
580.922 0.896168 0.00343338
581.264 0.896124 0.00343321
581.606 0.884805 0.00356166
581.947 0.877306 0.00376453
582.289 0.872955 0.00417197
582.631 0.875917 0.00463543
582.972 0.892468 0.00499279
583.314 0.885883 0.0049195
583.655 0.892897 0.00477446
583.997 0.898294 0.00437133
584.338 0.887213 0.00404066
584.679 0.88916 0.00388108
585.021 0.875409 0.00395682
585.362 0.880541 0.00426404
585.703 0.875988 0.00457444
586.044 0.893727 0.00463775
586.385 0.882738 0.00436147
586.726 0.88265 0.00416539
587.067 0.878108 0.00431772
587.408 0.885208 0.0045837
587.749 0.882671 0.00479414
588.09 0.880063 0.00498659
588.431 0.883868 0.00529504
588.772 0.888946 0.00552278
589.113 0.883933 0.0054121
589.453 0.880099 0.00537106
589.794 0.881659 0.00555992
590.134 0.88242 0.00585911
590.475 0.885908 0.00600712
590.815 0.885973 0.00595176
591.156 0.883349 0.0059514
591.496 0.906074 0.00584372
591.837 0.895606 0.00499812
592.177 0.894277 0.00453694
592.517 0.880966 0.00431123
592.857 0.884972 0.00455586
593.198 0.878468 0.00482943
593.538 0.881977 0.0053382
593.878 0.888806 0.00553007
594.218 0.888513 0.0053508
594.558 0.885289 0.00514256
594.898 0.884914 0.00528628
595.237 0.880927 0.00560135
595.577 0.882242 0.00596763
595.917 0.891635 0.00629894
596.257 0.885601 0.00601456
596.596 0.89294 0.00588763
596.936 0.877432 0.00573942
597.276 0.888802 0.0060023
597.615 0.896664 0.00592192
597.955 0.894121 0.00520092
598.294 0.882664 0.00484819
598.633 0.886886 0.00487587
598.973 0.888793 0.0050651
599.312 0.885567 0.00504048
599.651 0.887619 0.00508632
599.991 0.890025 0.00520445
600.33 0.882479 0.00526242
600.669 0.888251 0.00543092
601.008 0.885775 0.00561082
601.347 0.885368 0.00580069
601.686 0.884678 0.00562908
602.025 0.890423 0.00568502
602.364 0.883694 0.00538132
602.702 0.88024 0.00529374
603.041 0.882026 0.0053342
603.38 0.886462 0.0056034
603.719 0.883279 0.00584813
604.057 0.883688 0.00601387
604.396 0.889506 0.00602411
604.734 0.894539 0.00576976
605.073 0.887105 0.00531563
605.411 0.882061 0.00535194
605.75 0.881162 0.00554451
606.088 0.894712 0.00587943
606.426 0.889333 0.00571803
606.764 0.884322 0.00562352
607.103 0.884182 0.00580127
607.441 0.883585 0.00599947
607.779 0.886258 0.0061542
608.117 0.884604 0.0061064
608.455 0.880945 0.00635222
608.793 0.890979 0.0064499
609.131 0.88156 0.00598548
609.469 0.882376 0.00584376
609.806 0.87881 0.00591036
610.144 0.877425 0.00636948
610.482 0.882377 0.00645379
610.819 0.886542 0.00645484
611.157 0.884113 0.00647991
611.495 0.882215 0.00669981
611.832 0.883522 0.00672481
612.17 0.883666 0.00667643
612.507 0.879374 0.00658582
612.844 0.882884 0.00666827
613.182 0.879332 0.00667022
613.519 0.888741 0.00666452
613.856 0.886779 0.00663981
614.193 0.88552 0.00655142
614.53 0.89045 0.00643276
614.867 0.880415 0.00638949
615.205 0.879984 0.00670778
615.541 0.877966 0.00694222
615.878 0.880149 0.00724597
616.215 0.881539 0.00717766
616.552 0.886802 0.00727262
616.889 0.887362 0.00710789
617.226 0.881052 0.00700993
617.562 0.8797 0.00722722
617.899 0.880624 0.0076677
618.235 0.88026 0.0080611
618.572 0.883189 0.00837365
618.908 0.888371 0.00810676
619.245 0.882446 0.00774993
619.581 0.879271 0.00760035
619.918 0.872173 0.00819846
620.254 0.882621 0.00930375
620.59 0.892037 0.00949405
620.926 0.880943 0.00879703
621.262 0.878324 0.00829607
621.599 0.8842 0.0083616
621.935 0.887329 0.00827095
622.271 0.882274 0.00793813
622.606 0.886921 0.00778704
622.942 0.879426 0.0079463
623.278 0.887479 0.00821528
623.614 0.87612 0.0077789
623.95 0.879748 0.00776378
624.285 0.880275 0.00791087
624.621 0.870052 0.00829207
624.957 0.872169 0.00856038
625.292 0.881367 0.00886562
625.628 0.879721 0.00912533
625.963 0.87873 0.00918073
626.299 0.87851 0.00899058
626.634 0.877305 0.00884346
626.969 0.871801 0.00897872
627.304 0.870815 0.00972703
627.64 0.893782 0.01057
627.975 0.871699 0.0102298
628.31 0.877529 0.00970195
628.645 0.879738 0.00949195
628.98 0.876598 0.00968321
629.315 0.891361 0.00995153
629.65 0.881418 0.00997484
629.985 0.872872 0.00989846
630.319 0.883482 0.0103939
630.654 0.88597 0.0105272
630.989 0.869614 0.0103784
631.323 0.87557 0.0105943
631.658 0.877277 0.0110368
631.993 0.885511 0.0115686
632.327 0.869947 0.0115102
632.662 0.876514 0.011491
632.996 0.874155 0.011221
633.33 0.858014 0.0109523
633.665 0.877932 0.0114667
633.999 0.870898 0.0117677
634.333 0.877832 0.011812
634.667 0.883489 0.011891
635.001 0.879051 0.0115721
635.335 0.882705 0.0111549
635.669 0.873726 0.0106862
636.003 0.880996 0.0108799
636.337 0.882166 0.0114314
636.671 0.881037 0.0120208
637.005 0.876368 0.0123145
637.339 0.889604 0.0123523
637.672 0.874903 0.0118025
638.006 0.887496 0.011582
638.339 0.875699 0.0116725
638.673 0.880303 0.0120757
639.006 0.888232 0.012511
639.34 0.877395 0.0124276
639.673 0.883783 0.0126507
640.007 0.873109 0.0125425
640.34 0.875131 0.012776
640.673 0.878541 0.0128985
641.006 0.891123 0.0131814
641.34 0.873807 0.0131949
641.673 0.87395 0.0135111
642.006 0.876427 0.0137633
642.339 0.883563 0.0135749
642.672 0.874127 0.0134192
643.004 0.868531 0.0134525
643.337 0.884817 0.0140154
643.67 0.872847 0.0139165
644.003 0.875107 0.013798
644.336 0.874741 0.0137373
644.668 0.866893 0.013651
645.001 0.877891 0.0139748
645.333 0.885279 0.0143786
645.666 0.869184 0.0145413
645.998 0.875464 0.0149269
646.331 0.880153 0.0151943
646.663 0.897119 0.0151822
646.995 0.887954 0.0141833
647.327 0.868797 0.0128838
647.66 0.876 0.0122292
647.992 0.878549 0.0120598
648.324 0.883604 0.0120498
648.656 0.882502 0.0122097
648.988 0.887465 0.0127315
649.32 0.891181 0.0136472
649.652 0.888881 0.0142689
649.983 0.882704 0.0145255
650.315 0.885024 0.0146383
650.647 0.881203 0.0142715
650.979 0.883654 0.0136395
651.31 0.880435 0.013091
651.642 0.867371 0.0127018
651.973 0.883889 0.0128136
652.305 0.869662 0.0126618
652.636 0.884152 0.0129438
652.967 0.874835 0.0131663
653.299 0.883558 0.0135403
653.63 0.886807 0.0134118
653.961 0.893477 0.0125058
654.292 0.981236 0.0100592
654.623 0.923 0.00353618
654.955 0.889423 0.00340754
655.286 0.889368 0.00340733
655.616 0.889313 0.00340711
655.947 0.889257 0.0034069
656.278 0.8892 0.00340668
656.609 0.863114 0.00351235
656.94 0.868004 0.00466087
657.27 0.872226 0.0054776
657.601 0.866232 0.00629604
657.932 0.861649 0.00751071
658.262 0.857005 0.00912454
658.593 0.855055 0.010933
658.923 0.861047 0.0128283
659.254 0.873957 0.0142763
659.584 0.878609 0.015198
659.914 0.882847 0.0159533
660.244 0.887775 0.0163973
660.575 0.873448 0.0161455
660.905 0.880811 0.0162375
661.235 0.871504 0.0159254
661.565 0.867979 0.0157789
661.895 0.853274 0.0155553
662.225 0.859892 0.0158615
662.555 0.869895 0.016175
662.884 0.871234 0.0160066
663.214 0.885327 0.0159129
663.544 0.891624 0.0158032
663.873 0.870901 0.0153871
664.203 0.883962 0.0153332
664.533 0.871157 0.0148095
664.862 0.85847 0.014599
665.192 0.867605 0.0150986
665.521 0.881526 0.0160455
665.85 0.865697 0.0163731
666.18 0.877016 0.0171587
666.509 0.874581 0.0170331
666.838 0.867855 0.0165663
667.167 0.869441 0.0163684
667.496 0.874227 0.0166963
667.825 0.876754 0.0168045
668.154 0.876844 0.0167774
668.483 0.879784 0.0166914
668.812 0.873379 0.0163206
669.141 0.885266 0.0162674
669.47 0.866569 0.0158966
669.798 0.892232 0.0162953
670.127 0.87607 0.0161622
670.456 0.882056 0.0153002
670.784 0.886669 0.0137598
671.113 0.868133 0.012498
671.441 0.879411 0.0120198
671.77 0.873027 0.012175
672.098 0.854096 0.012516
672.426 0.878833 0.014115
672.755 0.881747 0.0150328
673.083 0.869421 0.0151384
673.411 0.868968 0.0151042
673.739 0.861691 0.0152609
674.067 0.87866 0.0162244
674.395 0.876736 0.0162048
674.723 0.879132 0.0158044
675.051 0.875875 0.0155469
675.379 0.874579 0.0155225
675.706 0.867544 0.01563
676.034 0.867725 0.0159843
676.362 0.882642 0.0161989
676.689 0.884292 0.0152304
677.017 0.889478 0.014272
677.344 0.867639 0.0135406
677.672 0.87135 0.0138021
677.999 0.876479 0.0140112
678.327 0.880711 0.013765
678.654 0.88227 0.0131776
678.981 0.876069 0.0127362
679.308 0.87083 0.0127994
679.636 0.883305 0.0134932
679.963 0.882328 0.0141608
680.29 0.873049 0.0141244
680.617 0.868912 0.0138286
680.944 0.883937 0.0137407
681.271 0.876 0.014073
681.597 0.869488 0.0149688
681.924 0.881977 0.0160566
682.251 0.869165 0.0158769
682.578 0.875199 0.0150946
682.904 0.87072 0.0140488
683.231 0.865417 0.0134489
683.557 0.870051 0.0131829
683.884 0.854503 0.0126918
684.21 0.878784 0.0125695
684.536 0.871383 0.0121074
684.863 0.874034 0.0119436
685.189 0.870507 0.0121206
685.515 0.878808 0.0128375
685.841 0.876984 0.0132441
686.167 0.877321 0.0132598
686.493 0.883849 0.01315
686.819 0.866013 0.0130905
687.145 0.858548 0.013603
687.471 0.875653 0.0147734
687.797 0.878053 0.0152899
688.123 0.870491 0.0151313
688.448 0.879968 0.0147144
688.774 0.861698 0.0141233
689.1 0.881877 0.0145295
689.425 0.875757 0.0150865
689.751 0.891867 0.015471
690.076 0.882658 0.0145338
690.402 0.876342 0.0135301
690.727 0.867621 0.013047
691.052 0.877571 0.0134656
691.377 0.867443 0.0137896
691.703 0.869764 0.0141576
692.028 0.874759 0.0142062
692.353 0.873383 0.0138949
692.678 0.877976 0.0140385
693.003 0.883771 0.0146203
693.328 0.877332 0.0156424
693.652 0.867988 0.0162613
693.977 0.863277 0.0158296
694.302 0.8643 0.0149346
694.627 0.882954 0.0148839
694.951 0.856836 0.0151893
695.276 0.884133 0.0169144
695.6 0.888693 0.0172431
695.925 0.880722 0.0150656
696.249 0.872625 0.0132231
696.574 0.870604 0.0125173
696.898 0.873832 0.0131113
697.222 0.870814 0.0138346
697.546 0.867619 0.0143648
697.871 0.868561 0.0146754
698.195 0.863701 0.0147415
698.519 0.866425 0.0151384
698.843 0.877603 0.0156718
699.167 0.864467 0.0161386
699.491 0.874133 0.0168466
699.814 0.879052 0.0170305
700.138 0.864029 0.0169359
700.462 0.872496 0.0173001
700.786 0.855095 0.0168993
701.109 0.872471 0.0166494
701.433 0.891019 0.0162427
701.756 0.860237 0.0153899
702.08 0.862873 0.0154148
702.403 0.867976 0.0157752
702.726 0.872785 0.0164902
703.05 0.862083 0.0167888
703.373 0.872153 0.0170834
703.696 0.851158 0.0168907
704.019 0.881951 0.0177935
704.342 0.875998 0.0183801
704.665 0.869019 0.0190626
704.988 0.885863 0.0191206
705.311 0.859277 0.0176743
705.634 0.868311 0.0159521
705.957 0.872321 0.0144811
706.28 0.86775 0.0133798
706.602 0.880947 0.0133413
706.925 0.868361 0.0135242
707.247 0.863914 0.0140271
707.57 0.864294 0.0145835
707.892 0.866035 0.0150963
708.215 0.880067 0.0159618
708.537 0.856743 0.0161365
708.859 0.868515 0.0163399
709.182 0.869247 0.0161775
709.504 0.874927 0.0158031
709.826 0.882757 0.0156744
710.148 0.858916 0.0155237
710.47 0.859989 0.0159749
710.792 0.872779 0.0166879
711.114 0.867933 0.0171994
711.436 0.861547 0.0175173
711.758 0.862262 0.0172409
712.079 0.881796 0.0172359
712.401 0.867989 0.0162566
712.723 0.873628 0.0157173
713.044 0.85753 0.0146706
713.366 0.87755 0.0146756
713.687 0.857121 0.0146217
714.009 0.864667 0.0150844
714.33 0.860069 0.0153815
714.652 0.868654 0.0158974
714.973 0.870003 0.016461
715.294 0.865584 0.0172636
715.615 0.876257 0.0184804
715.936 0.861217 0.0185898
716.257 0.866748 0.0188289
716.578 0.870379 0.018995
716.899 0.889152 0.0187709
717.22 0.867509 0.0173449
717.541 0.86421 0.0168478
717.862 0.866418 0.0168127
718.182 0.86838 0.0167986
718.503 0.842604 0.0161877
718.824 0.86942 0.0166775
719.144 0.859956 0.0168516
719.465 0.856787 0.0172047
719.785 0.871172 0.0169907
720.105 0.864173 0.0167
720.426 0.860464 0.0164574
720.746 0.87583 0.0168853
721.066 0.866303 0.0168235
721.386 0.845429 0.0167899
721.706 0.865779 0.0174849
722.026 0.868201 0.0179739
722.346 0.878726 0.0182329
722.666 0.874946 0.0179557
722.986 0.864227 0.0174027
723.306 0.85949 0.0174904
723.626 0.872513 0.0179718
723.946 0.873313 0.0179441
724.265 0.870895 0.0169613
724.585 0.859447 0.015961
724.904 0.863001 0.0158751
725.224 0.873417 0.0160133
725.543 0.862819 0.0159125
725.863 0.869826 0.0161301
726.182 0.884352 0.0169245
726.501 0.865382 0.0170058
726.82 0.86841 0.0171476
727.14 0.858572 0.0163899
727.459 0.855539 0.0158674
727.778 0.842609 0.0156535
728.097 0.867294 0.0160984
728.416 0.867851 0.0159215
728.734 0.842982 0.0151929
729.053 0.866379 0.0152513
729.372 0.865948 0.015216
729.691 0.86853 0.0148547
730.009 0.859581 0.0140675
730.328 0.866718 0.0137101
730.647 0.8687 0.0137415
730.965 0.870087 0.0142343
731.283 0.869657 0.0147654
731.602 0.865594 0.0149024
731.92 0.86097 0.0145984
732.238 0.856995 0.0142139
732.557 0.87252 0.0142106
732.875 0.860526 0.0137705
733.193 0.853215 0.0128943
733.511 0.864682 0.012684
733.829 0.861014 0.0130366
734.147 0.870919 0.0139738
734.465 0.87119 0.0146116
734.782 0.873675 0.0146192
735.1 0.855919 0.0140645
735.418 0.855457 0.0140492
735.735 0.876832 0.0142665
736.053 0.852567 0.0139118
736.371 0.85207 0.0140514
736.688 0.847201 0.0145218
737.005 0.864448 0.0155625
737.323 0.856315 0.0160814
737.64 0.870419 0.0162318
737.957 0.873355 0.0154153
738.274 0.855748 0.0140053
738.592 0.861451 0.0137098
738.909 0.85191 0.0139771
739.226 0.855336 0.0152542
739.543 0.863631 0.0165221
739.86 0.875929 0.0176068
740.176 0.871345 0.0180166
740.493 0.865963 0.0185032
740.81 0.834903 0.0182256
741.127 0.858084 0.0182817
741.443 0.861529 0.0173571
741.76 0.849943 0.0166687
742.076 0.859182 0.0169073
742.393 0.860471 0.0178277
742.709 0.870822 0.0189273
743.025 0.869209 0.0192582
743.342 0.874712 0.0191415
743.658 0.870769 0.0187308
743.974 0.856947 0.0180676
744.29 0.867418 0.0181592
744.606 0.845602 0.018121
744.922 0.859653 0.0183036
745.238 0.846733 0.0182208
745.554 0.849509 0.0186922
745.87 0.858869 0.0189928
746.186 0.859392 0.0182159
746.501 0.841059 0.0173576
746.817 0.847191 0.0176982
747.132 0.865059 0.0191964
747.448 0.858234 0.0198717
747.763 0.836269 0.0193228
748.079 0.859421 0.0187732
748.394 0.873093 0.0176395
748.71 0.848971 0.0161936
749.025 0.853365 0.0152857
749.34 0.859577 0.0151418
749.655 0.868015 0.0155489
749.97 0.86086 0.0160421
750.285 0.854869 0.0160356
750.6 0.855662 0.0157001
750.915 0.845959 0.0152229
751.23 0.85868 0.0156389
751.545 0.867366 0.0163637
751.859 0.856033 0.0168688
752.174 0.86422 0.0171472
752.489 0.874961 0.0163848
752.803 0.845074 0.0151359
753.118 0.855909 0.0151183
753.432 0.855052 0.0156177
753.747 0.876315 0.0163967
754.061 0.863843 0.0157279
754.375 0.846189 0.0149149
754.689 0.840325 0.0144005
755.004 0.857954 0.0145273
755.318 0.859039 0.0142196
755.632 0.842251 0.0133932
755.946 0.84446 0.0131684
756.26 0.84633 0.0125936
756.573 0.856271 0.0121199
756.887 0.844534 0.0116701
757.201 0.837924 0.011871
757.515 0.857596 0.0131554
757.828 0.869102 0.0142032
758.142 0.861665 0.0140955
758.455 0.852452 0.0130203
758.769 0.849766 0.0123109
759.082 0.838441 0.011896
759.396 0.845949 0.0117695
759.709 0.854375 0.0117363
760.022 0.851288 0.0118185
760.335 0.853321 0.0124544
760.648 0.850925 0.0133673
760.962 0.854505 0.0143782
761.275 0.849563 0.0150468
761.587 0.859394 0.0153306
761.9 0.848466 0.0152713
762.213 0.85912 0.0148651
762.526 0.842393 0.0141886
762.839 0.861047 0.0142875
763.151 0.847044 0.0137615
763.464 0.849543 0.0130352
763.776 0.852159 0.0121266
764.089 0.840813 0.0117912
764.401 0.833713 0.0121585
764.714 0.839456 0.0129178
765.026 0.845678 0.013839
765.338 0.855293 0.0148189
765.65 0.847551 0.0158776
765.962 0.831122 0.0164539
766.275 0.841857 0.0171522
766.587 0.846448 0.0172557
766.898 0.836406 0.0166025
767.21 0.847196 0.0157216
767.522 0.837547 0.0145037
767.834 0.837638 0.0139731
768.146 0.827427 0.013988
768.457 0.847124 0.0150184
768.769 0.838462 0.015737
769.08 0.855227 0.0159653
769.392 0.854598 0.0153824
769.703 0.838993 0.0144526
770.015 0.844369 0.0139456
770.326 0.845325 0.0139806
770.637 0.835638 0.014403
770.948 0.833275 0.0154326
771.26 0.8373 0.0164417
771.571 0.848018 0.0167279
771.882 0.837183 0.0162168
772.193 0.849556 0.0165017
772.504 0.843655 0.0168558
772.814 0.835745 0.0171114
773.125 0.841518 0.0175258
773.436 0.849046 0.0181097
773.747 0.818779 0.0181843
774.057 0.843998 0.0188572
774.368 0.845019 0.0191653
774.678 0.851703 0.0197426
774.989 0.826026 0.0197478
775.299 0.849494 0.0207003
775.609 0.840426 0.02036
775.919 0.844426 0.020241
776.23 0.849318 0.0203241
776.54 0.823261 0.0198404
776.85 0.86054 0.0204979
777.16 0.842965 0.0196849
777.47 0.832929 0.0185507
777.78 0.858936 0.0180079
778.089 0.826481 0.0167765
778.399 0.813629 0.0165401
778.709 0.833317 0.0175113
779.019 0.836371 0.0186958
779.328 0.853351 0.0199063
779.638 0.841765 0.0195093
779.947 0.839958 0.0177653
780.257 0.818833 0.0160009
780.566 0.821533 0.0154275
780.875 0.815145 0.0157186
781.185 0.843253 0.0170012
781.494 0.83874 0.0172357
781.803 0.839211 0.0177013
782.112 0.851381 0.0180901
782.421 0.845649 0.0177922
782.73 0.824003 0.0171005
783.039 0.826912 0.0173481
783.348 0.8343 0.0188162
783.656 0.842642 0.019949
783.965 0.83894 0.0202036
784.274 0.836011 0.0194021
784.582 0.826999 0.0186979
784.891 0.830861 0.018631
785.199 0.835282 0.0189635
785.508 0.827642 0.0193964
785.816 0.838052 0.0198729
786.124 0.850415 0.0195771
786.432 0.853553 0.01865
786.741 0.840042 0.0177947
787.049 0.831694 0.0176014
787.357 0.837549 0.0179336
787.665 0.83864 0.0178372
787.973 0.848606 0.018106
788.281 0.827686 0.0182538
788.588 0.815943 0.0190887
788.896 0.847399 0.020663
789.204 0.849378 0.0215276
789.511 0.844779 0.0215274
789.819 0.857721 0.022087
790.126 0.836455 0.0218206
790.434 0.842445 0.0218936
790.741 0.849127 0.0219247
791.049 0.826786 0.0216116
791.356 0.832248 0.0223866
791.663 0.835608 0.0228365
791.97 0.822009 0.0227087
792.277 0.808194 0.0220988
792.584 0.861036 0.0216069
792.891 0.841817 0.0188965
793.198 0.820494 0.0173172
793.505 0.819334 0.0169663
793.812 0.810881 0.0173559
794.119 0.828867 0.0179508
794.425 0.839128 0.018598
794.732 0.80365 0.0190303
795.038 0.839464 0.0214877
795.345 0.822703 0.0228753
795.651 0.844104 0.0244132
795.958 0.860879 0.0247047
796.264 0.826736 0.0225916
796.57 0.830767 0.0218181
796.876 0.83516 0.0216879
797.183 0.823141 0.0219293
797.489 0.828386 0.022902
797.795 0.856649 0.0234978
798.101 0.823464 0.0229363
798.406 0.841836 0.0233139
798.712 0.832374 0.0238673
799.018 0.832402 0.0242406
799.324 0.812246 0.0240081
799.629 0.835495 0.0244592
799.935 0.833834 0.0246161
800.24 0.87265 0.0256615
800.546 0.830779 0.0250469
800.851 0.803772 0.0248606
801.157 0.835015 0.0264246
801.462 0.83016 0.0266033
801.767 0.83274 0.0267714
802.072 0.850008 0.0259983
802.377 0.835992 0.0248108
802.682 0.820096 0.0241779
802.987 0.856545 0.0253956
803.292 0.84031 0.0257969
803.597 0.803642 0.0254426
803.902 0.809308 0.0254678
804.207 0.823279 0.025526
804.511 0.844886 0.0254625
804.816 0.821868 0.0235961
805.12 0.822379 0.0220542
805.425 0.809755 0.0206124
805.729 0.825321 0.0209726
806.034 0.806124 0.0215295
806.338 0.850032 0.0233681
806.642 0.843261 0.0238675
806.946 0.824612 0.0233633
807.251 0.839653 0.0237921
807.555 0.845763 0.0234986
807.859 0.840181 0.023243
808.162 0.825056 0.0237014
808.466 0.850876 0.0248886
808.77 0.829264 0.0252214
809.074 0.887412 0.026983
809.378 0.812153 0.0258585
809.681 0.848711 0.0262259
809.985 0.866967 0.0269352
810.288 0.888099 0.0275656
810.592 0.82427 0.0263574
810.895 0.834508 0.0271504
811.198 0.860783 0.0287939
811.502 0.825001 0.028599
811.805 0.870357 0.0301816
812.108 0.810135 0.0277929
812.411 0.850487 0.0276332
812.714 0.852059 0.0257709
813.017 0.811593 0.0238025
813.32 0.817793 0.0238578
813.623 0.817171 0.0246021
813.926 0.836241 0.0266903
814.228 0.865439 0.0286043
814.531 0.849371 0.0292461
814.833 0.808084 0.0283072
815.136 0.838062 0.0290027
815.438 0.852653 0.0295878
815.741 0.817504 0.0277703
816.043 0.818773 0.0274538
816.345 0.820094 0.0272912
816.648 0.817367 0.0274677
816.95 0.84078 0.028286
817.252 0.832081 0.0287714
817.554 0.81477 0.0285314
817.856 0.848766 0.0297425
818.158 0.824327 0.0295657
818.46 0.872339 0.0311858
818.761 0.845661 0.0305934
819.063 0.86547 0.0304123
819.365 0.831004 0.0289203
819.666 0.828164 0.0274272
819.968 0.833327 0.0266049
820.269 0.83344 0.0263191
820.571 0.830108 0.0269551
820.872 0.829474 0.0279638
821.173 0.856418 0.0295431
821.475 0.879203 0.0310853
821.776 0.865826 0.0306882
822.077 0.822653 0.029739
822.378 0.826471 0.030016
822.679 0.862664 0.0311681
822.98 0.848582 0.0306256
823.281 0.847896 0.031606
823.581 0.856341 0.0314426
823.882 0.833184 0.0314114
824.183 0.874113 0.0318473
824.483 0.843253 0.0301678
824.784 0.828097 0.0286674
825.084 0.8656 0.0298348
825.385 0.861321 0.0301512
825.685 0.850538 0.0306062
825.985 0.810355 0.029619
826.286 0.82754 0.0295204
826.586 0.819411 0.0287988
826.886 0.826187 0.0289714
827.186 0.845298 0.0297347
827.486 0.855371 0.0309161
827.786 0.887178 0.0319655
828.086 0.84774 0.0309328
828.386 0.86953 0.0309185
828.685 0.822139 0.0298978
828.985 0.828327 0.0309069
829.285 0.841125 0.0313597
829.584 0.864082 0.0322983
829.884 0.817049 0.0318858
830.183 0.890414 0.0350218
830.482 0.856977 0.033983
830.782 0.825788 0.0335006
831.081 0.855068 0.0353796
831.38 0.829782 0.0337257
831.679 0.827314 0.0337519
831.978 0.869075 0.0346484
832.277 0.863408 0.0334223
832.576 0.836163 0.032272
832.875 0.845345 0.032429
833.174 0.78923 0.0311375
833.472 0.859445 0.0327389
833.771 0.841658 0.0328392
834.07 0.838422 0.0319971
834.368 0.824604 0.0320429
834.667 0.83086 0.0330136
834.965 0.849874 0.0338905
835.263 0.895123 0.0348278
835.562 0.881352 0.0345745
835.86 0.802198 0.032681
836.158 0.784287 0.0326817
836.456 0.811919 0.0341284
836.754 0.781507 0.0333895
837.052 0.857758 0.0360913
837.35 0.833504 0.0348875
837.648 0.88252 0.0363747
837.946 0.863053 0.0362778
838.243 0.858359 0.0361893
838.541 0.780636 0.0336054
838.839 0.845431 0.0350235
839.136 0.809121 0.034191
839.434 0.845016 0.0347288
839.731 0.874906 0.0362888
840.028 0.833235 0.0346027
840.326 0.84222 0.0352261
840.623 0.844847 0.0352488
840.92 0.859916 0.0359041
841.217 0.851389 0.0367285
841.514 0.891358 0.0377908
841.811 0.807999 0.0347926
842.108 0.874203 0.0372538
842.405 0.869498 0.0374308
842.701 0.869222 0.0375973
842.998 0.830825 0.0356259
843.295 0.858058 0.0369966
843.591 0.843629 0.0367644
843.888 0.830447 0.0360543
844.184 0.890833 0.0375585
844.481 0.854038 0.0361715
844.777 0.82251 0.0356714
845.073 0.836732 0.0362497
845.369 0.887218 0.0377018
845.665 0.89558 0.0384327
845.962 0.835608 0.0363952
846.258 0.912185 0.0387627
846.553 0.89377 0.0384251
846.849 0.833863 0.037179
847.145 0.810463 0.0354625
847.441 0.869198 0.0369454
847.737 0.815883 0.0354977
848.032 0.814132 0.0361369
848.328 0.853315 0.0371664
848.623 0.835711 0.0372722
848.919 0.802493 0.0357101
849.214 0.795748 0.0351541
849.509 0.799239 0.0357566
849.805 0.850523 0.037626
850.1 0.919566 0.0399981
850.395 0.854168 0.0384219
850.69 0.874053 0.039137
850.985 0.832536 0.0368408
851.28 0.81602 0.0363221
851.575 0.852504 0.0375786
851.869 0.8383 0.0371369
852.164 0.84113 0.0366454
852.459 0.866667 0.0361771
852.753 0.93423 0.0370382
853.048 0.890991 0.0342943
853.342 0.900028 0.0342285
853.637 0.901364 0.0348694
853.931 0.878009 0.0340454
854.225 0.877345 0.0338829
854.52 0.893333 0.0354642
854.814 0.883632 0.0353883
855.108 0.835104 0.0332867
855.402 0.837508 0.0339445
855.696 0.837888 0.0349241
855.99 0.8613 0.0359797
856.283 0.820662 0.03435
856.577 0.879935 0.0363821
856.871 0.833345 0.035126
857.164 0.857575 0.0360205
857.458 0.877959 0.0376567
857.751 0.838926 0.0361717
858.045 0.820838 0.0353455
858.338 0.88888 0.0373822
858.632 0.803545 0.0347289
858.925 0.845831 0.0365661
859.218 0.78264 0.0350239
859.511 0.88813 0.0388713
859.804 0.841122 0.0374502
860.097 0.775642 0.0350103
860.39 0.898754 0.0387924
860.683 0.853969 0.0376534
860.976 0.872969 0.0383749
861.268 0.853615 0.0373606
861.561 0.877721 0.0389702
861.854 0.94537 0.0416491
862.146 0.841654 0.0379024
862.439 0.846939 0.0378154
862.731 0.830119 0.0365213
863.023 0.849302 0.0381375
863.316 0.833463 0.0370985
863.608 0.867745 0.0380517
863.9 0.902013 0.0388204
864.192 0.818186 0.0360956
864.484 0.861123 0.0379166
864.776 0.828262 0.0375159
865.068 0.85327 0.0378425
865.36 0.829881 0.0372226
865.651 0.911943 0.0400445
865.943 0.827621 0.0374431
866.235 0.861751 0.0384011
866.526 0.890404 0.0400863
866.818 0.807752 0.0368998
867.109 0.900363 0.038719
867.4 0.897594 0.0394034
867.692 0.891546 0.0394849
867.983 0.866103 0.0385407
868.274 0.883483 0.0394137
868.565 0.87663 0.0387597
868.856 0.858605 0.0386101
869.147 0.827002 0.0377902
869.438 0.827911 0.0377091
869.729 0.863992 0.0387526
870.02 0.914818 0.0414484
870.31 0.892147 0.0396549
870.601 0.859327 0.0383578
870.892 0.845111 0.0376487
871.182 0.868196 0.0379988
871.473 0.899464 0.0395179
871.763 0.865761 0.0378408
872.053 0.824801 0.0373699
872.343 0.825128 0.0373197
872.634 0.854012 0.038349
872.924 0.805402 0.0365015
873.214 0.835759 0.037944
873.504 0.885453 0.0395801
873.794 0.892813 0.0407372
874.084 0.953715 0.0419821
874.373 0.849522 0.0386254
874.663 0.773671 0.0359878
874.953 0.853381 0.0390536
875.242 0.864611 0.0387804
875.532 0.87279 0.0386432
875.821 0.864497 0.0386983
876.111 0.888674 0.0390869
876.4 0.846064 0.0386153
876.689 0.804247 0.0373988
876.978 0.835472 0.0381319
877.268 0.897896 0.039601
877.557 0.856367 0.0391207
877.846 0.858203 0.0390314
878.134 0.864615 0.0395325
878.423 0.864775 0.0395398
878.712 0.864934 0.0395471
