E_ph QE QRefl LGRefl30 LGRefl45 LGRefl60 LGRefl90 QAbs QAbs(70 MRad) QAbs(170 MRad) CathIndR CathIndI 
1.55 0.00107604 0.0665276 0.571904 0.533093 0.583164 0.823859 159.211 0 134.919 2.93405 0.7544
1.58 0.00107604 0.0665942 0.526761 0.476759 0.586146 0.817154 152.516 0 134.919 2.81602 0.515705
1.61 0.00107604 0.0665942 0.526761 0.476759 0.586146 0.817154 148.197 0 134.919 2.81602 0.515705
1.64 0.00113934 0.0666609 0.514774 0.504301 0.620069 0.780881 145.778 0 132.166 2.65292 0.162711
1.67 0.00136922 0.0667276 0.519583 0.561332 0.639007 0.725819 144.863 0 132.166 2.64155 0.158592
1.7 0.00136922 0.0667276 0.519583 0.561332 0.639007 0.725819 145.128 0 132.166 2.64155 0.158592
1.73 0.00172166 0.0667944 0.545914 0.587454 0.61719 0.727719 146.306 0 139.782 2.65721 0.219961
1.76 0.00172166 0.0667944 0.545914 0.587454 0.61719 0.727719 148.176 0 139.782 2.65721 0.219961
1.79 0.00172166 0.0668613 0.565883 0.57908 0.584544 0.781368 150.557 0 137.612 2.63667 0.257276
1.82 0.00172166 0.0669282 0.584906 0.565156 0.595548 0.831976 153.302 0 137.612 2.64609 0.275079
1.85 0.00172166 0.0669282 0.584906 0.565156 0.595548 0.831976 156.289 0 137.612 2.64609 0.275079
1.88 0.00183132 0.0669952 0.582584 0.532334 0.611101 0.856951 159.42 0 128.567 2.6679 0.291109
1.91 0.00183132 0.0669952 0.582584 0.532334 0.611101 0.856951 162.615 0 128.567 2.6679 0.291109
1.94 0.0019489 0.0670623 0.580606 0.515278 0.650409 0.829569 165.81 0 128.567 2.67284 0.326428
1.97 0.00266535 0.0671294 0.55323 0.517813 0.646538 0.766081 168.955 0 121.065 2.71082 0.334684
2 0.00266535 0.0671294 0.55323 0.517813 0.646538 0.766081 172.008 0 121.065 2.71082 0.334684
2.03 0.00510642 0.0671966 0.519341 0.541306 0.625318 0.733132 174.939 0 125.592 2.76661 0.334581
2.07 0.0105398 0.0672638 0.51167 0.55922 0.592156 0.768918 178.616 0 125.592 2.81675 0.387799
2.1 0.0105398 0.0672638 0.51167 0.55922 0.592156 0.768918 181.179 0 125.592 2.81675 0.387799
2.14 0.0185402 0.0673642 0.539354 0.566303 0.583112 0.825426 184.314 0 131.984 2.85521 0.446565
2.18 0.02978 0.0674833 0.559453 0.546379 0.595398 0.84594 187.113 0 131.984 2.87959 0.534811
2.21 0.0450236 0.0676066 0.584158 0.531966 0.637708 0.843323 188.988 0 137.287 2.90428 0.630064
2.25 0.0642201 0.067714 0.58862 0.517683 0.662944 0.799764 191.186 0 137.287 2.93699 0.764394
2.3 0.0851865 0.067825 0.580948 0.532286 0.66232 0.757342 193.46 0 142.801 2.9565 0.878021
2.34 0.0851865 0.067825 0.580948 0.532286 0.66232 0.757342 194.909 0 142.801 2.9565 0.878021
2.38 0.104685 0.0679326 0.560464 0.563196 0.644123 0.773104 196.044 0 148.145 2.90113 0.909927
2.43 0.12228 0.0680383 0.54055 0.581287 0.617655 0.815187 197.041 0 148.521 2.84162 0.936687
2.48 0.138587 0.0681427 0.548802 0.585776 0.616249 0.842842 197.6 0 148.521 2.79294 0.983838
2.53 0.154289 0.0682951 0.572818 0.574689 0.640512 0.845552 197.752 0 158.588 2.74303 1.04718
2.58 0.170402 0.0684247 0.597118 0.553214 0.669585 0.815631 197.53 0 158.588 2.69754 1.09369
2.64 0.199926 0.0686607 0.606134 0.551749 0.675595 0.770587 196.815 0 159.949 2.60172 1.09389
2.7 0.213576 0.0688338 0.590162 0.57739 0.650659 0.806989 195.662 0 155.324 2.54236 1.1005
2.76 0.226643 0.0689556 0.569915 0.598831 0.638532 0.838037 194.121 0 168.686 2.41995 1.135
2.82 0.2377 0.069111 0.563649 0.60146 0.648752 0.846065 192.24 0 168.686 2.30035 1.17249
2.88 0.256041 0.0693846 0.603494 0.568927 0.697871 0.778891 190.062 0 149.847 2.17216 1.21127
2.95 0.264033 0.0695288 0.61644 0.5539 0.699486 0.765948 187.201 0 152.211 2.14272 1.21611
3.02 0.270802 0.0696879 0.622924 0.567568 0.682037 0.797814 184.047 0 150.435 2.10729 1.22038
3.1 0.282018 0.0700464 0.590072 0.613917 0.662581 0.842142 180.153 0 134.874 1.97172 1.31025
3.18 0.289768 0.0703539 0.590919 0.600975 0.706715 0.787632 176.012 0 139.694 1.81652 1.43464
3.26 0.292443 0.0705222 0.61236 0.579402 0.71994 0.776913 171.682 0 136.07 1.78331 1.44733
3.35 0.296216 0.0709254 0.636615 0.584948 0.690047 0.831532 166.647 0 132.17 1.6935 1.36138
3.44 0.29766 0.0713142 0.601366 0.626212 0.697691 0.820162 161.497 0 121.145 1.6106 1.27959
3.54 0.298454 0.0717876 0.598898 0.606189 0.733072 0.769012 155.699 0 83.0344 1.58495 1.19726
3.65 0.298446 0.072067 0.63352 0.58646 0.702266 0.82486 149.294 0 58.232 1.56542 1.11272
3.76 0.297468 0.0725936 0.61854 0.641453 0.733307 0.769795 142.918 0 45.0774 1.49069 0.975759
3.87 0.295776 0.0730113 0.604378 0.592879 0.728004 0.781575 136.616 0 32.5663 1.42804 0.895303
4 0.290902 0.0735292 0.631265 0.612225 0.696352 0.7894 129.313 0 22.067 1.35671 0.803612
4.13 0.286475 0.0739077 0.595243 0.617412 0.727578 0.747471 122.207 0 13.9318 1.35129 0.749369
4.28 0.274917 0.0750508 0.611735 0.584316 0.680405 0.745882 114.291 0 9.45705 1.33575 0.638899
4.43 0.263661 0.0759965 0.55216 0.565139 0.677642 0.749987 106.706 0 8.3976 1.32944 0.629366
4.59 0.252352 0.0766319 0.57621 0.553672 0.652855 0.693143 98.9965 0 6.52032 1.30712 0.610593
4.77 0.241387 0.0776936 0.525116 0.515212 0.615513 0.719762 90.8029 0 5.4129 1.27539 0.584887
4.96 0.240115 0.0789382 0.505369 0.518809 0.602298 0.688285 82.7004 0 4.72908 1.28025 0.58498
5.17 0.249086 0.0802176 0.470734 0.459818 0.546543 0.610487 74.3789 0 3.76007 1.28025 0.58498
5.39 0.265845 0.0818538 0.349643 0.345033 0.409542 0.539274 66.3417 0 2.93654 1.28025 0.58498
5.64 0.282768 0.0836815 0.304061 0.298362 0.350946 0.527856 58.0003 0 2.29729 1.28025 0.58498
5.9 0.292666 0.0856745 0.344571 0.341007 0.386657 0.545634 50.1491 0 2.37719 1.28025 0.58498
6.2 0.297091 0.088007 0.429906 0.430741 0.46027 0.529335 42.036 0 2.57308 1.28025 0.58498
