178.41 0.565647 0.116338
178.791 0.569228 0.117075
179.172 0.572784 0.117806
179.553 0.447872 0.447872
179.934 1.11968 1.11968
180.316 0.726173 0.726173
180.697 0.449041 0.449041
181.078 0.527277 0.527277
181.459 0.735557 0.735557
181.84 0.372709 0.372709
182.221 3.6303 3.6303
182.602 -0.337497 -0.0861142
182.983 2.21231 0.673498
183.364 0.996268 0.177116
183.744 0.651561 0.0904335
184.125 0.619679 0.0765035
184.506 0.643781 0.0638786
184.887 0.520548 0.0512215
185.268 0.507255 0.0435304
185.648 0.564183 0.0444404
186.029 0.499658 0.039891
186.41 0.618456 0.0432202
186.791 0.676874 0.0434537
187.171 0.534717 0.0330349
187.552 0.376246 0.0225455
187.932 0.413615 0.0240698
188.313 0.403904 0.0222153
188.694 0.428073 0.0228573
189.074 0.383392 0.0208553
189.455 0.374913 0.0200511
189.835 0.429568 0.0220689
190.216 0.422804 0.0213176
190.596 0.380246 0.0193473
190.977 0.412355 0.0199911
191.357 0.414794 0.0201093
191.737 0.393418 0.0193396
192.118 0.39278 0.0192292
192.498 0.39138 0.0185994
192.878 0.396151 0.0188564
193.258 0.400557 0.0186338
193.639 0.397878 0.018341
194.019 0.394916 0.0184337
194.399 0.367725 0.0176343
194.779 0.366261 0.0168938
195.159 0.372818 0.0175384
195.54 0.347502 0.0164251
195.92 0.374387 0.0170991
196.3 0.364475 0.0166268
196.68 0.366384 0.0167534
197.06 0.327862 0.0157537
197.44 0.332982 0.0157238
197.82 0.344575 0.0158696
198.2 0.332233 0.0155755
198.58 0.32279 0.0149473
198.959 0.31692 0.014784
199.339 0.318688 0.0148895
199.719 0.297668 0.0141145
200.099 0.293378 0.0140461
200.479 0.311841 0.0144403
200.858 0.282443 0.0135402
201.238 0.277969 0.0132227
201.618 0.291371 0.0136897
201.998 0.270624 0.0128774
202.377 0.280007 0.0130985
202.757 0.277778 0.0128748
203.136 0.258806 0.0123468
203.516 0.244176 0.0118141
203.896 0.221727 0.0111193
204.275 0.232541 0.0111626
204.655 0.231596 0.011161
205.034 0.229612 0.0109825
205.414 0.225497 0.0107474
205.793 0.230615 0.0107712
206.172 0.223167 0.0106055
206.552 0.218796 0.0103221
206.931 0.203561 0.0098036
207.31 0.192245 0.00942459
207.69 0.195256 0.00942224
208.069 0.196279 0.00932182
208.448 0.18916 0.00903596
208.827 0.190748 0.00902165
209.207 0.199272 0.00919692
209.586 0.16978 0.00826702
209.965 0.17632 0.00839811
210.344 0.17452 0.00823326
210.723 0.163805 0.00787853
211.102 0.170135 0.00789039
211.481 0.160121 0.00761426
211.86 0.159465 0.00752303
212.239 0.156656 0.00738113
212.618 0.159252 0.00733446
212.997 0.150853 0.00702199
213.376 0.152633 0.00703805
213.755 0.142376 0.00670198
214.134 0.149523 0.00677511
214.513 0.143372 0.0065269
214.891 0.138137 0.00636385
215.27 0.132351 0.00611204
215.649 0.135067 0.00612366
216.028 0.132421 0.00595867
216.406 0.122597 0.00567365
216.785 0.124624 0.00562728
217.164 0.122567 0.00552478
217.542 0.116397 0.00527106
217.921 0.117658 0.00523168
218.3 0.120626 0.00527849
218.678 0.113625 0.00504245
219.057 0.104961 0.00476009
219.435 0.101895 0.00461297
219.814 0.110086 0.00475948
220.192 0.105153 0.00457664
220.57 0.0974609 0.0043544
220.949 0.0932566 0.00418798
221.327 0.0967848 0.00419552
221.705 0.0910235 0.00402708
222.084 0.0901624 0.00392103
222.462 0.0886411 0.00384149
222.84 0.0902947 0.00384515
223.218 0.0851909 0.0036419
223.597 0.084862 0.00359814
223.975 0.0805834 0.00344314
224.353 0.0847776 0.00349281
224.731 0.0773686 0.00328293
225.109 0.0769667 0.00320825
225.487 0.0767083 0.00315734
225.865 0.0741305 0.00305636
226.243 0.0757045 0.00304943
226.621 0.075891 0.00301297
226.999 0.0718059 0.00287072
227.377 0.0709293 0.00282544
227.755 0.0679098 0.00272858
228.133 0.0687083 0.00270972
228.511 0.0702418 0.00270718
228.889 0.0665302 0.0025843
229.266 0.0661096 0.00255168
229.644 0.0665582 0.00250992
230.022 0.0652639 0.00245322
230.4 0.0625294 0.00237864
230.777 0.0639815 0.00238321
231.155 0.063845 0.00234972
231.533 0.064093 0.00232095
231.91 0.0621609 0.00225475
232.288 0.0610568 0.00221347
232.665 0.0612409 0.00218826
233.043 0.0613683 0.00216986
233.42 0.0613027 0.00213939
233.798 0.0609907 0.00211833
234.175 0.0603432 0.00207961
234.553 0.0590651 0.00203556
234.93 0.0582762 0.00200167
235.307 0.0579088 0.00197919
235.685 0.0604408 0.00200549
236.062 0.0599895 0.00197464
236.439 0.0596517 0.00195934
236.816 0.0588215 0.00192186
237.194 0.0580159 0.00188845
237.571 0.0577759 0.00186813
237.948 0.0577061 0.00185713
238.325 0.0580993 0.00184283
238.702 0.0587982 0.00184293
239.079 0.0596779 0.00183825
239.456 0.058034 0.00180064
239.833 0.0568373 0.00177049
240.21 0.0577735 0.00176852
240.587 0.058824 0.00177626
240.964 0.0591001 0.0017659
241.341 0.0584268 0.00174098
241.718 0.0561233 0.00169016
242.095 0.0591652 0.00173484
242.472 0.0584696 0.00171094
242.849 0.0581963 0.0016942
243.225 0.0570499 0.0016628
243.602 0.0597378 0.00169296
243.979 0.0580012 0.0016624
244.356 0.0588531 0.00166769
244.732 0.0590119 0.00165294
245.109 0.0579834 0.001627
245.486 0.0589849 0.0016387
245.862 0.0590483 0.00163149
246.239 0.0582843 0.00160437
246.615 0.0594061 0.0016168
246.992 0.0572014 0.0015749
247.368 0.0585135 0.00159285
247.745 0.059455 0.00159208
248.121 0.0583642 0.00156665
248.497 0.0587161 0.00156883
248.874 0.0585523 0.00155715
249.25 0.0582098 0.00153892
249.626 0.0599473 0.00155914
250.003 0.058831 0.00153549
250.379 0.0589224 0.00152172
250.755 0.0605332 0.00154372
251.131 0.0585247 0.00150724
251.507 0.0588129 0.00150893
251.884 0.0583605 0.0014928
252.26 0.0599283 0.0015131
252.636 0.0593872 0.00149254
253.012 0.0581641 0.00147171
253.388 0.0599141 0.00148919
253.764 0.0583889 0.00146409
254.14 0.060775 0.00149016
254.516 0.0598667 0.00147696
254.892 0.0601787 0.00147331
255.268 0.0594582 0.00146291
255.643 0.0595678 0.00145811
256.019 0.0592508 0.00145315
256.395 0.0601924 0.0014616
256.771 0.0593767 0.00144108
257.147 0.0593779 0.00143945
257.522 0.0603931 0.00144941
257.898 0.0591311 0.00143182
258.274 0.0595182 0.00143279
258.649 0.0609439 0.00144896
259.025 0.0600769 0.00143072
259.4 0.0596701 0.00142509
259.776 0.0595003 0.00141867
260.151 0.0609261 0.00144039
260.527 0.0596789 0.00141922
260.902 0.0603371 0.00142314
261.278 0.0595516 0.00141086
261.653 0.0603958 0.00142079
262.028 0.059756 0.0014146
262.404 0.0602727 0.00141419
262.779 0.0596586 0.00140344
263.154 0.05976 0.00140216
263.53 0.0590696 0.00139023
263.905 0.0601778 0.00140594
264.28 0.0608099 0.00141257
264.655 0.0598845 0.00139771
265.03 0.0604831 0.00140901
265.405 0.0592543 0.00138998
265.781 0.0610518 0.00141258
266.156 0.0588679 0.0013856
266.531 0.0597225 0.00138825
266.906 0.0602568 0.00140215
267.281 0.0587171 0.00137727
267.655 0.0601542 0.00139923
268.03 0.060448 0.00140343
268.405 0.0606584 0.001404
268.78 0.0606282 0.00140361
269.155 0.0603228 0.00139696
269.53 0.0605853 0.00140483
269.904 0.061046 0.00140856
270.279 0.0617575 0.00141765
270.654 0.0617491 0.00141352
271.029 0.060817 0.00140547
271.403 0.0615973 0.00141046
271.778 0.060203 0.00139837
272.152 0.0607526 0.00140607
272.527 0.060845 0.00140591
272.901 0.0598224 0.00138859
273.276 0.0608629 0.00139742
273.65 0.0610571 0.00140405
274.025 0.0610175 0.00139995
274.399 0.0601324 0.00139641
274.774 0.0600971 0.00139278
275.148 0.0613604 0.00140289
275.522 0.0599749 0.00139067
275.897 0.0603406 0.00139415
276.271 0.0615301 0.00140923
276.645 0.0609419 0.00139842
277.019 0.0611716 0.00139725
277.393 0.0608507 0.00138982
277.768 0.0627112 0.00141758
278.142 0.0623631 0.00141222
278.516 0.0609404 0.00139848
278.89 0.0608338 0.0013945
279.264 0.0627728 0.0014211
279.638 0.061857 0.00140387
280.012 0.0630972 0.00142037
280.386 0.0618987 0.00141417
280.76 0.061331 0.00140232
281.133 0.0618244 0.00141053
281.507 0.0617523 0.00140858
281.881 0.0625819 0.00141476
282.255 0.0612586 0.00140169
282.629 0.0615789 0.00140942
283.002 0.0619151 0.00141403
283.376 0.0623003 0.00141454
283.75 0.0632815 0.00143048
284.123 0.0617782 0.00140845
284.497 0.0624429 0.00141859
284.87 0.0629029 0.00142526
285.244 0.0640937 0.00143604
285.618 0.064046 0.00143919
285.991 0.0636809 0.00144114
286.364 0.0643948 0.00144866
286.738 0.0636917 0.00144046
287.111 0.0641897 0.00144669
287.485 0.0645163 0.00145119
287.858 0.0654468 0.00146708
288.231 0.0635955 0.00144364
288.605 0.064275 0.00145531
288.978 0.065552 0.00146657
289.351 0.0660233 0.00147948
289.724 0.0660925 0.0014802
290.097 0.0653267 0.00147336
290.47 0.0659541 0.0014852
290.843 0.067106 0.00149759
291.217 0.0656923 0.00148202
291.59 0.0659927 0.0014957
291.963 0.0663966 0.00149696
292.336 0.0670386 0.00150899
292.708 0.06701 0.00151154
293.081 0.0675996 0.00152516
293.454 0.0666448 0.00150768
293.827 0.0668604 0.00151461
294.2 0.0671261 0.00152751
294.573 0.0664969 0.00151548
294.945 0.0676637 0.00153775
295.318 0.0682428 0.00154372
295.691 0.0667409 0.00153036
296.064 0.0680829 0.0015485
296.436 0.0688969 0.00155663
296.809 0.0667755 0.00152836
297.181 0.0677205 0.0015474
297.554 0.0682925 0.0015563
297.926 0.0684209 0.001559
298.299 0.0680719 0.00155668
298.671 0.0663117 0.00152973
299.044 0.0680431 0.00155806
299.416 0.0685381 0.00156608
299.788 0.0680573 0.00155816
300.161 0.0686273 0.00157155
300.533 0.0684163 0.00156695
300.905 0.0690954 0.00156871
301.278 0.0685999 0.00156636
301.65 0.068476 0.00156319
302.022 0.068765 0.0015699
302.394 0.0678466 0.0015619
302.766 0.068144 0.00156311
303.138 0.0678362 0.0015657
303.51 0.0680434 0.00156401
303.882 0.0691003 0.00157413
304.254 0.0692017 0.00157838
304.626 0.0678705 0.00155843
304.998 0.0687653 0.0015682
305.37 0.0694858 0.00158521
305.742 0.0689261 0.00157289
306.114 0.0705423 0.00159054
306.485 0.0685681 0.00156848
306.857 0.0691879 0.00157443
307.229 0.0696222 0.00158488
307.601 0.0697343 0.00158572
307.972 0.0683095 0.00156782
308.344 0.0670193 0.001551
308.716 0.0694164 0.001585
309.087 0.0682574 0.00156974
309.459 0.0694323 0.00158559
309.83 0.0689768 0.00158059
310.202 0.0686523 0.0015743
310.573 0.0690441 0.00157971
310.945 0.0691692 0.00158005
311.316 0.0691534 0.00158742
311.687 0.0695456 0.00158554
312.059 0.0689605 0.00158439
312.43 0.069568 0.00158846
312.801 0.0693686 0.00159178
313.172 0.0701561 0.00160177
313.544 0.0692814 0.0015934
313.915 0.070155 0.00159322
314.286 0.0698517 0.00159668
314.657 0.0696436 0.00159077
315.028 0.0684352 0.00158024
315.399 0.0700441 0.00159817
315.77 0.0697652 0.00159273
316.141 0.0697757 0.00159948
316.512 0.0706831 0.00160961
316.883 0.0682646 0.00158503
317.254 0.0695177 0.0015979
317.625 0.0711634 0.00162666
317.996 0.0697719 0.00160186
318.366 0.0702422 0.00161124
318.737 0.0691669 0.00159725
319.108 0.0701521 0.00161414
319.478 0.0707673 0.00162174
319.849 0.0694292 0.00160557
320.22 0.0687786 0.0015996
320.59 0.0702723 0.00161596
320.961 0.0703068 0.00161913
321.331 0.0701692 0.00161776
321.702 0.0716053 0.00164251
322.072 0.0705624 0.00163543
322.443 0.0708398 0.0016354
322.813 0.0696347 0.00161842
323.184 0.0709318 0.001638
323.554 0.0703549 0.00163651
323.924 0.068079 0.00160899
324.295 0.0710299 0.00165147
324.665 0.071326 0.00165611
325.035 0.0690885 0.00162779
325.405 0.0705631 0.00165184
325.775 0.0727191 0.00168504
326.145 0.0718423 0.00167325
326.515 0.0724996 0.00168399
326.886 0.0714845 0.00168061
327.256 0.0712791 0.00167979
327.626 0.0696943 0.00167129
327.995 0.0700159 0.00167927
328.365 0.0708762 0.00169192
328.735 0.0718293 0.00171181
329.105 0.0750089 0.00176824
329.475 0.0779494 0.00181673
329.845 0.0799411 0.0018664
330.215 0.0792223 0.00185102
330.584 0.0781514 0.00182075
330.954 0.0748052 0.00173924
331.324 0.0716097 0.00165378
331.693 0.0693988 0.00160011
332.063 0.0676306 0.00156258
332.432 0.0668554 0.00154559
332.802 0.0696656 0.00159069
333.171 0.0711951 0.00162916
333.541 0.0723476 0.00167294
333.91 0.0733999 0.00169362
334.28 0.0746615 0.00171789
334.649 0.0744751 0.00172072
335.018 0.0737353 0.00171799
335.388 0.0723153 0.00170686
335.757 0.0738741 0.0017254
336.126 0.0734902 0.0017271
336.495 0.0713765 0.00169633
336.865 0.072694 0.001719
337.234 0.0721544 0.00172229
337.603 0.0729335 0.00172803
337.972 0.0730177 0.00173301
338.341 0.0744581 0.00174716
338.71 0.0740715 0.00174143
339.079 0.0731617 0.00173698
339.448 0.0735497 0.00173883
339.817 0.0750189 0.00176045
340.186 0.0738113 0.00174733
340.554 0.0731811 0.00173758
340.923 0.0734989 0.00174499
341.292 0.0735451 0.00174718
341.661 0.0735439 0.00174935
342.029 0.0738905 0.00175044
342.398 0.0738114 0.00175185
342.767 0.0739129 0.0017598
343.135 0.0751198 0.00177278
343.504 0.0753426 0.00178094
343.872 0.0739562 0.00175791
344.241 0.0746891 0.00177074
344.609 0.0740215 0.00176981
344.978 0.0756258 0.00178708
345.346 0.0739135 0.00176009
345.715 0.0751455 0.00178156
346.083 0.0748186 0.00178164
346.451 0.074086 0.00177008
346.82 0.0759481 0.00179819
347.188 0.0762521 0.00179838
347.556 0.0757391 0.00180157
347.924 0.0751386 0.00179224
348.292 0.0755407 0.00180112
348.66 0.0745468 0.00178765
349.028 0.0767832 0.00181655
349.396 0.0751315 0.00180399
349.764 0.0753519 0.00180436
350.132 0.0767784 0.00182042
350.5 0.0750254 0.00180246
350.868 0.0764616 0.00182293
351.236 0.0772954 0.00183138
351.604 0.076739 0.00183187
351.972 0.0759475 0.00182446
352.34 0.0762177 0.00183037
352.707 0.0759411 0.00182784
353.075 0.0771108 0.00184235
353.443 0.0751811 0.0018233
353.81 0.0762121 0.00184032
354.178 0.0764344 0.00184404
354.545 0.0760356 0.00183472
354.913 0.0770203 0.00185442
355.28 0.0774648 0.00186001
355.648 0.0764802 0.00184425
356.015 0.0774699 0.00185939
356.383 0.0769084 0.00185052
356.75 0.0760399 0.00184474
357.117 0.075199 0.00183553
357.485 0.0763814 0.0018512
357.852 0.07678 0.00186884
358.219 0.0759692 0.00184972
358.586 0.0759312 0.00184895
358.954 0.0754559 0.0018509
359.321 0.0763779 0.00185767
359.688 0.0775007 0.00188049
360.055 0.076582 0.00186665
360.422 0.0762566 0.00186538
360.789 0.0767116 0.00187416
361.156 0.0778643 0.00188652
361.523 0.0761428 0.0018731
361.89 0.0767669 0.00187848
362.256 0.0770066 0.00187389
362.623 0.077756 0.00190174
362.99 0.0765761 0.00187822
363.357 0.0776567 0.00189915
363.724 0.0777626 0.00190126
364.09 0.0767384 0.0018849
364.457 0.0772722 0.00190556
364.823 0.0778626 0.00190054
365.19 0.0765618 0.0018874
365.557 0.0767515 0.00188681
365.923 0.0767525 0.00189307
366.29 0.0767373 0.00189883
366.656 0.0758599 0.00188018
367.022 0.0761121 0.00188095
367.389 0.0782882 0.00191619
367.755 0.077396 0.00191431
368.121 0.0774786 0.00191456
368.488 0.0758067 0.00189123
368.854 0.0779763 0.00192538
369.22 0.0786062 0.00194225
369.586 0.079682 0.00196216
369.952 0.0786737 0.00195395
370.318 0.0793179 0.00196286
370.684 0.078635 0.00196009
371.051 0.0781455 0.00195452
371.416 0.0783676 0.00196939
371.782 0.0774598 0.0019521
372.148 0.0771853 0.00195265
372.514 0.0781832 0.00196945
372.88 0.0784895 0.0019791
373.246 0.0797513 0.00199311
373.612 0.0784807 0.00197624
373.977 0.0780019 0.00196576
374.343 0.0765739 0.00194153
374.709 0.0772261 0.00194345
375.074 0.0772356 0.00194939
375.44 0.07801 0.00196753
375.806 0.078719 0.00198736
376.171 0.0792158 0.00198354
376.537 0.076036 0.00194155
376.902 0.0787795 0.00197974
377.268 0.079554 0.00198128
377.633 0.0771334 0.00194733
377.998 0.0789158 0.00196216
378.364 0.0788834 0.00195327
378.729 0.0769799 0.00193281
379.094 0.0777506 0.00195096
379.459 0.0802976 0.00200922
379.825 0.0783617 0.00197605
380.19 0.0788843 0.00198571
380.555 0.0768221 0.00197335
380.92 0.0813263 0.00205575
381.285 0.081048 0.00204835
381.65 0.079848 0.0020173
382.015 0.0785689 0.00200403
382.38 0.0795118 0.00202385
382.745 0.080286 0.00204615
383.11 0.0808963 0.00205946
383.474 0.0817016 0.00206358
383.839 0.0773294 0.00201122
384.204 0.0795382 0.00204633
384.569 0.079039 0.00204239
384.933 0.0791579 0.00204988
385.298 0.079137 0.0020528
385.663 0.0787183 0.00204156
386.027 0.0790422 0.00204152
386.392 0.0789394 0.00203149
386.756 0.07822 0.00201204
387.121 0.0776108 0.00200362
387.485 0.0781698 0.00200464
387.849 0.0771831 0.00198262
388.214 0.0775803 0.00200977
388.578 0.0806865 0.00205992
388.942 0.0800395 0.00206209
389.307 0.0794488 0.0020526
389.671 0.0791679 0.00205651
390.035 0.079707 0.0020541
390.399 0.0798492 0.00205111
390.763 0.0782115 0.00201799
391.127 0.0790944 0.00202203
391.492 0.0781847 0.00198272
391.856 0.0764064 0.00193745
392.219 0.0767318 0.00192709
392.583 0.0782236 0.00195681
392.947 0.0794085 0.00201412
393.311 0.078029 0.00201498
393.675 0.0781042 0.00202202
394.039 0.0768348 0.00201794
394.403 0.079925 0.00205914
394.766 0.0790319 0.00205317
395.13 0.0784752 0.00205134
395.494 0.0793574 0.00206202
395.857 0.0777889 0.00203262
396.221 0.0774692 0.00201926
396.584 0.0778217 0.00200868
396.948 0.0778673 0.00198758
397.311 0.0754119 0.00192719
397.675 0.076043 0.00192478
398.038 0.076608 0.00193286
398.401 0.0780018 0.00197808
398.765 0.0798546 0.00203239
399.128 0.0790416 0.00205091
399.491 0.0780407 0.00205338
399.854 0.0803107 0.002086
400.218 0.079192 0.00207744
400.581 0.0793063 0.00208487
400.944 0.0804723 0.00211042
401.307 0.0815956 0.00215067
401.67 0.0794809 0.00211645
402.033 0.0790081 0.0021163
402.396 0.0814325 0.00214972
402.759 0.0812169 0.00214949
403.122 0.0794169 0.00211517
403.485 0.0799434 0.00212162
403.847 0.0800761 0.00210571
404.21 0.0761039 0.00204221
404.573 0.0776998 0.00206127
404.936 0.0799374 0.00208043
405.298 0.0801066 0.0021055
405.661 0.0805202 0.00214052
406.023 0.081393 0.00218261
406.386 0.0811444 0.00218698
406.749 0.0811217 0.00219668
407.111 0.0827262 0.00221545
407.473 0.0786994 0.00212628
407.836 0.079064 0.00212809
408.198 0.0794198 0.00211989
408.561 0.0812804 0.00215075
408.923 0.0803373 0.00214139
409.285 0.0784194 0.00211958
409.647 0.0816946 0.00218235
410.009 0.0835799 0.00222827
410.372 0.0806314 0.00218542
410.734 0.0811421 0.00220335
411.096 0.0823784 0.00221618
411.458 0.079215 0.00217269
411.82 0.0811796 0.00218503
412.182 0.0797406 0.00214915
412.544 0.0800815 0.00215855
412.906 0.0803184 0.00215792
413.267 0.0811554 0.00217689
413.629 0.0814242 0.00219766
413.991 0.0829464 0.00222853
414.353 0.0828134 0.00223287
414.714 0.0820858 0.00224646
415.076 0.0816437 0.00223483
415.438 0.0824078 0.00224282
415.799 0.0820398 0.00222888
416.161 0.0833122 0.00226579
416.522 0.0818913 0.00225563
416.884 0.083162 0.00227448
417.245 0.0812633 0.00225666
417.607 0.0822274 0.00226441
417.968 0.0830894 0.00227368
418.329 0.0803228 0.00223272
418.691 0.0821829 0.00225767
419.052 0.081148 0.00224185
419.413 0.0803081 0.00221015
419.774 0.0801144 0.00220061
420.135 0.0785639 0.0021307
420.497 0.0786134 0.00209774
420.858 0.0771306 0.00204919
421.219 0.0788955 0.0020795
421.58 0.0790307 0.00210782
421.941 0.0828251 0.00219572
422.302 0.0820639 0.00221492
422.662 0.0818081 0.00222098
423.023 0.081287 0.00222366
423.384 0.0813522 0.00223201
423.745 0.0799487 0.00219932
424.106 0.0814856 0.00221911
424.466 0.0815741 0.002216
424.827 0.0849865 0.0022931
425.187 0.0833974 0.00230031
425.548 0.0841648 0.0023327
425.909 0.0833525 0.00233369
426.269 0.0825066 0.00230545
426.63 0.0834239 0.00230251
426.99 0.0822532 0.00226753
427.35 0.0826171 0.00228268
427.711 0.081241 0.00224755
428.071 0.0810012 0.00222544
428.431 0.0761202 0.00211613
428.792 0.0757997 0.0020394
429.152 0.0730705 0.00194731
429.512 0.0767635 0.00199217
429.872 0.0768497 0.00200712
430.232 0.0790406 0.00207148
430.592 0.0804868 0.00214966
430.952 0.0821037 0.00223525
431.312 0.0846448 0.00232604
431.672 0.0854682 0.00236424
432.032 0.0821928 0.00231141
432.392 0.080411 0.0022553
432.752 0.0761427 0.00208667
433.111 0.0774525 0.00205754
433.471 0.0812056 0.00213977
433.831 0.0835806 0.00225586
434.19 0.0803411 0.00221199
434.55 0.0802267 0.00221002
434.91 0.0800819 0.00223378
435.269 0.08056 0.00220958
435.629 0.080679 0.00220634
435.988 0.0814991 0.00220803
436.348 0.0830602 0.00226317
436.707 0.0828977 0.00229536
437.066 0.0828435 0.00229336
437.426 0.0796711 0.00222232
437.785 0.0802453 0.00222406
438.144 0.0824768 0.00225197
438.503 0.079373 0.00223834
438.862 0.0817126 0.0022753
439.222 0.083437 0.00231752
439.581 0.0828251 0.00231892
439.94 0.0804316 0.00225315
440.299 0.0762084 0.00211927
440.658 0.0755336 0.00205617
441.017 0.0773097 0.00208087
441.376 0.0778229 0.00211213
441.734 0.0793315 0.00215441
442.093 0.0786071 0.00214362
442.452 0.0807764 0.00215739
442.811 0.0781317 0.00211245
443.169 0.0779767 0.00210957
443.528 0.0805616 0.00218872
443.887 0.0810655 0.00219696
444.245 0.0788131 0.00217571
444.604 0.0811243 0.00222576
444.962 0.0824856 0.00225503
445.321 0.0829341 0.00226327
445.679 0.0803334 0.00221579
446.038 0.0811941 0.00221949
446.396 0.0809457 0.00224663
446.754 0.0828524 0.00230404
447.112 0.0837287 0.0023279
447.471 0.0830108 0.00232056
447.829 0.0795753 0.00228391
448.187 0.0813835 0.00230561
448.545 0.0816153 0.00230183
448.903 0.0818369 0.00231092
449.261 0.0837879 0.0023451
449.619 0.0846499 0.00237946
449.977 0.0832776 0.00237159
450.335 0.0854417 0.00242853
450.693 0.0851059 0.00242975
451.051 0.0826339 0.00238946
451.409 0.0842032 0.0024215
451.766 0.0846338 0.00243078
452.124 0.0863395 0.0024896
452.482 0.085857 0.00250723
452.839 0.0874065 0.002558
453.197 0.0875681 0.00256488
453.555 0.0868666 0.00256515
453.912 0.0866867 0.00255576
454.27 0.0829472 0.00246059
454.627 0.0844241 0.00245307
454.984 0.0829522 0.00243734
455.342 0.087403 0.00254023
455.699 0.0894497 0.00259847
456.056 0.0837775 0.00249981
456.414 0.0853347 0.00250038
456.771 0.0828976 0.00241935
457.128 0.0824615 0.00240375
457.485 0.0843734 0.00242302
457.842 0.0849257 0.00244598
458.199 0.0851439 0.00244629
458.556 0.0819215 0.0023764
458.913 0.0834774 0.00239896
459.27 0.0837982 0.00238995
459.627 0.0866084 0.00246505
459.984 0.0821655 0.00238348
460.341 0.0815281 0.00237116
460.697 0.0837797 0.00243232
461.054 0.0890196 0.00258109
461.411 0.0874664 0.00261118
461.767 0.0877235 0.00264585
462.124 0.0865032 0.00262082
462.481 0.0857114 0.00257759
462.837 0.0851417 0.00252913
463.194 0.0818777 0.00242827
463.55 0.0838568 0.00247324
463.907 0.0832246 0.00239922
464.263 0.0793801 0.00231089
464.619 0.079513 0.00226904
464.976 0.0778215 0.00221369
465.332 0.0809098 0.00225663
465.688 0.0824983 0.0023486
466.044 0.0884682 0.00251941
466.4 0.0878127 0.00254911
466.756 0.0865036 0.00254664
467.112 0.0868186 0.00255125
467.468 0.0864776 0.00254247
467.824 0.0866741 0.00257147
468.18 0.089173 0.00264234
468.536 0.0875355 0.00262016
468.892 0.0882784 0.00267323
469.248 0.0908094 0.0027233
469.604 0.0903247 0.00273236
469.959 0.0902136 0.00272971
470.315 0.0865405 0.00267212
470.671 0.088987 0.00270692
471.026 0.0882654 0.00267318
471.382 0.0872325 0.00263206
471.737 0.0881867 0.00262513
472.093 0.0847328 0.00253306
472.448 0.0812646 0.00243306
472.804 0.0851385 0.00246914
473.159 0.0829547 0.00241726
473.514 0.0824203 0.00242171
473.87 0.0833719 0.00240094
474.225 0.0792611 0.00227411
474.58 0.0784021 0.00221716
474.935 0.0832495 0.0023041
475.29 0.0815573 0.00231131
475.645 0.0816675 0.00231522
476 0.0803072 0.00229881
476.355 0.0820793 0.00234496
476.71 0.0814759 0.00233495
477.065 0.0781444 0.00222011
477.42 0.0782864 0.00219282
477.775 0.0782505 0.00219496
478.13 0.0808962 0.00225183
478.485 0.0785323 0.00220261
478.839 0.0774425 0.00216111
479.194 0.0780044 0.00211335
479.549 0.0753823 0.00205205
479.903 0.0772018 0.0020822
480.258 0.0771586 0.002098
480.612 0.0761561 0.00205715
480.967 0.0757949 0.00200481
481.321 0.0739344 0.0019864
481.675 0.0781152 0.00208113
482.03 0.0802201 0.00214618
482.384 0.0786233 0.00213364
482.738 0.0768925 0.0020899
483.093 0.0763854 0.00206779
483.447 0.0742145 0.00199393
483.801 0.0715258 0.00189636
484.155 0.0714682 0.0018714
484.509 0.0593241 0.00148467
484.863 0.043679 0.000868309
485.217 0.0489209 0.000835182
485.571 0.0578759 0.00093188
485.925 0.0796942 0.00139297
486.279 0.0841225 0.0016595
486.632 0.0808501 0.00175962
486.986 0.0786028 0.00187546
487.34 0.0797363 0.00201646
487.694 0.0776173 0.00204502
488.047 0.0780399 0.00206217
488.401 0.076402 0.00204301
488.754 0.0760727 0.00205154
489.108 0.0771348 0.00209953
489.461 0.0781744 0.00212386
489.815 0.0794502 0.00216346
490.168 0.0771418 0.00210828
490.522 0.0785846 0.00211885
490.875 0.0776487 0.00210936
491.228 0.0782643 0.00213227
491.581 0.0755232 0.00208023
491.935 0.0761959 0.0020972
492.288 0.076597 0.00211138
492.641 0.0767371 0.00209832
492.994 0.0767186 0.0020965
493.347 0.0756962 0.00205356
493.7 0.0757646 0.00205606
494.053 0.076662 0.00207528
494.406 0.0786253 0.00213567
494.759 0.0803573 0.00220309
495.111 0.0750514 0.00206263
495.464 0.0724285 0.00193734
495.817 0.070381 0.00187526
496.169 0.0771225 0.0020181
496.522 0.0811086 0.00216303
496.875 0.0797783 0.00221686
497.227 0.0805164 0.0022491
497.58 0.0791115 0.0022255
497.932 0.0774882 0.00217669
498.285 0.0785219 0.00217116
498.637 0.0775568 0.00210404
498.989 0.0744462 0.00203846
499.342 0.0763009 0.002079
499.694 0.0779201 0.00214739
500.046 0.0794326 0.00218675
500.398 0.0740473 0.00205962
500.751 0.0736971 0.002036
501.103 0.0758604 0.00205908
501.455 0.0760777 0.0020652
501.807 0.0752661 0.00205723
502.159 0.0785505 0.00210278
502.511 0.0770933 0.00207801
502.862 0.0775849 0.0020936
503.214 0.0782558 0.00213138
503.566 0.0800372 0.00219919
503.918 0.0791114 0.00221009
504.27 0.0788577 0.00220421
504.621 0.0776612 0.00219276
504.973 0.0777493 0.00220638
505.324 0.0779281 0.00219465
505.676 0.0760232 0.0021299
506.027 0.078303 0.00216743
506.379 0.0804989 0.00227085
506.73 0.0813408 0.0023175
507.082 0.0796059 0.00227638
507.433 0.0776174 0.00220614
507.784 0.0761345 0.00216669
508.136 0.0791911 0.00224831
508.487 0.0802945 0.00228716
508.838 0.0825899 0.00234137
509.189 0.0807163 0.00231211
509.54 0.0802562 0.0022747
509.891 0.0809198 0.00231051
510.242 0.0820101 0.00232861
510.593 0.0799916 0.00231441
510.944 0.0818967 0.0023549
511.295 0.0841931 0.00243741
511.646 0.0849538 0.00247551
511.996 0.0829143 0.00242042
512.347 0.0798133 0.00235687
512.698 0.080086 0.00236869
513.049 0.082092 0.00241295
513.399 0.0819705 0.00242235
513.75 0.0812407 0.00240433
514.1 0.0832105 0.00247947
514.451 0.0866416 0.00258268
514.801 0.0836716 0.00252689
515.152 0.0846033 0.00251846
515.502 0.0815309 0.00243399
515.852 0.0828613 0.00244059
516.202 0.0830422 0.00243998
516.553 0.0857573 0.0025158
516.903 0.0864685 0.00256474
517.253 0.0894498 0.00264793
517.603 0.0854727 0.00258792
517.953 0.0851678 0.00257075
518.303 0.0801756 0.00243572
518.653 0.0831668 0.00246042
519.003 0.0845114 0.00249928
519.353 0.0867401 0.00262258
519.703 0.086502 0.00267452
520.052 0.0898133 0.0027392
520.402 0.0883152 0.0027013
520.752 0.083941 0.00260341
521.102 0.0885851 0.00271781
521.451 0.0897798 0.00275555
521.801 0.0868049 0.00270176
522.15 0.086585 0.00265362
522.5 0.084319 0.00261442
522.849 0.0859442 0.0026312
523.199 0.0847282 0.00258785
523.548 0.0849395 0.00256616
523.897 0.0867367 0.00262315
524.246 0.0877098 0.00268173
524.596 0.0892369 0.00274326
524.945 0.0883403 0.00271353
525.294 0.0852233 0.00266492
525.643 0.0863389 0.00267633
525.992 0.0850661 0.00265199
526.341 0.0847678 0.00263083
526.69 0.0886986 0.00271232
527.039 0.0889129 0.00274206
527.388 0.0875535 0.00274005
527.737 0.0842583 0.00260621
528.086 0.0809089 0.00245992
528.434 0.0820298 0.00243157
528.783 0.0861891 0.00256056
529.132 0.0861908 0.00260933
529.48 0.0881491 0.00267276
529.829 0.0896762 0.00271066
530.177 0.0872907 0.00270181
530.526 0.0865608 0.00269711
530.874 0.09 0.00272395
531.223 0.086941 0.00267339
531.571 0.0878563 0.00271057
531.919 0.0882148 0.0026894
532.268 0.0828878 0.00252733
532.616 0.081858 0.00243129
532.964 0.0799205 0.00236671
533.312 0.0804958 0.00237644
533.66 0.0807065 0.00239029
534.008 0.0802014 0.00237737
534.356 0.0821915 0.00240828
534.704 0.0835305 0.00244988
535.052 0.0857719 0.00251592
535.4 0.0850009 0.00255753
535.748 0.0889603 0.00267871
536.095 0.0887052 0.00274264
536.443 0.0891179 0.00275244
536.791 0.0810065 0.00256869
537.139 0.0834051 0.00254643
537.486 0.0804686 0.00244335
537.834 0.0807126 0.00243409
538.181 0.0807479 0.00242064
538.529 0.0815566 0.00244643
538.876 0.0826331 0.00245615
539.223 0.0876587 0.00257251
539.571 0.0877066 0.00262826
539.918 0.0859419 0.00259246
540.265 0.0835809 0.0025062
540.613 0.0790154 0.00239488
540.96 0.0845411 0.00250788
541.307 0.0802293 0.00244754
541.654 0.0826878 0.00248414
542.001 0.0845972 0.00252048
542.348 0.0851144 0.0025277
542.695 0.0828319 0.00249673
543.042 0.0806374 0.00242563
543.388 0.0811715 0.00240287
543.735 0.0782933 0.00235661
544.082 0.0806199 0.00238773
544.429 0.0815046 0.00241184
544.775 0.0837084 0.00249806
545.122 0.0876345 0.00263175
545.469 0.0881348 0.0026824
545.815 0.0863228 0.00263932
546.162 0.0842166 0.00258618
546.508 0.0834095 0.00252092
546.854 0.0794281 0.00236884
547.201 0.0765201 0.00223994
547.547 0.0766453 0.00223528
547.893 0.0815622 0.00235763
548.24 0.0871951 0.00256824
548.586 0.0902132 0.00272095
548.932 0.0893257 0.00274781
549.278 0.0893333 0.00274987
549.624 0.0861178 0.00268551
549.97 0.0860069 0.0027089
550.316 0.0885505 0.00280354
550.662 0.089719 0.00285101
551.008 0.0825109 0.00259263
551.353 0.0778135 0.00238323
551.699 0.0787492 0.00234449
552.045 0.0840613 0.0024875
552.391 0.0853177 0.00255796
552.736 0.0848139 0.00256204
553.082 0.0846479 0.00256329
553.427 0.0859703 0.00262889
553.773 0.0884489 0.0027548
554.118 0.0870097 0.00273247
554.464 0.0865006 0.00265455
554.809 0.0785612 0.00242933
555.154 0.0796484 0.00241313
555.5 0.0808362 0.00243657
555.845 0.0870884 0.00262738
556.19 0.088749 0.00272427
556.535 0.0893335 0.00279461
556.88 0.0859034 0.00269624
557.225 0.0853158 0.00267704
557.57 0.0900304 0.00280368
557.915 0.0931618 0.00292934
558.26 0.0957914 0.00300701
558.605 0.0897267 0.00289994
558.95 0.086015 0.00277672
559.295 0.0819062 0.00256508
559.639 0.079857 0.00243747
559.984 0.0742185 0.00226003
560.329 0.0773601 0.00229884
560.673 0.0804123 0.00235189
561.018 0.0840132 0.00247452
561.362 0.0876449 0.00259482
561.707 0.0886659 0.00267531
562.051 0.0830824 0.00255814
562.395 0.0816353 0.00250227
562.74 0.0798586 0.00242578
563.084 0.0784233 0.00237418
563.428 0.0794062 0.00233912
563.772 0.0808478 0.0023712
564.117 0.0786293 0.00232134
564.461 0.0782285 0.00230809
564.805 0.0807857 0.00236594
565.149 0.0787489 0.00232515
565.493 0.0780615 0.00231853
565.836 0.0768789 0.0022567
566.18 0.0754613 0.00220312
566.524 0.0701441 0.00198074
566.868 0.0702528 0.00192912
567.212 0.0704214 0.00189856
567.555 0.0697157 0.00186515
567.899 0.066874 0.0017421
568.242 0.0645726 0.00164196
568.586 0.0598159 0.00147886
568.929 0.0587515 0.00137189
569.273 0.058307 0.00129214
569.616 0.0606322 0.00131951
569.96 0.0599358 0.00128541
570.303 0.0584202 0.00122962
570.646 0.0588159 0.00121845
570.989 0.0568943 0.00116127
571.333 0.0605011 0.00121242
571.676 0.062233 0.00127561
572.019 0.0681881 0.00144383
572.362 0.0588595 0.00126572
572.705 0.0555826 0.00114162
573.048 0.0539441 0.00107051
573.391 0.0553066 0.00104857
573.733 0.0550034 0.00103117
574.076 0.0556742 0.00102597
574.419 0.0595 0.00109296
574.762 0.0616635 0.00117194
575.104 0.0650609 0.0012886
575.447 0.060257 0.00122337
575.789 0.0558443 0.00110701
576.132 0.0534465 0.00102312
576.474 0.0545273 0.00102185
576.817 0.0514987 0.000918646
577.159 0.0519563 0.000872427
577.501 0.0556632 0.00091014
577.844 0.0616786 0.00102538
578.186 0.0666947 0.00119599
578.528 0.064255 0.00122186
578.87 0.0613894 0.00119951
579.212 0.0565714 0.00111307
579.554 0.0561976 0.00107394
579.896 0.0565641 0.001084
580.238 0.0536446 0.000994801
580.58 0.0486559 0.000832416
580.922 0.0519758 0.000826851
581.264 0.0578671 0.000872433
581.606 0.059865 0.000926436
581.947 0.0618213 0.000999318
582.289 0.067653 0.00116142
582.631 0.0686774 0.00129797
582.972 0.0684575 0.00138279
583.314 0.0639809 0.00132208
583.655 0.0583349 0.00122036
583.997 0.0525179 0.00105696
584.338 0.051226 0.000970919
584.679 0.0516367 0.000935282
585.021 0.0577814 0.00101656
585.362 0.061875 0.00113033
585.703 0.0647731 0.0012439
586.044 0.0607455 0.0012091
586.385 0.0559499 0.00109803
586.726 0.0538806 0.00102915
587.067 0.0589699 0.00111891
587.408 0.0635543 0.00122819
587.749 0.0645529 0.00129649
588.09 0.0647729 0.00135283
588.431 0.067955 0.0014682
588.772 0.0677493 0.00152466
589.113 0.0614933 0.00142748
589.453 0.0632361 0.00143972
589.794 0.0670465 0.00153322
590.134 0.0686388 0.0016341
590.475 0.068856 0.00167472
590.815 0.0668063 0.00163434
591.156 0.0679145 0.00165019
591.496 0.0643626 0.00155749
591.837 0.0531673 0.00121779
592.177 0.0516376 0.00109021
592.517 0.0543654 0.00107098
592.857 0.0599111 0.00118538
593.198 0.0650206 0.00131389
593.538 0.0698696 0.00150249
593.878 0.0690288 0.00154114
594.218 0.0618879 0.00141218
594.558 0.0596237 0.00133458
594.898 0.0627399 0.00140757
595.237 0.0696614 0.00157514
595.577 0.0719847 0.00170462
595.917 0.0726877 0.00179847
596.257 0.0652638 0.00163275
596.596 0.0634988 0.00157004
596.936 0.0629393 0.00153717
597.276 0.0681937 0.0016626
597.615 0.0647494 0.00159135
597.955 0.055964 0.00130118
598.294 0.0552365 0.00121281
598.633 0.0586449 0.00125382
598.973 0.0629656 0.00134815
599.312 0.0611179 0.00132417
599.651 0.0608693 0.00133195
599.991 0.0632024 0.00138689
600.33 0.0631052 0.00140723
600.669 0.0652699 0.00147218
601.008 0.066271 0.00153471
601.347 0.0671378 0.00159736
601.686 0.0632934 0.00150565
602.025 0.0643231 0.00152798
602.364 0.0602099 0.00140466
602.702 0.0600636 0.00138283
603.041 0.062576 0.0014208
603.38 0.0664588 0.00153426
603.719 0.0700744 0.0016472
604.057 0.0689328 0.00167965
604.396 0.0666767 0.00164932
604.734 0.0625768 0.00152604
605.073 0.0579639 0.00135877
605.411 0.06084 0.00140558
605.75 0.0643533 0.00149838
606.088 0.0693188 0.00163651
606.426 0.0633581 0.00152621
606.764 0.0627354 0.00149782
607.103 0.0662013 0.0015874
607.441 0.0676334 0.00165985
607.779 0.0700098 0.0017297
608.117 0.0675714 0.00168769
608.455 0.0701094 0.00179201
608.793 0.0688682 0.0017932
609.131 0.0622948 0.00159111
609.469 0.0626674 0.00155735
609.806 0.0652075 0.00160996
610.144 0.0722989 0.00182837
610.482 0.0716839 0.00183949
610.819 0.0689246 0.00179979
611.157 0.0686147 0.00180519
611.495 0.0730099 0.00192738
611.832 0.0703353 0.00189739
612.17 0.0695704 0.00187332
612.507 0.0700978 0.00185941
612.844 0.0708726 0.0018893
613.182 0.0693437 0.00187313
613.519 0.0692623 0.0018605
613.856 0.0683027 0.00184275
614.193 0.069456 0.00183481
614.53 0.0656942 0.00174725
614.867 0.0673568 0.00176731
615.205 0.0735267 0.00193894
615.541 0.0762307 0.00204562
615.878 0.0768869 0.00214163
616.215 0.0740792 0.0020807
616.552 0.0732062 0.00208954
616.889 0.0717377 0.00202099
617.226 0.0712597 0.00199358
617.562 0.076329 0.00212887
617.899 0.0810657 0.00232642
618.235 0.0849055 0.00250355
618.572 0.0851723 0.00260038
618.908 0.0799882 0.00243256
619.245 0.0751436 0.00226152
619.581 0.0744904 0.00221219
619.918 0.0867962 0.00258631
620.254 0.0994414 0.00312287
620.59 0.0968488 0.00312829
620.926 0.0857074 0.00274392
621.262 0.0768711 0.00245429
621.599 0.0809123 0.00252942
621.935 0.0804078 0.00248979
622.271 0.0762203 0.0023332
622.606 0.0748669 0.00226243
622.942 0.0784426 0.00237324
623.278 0.0823339 0.00250226
623.614 0.0736493 0.00225539
623.95 0.0745839 0.00226056
624.285 0.0774302 0.00234623
624.621 0.0861824 0.00260975
624.957 0.0862589 0.00269212
625.292 0.090751 0.00284483
625.628 0.0945394 0.00299145
625.963 0.091988 0.0029704
626.299 0.0874092 0.00283591
626.634 0.0854163 0.00275942
626.969 0.0859197 0.00281872
627.304 0.0997582 0.00329224
627.64 0.107435 0.00366466
627.975 0.0984008 0.00343702
628.31 0.0890103 0.00308993
628.645 0.0908245 0.00304986
628.98 0.094829 0.00318485
629.315 0.100536 0.00334214
629.65 0.100778 0.00337286
629.985 0.096823 0.00329672
630.319 0.101506 0.00352311
630.654 0.106128 0.00364347
630.989 0.100649 0.0035308
631.323 0.108366 0.00372712
631.658 0.114987 0.00399576
631.993 0.116237 0.00419138
632.327 0.11282 0.00414504
632.662 0.116625 0.00419153
632.996 0.108415 0.00395168
633.33 0.108628 0.00389699
633.665 0.111799 0.00409193
633.999 0.113659 0.00425116
634.333 0.120982 0.00438509
634.667 0.11526 0.00429495
635.001 0.11432 0.00417319
635.335 0.105068 0.00384851
635.669 0.10026 0.00361991
636.003 0.104438 0.003746
636.337 0.117902 0.00417911
636.671 0.126231 0.00455007
637.005 0.128925 0.00472327
637.339 0.121969 0.00457376
637.672 0.116557 0.00430789
638.006 0.110819 0.00409267
638.339 0.114074 0.00421288
638.673 0.123748 0.00452758
639.006 0.124169 0.00467773
639.34 0.125327 0.0046969
639.673 0.122065 0.00470152
640.007 0.129353 0.00482767
640.34 0.131109 0.00494511
640.673 0.130221 0.0049659
641.006 0.136064 0.00515069
641.34 0.137239 0.00522921
641.673 0.138315 0.00537502
642.006 0.146608 0.00562917
642.339 0.141646 0.00543525
642.672 0.13723 0.00531697
643.004 0.139272 0.00538694
643.337 0.138397 0.00554298
643.67 0.14812 0.00573283
644.003 0.140676 0.00553216
644.336 0.133085 0.00535829
644.668 0.141859 0.00552217
645.001 0.145987 0.0056988
645.333 0.152132 0.00596055
645.666 0.153653 0.00611389
645.998 0.166153 0.00650285
646.331 0.164857 0.0065759
646.663 0.152602 0.00626166
646.995 0.143221 0.00569622
647.327 0.129276 0.00496988
647.66 0.117687 0.00448238
647.992 0.122827 0.00450926
648.324 0.117601 0.00439599
648.656 0.12161 0.00453244
648.988 0.131794 0.00490626
649.32 0.148497 0.00557081
649.652 0.15751 0.00600654
649.983 0.158685 0.00615873
650.315 0.154088 0.00610795
650.647 0.145791 0.00580495
650.979 0.134226 0.00531588
651.31 0.132913 0.00508636
651.642 0.126695 0.00485446
651.973 0.131991 0.00495159
652.305 0.128541 0.00486789
652.636 0.133843 0.00503611
652.967 0.139513 0.00525786
653.299 0.139518 0.00538052
653.63 0.13598 0.00525183
653.961 0.120415 0.00459103
654.292 0.078407 0.0028435
654.623 0.0237517 0.000567258
654.955 0.0942586 0.00110929
655.286 0.171307 0.00149541
655.616 0.217521 0.00168504
655.947 0.185609 0.00155648
656.278 0.12527 0.00127866
656.609 0.0866678 0.00111299
656.94 0.0990751 0.00157467
657.27 0.0976954 0.00183321
657.601 0.0996191 0.00213512
657.932 0.105917 0.00263329
658.262 0.114331 0.00333274
658.593 0.121408 0.00411969
658.923 0.14645 0.00529055
659.254 0.153238 0.00597797
659.584 0.163886 0.00656385
659.914 0.177754 0.00715844
660.244 0.183999 0.00746498
660.575 0.182079 0.00737163
660.905 0.177278 0.00728459
661.235 0.173011 0.00709566
661.565 0.171993 0.00702387
661.895 0.165214 0.00684476
662.225 0.173029 0.00711511
662.555 0.174715 0.00724895
662.884 0.169915 0.0070688
663.214 0.170851 0.00699047
663.544 0.17025 0.00690555
663.873 0.164627 0.00668994
664.203 0.160306 0.00652968
664.533 0.151311 0.00617202
664.862 0.151887 0.00614073
665.192 0.164396 0.00657237
665.521 0.168667 0.00701861
665.85 0.191555 0.00770185
666.18 0.196919 0.00813064
666.509 0.190825 0.00795628
666.838 0.188182 0.00771419
667.167 0.179884 0.00744533
667.496 0.191377 0.00781183
667.825 0.190026 0.00782337
668.154 0.18421 0.0076899
668.483 0.182073 0.00759323
668.812 0.176647 0.00733985
669.141 0.17763 0.00728682
669.47 0.171878 0.00707965
669.798 0.176678 0.00725126
670.127 0.180812 0.0073425
670.456 0.160337 0.00652327
670.784 0.138315 0.00543459
671.113 0.116192 0.00457231
671.441 0.113483 0.00431784
671.77 0.120597 0.00452504
672.098 0.124877 0.0047858
672.426 0.158266 0.00598995
672.755 0.164707 0.00649716
673.083 0.171858 0.00673052
673.411 0.166268 0.00660695
673.739 0.165045 0.00667892
674.067 0.180309 0.00734964
674.395 0.181203 0.00736699
674.723 0.17221 0.00699487
675.051 0.165545 0.00675895
675.379 0.16332 0.00670784
675.706 0.176983 0.00705958
676.034 0.181141 0.00730319
676.362 0.17868 0.00728837
676.689 0.159964 0.00647778
677.017 0.141074 0.00568384
677.344 0.135205 0.00534521
677.672 0.143531 0.00560174
677.999 0.139248 0.0055847
678.327 0.135702 0.00540322
678.654 0.125876 0.00497746
678.981 0.129787 0.00490216
679.308 0.133195 0.00500571
679.636 0.139406 0.00536045
679.963 0.154547 0.00592655
680.29 0.146398 0.00578387
680.617 0.143053 0.00561097
680.944 0.138478 0.00543862
681.271 0.142349 0.00567299
681.597 0.16437 0.00650829
681.924 0.177842 0.00721012
682.251 0.177347 0.00717178
682.578 0.150497 0.0062594
682.904 0.142465 0.00568271
683.231 0.132481 0.00526198
683.557 0.128026 0.00505692
683.884 0.126322 0.00487985
684.21 0.125106 0.00474259
684.536 0.115824 0.00441414
684.863 0.11477 0.004328
685.189 0.119582 0.00449233
685.515 0.134682 0.00502558
685.841 0.134707 0.00519063
686.167 0.134407 0.00519002
686.493 0.129277 0.00502917
686.819 0.135844 0.00518458
687.145 0.142476 0.00554147
687.471 0.16039 0.00632271
687.797 0.172011 0.00676742
688.123 0.165232 0.00659237
688.448 0.151993 0.00611535
688.774 0.146402 0.00582145
689.1 0.14747 0.00594155
689.425 0.164444 0.00653742
689.751 0.170797 0.0067703
690.076 0.150409 0.00599957
690.402 0.128333 0.00517766
690.727 0.129918 0.00504872
691.052 0.139218 0.00536332
691.377 0.146336 0.00566376
691.703 0.144902 0.00577865
692.028 0.146308 0.00580988
692.353 0.143191 0.00562616
692.678 0.141206 0.00562999
693.003 0.159678 0.00621452
693.328 0.16857 0.00685662
693.652 0.189398 0.00759601
693.977 0.171658 0.00705872
694.302 0.153639 0.00629669
694.627 0.151576 0.00616684
694.951 0.164199 0.00664928
695.276 0.199985 0.00804443
695.6 0.197765 0.00813421
695.925 0.158686 0.00639494
696.249 0.123437 0.00497327
696.574 0.12014 0.0046499
696.898 0.131606 0.00508825
697.222 0.142804 0.00560242
697.546 0.153652 0.00604512
697.871 0.154436 0.00618821
698.195 0.146946 0.00608049
698.519 0.167061 0.00664739
698.843 0.1663 0.00682207
699.167 0.184494 0.00745558
699.491 0.18281 0.00770412
699.814 0.188675 0.00789
700.138 0.189361 0.00792849
700.462 0.194993 0.00817854
700.786 0.19619 0.00809466
701.109 0.175562 0.00746857
701.433 0.168563 0.00706473
701.756 0.163142 0.00670207
702.08 0.16543 0.0067495
702.403 0.17362 0.00705541
702.726 0.185313 0.00759845
703.05 0.193453 0.00795301
703.373 0.194386 0.00806513
703.696 0.192528 0.00803324
704.019 0.194803 0.00836251
704.342 0.205008 0.00889166
704.665 0.231653 0.00984207
704.988 0.229686 0.00973611
705.311 0.198922 0.00850388
705.634 0.166589 0.00698721
705.957 0.144552 0.00589487
706.28 0.133224 0.00524256
706.602 0.129903 0.00512311
706.925 0.136555 0.00536312
707.247 0.1414 0.00567488
707.57 0.159392 0.00626273
707.892 0.156446 0.00641632
708.215 0.17424 0.00710228
708.537 0.18258 0.0074492
708.859 0.18215 0.00748297
709.182 0.180103 0.00736378
709.504 0.170587 0.00697799
709.826 0.167275 0.00682318
710.148 0.16815 0.00686858
710.47 0.177762 0.00726291
710.792 0.19087 0.00780403
711.114 0.197992 0.00821473
711.436 0.194888 0.00833142
711.758 0.194297 0.00818415
712.079 0.182339 0.00783771
712.401 0.183769 0.00748012
712.723 0.166504 0.00686161
713.044 0.155824 0.00625378
713.366 0.149038 0.00604798
713.687 0.156625 0.00625038
714.009 0.155478 0.00639641
714.33 0.174524 0.00692884
714.652 0.178406 0.00720456
714.973 0.181014 0.00750849
715.294 0.2006 0.00831078
715.615 0.228069 0.00942822
715.936 0.228099 0.00956711
716.257 0.225785 0.00961004
716.578 0.224364 0.00964412
716.899 0.227167 0.00948789
717.22 0.191134 0.00814148
717.541 0.184283 0.00777996
717.862 0.188134 0.00783441
718.182 0.181222 0.00767402
718.503 0.183124 0.00754651
718.824 0.179221 0.007572
719.144 0.186308 0.00784368
719.465 0.209503 0.00850758
719.785 0.183296 0.00779353
720.105 0.173751 0.00748823
720.426 0.178926 0.00750468
720.746 0.189384 0.00785185
721.066 0.179512 0.00765825
721.386 0.194925 0.008062
721.706 0.202226 0.00845042
722.026 0.211204 0.0088651
722.346 0.203041 0.00876439
722.666 0.194631 0.0084687
722.986 0.196021 0.00828806
723.306 0.196774 0.00836883
723.626 0.208955 0.00879494
723.946 0.204987 0.00869361
724.265 0.187963 0.00787973
724.585 0.166227 0.00701944
724.904 0.1636 0.006912
725.224 0.170549 0.00707611
725.543 0.179539 0.0072587
725.863 0.171472 0.00716173
726.182 0.192009 0.00788614
726.501 0.189679 0.00796161
726.82 0.198997 0.00820852
727.14 0.176967 0.00744104
727.459 0.168871 0.00704959
727.778 0.164809 0.00692293
728.097 0.170705 0.00714203
728.416 0.163556 0.00691187
728.734 0.165348 0.00672868
729.053 0.155885 0.00646926
729.372 0.156226 0.00646295
729.691 0.150756 0.00618883
730.009 0.139478 0.00566665
730.328 0.140969 0.00552923
730.647 0.136183 0.00544077
730.965 0.148136 0.00587331
731.283 0.158269 0.00629895
731.602 0.155873 0.00632388
731.92 0.150382 0.0061011
732.238 0.147967 0.00590616
732.557 0.138843 0.00566875
732.875 0.142552 0.00560473
733.193 0.124733 0.00493013
733.511 0.11794 0.00468444
733.829 0.13255 0.00511505
734.147 0.144912 0.00570002
734.465 0.14618 0.00598532
734.782 0.147163 0.00599996
735.1 0.144138 0.00577163
735.418 0.142921 0.0057425
735.735 0.145362 0.00580876
736.053 0.142028 0.00567812
736.371 0.150424 0.00590394
736.688 0.153766 0.00618668
737.005 0.163545 0.00676904
737.323 0.178262 0.0073373
737.64 0.167088 0.00711174
737.957 0.161916 0.00663746
738.274 0.139191 0.0056484
738.592 0.137871 0.00548471
738.909 0.136202 0.00558873
739.226 0.162503 0.00664892
739.543 0.18326 0.0076109
739.86 0.20258 0.00846727
740.176 0.199614 0.0086233
740.493 0.221043 0.00934838
740.81 0.217589 0.00930429
741.127 0.214894 0.00914881
741.443 0.200463 0.00837256
741.76 0.182114 0.00771575
742.076 0.190539 0.00796205
742.393 0.208915 0.00878439
742.709 0.229417 0.00971485
743.025 0.229965 0.00990566
743.342 0.221009 0.00962165
743.658 0.215671 0.00932182
743.974 0.209304 0.00892921
744.29 0.206722 0.00886494
744.606 0.21645 0.00916806
744.922 0.220978 0.00928005
745.238 0.210098 0.00907622
745.554 0.228551 0.00969544
745.87 0.225533 0.00973267
746.186 0.211599 0.00903881
746.501 0.193576 0.00832726
746.817 0.201887 0.00863959
747.132 0.232003 0.00994128
747.448 0.24668 0.0106537
747.763 0.230374 0.0101417
748.079 0.220436 0.00950776
748.394 0.200664 0.00845652
748.71 0.171292 0.00727387
749.025 0.160684 0.00663293
749.34 0.154946 0.00642875
749.655 0.164246 0.00676366
749.97 0.175184 0.0072367
750.285 0.17124 0.00717691
750.6 0.169793 0.00699378
750.915 0.16208 0.00666325
751.23 0.163684 0.00682801
751.545 0.175925 0.0073696
751.859 0.19489 0.00804886
752.174 0.188091 0.00799954
752.489 0.179021 0.00741136
752.803 0.155102 0.00648439
753.118 0.161029 0.00655757
753.432 0.16482 0.00685684
753.747 0.17744 0.00737824
754.061 0.163184 0.00683585
754.375 0.155693 0.00639764
754.689 0.147482 0.00603284
755.004 0.150281 0.00608003
755.318 0.142734 0.00579622
755.632 0.130174 0.00526535
755.946 0.127258 0.00511195
756.26 0.117354 0.00468954
756.573 0.114858 0.00443889
756.887 0.109752 0.004207
757.201 0.113888 0.00437648
757.515 0.13403 0.00520072
757.828 0.145816 0.00581771
758.142 0.145571 0.00579359
758.455 0.126679 0.00501924
758.769 0.111792 0.00446526
759.082 0.117257 0.0044487
759.396 0.108245 0.00421009
759.709 0.110497 0.00422066
760.022 0.10916 0.00423208
760.335 0.121809 0.00470552
760.648 0.14333 0.00548612
760.962 0.154381 0.00611144
761.275 0.158134 0.00649169
761.587 0.165143 0.00672035
761.9 0.16777 0.00679074
762.213 0.151091 0.00623389
762.526 0.145934 0.00590557
762.839 0.142285 0.00580795
763.151 0.132221 0.00543706
763.464 0.127347 0.00504682
763.776 0.111878 0.00439392
764.089 0.101069 0.00408807
764.401 0.115659 0.00452857
764.714 0.130001 0.00508351
765.026 0.138421 0.00559889
765.338 0.151405 0.00623489
765.65 0.171946 0.00715153
765.962 0.194486 0.00795939
766.275 0.199838 0.00835681
766.587 0.200164 0.00839122
766.898 0.185933 0.00782787
767.21 0.17353 0.00711527
767.522 0.142839 0.0059896
767.834 0.143131 0.00577605
768.146 0.140853 0.0057713
768.457 0.152334 0.00636867
768.769 0.16681 0.00701926
769.08 0.173641 0.00719387
769.392 0.164999 0.00675901
769.703 0.146952 0.00604859
770.015 0.136083 0.00559852
770.326 0.139755 0.00568457
770.637 0.147375 0.0060486
770.948 0.166927 0.00690731
771.26 0.188833 0.00780807
771.571 0.195142 0.00802442
771.882 0.17901 0.00749884
772.193 0.184019 0.00768006
772.504 0.197258 0.00815052
772.814 0.201634 0.00840485
773.125 0.203757 0.00862385
773.436 0.212235 0.00905428
773.747 0.213195 0.00927899
774.057 0.229463 0.00983244
774.368 0.22737 0.00994145
774.678 0.251969 0.0107382
774.989 0.23624 0.0105609
775.299 0.271723 0.0117074
775.609 0.260661 0.0113388
775.919 0.263831 0.0113139
776.23 0.253988 0.0111143
776.54 0.242384 0.0107655
776.85 0.2626 0.0113233
777.16 0.239277 0.0104876
777.47 0.2167 0.00946206
777.78 0.202302 0.00873941
778.089 0.182187 0.00787671
778.399 0.183605 0.00785721
778.709 0.202188 0.00862562
779.019 0.227254 0.00974542
779.328 0.24461 0.0106577
779.638 0.2369 0.0103497
779.947 0.207089 0.00882107
780.257 0.179067 0.00748266
780.566 0.168214 0.00698093
780.875 0.172381 0.00722839
781.185 0.197175 0.00822106
781.494 0.197218 0.00835776
781.803 0.202183 0.00868844
782.112 0.219148 0.00917798
782.421 0.201651 0.00868831
782.73 0.197708 0.0083764
783.039 0.197702 0.00848257
783.348 0.226671 0.00980773
783.656 0.253467 0.010941
783.965 0.240291 0.0108126
784.274 0.230553 0.0101889
784.582 0.227843 0.00981424
784.891 0.21403 0.00945602
785.199 0.221171 0.00975811
785.508 0.240486 0.0104555
785.816 0.247039 0.0107897
786.124 0.236893 0.0103326
786.432 0.227364 0.00962553
786.741 0.201771 0.00872106
787.049 0.198549 0.00860001
787.357 0.209679 0.00897302
787.665 0.201998 0.00875412
787.973 0.207114 0.00894488
788.281 0.211376 0.00922459
788.588 0.244106 0.0104408
788.896 0.257697 0.0113947
789.204 0.289893 0.0125766
789.511 0.271393 0.0122017
789.819 0.277827 0.0125704
790.126 0.287907 0.0128018
790.434 0.303269 0.0131359
790.741 0.272194 0.0124133
791.049 0.278032 0.0125325
791.356 0.299787 0.0134359
791.663 0.314066 0.0140003
791.97 0.300218 0.0137238
792.277 0.295168 0.013355
792.584 0.275468 0.0122213
792.891 0.216464 0.00958217
793.198 0.18631 0.00825196
793.505 0.18457 0.00805263
793.812 0.204111 0.00870769
794.119 0.213166 0.00910334
794.425 0.21877 0.00949613
794.732 0.231116 0.0102053
795.038 0.282557 0.0124664
795.345 0.341183 0.0147312
795.651 0.349312 0.0157048
795.958 0.358176 0.0159352
796.264 0.302962 0.013676
796.57 0.298425 0.0130766
796.876 0.296999 0.0129333
797.183 0.295655 0.0131426
797.489 0.328327 0.0144182
797.795 0.337334 0.0147454
798.101 0.318411 0.0142625
798.406 0.319052 0.0143527
798.712 0.331774 0.0150683
799.018 0.349231 0.0157012
799.324 0.345027 0.0156474
799.629 0.349974 0.0158303
799.935 0.350853 0.0159677
800.24 0.378031 0.0168899
800.546 0.372505 0.0167717
800.851 0.382809 0.0171568
801.157 0.41512 0.0186315
801.462 0.439658 0.0193603
801.767 0.424564 0.0191156
802.072 0.400381 0.0178431
802.377 0.345271 0.0159448
802.682 0.339497 0.0155563
802.987 0.35498 0.0163488
803.292 0.392465 0.0176298
803.597 0.40603 0.0180846
803.902 0.405351 0.018024
804.207 0.387275 0.0175073
804.511 0.380284 0.0170827
804.816 0.352822 0.0154603
805.12 0.277994 0.0128225
805.425 0.270735 0.0119186
805.729 0.266381 0.0119149
806.034 0.295716 0.0130398
806.338 0.330017 0.0145604
806.642 0.353172 0.0154461
806.946 0.340807 0.0150198
807.251 0.335626 0.0150422
807.555 0.335588 0.014802
807.859 0.333243 0.0146382
808.162 0.336451 0.0151354
808.466 0.358302 0.0161507
808.77 0.387765 0.0172468
809.074 0.390528 0.0179
809.378 0.428561 0.0187841
809.681 0.392186 0.0178278
809.985 0.402366 0.0183497
810.288 0.428383 0.0191449
810.592 0.417913 0.0187677
810.895 0.430738 0.019506
811.198 0.447811 0.0207683
811.502 0.498335 0.0222272
811.805 0.506207 0.0230175
812.108 0.441671 0.0205213
812.411 0.436785 0.019803
812.714 0.390257 0.017441
813.017 0.359018 0.0158311
813.32 0.344331 0.0154809
813.623 0.361178 0.016356
813.926 0.4212 0.0189422
814.228 0.478979 0.02128
814.531 0.506481 0.022584
814.833 0.491129 0.0220681
815.136 0.511351 0.0226548
815.438 0.498033 0.0226129
815.741 0.450901 0.0206242
816.043 0.431116 0.0199213
816.345 0.45162 0.0202524
816.648 0.435175 0.0200422
816.95 0.453777 0.0207803
817.252 0.463659 0.0214772
817.554 0.500232 0.0223558
817.856 0.492248 0.0226504
818.158 0.486393 0.0227108
818.46 0.539848 0.024533
818.761 0.501378 0.0235565
819.063 0.506255 0.0232599
819.365 0.477652 0.0219259
819.666 0.446019 0.0201279
819.968 0.411537 0.0186964
820.269 0.424616 0.0187859
820.571 0.431277 0.0194291
820.872 0.476288 0.0211899
821.173 0.487119 0.0222808
821.475 0.531252 0.0241635
821.776 0.522371 0.0238367
822.077 0.51112 0.0234412
822.378 0.536834 0.0241913
822.679 0.551994 0.024932
822.98 0.525486 0.0241
823.281 0.588198 0.0263245
823.581 0.534782 0.0248475
823.882 0.553269 0.0255968
824.183 0.541114 0.0250572
824.483 0.504838 0.0233421
824.784 0.475489 0.0217229
825.084 0.512526 0.0229574
825.385 0.521863 0.0234693
825.685 0.519231 0.0239135
825.985 0.526066 0.0238645
826.286 0.520677 0.0234159
826.586 0.478041 0.0219966
826.886 0.476365 0.0219988
827.186 0.515379 0.0232179
827.486 0.540763 0.0245816
827.786 0.560962 0.025418
828.086 0.549426 0.0249025
828.386 0.501146 0.0234724
828.685 0.523079 0.0238479
828.985 0.5427 0.0250169
829.285 0.547904 0.0253101
829.584 0.568831 0.0262056
829.884 0.591956 0.0271405
830.183 0.674426 0.0304796
830.482 0.646028 0.0295054
830.782 0.621835 0.0290707
831.081 0.695549 0.0319093
831.38 0.653641 0.0299329
831.679 0.662462 0.0302025
831.978 0.624199 0.0293641
832.277 0.597461 0.0278024
832.576 0.584039 0.0269713
832.875 0.584733 0.0269709
833.174 0.568707 0.0264318
833.472 0.611666 0.0276193
833.771 0.578249 0.0272196
834.07 0.580558 0.0266258
834.368 0.587381 0.0270438
834.667 0.637794 0.0289247
834.965 0.63025 0.0291848
835.263 0.641178 0.0294764
835.562 0.630202 0.0292362
835.86 0.634494 0.0290649
836.158 0.680703 0.0304471
836.456 0.657187 0.0307046
836.754 0.658381 0.0306466
837.052 0.750409 0.0337574
837.35 0.717866 0.0323771
837.648 0.688952 0.032139
837.946 0.679103 0.0321803
838.243 0.719329 0.0331291
838.541 0.708722 0.0320201
838.839 0.69886 0.0318431
839.136 0.668036 0.0310674
839.434 0.653059 0.0305304
839.731 0.723713 0.0330046
840.028 0.708045 0.0318975
840.326 0.711756 0.032383
840.623 0.70712 0.0322479
840.92 0.690172 0.0321658
841.217 0.703829 0.0333944
841.514 0.683055 0.0330817
841.811 0.71228 0.0326669
842.108 0.729085 0.0340215
842.405 0.74275 0.0345952
842.701 0.779161 0.0355963
842.998 0.731482 0.0334282
843.295 0.750241 0.0345942
843.591 0.734875 0.034313
843.888 0.723317 0.0336485
844.184 0.727669 0.0339451
844.481 0.733134 0.0335135
844.777 0.7276 0.0335503
845.073 0.75108 0.0343443
845.369 0.728497 0.0341634
845.665 0.758376 0.0353664
845.962 0.759502 0.0346982
846.258 0.759753 0.035376
846.553 0.718809 0.0344595
846.849 0.749056 0.0352377
847.145 0.703799 0.0330466
847.441 0.741684 0.0341279
847.737 0.702706 0.0329437
848.032 0.76213 0.0349638
848.328 0.741132 0.0346373
848.623 0.807286 0.0366328
848.919 0.764053 0.0348444
849.214 0.728643 0.0336391
849.509 0.749648 0.0346296
849.805 0.754513 0.0354388
850.1 0.78715 0.0370064
850.395 0.796167 0.0370945
850.69 0.788885 0.0371814
850.985 0.743133 0.0348065
851.28 0.753048 0.0348925
851.575 0.749454 0.0352342
851.869 0.771424 0.0356248
852.164 0.735472 0.0342666
852.459 0.705958 0.0326511
852.753 0.683954 0.0316911
853.048 0.620816 0.0286264
853.342 0.617775 0.028358
853.637 0.654323 0.0297091
853.931 0.643355 0.029143
854.225 0.610976 0.0282753
854.52 0.648966 0.030227
854.814 0.648863 0.030325
855.108 0.609325 0.0284331
855.402 0.610738 0.0289869
855.696 0.704868 0.0320322
855.99 0.664661 0.0316068
856.283 0.694973 0.0316103
856.577 0.699799 0.0324451
856.871 0.737092 0.0330352
857.164 0.727884 0.0331852
857.458 0.737167 0.0345055
857.751 0.739267 0.0339553
858.045 0.741299 0.0335894
858.338 0.720206 0.033649
858.632 0.670574 0.0317256
858.925 0.733595 0.0340537
859.218 0.718473 0.0335574
859.511 0.782292 0.0364817
859.804 0.786114 0.0362049
860.097 0.75355 0.0345081
860.39 0.788915 0.0363447
860.683 0.747847 0.0352363
860.976 0.756048 0.0357127
861.268 0.753738 0.035107
861.561 0.791174 0.036999
861.854 0.878085 0.0401396
862.146 0.817297 0.0373499
862.439 0.775417 0.0361835
862.731 0.72012 0.0340156
863.023 0.774327 0.0364152
863.316 0.758361 0.0353876
863.608 0.760621 0.0356256
863.9 0.78294 0.0361675
864.192 0.774697 0.0351232
864.484 0.756778 0.0355452
864.776 0.804506 0.036974
865.068 0.803155 0.0367144
865.36 0.770061 0.035856
865.651 0.778094 0.0369892
865.943 0.771244 0.0361454
866.235 0.787827 0.036717
866.526 0.838537 0.0389013
866.818 0.797099 0.0366557
867.109 0.758068 0.0355278
867.4 0.810604 0.0374454
867.692 0.751475 0.0362507
867.983 0.807089 0.0372045
868.274 0.809001 0.0377157
868.565 0.793359 0.0368729
868.856 0.813636 0.0375855
869.147 0.796488 0.0370865
869.438 0.794642 0.0369437
869.729 0.793318 0.0371338
870.02 0.860846 0.0402071
870.31 0.838493 0.038444
870.601 0.785343 0.0366695
870.892 0.779297 0.0361531
871.182 0.765199 0.0356737
871.473 0.797357 0.0372073
871.763 0.714507 0.0343768
872.053 0.764609 0.0359805
872.343 0.785714 0.0364174
872.634 0.804038 0.03721
872.924 0.763483 0.0355389
873.214 0.789177 0.0368714
873.504 0.828589 0.0382881
873.794 0.868408 0.0401765
874.084 0.860242 0.0398718
874.373 0.808533 0.0376821
874.663 0.791583 0.036402
874.953 0.774618 0.0372077
875.242 0.84473 0.0383319
875.532 0.791588 0.0368017
875.821 0.771456 0.0365565
876.111 0.759754 0.0361407
876.4 0.854418 0.0388055
876.689 0.819412 0.0377497
876.978 0.776542 0.0367625
877.268 0.80807 0.037568
877.557 0.815156 0.0381677
877.846 0.848493 0.03881
878.134 0.815234 0.038387
878.423 0.815384 0.0383941
878.712 0.815534 0.0384011
