178.41 0.639822 0.123731
178.791 0.643874 0.124514
179.172 0.647896 0.125292
179.553 0.648054 0.648054
179.934 0.977548 0.977548
180.316 0.723856 0.723856
180.697 0.431702 0.431702
181.078 0.59282 0.59282
181.459 0.504594 0.504594
181.84 0.284706 0.284706
182.221 3.52671 3.52671
182.602 0.228514 0.228514
182.983 4.36927 0.946492
183.364 0.536234 0.129941
183.744 0.901842 0.106394
184.125 0.559987 0.0727256
184.506 0.587434 0.0610191
184.887 0.518885 0.0511396
185.268 0.531573 0.0445616
185.648 0.472189 0.0406561
186.029 0.584818 0.0431568
186.41 0.608006 0.0428535
186.791 0.525788 0.0382982
187.171 0.50092 0.0319739
187.552 0.339662 0.0214214
187.932 0.408363 0.0239165
188.313 0.399676 0.0220988
188.694 0.388456 0.0217739
189.074 0.393342 0.0211242
189.455 0.361444 0.0196876
189.835 0.419206 0.0218011
190.216 0.421224 0.0212777
190.596 0.424092 0.0204323
190.977 0.381196 0.019221
191.357 0.423324 0.0203151
191.737 0.38662 0.0191718
192.118 0.40851 0.0196105
192.498 0.391335 0.0185984
192.878 0.400944 0.0189701
193.258 0.392149 0.0184372
193.639 0.378644 0.0178922
194.019 0.394382 0.0184212
194.399 0.371522 0.0177251
194.779 0.348534 0.0164799
195.159 0.38191 0.017751
195.54 0.361787 0.0167593
195.92 0.373021 0.0170678
196.3 0.357558 0.0164682
196.68 0.352219 0.0164264
197.06 0.351033 0.0163009
197.44 0.351708 0.0161599
197.82 0.33272 0.0155942
198.2 0.324114 0.015384
198.58 0.313916 0.0147404
198.959 0.311016 0.0146457
199.339 0.316288 0.0148334
199.719 0.281485 0.0137254
200.099 0.288186 0.0139212
200.479 0.28732 0.013861
200.858 0.288311 0.0136802
201.238 0.266691 0.0129517
201.618 0.276366 0.0133325
201.998 0.277377 0.013037
202.377 0.270234 0.0128679
202.757 0.259965 0.0124552
203.136 0.248574 0.0121003
203.516 0.245445 0.0118448
203.896 0.244506 0.0116765
204.275 0.227194 0.0110335
204.655 0.234624 0.0112338
205.034 0.21959 0.0107401
205.414 0.215729 0.010512
205.793 0.215452 0.0104111
206.172 0.215269 0.0104161
206.552 0.200248 0.00987484
206.931 0.204213 0.00981928
207.31 0.199837 0.00960886
207.69 0.199626 0.00952708
208.069 0.193871 0.00926446
208.448 0.183014 0.00888794
208.827 0.184915 0.00888264
209.207 0.170328 0.0085028
209.586 0.178334 0.00847272
209.965 0.156988 0.00792436
210.344 0.163473 0.00796843
210.723 0.157977 0.0077371
211.102 0.149543 0.00739752
211.481 0.163289 0.00768923
211.86 0.147459 0.00723427
212.239 0.152691 0.00728713
212.618 0.142457 0.00693694
212.997 0.149448 0.0069892
213.376 0.153354 0.00705464
213.755 0.142808 0.00671215
214.134 0.136178 0.0064657
214.513 0.121848 0.00601705
214.891 0.129136 0.00615303
215.27 0.128492 0.00602229
215.649 0.124497 0.00587918
216.028 0.121374 0.00570472
216.406 0.117592 0.00555664
216.785 0.113291 0.00536532
217.164 0.105518 0.00512615
217.542 0.107172 0.00505785
217.921 0.101539 0.00486013
218.3 0.102593 0.00486798
218.678 0.0980575 0.0046843
219.057 0.101276 0.00467579
219.435 0.100997 0.0045926
219.814 0.0943156 0.0044054
220.192 0.0905644 0.00424731
220.57 0.0945271 0.00428836
220.949 0.0906349 0.00412869
221.327 0.0843412 0.00391654
221.705 0.0832804 0.00385198
222.084 0.0807224 0.00371009
222.462 0.0768742 0.00357744
222.84 0.081929 0.0036627
223.218 0.0744094 0.00340365
223.597 0.0738669 0.00335696
223.975 0.0732334 0.00328236
224.353 0.0719601 0.00321796
224.731 0.0738874 0.00320822
225.109 0.0661919 0.00297523
225.487 0.0687095 0.00298819
225.865 0.0644074 0.00284888
226.243 0.0641422 0.00280692
226.621 0.0614794 0.00271184
226.999 0.0625659 0.00267966
227.377 0.0594739 0.00258724
227.755 0.0607924 0.00258163
228.133 0.0564102 0.00245526
228.511 0.0586249 0.00247321
228.889 0.0581962 0.00241703
229.266 0.0550592 0.00232867
229.644 0.0550858 0.00228338
230.022 0.0520745 0.00219135
230.4 0.0531742 0.0021935
230.777 0.051337 0.00213477
231.155 0.0497421 0.00207403
231.533 0.0484385 0.00201769
231.91 0.0510977 0.00204428
232.288 0.0490427 0.00198378
232.665 0.0492276 0.00196193
233.043 0.0472814 0.0019046
233.42 0.0471752 0.00187675
233.798 0.0475502 0.00187042
234.175 0.0451219 0.0017983
234.553 0.0452388 0.00178146
234.93 0.0470226 0.00179805
235.307 0.0454217 0.00175286
235.685 0.0451723 0.00173377
236.062 0.0452446 0.00171488
236.439 0.0469458 0.00173818
236.816 0.0432295 0.00164757
237.194 0.0443186 0.00165053
237.571 0.0456165 0.00165995
237.948 0.0448489 0.00163723
238.325 0.0440598 0.0016048
238.702 0.0452058 0.00161594
239.079 0.0441853 0.00158174
239.456 0.0442282 0.00157194
239.833 0.0437687 0.00155367
240.21 0.0438815 0.0015413
240.587 0.0461868 0.00157394
240.964 0.0423521 0.00149489
241.341 0.0453009 0.00153299
241.718 0.0439161 0.00149509
242.095 0.043258 0.00148341
242.472 0.0440442 0.00148496
242.849 0.0446 0.00148314
243.225 0.0443042 0.00146533
243.602 0.0447116 0.00146464
243.979 0.0457464 0.00147637
244.356 0.045305 0.00146321
244.732 0.0448828 0.00144154
245.109 0.0442437 0.00142122
245.486 0.0447621 0.00142753
245.862 0.044537 0.0014169
246.239 0.0463201 0.00143026
246.615 0.0445537 0.00140018
246.992 0.0449415 0.00139596
247.368 0.0449773 0.00139651
247.745 0.0451583 0.00138752
248.121 0.0457639 0.00138727
248.497 0.0439407 0.00135716
248.874 0.0458222 0.00137751
249.25 0.045889 0.00136639
249.626 0.0453039 0.0013554
250.003 0.0439847 0.00132768
250.379 0.0442707 0.00131902
250.755 0.0453439 0.00133607
251.131 0.0447748 0.00131835
251.507 0.0452758 0.00132393
251.884 0.0452893 0.00131504
252.26 0.0444643 0.00130334
252.636 0.0448813 0.00129752
253.012 0.0439164 0.00127881
253.388 0.0454094 0.00129645
253.764 0.0443892 0.00127656
254.14 0.0462608 0.0013001
254.516 0.0448766 0.00127875
254.892 0.0455476 0.00128176
255.268 0.0462186 0.0012898
255.643 0.0437173 0.00124914
256.019 0.0455233 0.00127374
256.395 0.045752 0.00127427
256.771 0.0454699 0.00126107
257.147 0.045063 0.00125399
257.522 0.0445204 0.00124444
257.898 0.0452884 0.00125307
258.274 0.0454704 0.00125234
258.649 0.0448446 0.00124293
259.025 0.0453282 0.00124275
259.4 0.0446871 0.00123326
259.776 0.0443358 0.00122461
260.151 0.0443191 0.0012285
260.527 0.045468 0.00123877
260.902 0.0447788 0.00122601
261.278 0.0459388 0.00123916
261.653 0.0443058 0.0012169
262.028 0.0459028 0.00123983
262.404 0.0442365 0.00121154
262.779 0.0449776 0.00121859
263.154 0.044635 0.0012118
263.53 0.0445658 0.00120756
263.905 0.0451256 0.00121747
264.28 0.0448217 0.00121274
264.655 0.0450001 0.00121162
265.03 0.0454805 0.00122183
265.405 0.0451415 0.00121321
265.781 0.0452579 0.00121622
266.156 0.044567 0.0012056
266.531 0.0444053 0.00119706
266.906 0.0449703 0.00121131
267.281 0.044309 0.00119642
267.655 0.0435187 0.00119013
268.03 0.0461513 0.00122628
268.405 0.0452731 0.00121294
268.78 0.045899 0.00122127
269.155 0.0444531 0.00119921
269.53 0.0452261 0.00121376
269.904 0.044969 0.00120894
270.279 0.0457011 0.00121952
270.654 0.0444077 0.00119872
271.029 0.0449767 0.00120866
271.403 0.0461071 0.00122029
271.778 0.0454324 0.00121477
272.152 0.0453366 0.00121465
272.527 0.0453299 0.00121349
272.901 0.044425 0.00119662
273.276 0.0457505 0.00121157
273.65 0.0460385 0.0012192
274.025 0.0443691 0.00119378
274.399 0.0473292 0.00123887
274.774 0.0455561 0.00121263
275.148 0.0455648 0.00120891
275.522 0.0459084 0.00121671
275.897 0.0464092 0.00122266
276.271 0.0453358 0.00120965
276.645 0.0448307 0.00119941
277.019 0.0458394 0.00120954
277.393 0.0459122 0.00120723
277.768 0.0460427 0.00121466
278.142 0.0462547 0.00121624
278.516 0.0458339 0.00121283
278.89 0.0450893 0.00120056
279.264 0.0455863 0.00121103
279.638 0.0453337 0.00120183
280.012 0.0463974 0.00121799
280.386 0.0458887 0.00121762
280.76 0.0462678 0.001218
281.133 0.046798 0.0012272
281.507 0.0474067 0.00123417
281.881 0.0465812 0.00122057
282.255 0.045706 0.00121075
282.629 0.0472814 0.00123501
283.002 0.0459942 0.00121874
283.376 0.0466781 0.00122441
283.75 0.0477199 0.0012422
284.123 0.0473246 0.00123273
284.497 0.0470822 0.00123181
284.87 0.0468349 0.00122983
285.244 0.0474104 0.00123508
285.618 0.0477539 0.00124273
285.991 0.0486233 0.00125929
286.364 0.0482586 0.00125409
286.738 0.0491431 0.00126529
287.111 0.0495953 0.00127164
287.485 0.048784 0.00126191
287.858 0.0495538 0.00127658
288.231 0.0498933 0.00127869
288.605 0.0497894 0.00128086
288.978 0.0506054 0.00128857
289.351 0.0509381 0.00129952
289.724 0.0513793 0.00130509
290.097 0.0514001 0.00130691
290.47 0.0514521 0.00131179
290.843 0.0509582 0.00130502
291.217 0.0510904 0.00130698
291.59 0.0521231 0.00132926
291.963 0.0523181 0.00132881
292.336 0.0530615 0.00134249
292.708 0.0529206 0.00134327
293.081 0.0528314 0.00134831
293.454 0.0527295 0.00134108
293.827 0.0539163 0.00136011
294.2 0.0543398 0.00137435
294.573 0.0528446 0.00135099
294.945 0.0542526 0.00137695
295.318 0.0534491 0.00136619
295.691 0.0534056 0.00136896
296.064 0.0537693 0.00137613
296.436 0.0540572 0.00137884
296.809 0.0542365 0.00137741
297.181 0.0534161 0.00137429
297.554 0.0537682 0.00138092
297.926 0.0534859 0.00137838
298.299 0.053849 0.00138453
298.671 0.0541215 0.00138199
299.044 0.0539277 0.00138707
299.416 0.055282 0.0014065
299.788 0.0527156 0.00137133
300.161 0.0541068 0.00139542
300.533 0.0543878 0.00139709
300.905 0.0543133 0.00139082
301.278 0.0545117 0.00139629
301.65 0.0536607 0.00138379
302.022 0.0539252 0.00139022
302.394 0.0536064 0.00138834
302.766 0.0542075 0.00139414
303.138 0.0547457 0.00140655
303.51 0.0549736 0.0014058
303.882 0.0541136 0.00139301
304.254 0.0543163 0.00139836
304.626 0.0552815 0.00140649
304.998 0.0549586 0.00140196
305.37 0.0560299 0.00142347
305.742 0.0552091 0.00140771
306.114 0.0555725 0.00141173
306.485 0.0543835 0.00139685
306.857 0.0550874 0.00140486
307.229 0.0554528 0.00141444
307.601 0.055241 0.00141135
307.972 0.0542919 0.00139773
308.344 0.0545475 0.00139926
308.716 0.0557678 0.00142066
309.087 0.0544359 0.00140183
309.459 0.0553204 0.00141532
309.83 0.0542408 0.00140162
310.202 0.0538526 0.00139433
310.573 0.0553107 0.0014139
310.945 0.0569293 0.00143345
311.316 0.056049 0.00142913
311.687 0.054104 0.00139848
312.059 0.056083 0.00142882
312.43 0.0556158 0.00142027
312.801 0.0565604 0.00143734
313.172 0.0556378 0.00142644
313.544 0.0555067 0.00142623
313.915 0.0556633 0.00141916
314.286 0.0557598 0.00142656
314.657 0.0568542 0.0014373
315.028 0.0560336 0.0014299
315.399 0.0557619 0.00142596
315.77 0.055391 0.0014192
316.141 0.0560886 0.00143405
316.512 0.0561027 0.00143402
316.883 0.057091 0.00144951
317.254 0.0563087 0.0014381
317.625 0.0578364 0.00146646
317.996 0.0561761 0.00143734
318.366 0.055184 0.00142813
318.737 0.0564657 0.00144316
319.108 0.055776 0.00143928
319.478 0.0574033 0.0014606
319.849 0.0558744 0.00144034
320.22 0.0570145 0.00145639
320.59 0.0567209 0.00145181
320.961 0.0568951 0.00145653
321.331 0.0576399 0.00146623
321.702 0.0569187 0.00146441
322.072 0.0574228 0.00147533
322.443 0.0580505 0.00148043
322.813 0.0569518 0.00146363
323.184 0.0572188 0.00147117
323.554 0.0578276 0.00148368
323.924 0.0582892 0.00148882
324.295 0.059103 0.00150645
324.665 0.0587588 0.00150315
325.035 0.0583587 0.00149606
325.405 0.0586454 0.0015059
325.775 0.0591406 0.0015196
326.145 0.0585041 0.00150995
326.515 0.0603829 0.00153684
326.886 0.0602328 0.00154269
327.256 0.0599934 0.00154109
327.626 0.058876 0.00153611
327.995 0.0589976 0.00154148
328.365 0.0597395 0.00155332
328.735 0.0610602 0.00157828
329.105 0.0631135 0.00162198
329.475 0.0643337 0.00165045
329.845 0.0662812 0.00169947
330.215 0.0665954 0.00169711
330.584 0.065306 0.0016644
330.954 0.0618485 0.00158146
331.324 0.059184 0.00150347
331.693 0.0563655 0.00144205
332.063 0.0564802 0.00142797
332.432 0.0555799 0.00140924
332.802 0.0566686 0.00143466
333.171 0.0589993 0.00148307
333.541 0.0612321 0.00153906
333.91 0.0623251 0.00156063
334.28 0.0638255 0.00158835
334.649 0.062174 0.00157221
335.018 0.0619498 0.00157472
335.388 0.0634989 0.00159943
335.757 0.062165 0.00158277
336.126 0.0631799 0.00160137
336.495 0.0622013 0.00158355
336.865 0.0621378 0.00158929
337.234 0.0640495 0.00162268
337.603 0.0609028 0.00157909
337.972 0.062001 0.00159693
338.341 0.0614423 0.00158712
338.71 0.0616797 0.0015891
339.079 0.0625431 0.00160599
339.448 0.0629091 0.00160814
339.817 0.0619609 0.00159992
340.186 0.0635782 0.00162169
340.554 0.0634116 0.00161744
340.923 0.0620894 0.00160384
341.292 0.0629616 0.00161659
341.661 0.0629214 0.00161809
342.029 0.0640259 0.00162941
342.398 0.0637215 0.00162771
342.767 0.0632161 0.00162748
343.135 0.0648648 0.00164733
343.504 0.0641282 0.00164306
343.872 0.0643532 0.00163982
344.241 0.064232 0.00164211
344.609 0.0637851 0.00164289
344.978 0.0648251 0.00165455
345.346 0.0644207 0.00164318
345.715 0.0640104 0.00164427
346.083 0.065767 0.0016704
346.451 0.06324 0.00163539
346.82 0.0648556 0.0016617
347.188 0.0652867 0.00166406
347.556 0.0654586 0.00167485
347.924 0.0655756 0.00167431
348.292 0.0643723 0.00166265
348.66 0.0644389 0.00166204
349.028 0.0649857 0.00167118
349.396 0.0658138 0.00168842
349.764 0.0654429 0.00168154
350.132 0.0655084 0.00168151
350.5 0.064317 0.00166887
350.868 0.0660584 0.00169439
351.236 0.0661599 0.00169434
351.604 0.0662592 0.0017022
351.972 0.0670836 0.0017147
352.34 0.0658894 0.00170184
352.707 0.0658241 0.00170174
353.075 0.0644177 0.00168391
353.443 0.0672482 0.00172443
353.81 0.0652454 0.00170277
354.178 0.0650822 0.0017016
354.545 0.0660648 0.0017102
354.913 0.0667404 0.00172623
355.28 0.0668207 0.00172751
355.648 0.0666879 0.00172214
356.015 0.067234 0.0017322
356.383 0.0651116 0.0017027
356.75 0.0662832 0.00172233
357.117 0.0660184 0.00171983
357.485 0.0666508 0.00172927
357.852 0.0684402 0.00176443
358.219 0.0672711 0.00174061
358.586 0.0665431 0.00173088
358.954 0.0673703 0.00174892
359.321 0.0677024 0.00174899
359.688 0.0661229 0.00173697
360.055 0.0670687 0.00174686
360.422 0.0662155 0.00173823
360.789 0.0677513 0.00176131
361.156 0.0663525 0.00174149
361.523 0.0679745 0.00176979
361.89 0.0667287 0.00175137
362.256 0.066298 0.00173872
362.623 0.0687191 0.00178781
362.99 0.0675339 0.00176385
363.357 0.066162 0.00175297
363.724 0.0665964 0.00175947
364.09 0.0672357 0.00176433
364.457 0.0663357 0.00176557
364.823 0.0677853 0.00177329
365.19 0.067935 0.00177789
365.557 0.0678931 0.00177458
365.923 0.0659775 0.00175517
366.29 0.0661298 0.00176271
366.656 0.0676876 0.00177602
367.022 0.0664123 0.00175701
367.389 0.0676261 0.00178094
367.755 0.0674225 0.00178672
368.121 0.0678183 0.00179123
368.488 0.0679527 0.00179058
368.854 0.0674573 0.00179081
369.22 0.0679738 0.00180613
369.586 0.0672735 0.00180292
369.952 0.0681649 0.00181877
370.318 0.0680929 0.00181867
370.684 0.0663824 0.00180092
371.051 0.0689258 0.0018356
371.416 0.0702793 0.00186499
371.782 0.0692122 0.00184525
372.148 0.0676011 0.0018274
372.514 0.0692681 0.00185377
372.88 0.0689206 0.00185454
373.246 0.0699664 0.00186684
373.612 0.0685622 0.00184714
373.977 0.0671977 0.00182454
374.343 0.0686498 0.00183833
374.709 0.0686437 0.00183228
375.074 0.0687793 0.00183958
375.44 0.0681323 0.00183875
375.806 0.069182 0.00186309
376.171 0.0667161 0.00182033
376.537 0.0668862 0.00182098
376.902 0.0680422 0.00183989
377.268 0.0674155 0.00182387
377.633 0.0682433 0.00183167
377.998 0.0689516 0.0018341
378.364 0.0670966 0.00180144
378.729 0.067132 0.00180495
379.094 0.0680366 0.00182502
379.459 0.0700687 0.00187689
379.825 0.0678988 0.00183941
380.19 0.0690623 0.00185798
380.555 0.0687152 0.00186632
380.92 0.0694087 0.00189916
381.285 0.0700607 0.00190445
381.65 0.0678171 0.00185913
382.015 0.0670136 0.0018508
382.38 0.0689509 0.00188466
382.745 0.068571 0.00189098
383.11 0.0688243 0.00189959
383.474 0.0703919 0.00191543
383.839 0.0691938 0.00190249
384.204 0.0697148 0.0019158
384.569 0.0695599 0.00191601
384.933 0.0690869 0.00191504
385.298 0.0682864 0.00190688
385.663 0.0685979 0.00190581
386.027 0.0690247 0.00190777
386.392 0.0679382 0.00188462
386.756 0.0676919 0.00187174
387.121 0.0683064 0.00187968
387.485 0.0694294 0.00188924
387.849 0.0663384 0.00183807
388.214 0.0687684 0.00189219
388.578 0.0698305 0.00191634
388.942 0.0700071 0.00192853
389.307 0.0696266 0.00192153
389.671 0.0700206 0.00193406
390.035 0.0698145 0.00192241
390.399 0.0681721 0.00189521
390.763 0.0679401 0.00188082
391.127 0.0685821 0.00188287
391.492 0.0664969 0.00182853
391.856 0.0666397 0.00180939
392.219 0.0656627 0.00178268
392.583 0.0676336 0.00181954
392.947 0.0697823 0.0018881
393.311 0.0710326 0.00192252
393.675 0.071476 0.00193432
394.039 0.0681574 0.00190058
394.403 0.0697139 0.00192311
394.766 0.0678631 0.00190257
395.13 0.0676661 0.00190483
395.494 0.0688902 0.00192122
395.857 0.0674405 0.0018926
396.221 0.0680122 0.001892
396.584 0.0684224 0.00188348
396.948 0.0654589 0.00182235
397.311 0.0644296 0.00178134
397.675 0.0669451 0.00180597
398.038 0.0668326 0.00180533
398.401 0.0672839 0.00183716
398.765 0.068003 0.00187552
399.128 0.0691686 0.00191855
399.491 0.069285 0.00193477
399.854 0.0700302 0.00194792
400.218 0.0690157 0.00193938
400.581 0.0703939 0.00196423
400.944 0.070324 0.00197286
401.307 0.071104 0.00200765
401.67 0.0716088 0.00200891
402.033 0.0716609 0.0020155
402.396 0.0708327 0.00200494
402.759 0.0709417 0.00200892
403.122 0.069903 0.00198443
403.485 0.0694402 0.00197734
403.847 0.0690669 0.00195561
404.21 0.0694778 0.00195129
404.573 0.0701088 0.00195799
404.936 0.0688122 0.00193024
405.298 0.0706417 0.0019772
405.661 0.0719813 0.00202384
406.023 0.0705209 0.00203161
406.386 0.071186 0.00204839
406.749 0.0723068 0.0020739
407.111 0.0722881 0.00207097
407.473 0.0719287 0.00203276
407.836 0.0698053 0.00199961
408.198 0.0695299 0.00198351
408.561 0.0705698 0.00200404
408.923 0.0722686 0.00203101
409.285 0.0708789 0.0020151
409.647 0.0715046 0.00204171
410.009 0.0723301 0.00207289
410.372 0.0721024 0.00206661
410.734 0.0737034 0.00209993
411.096 0.0706815 0.00205282
411.458 0.0720872 0.00207263
411.82 0.0716731 0.00205311
412.182 0.0695316 0.00200686
412.544 0.0684048 0.00199499
412.906 0.0712247 0.00203209
413.267 0.0706033 0.00203044
413.629 0.0726853 0.00207638
413.991 0.0715536 0.00206983
414.353 0.0739104 0.00210944
414.714 0.0733164 0.00212307
415.076 0.0721281 0.00210057
415.438 0.0731027 0.00211241
415.799 0.0729117 0.00210123
416.161 0.0721186 0.00210809
416.522 0.0726085 0.00212395
416.884 0.0729085 0.00212965
417.245 0.0727958 0.00213586
417.607 0.0717013 0.00211451
417.968 0.072047 0.00211722
418.329 0.0725644 0.00212215
418.691 0.0718192 0.00211052
419.052 0.0729547 0.00212566
419.413 0.0715626 0.00208634
419.774 0.0712196 0.00207486
420.135 0.0704542 0.00201773
420.497 0.0690028 0.00196533
420.858 0.0675704 0.001918
421.219 0.0679969 0.00193054
421.58 0.0702787 0.00198769
421.941 0.0718201 0.00204465
422.302 0.07062 0.00205469
422.662 0.0757838 0.00213764
423.023 0.0705426 0.0020715
423.384 0.0718425 0.0020975
423.745 0.071862 0.00208513
424.106 0.0722906 0.00209016
424.466 0.0734298 0.00210247
424.827 0.0736119 0.00213413
425.187 0.0746841 0.00217682
425.548 0.0754477 0.00220859
425.909 0.072886 0.00218226
426.269 0.0726046 0.00216268
426.63 0.073017 0.00215411
426.99 0.0722452 0.00212511
427.35 0.0739021 0.00215893
427.711 0.0711805 0.00210379
428.071 0.0705606 0.00207707
428.431 0.0703868 0.00203488
428.792 0.0679631 0.0019311
429.152 0.0660257 0.00185106
429.512 0.0671425 0.00186315
429.872 0.0679303 0.00188705
430.232 0.0702442 0.00195281
430.592 0.0714029 0.00202472
430.952 0.0738701 0.00212021
431.312 0.0772864 0.00222264
431.672 0.0742063 0.00220298
432.032 0.0752884 0.0022122
432.392 0.0720924 0.00213546
432.752 0.0681146 0.0019736
433.111 0.0659205 0.0018982
433.471 0.0701529 0.00198883
433.831 0.0727459 0.00210457
434.19 0.0732101 0.00211155
434.55 0.0736961 0.00211816
434.91 0.0728173 0.00213005
435.269 0.0720512 0.00208963
435.629 0.0704459 0.00206167
435.988 0.0706337 0.00205558
436.348 0.0730883 0.00212297
436.707 0.0736865 0.00216408
437.066 0.0725885 0.00214672
437.426 0.0707186 0.00209374
437.785 0.0702883 0.00208151
438.144 0.0721701 0.00210657
438.503 0.0739275 0.00216019
438.862 0.0726344 0.00214518
439.222 0.0732915 0.00217206
439.581 0.0730461 0.00217773
439.94 0.0728946 0.00214499
440.299 0.0701994 0.00203401
440.658 0.068055 0.00195172
441.017 0.0694046 0.00197162
441.376 0.0702292 0.00200644
441.734 0.0708082 0.00203539
442.093 0.0696463 0.00201774
442.452 0.0684555 0.00198605
442.811 0.0703098 0.00200393
443.169 0.0685901 0.00197853
443.528 0.0722997 0.00207346
443.887 0.0711212 0.0020578
444.245 0.0721846 0.00208221
444.604 0.0713664 0.00208761
444.962 0.0743337 0.00214071
445.321 0.0723378 0.00211374
445.679 0.0714421 0.00208957
446.038 0.0703072 0.00206534
446.396 0.0719778 0.00211853
446.754 0.0735285 0.00217052
447.112 0.071526 0.00215159
447.471 0.0742986 0.00219541
447.829 0.0737137 0.00219819
448.187 0.0736909 0.00219394
448.545 0.0732771 0.00218108
448.903 0.0733817 0.00218829
449.261 0.0743815 0.00220955
449.619 0.0761916 0.00225745
449.977 0.0750751 0.00225177
450.335 0.0755253 0.00228325
450.693 0.0748067 0.00227799
451.051 0.0753466 0.00228167
451.409 0.0737827 0.00226672
451.766 0.0726151 0.00225158
452.124 0.0755965 0.00232957
452.482 0.076483 0.0023664
452.839 0.0785385 0.00242477
453.197 0.0799368 0.00245058
453.555 0.0759066 0.00239787
453.912 0.0767396 0.00240466
454.27 0.0771122 0.00237247
454.627 0.0759421 0.00232658
454.984 0.0764424 0.00233975
455.342 0.0784928 0.00240727
455.699 0.079362 0.00244757
456.056 0.0763229 0.002386
456.414 0.0744896 0.00233609
456.771 0.0749909 0.00230108
457.128 0.0759563 0.00230699
457.485 0.0752147 0.00228774
457.842 0.074741 0.00229464
458.199 0.0762494 0.00231499
458.556 0.0744944 0.00226612
458.913 0.0730845 0.00224467
459.27 0.0744067 0.00225205
459.627 0.0740799 0.00227979
459.984 0.0733348 0.00225176
460.341 0.0722919 0.00223282
460.697 0.0757146 0.00231229
461.054 0.0792091 0.00243471
461.411 0.0796532 0.00249183
461.767 0.0792046 0.0025141
462.124 0.0813142 0.00254099
462.481 0.0775467 0.00245175
462.837 0.074756 0.00236987
463.194 0.0725113 0.00228516
463.55 0.076528 0.0023627
463.907 0.0746847 0.00227279
464.263 0.0718851 0.00219909
464.619 0.0688427 0.00211131
464.976 0.070988 0.00211427
465.332 0.0715905 0.00212269
465.688 0.0743219 0.00222918
466.044 0.0751711 0.00232236
466.4 0.0781116 0.00240418
466.756 0.0760158 0.00238727
467.112 0.0804678 0.00245617
467.468 0.0772424 0.00240288
467.824 0.0755264 0.00240041
468.18 0.0778654 0.00246913
468.536 0.0781721 0.00247606
468.892 0.0809144 0.0025593
469.248 0.0808514 0.00256965
469.604 0.0790084 0.00255547
469.959 0.0819548 0.00260177
470.315 0.0825175 0.00260927
470.671 0.0798239 0.00256377
471.026 0.0770218 0.00249712
471.382 0.0777485 0.00248487
471.737 0.0757094 0.00243234
472.093 0.0778456 0.00242794
472.448 0.0742911 0.00232633
472.804 0.0763557 0.00233832
473.159 0.0754241 0.00230493
473.514 0.0756926 0.00232077
473.87 0.0745818 0.00227085
474.225 0.0711515 0.00215463
474.58 0.069537 0.00208805
474.935 0.0714787 0.00213501
475.29 0.072461 0.00217861
475.645 0.0749333 0.00221771
476 0.073998 0.00220666
476.355 0.0740179 0.00222683
476.71 0.0724623 0.00220201
477.065 0.0709281 0.00211512
477.42 0.0690523 0.00205944
477.775 0.0687171 0.00205691
478.13 0.0711924 0.00211246
478.485 0.0691916 0.00206748
478.839 0.0683432 0.00203018
479.194 0.0685542 0.0019812
479.549 0.0670557 0.0019354
479.903 0.0675402 0.00194756
480.258 0.068912 0.00198272
480.612 0.0673602 0.0019347
480.967 0.0660982 0.00187218
481.321 0.0664623 0.00188335
481.675 0.0687988 0.00195308
482.03 0.0682479 0.00197956
482.384 0.0682856 0.00198843
482.738 0.0680267 0.00196573
483.093 0.06754 0.00194438
483.447 0.0658119 0.00187766
483.801 0.0629942 0.00177967
484.155 0.0645868 0.00177903
484.509 0.0506811 0.00137227
484.863 0.037102 0.000800271
485.217 0.0404777 0.0007597
485.571 0.0491814 0.000859036
485.925 0.0681227 0.00128788
486.279 0.0744941 0.00156165
486.632 0.0720251 0.00166081
486.986 0.0699556 0.0017693
487.34 0.0706568 0.00189818
487.694 0.0698374 0.00193982
488.047 0.0683512 0.00192992
488.401 0.0680031 0.00192745
488.754 0.068155 0.00194185
489.108 0.0679415 0.00197045
489.461 0.0694603 0.00200199
489.815 0.0689639 0.00201564
490.168 0.0684384 0.00198579
490.522 0.0660428 0.00194243
490.875 0.0679165 0.00197275
491.228 0.0690659 0.00200305
491.581 0.0683472 0.00197893
491.935 0.0692426 0.00199922
492.288 0.0693564 0.00200911
492.641 0.07002 0.00200438
492.994 0.0671956 0.00196207
493.347 0.0671424 0.00193406
493.7 0.0689217 0.00196101
494.053 0.0683841 0.00196003
494.406 0.0681532 0.00198837
494.759 0.0710629 0.00207177
495.111 0.0680636 0.00196426
495.464 0.0625552 0.00180046
495.817 0.0641454 0.00179026
496.169 0.0663284 0.00187156
496.522 0.0694553 0.00200162
496.875 0.0726146 0.00211499
497.227 0.0724145 0.00213294
497.58 0.0693456 0.00208362
497.932 0.0708558 0.00208146
498.285 0.0691633 0.00203767
498.637 0.0672693 0.00195953
498.989 0.0643049 0.00189454
499.342 0.0678882 0.00196104
499.694 0.0705244 0.00204294
500.046 0.0684075 0.00202932
500.398 0.0647443 0.0019259
500.751 0.0656717 0.00192195
501.103 0.0672165 0.00193823
501.455 0.0661156 0.00192524
501.807 0.0669936 0.00194089
502.159 0.0676351 0.00195121
502.511 0.0667804 0.00193403
502.862 0.0697055 0.00198445
503.214 0.0680041 0.00198687
503.566 0.0699906 0.00205654
503.918 0.0715653 0.00210205
504.27 0.0713448 0.00209658
504.621 0.0717108 0.00210708
504.973 0.0694236 0.00208491
505.324 0.0699031 0.00207858
505.676 0.0673541 0.00200478
506.027 0.0692535 0.00203834
506.379 0.0747021 0.00218756
506.73 0.0723934 0.00218632
507.082 0.0732182 0.00218314
507.433 0.0697905 0.00209195
507.784 0.0701719 0.00208012
508.136 0.0715108 0.00213651
508.487 0.0712825 0.00215499
508.838 0.07326 0.00220516
509.189 0.0718878 0.00218201
509.54 0.0698704 0.00212242
509.891 0.0724801 0.0021867
510.242 0.0709299 0.0021656
510.593 0.0745669 0.00223456
510.944 0.0735367 0.00223147
511.295 0.0738505 0.0022828
511.646 0.0759628 0.00234086
511.996 0.074008 0.00228674
512.347 0.073839 0.00226694
512.698 0.0744659 0.00228407
513.049 0.0736889 0.00228612
513.399 0.0736289 0.00229579
513.75 0.0727681 0.0022755
514.1 0.0749106 0.00235256
514.451 0.0769305 0.00243365
514.801 0.0763854 0.00241436
515.152 0.0728024 0.00233622
515.502 0.0721399 0.00228952
515.852 0.0747282 0.00231772
516.202 0.0748305 0.0023162
516.553 0.0748107 0.00234975
516.903 0.0771101 0.00242197
517.253 0.0779751 0.00247226
517.603 0.0779246 0.00247101
517.953 0.0762721 0.00243279
518.303 0.073672 0.00233485
518.653 0.0746228 0.00233061
519.003 0.0747329 0.00235024
519.353 0.079281 0.00250728
519.703 0.0804423 0.00257914
520.052 0.0803747 0.00259128
520.402 0.0781879 0.0025417
520.752 0.0785246 0.00251802
521.102 0.0814433 0.00260595
521.451 0.0777432 0.00256419
521.801 0.0781527 0.00256358
522.15 0.0784035 0.00252514
522.5 0.0778526 0.00251217
522.849 0.0775229 0.00249897
523.199 0.0763997 0.00245737
523.548 0.0790001 0.00247482
523.897 0.0755851 0.00244872
524.246 0.0807567 0.00257324
524.596 0.0796358 0.00259148
524.945 0.0790858 0.00256747
525.294 0.0794434 0.00257297
525.643 0.0817321 0.00260395
525.992 0.077072 0.00252431
526.341 0.0774487 0.00251469
526.69 0.0770123 0.00252733
527.039 0.0824538 0.00264058
527.388 0.0802518 0.00262331
527.737 0.0782148 0.002511
528.086 0.073029 0.00233706
528.434 0.0713356 0.00226754
528.783 0.0753939 0.00239485
529.132 0.0782029 0.00248548
529.48 0.0781042 0.00251587
529.829 0.0783208 0.00253323
530.177 0.0808557 0.00260032
530.526 0.0795251 0.00258517
530.874 0.0776904 0.00253082
531.223 0.0784624 0.00253969
531.571 0.0790185 0.00257062
531.919 0.0780503 0.00252972
532.268 0.0743125 0.00239302
532.616 0.0736041 0.00230546
532.964 0.0715551 0.00223942
533.312 0.0722416 0.00225131
533.66 0.0735726 0.0022822
534.008 0.0743889 0.00228961
534.356 0.071666 0.0022488
534.704 0.0739662 0.00230536
535.052 0.0764474 0.00237523
535.4 0.0796912 0.00247636
535.748 0.0779196 0.00250698
536.095 0.0814397 0.00262792
536.443 0.0810921 0.00262558
536.791 0.0770545 0.00250524
537.139 0.0760015 0.00243078
537.486 0.0755149 0.00236695
537.834 0.0743659 0.00233643
538.181 0.0738411 0.0023148
538.529 0.0763286 0.00236673
538.876 0.0746179 0.00233399
539.223 0.0757804 0.00239187
539.571 0.0804993 0.00251795
539.918 0.0773521 0.00245949
540.265 0.0730404 0.00234285
540.613 0.0729428 0.00230101
540.96 0.0745714 0.00235537
541.307 0.0747383 0.0023623
541.654 0.0734815 0.00234177
542.001 0.0751458 0.00237551
542.348 0.0748009 0.00236961
542.695 0.0748841 0.00237393
543.042 0.0753365 0.00234454
543.388 0.0736431 0.00228873
543.735 0.0721803 0.00226274
544.082 0.0704069 0.00223137
544.429 0.0730066 0.00228265
544.775 0.079993 0.00244199
545.122 0.0789321 0.00249766
545.469 0.078521 0.00253188
545.815 0.0783426 0.00251437
546.162 0.074526 0.00243284
546.508 0.0729791 0.00235803
546.854 0.0717897 0.00225205
547.201 0.0668323 0.00209335
547.547 0.0688871 0.00211913
547.893 0.0728977 0.00222889
548.24 0.0783597 0.00243465
548.586 0.0798801 0.00256038
548.932 0.0797015 0.00259556
549.278 0.079934 0.00260119
549.624 0.07691 0.00253788
549.97 0.0812913 0.00263359
550.316 0.0829426 0.00271331
550.662 0.0847606 0.00277111
551.008 0.0760565 0.00248916
551.353 0.0709442 0.00227561
551.699 0.0699057 0.00220892
552.045 0.0739077 0.00233244
552.391 0.0753823 0.00240441
552.736 0.0748077 0.00240616
553.082 0.0757277 0.00242447
553.427 0.0799685 0.00253546
553.773 0.0840697 0.00268574
554.118 0.0803559 0.00262591
554.464 0.0754354 0.00247896
554.809 0.0708327 0.00230674
555.154 0.0723168 0.00229939
555.5 0.0736174 0.00232523
555.845 0.079119 0.00250428
556.19 0.0823634 0.00262444
556.535 0.0852167 0.00272946
556.88 0.0777911 0.00256577
557.225 0.0788738 0.00257399
557.57 0.0790275 0.00262677
557.915 0.0819669 0.00274771
558.26 0.0851712 0.00283542
558.605 0.0833787 0.00279547
558.95 0.0780472 0.00264498
559.295 0.0731862 0.0024247
559.639 0.0692076 0.00226913
559.984 0.0690027 0.00217917
560.329 0.0713219 0.00220731
560.673 0.0707917 0.00220672
561.018 0.0741658 0.00232498
561.362 0.0794057 0.00246984
561.707 0.0787984 0.00252206
562.051 0.0774443 0.00246981
562.395 0.0729691 0.00236572
562.74 0.0738393 0.00233257
563.084 0.0723901 0.00228102
563.428 0.0716303 0.00222164
563.772 0.0701218 0.00220831
564.117 0.0717048 0.00221677
564.461 0.0704088 0.00218969
564.805 0.0722061 0.00223678
565.149 0.0706142 0.00220179
565.493 0.0730985 0.00224362
565.836 0.0680421 0.00212304
566.18 0.0677878 0.0020881
566.524 0.0626453 0.00187187
566.868 0.0622645 0.00181613
567.212 0.0615582 0.00177507
567.555 0.061862 0.00175695
567.899 0.0591408 0.00163828
568.242 0.0561304 0.00153087
568.586 0.0537221 0.0014015
568.929 0.051333 0.00128235
569.273 0.048452 0.00117789
569.616 0.0508634 0.00120855
569.96 0.0512716 0.00118888
570.303 0.0506694 0.00114515
570.646 0.0503379 0.00112722
570.989 0.0490066 0.00107777
571.333 0.0510097 0.00111326
571.676 0.0536527 0.00118441
572.019 0.0591397 0.00134463
572.362 0.0501066 0.00116783
572.705 0.0470206 0.00105002
573.048 0.0459803 0.000988333
573.391 0.0467122 0.000963662
573.733 0.0464551 0.000947657
574.076 0.0476167 0.000948827
574.419 0.0505692 0.0010076
574.762 0.0529385 0.00108586
575.104 0.0567397 0.00120338
575.447 0.052015 0.00113663
575.789 0.047734 0.00102348
576.132 0.0456078 0.000945118
576.474 0.0470387 0.000949088
576.817 0.0441491 0.000850572
577.159 0.0438328 0.000801327
577.501 0.046616 0.000832897
577.844 0.0520194 0.00094167
578.186 0.0576982 0.0011124
578.528 0.0557633 0.00113826
578.87 0.0538457 0.0011234
579.212 0.0488093 0.0010339
579.554 0.0479165 0.000991665
579.896 0.0485536 0.00100432
580.238 0.0448413 0.00090952
580.58 0.0406991 0.000761316
580.922 0.0436941 0.00075812
581.264 0.0476022 0.000791279
581.606 0.0508749 0.000854044
581.947 0.0529654 0.000924976
582.289 0.0588374 0.00108311
582.631 0.06059 0.00121915
582.972 0.059401 0.00128808
583.314 0.0539409 0.00121392
583.655 0.0499611 0.00112938
583.997 0.044483 0.000972751
584.338 0.0432655 0.000892295
584.679 0.044039 0.000863738
585.021 0.0481002 0.0009275
585.362 0.0530695 0.00104681
585.703 0.0555937 0.0011524
586.044 0.0528763 0.00112807
586.385 0.0476448 0.00101327
586.726 0.0454488 0.000945199
587.067 0.0498323 0.00102857
587.408 0.0538581 0.00113063
587.749 0.0556364 0.00120362
588.09 0.0562521 0.00126071
588.431 0.0594477 0.00137323
588.772 0.0593879 0.00142748
589.113 0.0540159 0.00133788
589.453 0.0553988 0.00134755
589.794 0.0575257 0.0014202
590.134 0.0611114 0.0015419
590.475 0.0606133 0.00157129
590.815 0.0567991 0.00150697
591.156 0.0577922 0.00152225
591.496 0.0546701 0.00143543
591.837 0.0462624 0.00113596
592.177 0.0439811 0.00100614
592.517 0.0457348 0.000982302
592.857 0.0509385 0.00109302
593.198 0.055255 0.00121121
593.538 0.0612068 0.00140626
593.878 0.0609547 0.00144821
594.218 0.0544252 0.0013243
594.558 0.0514129 0.00123929
594.898 0.0550719 0.00131876
595.237 0.0589225 0.00144865
595.577 0.0622016 0.00158456
595.917 0.0637132 0.00168379
596.257 0.0582343 0.00154232
596.596 0.0549307 0.00146028
596.936 0.0552145 0.00143975
597.276 0.0599898 0.00155939
597.615 0.0581995 0.00150872
597.955 0.046127 0.0011813
598.294 0.0463734 0.00111126
598.633 0.0492064 0.0011485
598.973 0.0538944 0.00124727
599.312 0.0525352 0.00122768
599.651 0.054013 0.0012547
599.991 0.0548044 0.00129146
600.33 0.0551028 0.00131498
600.669 0.0566026 0.00137096
601.008 0.0581332 0.0014374
601.347 0.0582546 0.00148793
601.686 0.0543105 0.00139472
602.025 0.0554334 0.00141847
602.364 0.0531706 0.00132
602.702 0.0521984 0.00128911
603.041 0.0538018 0.00131743
603.38 0.0570938 0.00142205
603.719 0.0600006 0.00152421
604.057 0.0600546 0.00156775
604.396 0.0587803 0.00154858
604.734 0.0538574 0.00141573
605.073 0.0498118 0.0012596
605.411 0.0516186 0.00129469
605.75 0.0567722 0.00140735
606.088 0.0587354 0.00150641
606.426 0.055932 0.00143398
606.764 0.054675 0.00139829
607.103 0.057631 0.00148109
607.441 0.060162 0.00156549
607.779 0.0598354 0.00159908
608.117 0.0584408 0.00156953
608.455 0.0620529 0.0016859
608.793 0.062562 0.00170913
609.131 0.0554666 0.00150137
609.469 0.0553806 0.00146401
609.806 0.0575812 0.00151289
610.144 0.0648047 0.00173102
610.482 0.0619769 0.00171042
610.819 0.0606644 0.00168851
611.157 0.0616512 0.00171114
611.495 0.0648349 0.00181627
611.832 0.0644613 0.00181644
612.17 0.0617139 0.00176438
612.507 0.0607452 0.00173093
612.844 0.0620705 0.00176809
613.182 0.0630109 0.00178555
613.519 0.0614795 0.00175286
613.856 0.060992 0.00174134
614.193 0.0592458 0.00169459
614.53 0.057664 0.00163699
614.867 0.0599472 0.00166727
615.205 0.0640485 0.00180966
615.541 0.0681762 0.00193453
615.878 0.0687925 0.00202576
616.215 0.0665571 0.00197224
616.552 0.0674883 0.00200628
616.889 0.0633523 0.0018992
617.226 0.0631257 0.00187636
617.562 0.0659508 0.00197885
617.899 0.0718657 0.00219044
618.235 0.0764279 0.00237528
618.572 0.0784398 0.00249549
618.908 0.0708594 0.00228954
619.245 0.0680325 0.00215185
619.581 0.0671481 0.00210034
619.918 0.0765541 0.00242893
620.254 0.0897353 0.00296656
620.59 0.0886378 0.00299274
620.926 0.0770334 0.00260137
621.262 0.0721406 0.00237758
621.599 0.0733332 0.00240804
621.935 0.0718896 0.00235422
622.271 0.0678282 0.00220101
622.606 0.0686856 0.00216702
622.942 0.0712841 0.00226236
623.278 0.0746645 0.00238287
623.614 0.0683947 0.00217344
623.95 0.0672301 0.00214623
624.285 0.0710623 0.00224768
624.621 0.0767883 0.00246342
624.957 0.0795322 0.00258502
625.292 0.0825796 0.00271373
625.628 0.0854628 0.00284423
625.963 0.0815943 0.00279756
626.299 0.0791772 0.00269907
626.634 0.0764608 0.00261076
626.969 0.0775408 0.00267776
627.304 0.0916289 0.00315525
627.64 0.0967325 0.00347734
627.975 0.095546 0.00338679
628.31 0.0851573 0.00302231
628.645 0.0856168 0.00296114
628.98 0.0860975 0.00303469
629.315 0.0910924 0.0031813
629.65 0.0889804 0.00316929
629.985 0.0897816 0.00317458
630.319 0.0948344 0.00340537
630.654 0.0952404 0.00345153
630.989 0.0970742 0.00346753
631.323 0.095685 0.00350227
631.658 0.103878 0.00379783
631.993 0.106958 0.0040206
632.327 0.107989 0.00405533
632.662 0.105799 0.00399226
632.996 0.1034 0.00385919
633.33 0.100045 0.00373988
633.665 0.106159 0.00398738
633.999 0.109828 0.00417891
634.333 0.1083 0.00414889
634.667 0.113487 0.00426179
635.001 0.104145 0.00398315
635.335 0.0988427 0.00373276
635.669 0.0906821 0.00344267
636.003 0.099571 0.00365768
636.337 0.105083 0.00394538
636.671 0.114676 0.00433683
637.005 0.11389 0.00443932
637.339 0.118662 0.00451133
637.672 0.105784 0.00410399
638.006 0.10581 0.0039991
638.339 0.107686 0.00409321
638.673 0.111934 0.00430604
639.006 0.114288 0.00448776
639.34 0.114859 0.00449646
639.673 0.117186 0.00460661
640.007 0.123738 0.00472174
640.34 0.122919 0.00478817
640.673 0.118957 0.00474627
641.006 0.131751 0.0050684
641.34 0.125668 0.00500392
641.673 0.132629 0.00526338
642.006 0.137239 0.00544632
642.339 0.131364 0.00523426
642.672 0.128531 0.00514568
643.004 0.13767 0.00535587
643.337 0.136437 0.00550358
643.67 0.13674 0.0055082
644.003 0.134937 0.00541814
644.336 0.137107 0.00543865
644.668 0.131319 0.00531307
645.001 0.132811 0.00543554
645.333 0.136578 0.00564765
645.666 0.151024 0.00606134
645.998 0.146393 0.00610393
646.331 0.153848 0.00635254
646.663 0.151425 0.00623747
646.995 0.135253 0.0055355
647.327 0.118395 0.00475613
647.66 0.112654 0.00438549
647.992 0.109707 0.00426163
648.324 0.111317 0.00427693
648.656 0.1119 0.00434773
648.988 0.120883 0.00469878
649.32 0.131101 0.00523435
649.652 0.141549 0.00569409
649.983 0.152855 0.00604454
650.315 0.146604 0.00595778
650.647 0.146958 0.00582814
650.979 0.132845 0.00528846
651.31 0.121279 0.00485865
651.642 0.114683 0.0046186
651.973 0.119947 0.00472026
652.305 0.117419 0.00465253
652.636 0.125363 0.00487396
652.967 0.131541 0.00510543
653.299 0.134928 0.00529128
653.63 0.132526 0.0051847
653.961 0.115206 0.00449062
654.292 0.0714906 0.00271519
654.623 0.0200045 0.000520592
654.955 0.0728094 0.000974945
655.286 0.133876 0.00132198
655.616 0.170506 0.00149186
655.947 0.15202 0.00140863
656.278 0.106235 0.00117751
656.609 0.0769579 0.00104879
656.94 0.0911742 0.00151058
657.27 0.0946283 0.00180421
657.601 0.1019 0.00215942
657.932 0.107724 0.00265566
658.262 0.117711 0.00338164
658.593 0.122862 0.00414428
658.923 0.143145 0.00523052
659.254 0.158704 0.00608366
659.584 0.156948 0.00642341
659.914 0.16541 0.0069054
660.244 0.175062 0.00728143
660.575 0.167521 0.00707079
660.905 0.168699 0.00710614
661.235 0.172501 0.00708521
661.565 0.160763 0.00679069
661.895 0.166728 0.00687606
662.225 0.163482 0.00691603
662.555 0.175127 0.00725749
662.884 0.175734 0.00718884
663.214 0.162897 0.0068258
663.544 0.160239 0.00669945
663.873 0.146431 0.00630942
664.203 0.160822 0.00654018
664.533 0.144668 0.00603499
664.862 0.146319 0.00602711
665.192 0.150241 0.00628306
665.521 0.170723 0.00706126
665.85 0.17347 0.00732927
666.18 0.189386 0.0079736
666.509 0.180843 0.00774539
666.838 0.177683 0.00749592
667.167 0.168606 0.00720814
667.496 0.177449 0.00752219
667.825 0.18636 0.00774755
668.154 0.182463 0.00765337
668.483 0.185018 0.00765439
668.812 0.164618 0.00708555
669.141 0.161942 0.00695761
669.47 0.158642 0.00680159
669.798 0.169244 0.00709706
670.127 0.171166 0.00714396
670.456 0.15401 0.00639327
670.784 0.127784 0.0052236
671.113 0.112872 0.00450652
671.441 0.109477 0.00424095
671.77 0.112424 0.004369
672.098 0.116771 0.00462785
672.426 0.14337 0.00570109
672.755 0.151994 0.0062414
673.083 0.159904 0.00649222
673.411 0.15436 0.00636595
673.739 0.159369 0.00656307
674.067 0.176732 0.00727638
674.395 0.17703 0.00728169
674.723 0.162135 0.00678717
675.051 0.163188 0.00671067
675.379 0.165883 0.00676025
675.706 0.158781 0.0066867
676.034 0.168112 0.00703563
676.362 0.179592 0.00730696
676.689 0.145382 0.00617547
677.017 0.13678 0.00559667
677.344 0.129212 0.0052254
677.672 0.137395 0.00548068
677.999 0.137526 0.00555005
678.327 0.132401 0.00533711
678.654 0.123471 0.00492968
678.981 0.118092 0.00467609
679.308 0.118492 0.00472134
679.636 0.134205 0.00525952
679.963 0.142958 0.00570002
680.29 0.14037 0.00566354
680.617 0.132137 0.00539264
680.944 0.135929 0.00538834
681.271 0.139584 0.00561762
681.597 0.152243 0.0062636
681.924 0.175839 0.00716942
682.251 0.169038 0.00700175
682.578 0.149671 0.00624221
682.904 0.128583 0.00539876
683.231 0.127795 0.00516808
683.557 0.129884 0.00509347
683.884 0.118682 0.00472998
684.21 0.111916 0.00448564
684.536 0.11077 0.00431676
684.863 0.108482 0.00420776
685.189 0.109833 0.0043053
685.515 0.114451 0.00463279
685.841 0.132151 0.00514115
686.167 0.128103 0.00506683
686.493 0.124449 0.00493436
686.819 0.127939 0.00503147
687.145 0.134777 0.00538967
687.471 0.149226 0.0060987
687.797 0.16167 0.00656084
688.123 0.151436 0.00631117
688.448 0.146474 0.0060033
688.774 0.138918 0.00567071
689.1 0.140746 0.00580451
689.425 0.157147 0.00639071
689.751 0.157864 0.00650892
690.076 0.139618 0.00578036
690.402 0.125068 0.00511137
690.727 0.121077 0.00487391
691.052 0.127158 0.00512575
691.377 0.139687 0.0055336
691.703 0.138756 0.00565477
692.028 0.144074 0.00576537
692.353 0.13354 0.00543325
692.678 0.141704 0.00563991
693.003 0.145696 0.00593621
693.328 0.158443 0.00664748
693.652 0.174452 0.00729014
693.977 0.16778 0.00697853
694.302 0.148948 0.0061998
694.627 0.146875 0.00607045
694.951 0.151751 0.00639227
695.276 0.195202 0.00794766
695.6 0.187129 0.00791246
695.925 0.146262 0.00613949
696.249 0.121894 0.00494209
696.574 0.114986 0.00454906
696.898 0.124858 0.00495609
697.222 0.138501 0.00551736
697.546 0.144279 0.00585783
697.871 0.141781 0.00592923
698.195 0.148787 0.00611848
698.519 0.148242 0.0062618
698.843 0.162321 0.00673995
699.167 0.177398 0.00731081
699.491 0.18758 0.00780398
699.814 0.183891 0.00778932
700.138 0.179652 0.00772254
700.462 0.194101 0.00815982
700.786 0.181217 0.00777965
701.109 0.178968 0.00754067
701.433 0.168131 0.00705566
701.756 0.15595 0.00655269
702.08 0.156756 0.00657016
702.403 0.161989 0.00681497
702.726 0.178503 0.00745751
703.05 0.182689 0.0077286
703.373 0.189059 0.00795384
703.696 0.182442 0.00782
704.019 0.19499 0.00836651
704.342 0.208818 0.0089739
704.665 0.228433 0.00977344
704.988 0.229199 0.00972579
705.311 0.19705 0.00846377
705.634 0.163336 0.00691865
705.957 0.136708 0.0057327
706.28 0.124568 0.00506938
706.602 0.123484 0.00499493
706.925 0.126287 0.00515754
707.247 0.138875 0.00562397
707.57 0.146838 0.00601103
707.892 0.15196 0.00632364
708.215 0.167996 0.00697385
708.537 0.17628 0.00731955
708.859 0.183964 0.00752014
709.182 0.176336 0.00728637
709.504 0.169845 0.0069628
709.826 0.159852 0.00667007
710.148 0.164323 0.00678997
710.47 0.165975 0.00701799
710.792 0.179103 0.00755963
711.114 0.181649 0.0078684
711.436 0.196284 0.00836121
711.758 0.180991 0.00789893
712.079 0.18433 0.00788038
712.401 0.169952 0.00719342
712.723 0.159842 0.00672294
713.044 0.144864 0.00602982
713.366 0.138944 0.00583957
713.687 0.152657 0.00617069
714.009 0.153972 0.00636537
714.33 0.163293 0.00670218
714.652 0.167597 0.00698291
714.973 0.178086 0.00744752
715.294 0.194729 0.00818827
715.615 0.205955 0.00895947
715.936 0.215567 0.00930059
716.257 0.221245 0.00951292
716.578 0.219995 0.00954976
716.899 0.211871 0.00916289
717.22 0.185318 0.00801666
717.541 0.185012 0.00779533
717.862 0.172859 0.00750964
718.182 0.178811 0.0076228
718.503 0.175442 0.00738654
718.824 0.177846 0.00754288
719.144 0.174592 0.00759304
719.465 0.188045 0.00806013
719.785 0.168433 0.00747089
720.105 0.173919 0.00749184
720.426 0.183015 0.00758994
720.746 0.172577 0.00749533
721.066 0.17848 0.00763619
721.386 0.181491 0.00777923
721.706 0.207813 0.00856634
722.026 0.206124 0.00875786
722.346 0.202489 0.00875247
722.666 0.201927 0.00862597
722.986 0.19382 0.0082414
723.306 0.187677 0.00817308
723.626 0.198864 0.00857995
723.946 0.215314 0.00890991
724.265 0.177177 0.00765032
724.585 0.156466 0.00681023
724.904 0.157958 0.00679177
725.224 0.175026 0.00716839
725.543 0.171877 0.00710212
725.863 0.175271 0.00724063
726.182 0.182448 0.00768728
726.501 0.183129 0.00782294
726.82 0.190153 0.00802404
727.14 0.166839 0.00722498
727.459 0.165687 0.00698281
727.778 0.162736 0.00687925
728.097 0.17594 0.00725071
728.416 0.170744 0.00706213
728.734 0.16169 0.00665383
729.053 0.147653 0.00629614
729.372 0.159242 0.00652504
729.691 0.14304 0.00602837
730.009 0.134968 0.00557428
730.328 0.129904 0.0053078
730.647 0.126139 0.00523628
730.965 0.145225 0.00581532
731.283 0.150305 0.00613842
731.602 0.148374 0.00616988
731.92 0.138446 0.00585398
732.238 0.13914 0.0057273
732.557 0.136012 0.00561066
732.875 0.131933 0.00539193
733.193 0.117938 0.00479396
733.511 0.112029 0.00456554
733.829 0.122931 0.00492597
734.147 0.137728 0.00555694
734.465 0.147974 0.00602193
734.782 0.146874 0.00599407
735.1 0.142361 0.00573594
735.418 0.138205 0.00564696
735.735 0.132133 0.00553814
736.053 0.135524 0.00554659
736.371 0.140571 0.00570731
736.688 0.143528 0.00597717
737.005 0.157975 0.00665278
737.323 0.163784 0.00703303
737.64 0.167333 0.00711695
737.957 0.151416 0.00641864
738.274 0.131971 0.00549995
738.592 0.130261 0.00533118
738.909 0.136257 0.00558986
739.226 0.156711 0.00652936
739.543 0.180109 0.00754518
739.86 0.194037 0.00828681
740.176 0.20889 0.00882139
740.493 0.217884 0.00928134
740.81 0.216781 0.009287
741.127 0.211011 0.00906577
741.443 0.18409 0.00802337
741.76 0.182749 0.00772917
742.076 0.183829 0.00782058
742.393 0.187847 0.00832968
742.709 0.218437 0.00947953
743.025 0.226197 0.00982418
743.342 0.229186 0.00979801
743.658 0.216448 0.00933861
743.974 0.196756 0.00865741
744.29 0.219849 0.00914207
744.606 0.200905 0.00883271
744.922 0.194111 0.00869762
745.238 0.208412 0.00903973
745.554 0.212787 0.00935508
745.87 0.215983 0.00952436
746.186 0.207533 0.00895156
746.501 0.193662 0.00832911
746.817 0.188344 0.00834478
747.132 0.221353 0.00971043
747.448 0.235697 0.0104138
747.763 0.236303 0.0102714
748.079 0.214142 0.00937102
748.394 0.191351 0.00825796
748.71 0.166288 0.00716684
749.025 0.150816 0.00642603
749.34 0.153196 0.00639234
749.655 0.156656 0.00660553
749.97 0.164072 0.00700344
750.285 0.172163 0.00719624
750.6 0.156389 0.00671205
750.915 0.1498 0.00640585
751.23 0.154952 0.00664337
751.545 0.173023 0.00730856
751.859 0.193557 0.00802128
752.174 0.183447 0.00790017
752.489 0.170399 0.00723069
752.803 0.160618 0.0065987
753.118 0.156855 0.00647202
753.432 0.156319 0.00667768
753.747 0.176557 0.00735984
754.061 0.16463 0.00686607
754.375 0.146891 0.00621418
754.689 0.142645 0.00593309
755.004 0.13626 0.00578945
755.318 0.128515 0.00549994
755.632 0.12383 0.00513543
755.946 0.118989 0.00494307
756.26 0.113205 0.00460589
756.573 0.107566 0.00429566
756.887 0.101116 0.0040381
757.201 0.107739 0.0042567
757.515 0.127221 0.0050669
757.828 0.145147 0.00580436
758.142 0.133805 0.00555452
758.455 0.115178 0.00478598
758.769 0.109814 0.00442558
759.082 0.108031 0.0042701
759.396 0.108099 0.00420725
759.709 0.101409 0.00404338
760.022 0.105714 0.00416475
760.335 0.117325 0.0046181
760.648 0.130065 0.00522609
760.962 0.151219 0.00604853
761.275 0.160535 0.00654079
761.587 0.158467 0.00658312
761.9 0.157165 0.00657262
762.213 0.145831 0.00612442
762.526 0.14044 0.00579333
762.839 0.138784 0.00573604
763.151 0.124989 0.00528626
763.464 0.122013 0.00493999
763.776 0.103758 0.00423147
764.089 0.102372 0.00411434
764.401 0.110931 0.00443506
764.714 0.116931 0.0048212
765.026 0.132381 0.00547537
765.338 0.144991 0.0061014
765.65 0.166875 0.00704527
765.962 0.184502 0.0077524
766.275 0.190511 0.00815946
766.587 0.188481 0.00814266
766.898 0.183675 0.0077802
767.21 0.165002 0.00693824
767.522 0.136492 0.00585502
767.834 0.138564 0.00568317
768.146 0.144192 0.00583931
768.457 0.151263 0.00634626
768.769 0.159344 0.00686036
769.08 0.1558 0.00681429
769.392 0.155726 0.00656634
769.703 0.141931 0.00594435
770.015 0.133787 0.00555109
770.326 0.133063 0.00554681
770.637 0.147152 0.00604401
770.948 0.167642 0.00692208
771.26 0.178659 0.00759483
771.571 0.190173 0.00792159
771.882 0.173742 0.00738768
772.193 0.179916 0.00759397
772.504 0.180156 0.0077892
772.814 0.189999 0.00815876
773.125 0.199909 0.00854205
773.436 0.208713 0.00897882
773.747 0.211002 0.00923115
774.057 0.217737 0.00957794
774.368 0.230678 0.0100135
774.678 0.236116 0.0103949
774.989 0.253892 0.0109483
775.299 0.254532 0.011331
775.609 0.255743 0.0112313
775.919 0.256379 0.011153
776.23 0.252723 0.0110866
776.54 0.244125 0.0108041
776.85 0.250252 0.0110538
777.16 0.240688 0.0105185
777.47 0.212345 0.00936651
777.78 0.20132 0.00871818
778.089 0.185841 0.0079553
778.399 0.179681 0.0077728
778.709 0.204778 0.00868071
779.019 0.222139 0.00963512
779.328 0.236293 0.010475
779.638 0.220338 0.00998139
779.947 0.191623 0.00848531
780.257 0.173204 0.00735915
780.566 0.157115 0.0067467
780.875 0.166698 0.00710823
781.185 0.181226 0.00788155
781.494 0.201015 0.00843783
781.803 0.193379 0.00849717
782.112 0.204965 0.008876
782.421 0.19951 0.00864206
782.73 0.182096 0.00803889
783.039 0.19459 0.00841555
783.348 0.227974 0.00983588
783.656 0.242198 0.0106951
783.965 0.234054 0.0106714
784.274 0.22683 0.0101063
784.582 0.221472 0.00967606
784.891 0.212351 0.00941884
785.199 0.212483 0.00956453
785.508 0.242141 0.0104914
785.816 0.233113 0.0104812
786.124 0.231372 0.0102114
786.432 0.216602 0.00939496
786.741 0.202288 0.00873221
787.049 0.192827 0.00847519
787.357 0.201277 0.00879141
787.665 0.19811 0.00866944
787.973 0.199975 0.00878937
788.281 0.207475 0.00913908
788.588 0.232432 0.0101881
788.896 0.268958 0.011641
789.204 0.271452 0.01217
789.511 0.280549 0.0124058
789.819 0.283122 0.0126897
790.126 0.282391 0.0126786
790.434 0.281938 0.0126655
790.741 0.282769 0.0126521
791.049 0.271112 0.0123755
791.356 0.291898 0.013258
791.663 0.306602 0.0138329
791.97 0.3356 0.0145099
792.277 0.295995 0.0133738
792.584 0.274368 0.0121969
792.891 0.220655 0.00967449
793.198 0.185984 0.00824475
793.505 0.182961 0.00801745
793.812 0.206411 0.0087566
794.119 0.208629 0.00900594
794.425 0.211969 0.00934735
794.732 0.241066 0.0104227
795.038 0.277541 0.0123553
795.345 0.329791 0.0144832
795.651 0.363899 0.0160294
795.958 0.356532 0.0158985
796.264 0.285763 0.0132821
796.57 0.284914 0.0127772
796.876 0.270449 0.0123417
797.183 0.296952 0.0131714
797.489 0.314644 0.0141146
797.795 0.314266 0.0142323
798.101 0.298984 0.0138205
798.406 0.311879 0.0141904
798.712 0.31912 0.0147782
799.018 0.339983 0.0154919
799.324 0.347412 0.0157014
799.629 0.347704 0.0157788
799.935 0.351855 0.0159905
800.24 0.360011 0.0164824
800.546 0.389609 0.0171524
800.851 0.375135 0.016984
801.157 0.411524 0.0185507
801.462 0.406972 0.0186268
801.767 0.445521 0.0195817
802.072 0.385011 0.0174972
802.377 0.348165 0.0160115
802.682 0.345734 0.0156985
802.987 0.349393 0.0162196
803.292 0.371534 0.0171533
803.597 0.393883 0.017812
803.902 0.375073 0.0173378
804.207 0.393527 0.017648
804.511 0.386123 0.0172133
804.816 0.333962 0.0150414
805.12 0.293407 0.0131732
805.425 0.269224 0.0118853
805.729 0.275425 0.0121155
806.034 0.29406 0.0130032
806.338 0.316687 0.0142633
806.642 0.327082 0.0148646
806.946 0.336458 0.0149236
807.251 0.356242 0.0154973
807.555 0.317222 0.0143913
807.859 0.325919 0.0144764
808.162 0.315167 0.0146488
808.466 0.359918 0.0161871
808.77 0.381636 0.0171099
809.074 0.393285 0.0179631
809.378 0.393488 0.017999
809.681 0.395136 0.0178947
809.985 0.401847 0.0183379
810.288 0.413051 0.0187991
810.592 0.420264 0.0188204
810.895 0.408637 0.018999
811.198 0.49831 0.021908
811.502 0.47129 0.0216156
811.805 0.51773 0.023278
812.108 0.44866 0.0206831
812.411 0.444641 0.0199803
812.714 0.386461 0.0173559
813.017 0.330864 0.0151977
813.32 0.325929 0.0150616
813.623 0.358623 0.016298
813.926 0.411974 0.0187336
814.228 0.483763 0.021386
814.531 0.472141 0.0218049
814.833 0.472229 0.0216394
815.136 0.474857 0.0218314
815.438 0.509348 0.0228683
815.741 0.4356 0.0202712
816.043 0.44022 0.0201306
816.345 0.446425 0.0201356
816.648 0.441157 0.0201795
816.95 0.454805 0.0208038
817.252 0.467569 0.0215676
817.554 0.486864 0.0220551
817.856 0.497824 0.0227783
818.158 0.514335 0.023354
818.46 0.492332 0.0234284
818.761 0.517028 0.0239214
819.063 0.505603 0.0232449
819.365 0.471029 0.0217733
819.666 0.438507 0.0199577
819.968 0.411257 0.01869
820.269 0.391088 0.018029
820.571 0.410629 0.0189583
820.872 0.440935 0.0203883
821.173 0.489677 0.0223392
821.475 0.516228 0.0238194
821.776 0.525711 0.0239127
822.077 0.508013 0.0233698
822.378 0.509875 0.0235761
822.679 0.532772 0.024494
822.98 0.504098 0.0236045
823.281 0.573766 0.0259996
823.581 0.543902 0.0250585
823.882 0.56632 0.0258969
824.183 0.546648 0.025185
824.483 0.487635 0.022941
824.784 0.472621 0.0216573
825.084 0.492638 0.0225076
825.385 0.497851 0.022923
825.685 0.542932 0.0244532
825.985 0.511884 0.0235407
826.286 0.505092 0.0230628
826.586 0.490066 0.0222716
826.886 0.498227 0.022498
827.186 0.494261 0.0227372
827.486 0.538807 0.0245372
827.786 0.55176 0.0252087
828.086 0.543602 0.0247702
828.386 0.532303 0.0241911
828.685 0.50266 0.0233778
828.985 0.546575 0.0251061
829.285 0.530589 0.024907
829.584 0.576654 0.0263852
829.884 0.588721 0.0270663
830.183 0.675541 0.0305048
830.482 0.632202 0.029188
830.782 0.616752 0.0289517
831.081 0.704201 0.0321071
831.38 0.646568 0.0297705
831.679 0.685058 0.0307133
831.978 0.642558 0.0297928
832.277 0.635951 0.028684
832.576 0.572318 0.0266993
832.875 0.603393 0.0273978
833.174 0.552958 0.0260632
833.472 0.602063 0.0274016
833.771 0.656716 0.0290077
834.07 0.582927 0.02668
834.368 0.601102 0.0273579
834.667 0.606456 0.0282051
834.965 0.642832 0.0294747
835.263 0.619957 0.0289845
835.562 0.648228 0.0296514
835.86 0.621966 0.0287765
836.158 0.64509 0.02964
836.456 0.689694 0.0314549
836.754 0.65831 0.0306449
837.052 0.721905 0.03311
837.35 0.681754 0.0315522
837.648 0.736103 0.0332205
837.946 0.706308 0.0328185
838.243 0.680285 0.0322175
838.541 0.685257 0.0314855
838.839 0.669145 0.0311588
839.136 0.673714 0.0311992
839.434 0.646094 0.0303672
839.731 0.671092 0.0317821
840.028 0.714095 0.0320335
840.326 0.6958 0.032018
840.623 0.698282 0.0320458
840.92 0.704129 0.0324894
841.217 0.711387 0.0335732
841.514 0.735287 0.0343232
841.811 0.698167 0.0323416
842.108 0.776759 0.0351162
842.405 0.765083 0.0351115
842.701 0.742148 0.0347406
842.998 0.720147 0.0331682
843.295 0.750161 0.0345924
843.591 0.758907 0.0348695
843.888 0.755218 0.0343825
844.184 0.757264 0.0346285
844.481 0.709587 0.0329709
844.777 0.703807 0.0329971
845.073 0.697072 0.0330864
845.369 0.73114 0.0342253
845.665 0.755951 0.0353098
845.962 0.76616 0.0348499
846.258 0.740975 0.0349361
846.553 0.823743 0.0368891
846.849 0.757444 0.0354344
847.145 0.719146 0.0334049
847.441 0.76524 0.0346656
847.737 0.691231 0.0326736
848.032 0.717892 0.0339339
848.328 0.763569 0.0351577
848.623 0.782683 0.0360703
848.919 0.704892 0.0334682
849.214 0.717989 0.0333923
849.509 0.779066 0.0353025
849.805 0.813954 0.0368083
850.1 0.822625 0.0378311
850.395 0.781857 0.0367596
850.69 0.810177 0.0376798
850.985 0.726407 0.0344126
851.28 0.758012 0.0350073
851.575 0.826464 0.0370002
851.869 0.781147 0.0358486
852.164 0.740836 0.0343914
852.459 0.691748 0.0323208
852.753 0.6793 0.031583
853.048 0.618506 0.0285731
853.342 0.630271 0.0286434
853.637 0.661148 0.0298637
853.931 0.59385 0.0279993
854.225 0.632829 0.0287765
854.52 0.666086 0.0306231
854.814 0.630694 0.0298974
855.108 0.603607 0.0282994
855.402 0.611852 0.0290134
855.696 0.684154 0.031558
855.99 0.721745 0.0329361
856.283 0.648389 0.0305325
856.577 0.707832 0.0326308
856.871 0.682829 0.031796
857.164 0.71923 0.0329873
857.458 0.773298 0.035341
857.751 0.719273 0.033493
858.045 0.710996 0.0328957
858.338 0.741556 0.0341441
858.632 0.712256 0.0326967
858.925 0.717377 0.0336752
859.218 0.709053 0.0333367
859.511 0.775929 0.036333
859.804 0.769956 0.0358309
860.097 0.735535 0.0340931
860.39 0.762694 0.0357356
860.683 0.744942 0.0351677
860.976 0.787576 0.0364498
861.268 0.756452 0.0351701
861.561 0.849518 0.038339
861.854 0.856654 0.0396467
862.146 0.789117 0.0367003
862.439 0.764797 0.0359349
862.731 0.769287 0.0351577
863.023 0.797583 0.036958
863.316 0.765776 0.0355602
863.608 0.794176 0.0364029
863.9 0.758664 0.0356023
864.192 0.736208 0.0342396
864.484 0.791287 0.0363466
864.776 0.815993 0.0372371
865.068 0.792599 0.0364723
865.36 0.753382 0.0354656
865.651 0.807969 0.0376926
865.943 0.751916 0.0356896
866.235 0.784336 0.0366356
866.526 0.811827 0.0382767
866.818 0.758278 0.0357519
867.109 0.743332 0.0351808
867.4 0.769764 0.0364899
867.692 0.804006 0.0374963
867.983 0.78656 0.0367283
868.274 0.779971 0.0370329
868.565 0.795707 0.0369274
868.856 0.792853 0.0371023
869.147 0.832666 0.0379194
869.438 0.800893 0.0370887
869.729 0.783862 0.0369118
870.02 0.871419 0.0404533
870.31 0.841419 0.038511
870.601 0.823166 0.0375421
870.892 0.784463 0.0362727
871.182 0.758513 0.0355175
871.473 0.807132 0.0374347
871.763 0.812537 0.0366592
872.053 0.745781 0.0355348
872.343 0.811033 0.0369996
872.634 0.809342 0.0373326
872.924 0.766692 0.0356135
873.214 0.787145 0.0368239
873.504 0.848086 0.0387359
873.794 0.891531 0.0407079
874.084 0.849671 0.039626
874.373 0.822389 0.0380036
874.663 0.813362 0.0368994
874.953 0.800908 0.0378338
875.242 0.805662 0.037435
875.532 0.790048 0.0367659
875.821 0.807262 0.0373953
876.111 0.813358 0.0373939
876.4 0.848831 0.0386784
876.689 0.827221 0.0379291
876.978 0.791283 0.0371098
877.268 0.824837 0.0379557
877.557 0.786151 0.0374826
877.846 0.805587 0.037816
878.134 0.845419 0.0390912
878.423 0.845575 0.0390984
878.712 0.845731 0.0391056
