178.41 0.836028 0.141436
178.791 0.841322 0.142331
179.172 0.846577 0.143221
179.553 0.579495 0.579495
179.934 0.673027 0.673027
180.316 0.540323 0.540323
180.697 0.630248 0.630248
181.078 0.891566 0.891566
181.459 0.724506 0.724506
181.84 0.544251 0.544251
182.221 1.21536 1.21536
182.602 -0.278172 -0.07818
182.983 4.5292 0.963659
183.364 0.749405 0.153613
183.744 0.574744 0.0849355
184.125 0.383934 0.0602181
184.506 0.541671 0.0585941
184.887 0.573117 0.0537457
185.268 0.515324 0.0438752
185.648 0.520811 0.0426981
186.029 0.570964 0.0426425
186.41 0.54494 0.0405701
186.791 0.596282 0.0407848
187.171 0.457163 0.0305455
187.552 0.361088 0.0220867
187.932 0.379564 0.0230577
188.313 0.390537 0.0218446
188.694 0.372394 0.021319
189.074 0.371957 0.020542
189.455 0.374773 0.0200474
189.835 0.431031 0.0221065
190.216 0.399459 0.0207207
190.596 0.364457 0.0189413
190.977 0.418005 0.0201276
191.357 0.403592 0.0198359
191.737 0.402478 0.0195611
192.118 0.398004 0.0193567
192.498 0.359886 0.0178354
192.878 0.406993 0.0191127
193.258 0.390606 0.0184009
193.639 0.375938 0.0178282
194.019 0.398951 0.0185276
194.399 0.374338 0.0177922
194.779 0.35268 0.0165776
195.159 0.376465 0.017624
195.54 0.359746 0.0167119
195.92 0.356558 0.0166869
196.3 0.341994 0.0161058
196.68 0.356072 0.016516
197.06 0.330133 0.0158082
197.44 0.337949 0.0158407
197.82 0.331207 0.0155587
198.2 0.312036 0.0150947
198.58 0.296958 0.0143368
198.959 0.290209 0.0141473
199.339 0.30952 0.0146738
199.719 0.301764 0.0142112
200.099 0.292907 0.0140348
200.479 0.28195 0.0137308
200.858 0.274069 0.013338
201.238 0.269497 0.0130196
201.618 0.296401 0.0138073
201.998 0.270894 0.0128838
202.377 0.264272 0.0127251
202.757 0.264494 0.0125632
203.136 0.263748 0.0124641
203.516 0.214715 0.0110785
203.896 0.240976 0.011592
204.275 0.227761 0.0110473
204.655 0.227863 0.0110707
205.034 0.236851 0.0111542
205.414 0.226158 0.0107631
205.793 0.207981 0.010229
206.172 0.214947 0.0104083
206.552 0.205463 0.0100026
206.931 0.2157 0.0100917
207.31 0.208717 0.00982004
207.69 0.191974 0.0093427
208.069 0.203137 0.00948327
208.448 0.183471 0.00889904
208.827 0.190573 0.00901751
209.207 0.184157 0.00884124
209.586 0.17579 0.00841207
209.965 0.174792 0.00836164
210.344 0.172158 0.00817736
210.723 0.177204 0.00819442
211.102 0.149514 0.00739679
211.481 0.161515 0.00764734
211.86 0.161336 0.00756702
212.239 0.160954 0.00748171
212.618 0.154321 0.00722
212.997 0.149977 0.00700157
213.376 0.141998 0.00678843
213.755 0.145559 0.00677649
214.134 0.139377 0.0065412
214.513 0.137602 0.00639421
214.891 0.135354 0.00629944
215.27 0.133516 0.0061389
215.649 0.130699 0.00602384
216.028 0.136113 0.00604117
216.406 0.123012 0.00568324
216.785 0.128341 0.00571059
217.164 0.120131 0.00546961
217.542 0.116502 0.00527344
217.921 0.115981 0.00519426
218.3 0.117977 0.0052202
218.678 0.117658 0.00513115
219.057 0.10677 0.00480094
219.435 0.105127 0.00468558
219.814 0.0991471 0.00451682
220.192 0.104564 0.00456379
220.57 0.0989822 0.00438826
220.949 0.0958483 0.00424577
221.327 0.0935639 0.00412512
221.705 0.0924667 0.00405887
222.084 0.0896099 0.003909
222.462 0.0928214 0.00393103
222.84 0.0880923 0.00379797
223.218 0.0862746 0.00366499
223.597 0.0911124 0.00372829
223.975 0.0836919 0.00350892
224.353 0.0835357 0.00346714
224.731 0.0795236 0.00332834
225.109 0.0799422 0.00326968
225.487 0.0795998 0.00321629
225.865 0.075756 0.00308969
226.243 0.0732184 0.00299894
226.621 0.0758767 0.00301269
226.999 0.0695163 0.00282458
227.377 0.0710733 0.00282831
227.755 0.0694797 0.00275994
228.133 0.067817 0.00269208
228.511 0.0678661 0.00266101
228.889 0.0684776 0.00262186
229.266 0.0664878 0.00255897
229.644 0.064511 0.00247101
230.022 0.0627215 0.00240496
230.4 0.0620055 0.00236866
230.777 0.0609314 0.00232571
231.155 0.0603608 0.0022847
231.533 0.0585687 0.00221867
231.91 0.0587292 0.00219163
232.288 0.0588693 0.00217345
232.665 0.0591759 0.00215105
233.043 0.0570227 0.00209162
233.42 0.0569902 0.00206277
233.798 0.0557228 0.00202478
234.175 0.0534707 0.00195761
234.553 0.0562436 0.00198635
234.93 0.0554525 0.00195258
235.307 0.0558376 0.00194347
235.685 0.0541591 0.00189841
236.062 0.0533233 0.0018617
236.439 0.0540688 0.00186539
236.816 0.0542966 0.00184646
237.194 0.0543326 0.00182752
237.571 0.0543787 0.00181237
237.948 0.0534519 0.00178737
238.325 0.0528521 0.00175764
238.702 0.0533539 0.00175554
239.079 0.0519653 0.00171535
239.456 0.0530376 0.00172138
239.833 0.0531951 0.00171282
240.21 0.0525065 0.00168598
240.587 0.0538954 0.00170022
240.964 0.0549217 0.00170233
241.341 0.0537781 0.00167028
241.718 0.0514751 0.00161866
242.095 0.0518309 0.00162376
242.472 0.0525068 0.00162135
242.849 0.0534191 0.00162317
243.225 0.0530375 0.00160326
243.602 0.05322 0.00159793
243.979 0.0526919 0.00158449
244.356 0.0532971 0.00158702
244.732 0.0530893 0.0015678
245.109 0.0529132 0.00155424
245.486 0.0524969 0.00154595
245.862 0.0523854 0.00153669
246.239 0.052415 0.00152145
246.615 0.0522868 0.00151683
246.992 0.0527786 0.00151279
247.368 0.0542143 0.00153322
247.745 0.0517117 0.00148479
248.121 0.0528158 0.00149032
248.497 0.0528338 0.00148817
248.874 0.0518235 0.00146495
249.25 0.0513038 0.00144475
249.626 0.0531141 0.00146759
250.003 0.0532567 0.00146094
250.379 0.0516626 0.00142489
250.755 0.0518734 0.00142904
251.131 0.0517794 0.00141772
251.507 0.0540395 0.0014464
251.884 0.0533962 0.00142789
252.26 0.0533592 0.00142776
252.636 0.0528337 0.00140778
253.012 0.0525951 0.00139948
253.388 0.0522581 0.00139079
253.764 0.0522118 0.00138448
254.14 0.0526494 0.00138697
254.516 0.0537095 0.00139895
254.892 0.0536114 0.0013906
255.268 0.0526212 0.00137624
255.643 0.0531793 0.00137771
256.019 0.0521829 0.00136373
256.395 0.0529587 0.00137096
256.771 0.0539895 0.00137415
257.147 0.052471 0.00135315
257.522 0.0527428 0.0013545
257.898 0.0520069 0.0013428
258.274 0.0534556 0.00135786
258.649 0.0531879 0.00135362
259.025 0.0520049 0.00133113
259.4 0.0530904 0.00134422
259.776 0.0517415 0.00132294
260.151 0.0532897 0.0013471
260.527 0.05391 0.00134888
260.902 0.0522196 0.00132395
261.278 0.0521766 0.00132061
261.653 0.0533134 0.00133489
262.028 0.052452 0.00132533
262.404 0.0528902 0.00132475
262.779 0.0522195 0.00131303
263.154 0.0516586 0.00130366
263.53 0.052383 0.00130919
263.905 0.0528069 0.00131702
264.28 0.0524222 0.00131154
264.655 0.0519262 0.00130152
265.03 0.0525226 0.00131302
265.405 0.0519271 0.0013012
265.781 0.052644 0.00131171
266.156 0.0532418 0.00131772
266.531 0.0537713 0.00131727
266.906 0.0529457 0.00131434
267.281 0.0528473 0.00130662
267.655 0.0532614 0.00131663
268.03 0.0517094 0.00129803
268.405 0.0529972 0.00131234
268.78 0.0535936 0.00131967
269.155 0.053762 0.00131881
269.53 0.051868 0.00129984
269.904 0.0524413 0.00130552
270.279 0.0529623 0.00131283
270.654 0.0524987 0.00130335
271.029 0.0529701 0.00131167
271.403 0.0515165 0.00128989
271.778 0.053996 0.00132432
272.152 0.0519352 0.00130004
272.527 0.0517627 0.00129674
272.901 0.0516736 0.00129055
273.276 0.0512948 0.00128288
273.65 0.0524746 0.00130163
274.025 0.0525791 0.00129954
274.399 0.0530298 0.00131135
274.774 0.0537761 0.0013175
275.148 0.0528008 0.00130136
275.522 0.0532909 0.00131089
275.897 0.0540156 0.00131906
276.271 0.0526727 0.00130386
276.645 0.0517048 0.00128808
277.019 0.051942 0.00128754
277.393 0.0530802 0.00129805
277.768 0.0527069 0.0012996
278.142 0.0529225 0.00130095
278.516 0.051971 0.00129147
278.89 0.0527034 0.00129798
279.264 0.0528266 0.00130366
279.638 0.0532242 0.00130223
280.012 0.0545983 0.00132125
280.386 0.0534932 0.00131465
280.76 0.0537409 0.00131268
281.133 0.0534171 0.00131112
281.507 0.0539056 0.00131604
281.881 0.0539804 0.00131394
282.255 0.0537469 0.00131294
282.629 0.0543835 0.00132452
283.002 0.0530449 0.00130883
283.376 0.0538579 0.00131521
283.75 0.0542695 0.00132471
284.123 0.0538286 0.00131471
284.497 0.055464 0.00133697
284.87 0.0550817 0.00133371
285.244 0.0545291 0.00132456
285.618 0.056154 0.00134761
285.991 0.0544269 0.00133232
286.364 0.0563868 0.00135559
286.738 0.0567748 0.00136
287.111 0.057341 0.00136734
287.485 0.0569145 0.00136302
287.858 0.0583947 0.00138578
288.231 0.0565999 0.00136192
288.605 0.0579583 0.00138195
288.978 0.0574097 0.00137246
289.351 0.0590711 0.00139942
289.724 0.0584569 0.00139208
290.097 0.0577908 0.00138578
290.47 0.0584725 0.00139843
290.843 0.0588974 0.00140301
291.217 0.0600482 0.00141693
291.59 0.0599383 0.00142544
291.963 0.0585169 0.00140533
292.336 0.059706 0.00142407
292.708 0.0605894 0.0014373
293.081 0.0594214 0.00142993
293.454 0.0603639 0.00143488
293.827 0.0597186 0.00143143
294.2 0.0600056 0.00144422
294.573 0.0608081 0.00144921
294.945 0.0592672 0.00143918
295.318 0.0613935 0.0014642
295.691 0.0612232 0.00146574
296.064 0.0603282 0.00145765
296.436 0.060194 0.001455
296.809 0.0600661 0.00144955
297.181 0.0617383 0.00147747
297.554 0.0611653 0.00147285
297.926 0.0613417 0.00147614
298.299 0.0617707 0.00148288
298.671 0.0606238 0.00146265
299.044 0.0614889 0.00148112
299.416 0.0618549 0.00148777
299.788 0.0598613 0.00146132
300.161 0.0617449 0.00149067
300.533 0.061963 0.00149121
300.905 0.0617209 0.00148263
301.278 0.0619308 0.00148827
301.65 0.0609158 0.00147437
302.022 0.0614617 0.00148419
302.394 0.0605467 0.00147548
302.766 0.0621064 0.00149226
303.138 0.0618598 0.00149514
303.51 0.0617789 0.00149028
303.882 0.0605934 0.00147406
304.254 0.0624988 0.00149999
304.626 0.0609258 0.00147655
304.998 0.0614882 0.0014829
305.37 0.0622179 0.00150002
305.742 0.0614721 0.00148541
306.114 0.0621192 0.00149257
306.485 0.0620669 0.00149227
306.857 0.0617487 0.00148738
307.229 0.0631065 0.00150889
307.601 0.0619659 0.00149479
307.972 0.0611257 0.00148309
308.344 0.0631851 0.00150598
308.716 0.0618399 0.00149601
309.087 0.0622483 0.00149905
309.459 0.0614677 0.00149188
309.83 0.0628681 0.00150898
310.202 0.0630563 0.00150878
310.573 0.0620616 0.0014977
310.945 0.062187 0.00149818
311.316 0.0621228 0.00150457
311.687 0.0614944 0.00149094
312.059 0.0620281 0.00150265
312.43 0.0617726 0.00149682
312.801 0.0636154 0.00152434
313.172 0.0619287 0.00150492
313.544 0.0637126 0.00152802
313.915 0.0608055 0.00148326
314.286 0.0621493 0.00150608
314.657 0.0610023 0.00148881
315.028 0.0615964 0.0014992
315.399 0.0625119 0.0015098
315.77 0.0615441 0.00149595
316.141 0.0617706 0.00150494
316.512 0.0633786 0.00152417
316.883 0.0625977 0.00151781
317.254 0.0623384 0.00151314
317.625 0.0629327 0.0015297
317.996 0.0620809 0.00151099
318.366 0.0623174 0.00151763
318.737 0.0615539 0.00150678
319.108 0.0634929 0.00153562
319.478 0.0627884 0.00152758
319.849 0.0624697 0.00152298
320.22 0.0632675 0.00153418
320.59 0.0627389 0.00152688
320.961 0.0627363 0.00152947
321.331 0.062888 0.00153152
321.702 0.0629273 0.00153976
322.072 0.0630546 0.00154598
322.443 0.0623096 0.00153377
322.813 0.0633387 0.00154352
323.184 0.0635149 0.00155
323.554 0.0634941 0.00155467
323.924 0.062813 0.00154551
324.295 0.0645919 0.00157484
324.665 0.0644391 0.00157413
325.035 0.0639604 0.00156622
325.405 0.0634624 0.00156653
325.775 0.065498 0.00159919
326.145 0.0642737 0.00158266
326.515 0.0638998 0.00158096
326.886 0.0651761 0.00160474
327.256 0.0646594 0.00159989
327.626 0.0640846 0.00160262
327.995 0.0640744 0.00160644
328.365 0.0645586 0.00161475
328.735 0.0661208 0.00164238
329.105 0.0681665 0.00168566
329.475 0.0693363 0.00171342
329.845 0.0715629 0.00176589
330.215 0.0721502 0.00176647
330.584 0.0705291 0.00172968
330.954 0.0686231 0.00166582
331.324 0.0634387 0.00155657
331.693 0.0623201 0.00151631
332.063 0.0605818 0.00147891
332.432 0.0591806 0.00145417
332.802 0.0606937 0.00148473
333.171 0.0643669 0.00154907
333.541 0.0666835 0.00160611
333.91 0.0662177 0.00160862
334.28 0.066758 0.00162443
334.649 0.0677781 0.00164153
335.018 0.0674257 0.00164284
335.388 0.0666807 0.00163902
335.757 0.0668235 0.001641
336.126 0.0689358 0.00167273
336.495 0.0668391 0.00164152
336.865 0.0669055 0.00164914
337.234 0.0669642 0.00165919
337.603 0.0670001 0.00165625
337.972 0.0675961 0.00166743
338.341 0.0666764 0.00165334
338.71 0.067249 0.0016593
339.079 0.0674382 0.00166765
339.448 0.0678224 0.00166976
339.817 0.0681929 0.00167845
340.186 0.0677365 0.00167389
340.554 0.0671787 0.00166479
340.923 0.0681538 0.00168034
341.292 0.0681089 0.00168137
341.661 0.0683025 0.00168587
342.029 0.0692242 0.00169427
342.398 0.0661704 0.0016587
342.767 0.0666686 0.00167133
343.135 0.0685322 0.00169326
343.504 0.0690427 0.00170486
343.872 0.0696498 0.00170597
344.241 0.0695191 0.00170835
344.609 0.0690093 0.00170884
344.978 0.0692238 0.00170977
345.346 0.0687863 0.00169795
345.715 0.0683283 0.00169883
346.083 0.0696048 0.00171844
346.451 0.0691713 0.00171037
346.82 0.0695524 0.00172082
347.188 0.0686617 0.00170653
347.556 0.0704133 0.00173708
347.924 0.0699685 0.00172948
348.292 0.0697471 0.00173067
348.66 0.069349 0.0017242
349.028 0.0692713 0.00172541
349.396 0.070786 0.00175104
349.764 0.0715368 0.00175809
350.132 0.0696312 0.00173362
350.5 0.0708263 0.00175129
350.868 0.0708291 0.0017545
351.236 0.0699892 0.00174268
351.604 0.0708517 0.0017602
351.972 0.0712692 0.00176738
352.34 0.069598 0.00174907
352.707 0.0704088 0.00176001
353.075 0.0713809 0.00177258
353.443 0.0690873 0.00174785
353.81 0.0706976 0.00177249
354.178 0.070529 0.00177137
354.545 0.0700474 0.00176099
354.913 0.0713807 0.00178523
355.28 0.0720117 0.00179335
355.648 0.0714962 0.00178314
356.015 0.0709239 0.0017791
356.383 0.0708613 0.00177628
356.75 0.0719987 0.00179505
357.117 0.0704507 0.00177663
357.485 0.0720666 0.00179815
357.852 0.071235 0.00180009
358.219 0.0701895 0.00177796
358.586 0.0712484 0.00179103
358.954 0.0703005 0.00178655
359.321 0.0704915 0.00178465
359.688 0.0707026 0.00179612
360.055 0.071341 0.00180164
360.422 0.0722493 0.0018157
360.789 0.0737651 0.00183782
361.156 0.0721409 0.00181587
361.523 0.0716829 0.00181742
361.89 0.0707765 0.0018037
362.256 0.0705429 0.00179352
362.623 0.0722801 0.00183355
362.99 0.0719633 0.00182077
363.357 0.0716304 0.00182397
363.724 0.071224 0.00181957
364.09 0.0722188 0.00182855
364.457 0.0725265 0.00184612
364.823 0.0722072 0.00183022
365.19 0.0710692 0.00181844
365.557 0.0720287 0.00182783
365.923 0.0713839 0.00182566
366.29 0.0721623 0.00184136
366.656 0.0707227 0.0018154
367.022 0.071196 0.00181919
367.389 0.0725038 0.00184405
367.755 0.0732222 0.00186198
368.121 0.0732159 0.00186115
368.488 0.0717645 0.00184012
368.854 0.0705946 0.00183198
369.22 0.0718932 0.00185747
369.586 0.0722212 0.00186804
369.952 0.0728343 0.00188003
370.318 0.0715033 0.00186366
370.684 0.0722766 0.00187917
371.051 0.0721796 0.00187843
371.416 0.0741683 0.0019159
371.782 0.0720046 0.0018821
372.148 0.0748725 0.00192317
372.514 0.0733903 0.00190813
372.88 0.0727467 0.00190532
373.246 0.072069 0.00189468
373.612 0.0724751 0.00189912
373.977 0.0725223 0.00189545
374.343 0.072685 0.00189158
374.709 0.0730078 0.00188962
375.074 0.072096 0.00188341
375.44 0.0732709 0.00190683
375.806 0.0730569 0.00191455
376.171 0.0724591 0.00189706
376.537 0.0728537 0.00190048
376.902 0.07318 0.00190809
377.268 0.0737542 0.00190769
377.633 0.0725347 0.00188839
377.998 0.0721852 0.00187662
378.364 0.0716435 0.00186148
378.729 0.0723736 0.00187409
379.094 0.0738303 0.00190114
379.459 0.074246 0.00193202
379.825 0.0718738 0.00189248
380.19 0.0712851 0.00188764
380.555 0.0740924 0.00193797
380.92 0.0741812 0.00196337
381.285 0.0732771 0.00194767
381.65 0.0722266 0.00191861
382.015 0.0720388 0.00191894
382.38 0.0726285 0.00193427
382.745 0.0736095 0.00195922
383.11 0.0717604 0.00193969
383.474 0.0744187 0.00196946
383.839 0.0755514 0.00198797
384.204 0.0742114 0.00197662
384.569 0.0751917 0.00199206
384.933 0.0759273 0.00200761
385.298 0.0748068 0.00199585
385.663 0.0740118 0.00197958
386.027 0.0738542 0.00197339
386.392 0.0726831 0.00194932
386.756 0.0728095 0.00194121
387.121 0.0733905 0.00194838
387.485 0.071644 0.00191914
387.849 0.0727584 0.00192495
388.214 0.0743237 0.00196714
388.578 0.0734965 0.001966
388.942 0.0744113 0.00198827
389.307 0.0750627 0.00199514
389.671 0.0744941 0.00199488
390.035 0.0736687 0.00197476
390.399 0.0740467 0.00197518
390.763 0.0737301 0.00195933
391.127 0.0718237 0.00192686
391.492 0.0719605 0.00190217
391.856 0.07071 0.00186383
392.219 0.071786 0.00186395
392.583 0.0737152 0.00189959
392.947 0.0741717 0.00194658
393.311 0.0730551 0.0019497
393.675 0.0746545 0.00197686
394.039 0.0754033 0.00199905
394.403 0.0750327 0.00199513
394.766 0.0731096 0.00197475
395.13 0.0741731 0.00199432
395.494 0.0732585 0.0019812
395.857 0.0721138 0.00195707
396.221 0.0748986 0.00198547
396.584 0.0742017 0.00196141
396.948 0.0735174 0.00193127
397.311 0.0729533 0.00189551
397.675 0.0710765 0.00186087
398.038 0.0732333 0.00188981
398.401 0.0720449 0.00190105
398.765 0.0735222 0.00195014
399.128 0.0734764 0.00197739
399.491 0.0732965 0.00198999
399.854 0.0758591 0.00202736
400.218 0.074835 0.00201949
400.581 0.0753848 0.00203267
400.944 0.074263 0.00202736
401.307 0.076284 0.0020795
401.67 0.0751143 0.00205749
402.033 0.0751239 0.00206363
402.396 0.0753188 0.00206745
402.759 0.0750718 0.00206657
403.122 0.073598 0.00203621
403.485 0.0766704 0.00207774
403.847 0.0746241 0.00203277
404.21 0.074039 0.00201432
404.573 0.0758702 0.00203685
404.936 0.0736977 0.00199759
405.298 0.0771547 0.00206634
405.661 0.0777866 0.00210387
406.023 0.0792702 0.00215396
406.386 0.0767744 0.00212728
406.749 0.0763933 0.0021317
407.111 0.0776956 0.00214703
407.473 0.0759701 0.00208909
407.836 0.0746563 0.00206792
408.198 0.076749 0.00208394
408.561 0.0771595 0.00209552
408.923 0.0769234 0.0020954
409.285 0.0764687 0.00209305
409.647 0.0773246 0.00212318
410.009 0.0771444 0.00214076
410.372 0.0780328 0.00214992
410.734 0.0775948 0.00215465
411.096 0.0769541 0.00214197
411.458 0.076817 0.00213955
411.82 0.0777755 0.00213873
412.182 0.0756408 0.00209317
412.544 0.0761268 0.00210458
412.906 0.0775813 0.00212083
413.267 0.0764011 0.00211216
413.629 0.0773588 0.00214209
413.991 0.0771973 0.00214991
414.353 0.0782144 0.00216999
414.714 0.0780768 0.00219091
415.076 0.078084 0.00218557
415.438 0.078 0.00218202
415.799 0.0765801 0.00215344
416.161 0.0760433 0.00216469
416.522 0.0766003 0.00218155
416.884 0.0779006 0.00220135
417.245 0.0791978 0.0022278
417.607 0.078913 0.0022183
417.968 0.0763599 0.00217967
418.329 0.0789736 0.00221388
418.691 0.0785559 0.00220729
419.052 0.0785331 0.00220543
419.413 0.0783386 0.00218288
419.774 0.0766303 0.00215223
420.135 0.0761259 0.00209738
420.497 0.07313 0.00202326
420.858 0.0741335 0.00200899
421.219 0.073114 0.00200186
421.58 0.0763457 0.00207171
421.941 0.0765857 0.00211139
422.302 0.0775641 0.00215334
422.662 0.0780805 0.00216979
423.023 0.0771323 0.00216609
423.384 0.0781317 0.00218739
423.745 0.0760203 0.00214461
424.106 0.0756973 0.00213884
424.466 0.0794064 0.00218636
424.827 0.0766826 0.00217819
425.187 0.0801317 0.00225482
425.548 0.0802378 0.00227763
425.909 0.08118 0.00230307
426.269 0.0777595 0.00223814
426.63 0.078012 0.00222657
426.99 0.0803335 0.00224091
427.35 0.0771931 0.00220648
427.711 0.0754211 0.00216555
428.071 0.0773914 0.00217529
428.431 0.0736365 0.00208132
428.792 0.0716542 0.00198285
429.152 0.072919 0.00194529
429.512 0.0714435 0.0019219
429.872 0.0736431 0.0019648
430.232 0.0748979 0.00201646
430.592 0.0776156 0.00211097
430.952 0.0785632 0.00218652
431.312 0.0816783 0.00228492
431.672 0.0811099 0.00230317
432.032 0.0809805 0.00229431
432.392 0.0769042 0.00220558
432.752 0.0745799 0.00206514
433.111 0.0722675 0.00198748
433.471 0.0738353 0.00204036
433.831 0.076913 0.00216401
434.19 0.0784373 0.00218563
434.55 0.0787333 0.00218935
434.91 0.0785528 0.00221235
435.269 0.0759614 0.00214559
435.629 0.0735599 0.00210675
435.988 0.0769449 0.00214545
436.348 0.0765822 0.00217313
436.707 0.0762529 0.00220144
437.066 0.0770618 0.00221188
437.426 0.0761309 0.00217239
437.785 0.0771065 0.00218013
438.144 0.0770529 0.00217666
438.503 0.0784262 0.00222495
438.862 0.0765289 0.00220194
439.222 0.0782069 0.00224371
439.581 0.0797003 0.00227476
439.94 0.0797682 0.00224384
440.299 0.0740178 0.00208859
440.658 0.072136 0.00200939
441.017 0.075136 0.00205141
441.376 0.07645 0.00209342
441.734 0.0764202 0.00211451
442.093 0.0751728 0.00209627
442.452 0.0761663 0.00209492
442.811 0.0732392 0.00204525
443.169 0.0732163 0.00204416
443.528 0.0760679 0.0021268
443.887 0.0778194 0.00215253
444.245 0.080254 0.00219551
444.604 0.0770731 0.00216947
444.962 0.0777564 0.00218944
445.321 0.078127 0.00219669
445.679 0.0736527 0.00212166
446.038 0.0753648 0.00213834
446.396 0.0758974 0.00217544
446.754 0.0792842 0.00225387
447.112 0.07967 0.00227078
447.471 0.0786683 0.00225904
447.829 0.0786464 0.00227054
448.187 0.0772109 0.00224573
448.545 0.0764107 0.00222723
448.903 0.077962 0.00225555
449.261 0.0795963 0.00228569
449.619 0.0768451 0.00226711
449.977 0.081581 0.00234731
450.335 0.0803917 0.00235566
450.693 0.079874 0.00235388
451.051 0.079752 0.00234742
451.409 0.082864 0.00240217
451.766 0.080211 0.00236641
452.124 0.0813467 0.00241654
452.482 0.0810928 0.00243667
452.839 0.0843454 0.00251281
453.197 0.082425 0.00248842
453.555 0.0836837 0.00251772
453.912 0.0840713 0.00251691
454.27 0.0816859 0.00244182
454.627 0.0779421 0.00235702
454.984 0.0780895 0.00236482
455.342 0.0826618 0.00247037
455.699 0.0838805 0.00251628
456.056 0.0818381 0.0024707
456.414 0.0810613 0.00243697
456.771 0.0793355 0.0023668
457.128 0.0788284 0.0023502
457.485 0.0779104 0.00232837
457.842 0.0803635 0.00237938
458.199 0.0786362 0.00235095
458.556 0.0802271 0.0023517
458.913 0.0803502 0.0023536
459.27 0.0770473 0.00229167
459.627 0.0801144 0.00237083
459.984 0.0779783 0.00232196
460.341 0.0809184 0.00236228
460.697 0.0799205 0.00237564
461.054 0.0824458 0.00248396
461.411 0.0860531 0.00259
461.767 0.0856023 0.00261367
462.124 0.0860014 0.0026132
462.481 0.0819937 0.00252107
462.837 0.0799331 0.00245055
463.194 0.0803092 0.0024049
463.55 0.0822688 0.00244971
463.907 0.0773254 0.00231263
464.263 0.078634 0.00230001
464.619 0.075558 0.00221189
464.976 0.0749129 0.00217193
465.332 0.0759364 0.00218617
465.688 0.0780761 0.00228478
466.044 0.0821895 0.00242836
466.4 0.0849542 0.00250728
466.756 0.0801048 0.00245064
467.112 0.0821502 0.00248171
467.468 0.081592 0.00246961
467.824 0.0825872 0.00251011
468.18 0.0837236 0.00256033
468.536 0.084062 0.00256764
468.892 0.0880178 0.00266928
469.248 0.0858128 0.00264732
469.604 0.0884997 0.00270462
469.959 0.0851356 0.00265177
470.315 0.084765 0.00264457
470.671 0.0859634 0.00266054
471.026 0.0847696 0.0026197
471.382 0.0842504 0.00258668
471.737 0.0816468 0.00252591
472.093 0.0804195 0.00246775
472.448 0.0798624 0.00241198
472.804 0.0801173 0.00239522
473.159 0.0759341 0.00231271
473.514 0.0795307 0.00237888
473.87 0.0789136 0.00233587
474.225 0.075403 0.00221807
474.58 0.0741329 0.00215595
474.935 0.0753636 0.00219226
475.29 0.07833 0.00226512
475.645 0.0788019 0.00227424
476 0.0765643 0.0022446
476.355 0.0768947 0.00226969
476.71 0.0773499 0.00227506
477.065 0.0754795 0.00218193
477.42 0.0740195 0.00213222
477.775 0.0749066 0.00214755
478.13 0.0766125 0.0021914
478.485 0.075229 0.00215579
478.839 0.0742021 0.00211541
479.194 0.0722959 0.00203455
479.549 0.0711922 0.0019942
479.903 0.0734004 0.00203029
480.258 0.0732315 0.00204391
480.612 0.0733449 0.00201882
480.967 0.0702901 0.00193064
481.321 0.0706064 0.00194118
481.675 0.073073 0.00201284
482.03 0.0755773 0.00208315
482.384 0.0741667 0.00207228
482.738 0.0736837 0.00204583
483.093 0.0724385 0.00201366
483.447 0.0715499 0.0019578
483.801 0.0694066 0.00186805
484.155 0.0688275 0.0018365
484.509 0.0577408 0.00146473
484.863 0.0429906 0.00086144
485.217 0.0457946 0.000808056
485.571 0.0547421 0.000906299
485.925 0.0734174 0.00133699
486.279 0.0786128 0.00160424
486.632 0.0780809 0.00172922
486.986 0.0743526 0.00182406
487.34 0.0770632 0.00198237
487.694 0.0745623 0.00200437
488.047 0.0726277 0.00198938
488.401 0.0707433 0.0019659
488.754 0.0742824 0.00202726
489.108 0.0737454 0.00205288
489.461 0.0748011 0.00207754
489.815 0.0722029 0.00206243
490.168 0.0721554 0.00203901
490.522 0.0740765 0.00205718
490.875 0.0720961 0.00203255
491.228 0.0759929 0.0021011
491.581 0.0745033 0.00206614
491.935 0.0766906 0.002104
492.288 0.0751362 0.00209115
492.641 0.0726094 0.0020411
492.994 0.0731115 0.00204662
493.347 0.0712828 0.0019928
493.7 0.071235 0.00199365
494.053 0.0722279 0.00201437
494.406 0.0745181 0.00207915
494.759 0.0766391 0.00215152
495.111 0.0718316 0.0020179
495.464 0.0676279 0.00187203
495.817 0.068219 0.00184623
496.169 0.0710801 0.00193744
496.522 0.0750374 0.0020805
496.875 0.0771602 0.00218018
497.227 0.0760465 0.00218578
497.58 0.0762386 0.00218472
497.932 0.0741326 0.00212904
498.285 0.075432 0.00212801
498.637 0.0712563 0.00201676
498.989 0.0713551 0.00199569
499.342 0.0731162 0.00203515
499.694 0.0731627 0.0020808
500.046 0.075844 0.00213678
500.398 0.0721591 0.00203319
500.751 0.073453 0.00203263
501.103 0.0728602 0.00201796
501.455 0.0706773 0.00199055
501.807 0.0723095 0.00201642
502.159 0.0717246 0.00200934
502.511 0.0726577 0.00201734
502.862 0.0718896 0.0020153
503.214 0.0740477 0.00207328
503.566 0.0755366 0.00213646
503.918 0.0735559 0.00213108
504.27 0.0763076 0.00216828
504.621 0.0754113 0.00216077
504.973 0.0736788 0.00214785
505.324 0.0748662 0.0021511
505.676 0.0732014 0.00208999
506.027 0.0741532 0.00210921
506.379 0.076533 0.0022142
506.73 0.0755072 0.00223285
507.082 0.0765803 0.0022327
507.433 0.0747386 0.00216484
507.784 0.0753132 0.00215497
508.136 0.075185 0.00219071
508.487 0.0757654 0.00222171
508.838 0.0766333 0.00225535
509.189 0.0784009 0.00227871
509.54 0.0731836 0.00217216
509.891 0.0752951 0.00222876
510.242 0.0784172 0.00227703
510.593 0.0754662 0.00224799
510.944 0.0770924 0.00228478
511.295 0.0800792 0.00237712
511.646 0.081031 0.00241768
511.996 0.0772836 0.00233679
512.347 0.0772215 0.00231828
512.698 0.0774567 0.00232948
513.049 0.0776756 0.00234714
513.399 0.0799283 0.00239198
513.75 0.0786506 0.00236569
514.1 0.0830347 0.00247685
514.451 0.0839902 0.00254286
514.801 0.0808061 0.00248324
515.152 0.0797641 0.00244537
515.502 0.0792936 0.00240036
515.852 0.0809117 0.00241171
516.202 0.0784768 0.00237196
516.553 0.0806014 0.002439
516.903 0.0777894 0.00243262
517.253 0.0830231 0.00255103
517.603 0.0811843 0.00252216
517.953 0.0816426 0.00251698
518.303 0.0788755 0.00241589
518.653 0.0799022 0.00241164
519.003 0.080178 0.00243436
519.353 0.0851019 0.0025977
519.703 0.086096 0.00266824
520.052 0.0834282 0.00264004
520.402 0.0841179 0.00263633
520.752 0.0818392 0.00257061
521.102 0.0831985 0.00263388
521.451 0.085864 0.00269479
521.801 0.085113 0.00267531
522.15 0.0800016 0.00255075
522.5 0.0808844 0.00256062
522.849 0.0798325 0.00253592
523.199 0.0818037 0.00254279
523.548 0.0794529 0.0024819
523.897 0.0847843 0.00259346
524.246 0.0849991 0.00263996
524.596 0.0864008 0.00269931
524.945 0.0842228 0.00264954
525.294 0.0848375 0.00265888
525.643 0.0845063 0.00264777
525.992 0.0835895 0.00262887
526.341 0.082711 0.00259871
526.69 0.0832942 0.00262839
527.039 0.0867827 0.00270901
527.388 0.0854655 0.00270718
527.737 0.0805937 0.0025489
528.086 0.0754043 0.00237476
528.434 0.0774182 0.00236223
528.783 0.0807866 0.00247901
529.132 0.082001 0.00254512
529.48 0.0837827 0.00260572
529.829 0.0826544 0.00260237
530.177 0.084266 0.00265459
530.526 0.0836153 0.00265082
530.874 0.0826089 0.0026097
531.223 0.0796379 0.00255864
531.571 0.0832777 0.00263899
531.919 0.0817407 0.00258883
532.268 0.0792775 0.00247167
532.616 0.0763633 0.00234827
532.964 0.0753579 0.00229816
533.312 0.0777449 0.00233548
533.66 0.0790258 0.00236527
534.008 0.0768822 0.00232766
534.356 0.0789095 0.00235971
534.704 0.0793602 0.00238794
535.052 0.0821314 0.00246195
535.4 0.0811802 0.00249939
535.748 0.0831842 0.00259029
536.095 0.0829864 0.00265276
536.443 0.085924 0.00270267
536.791 0.0808819 0.00256671
537.139 0.0793243 0.00248335
537.486 0.078622 0.00241515
537.834 0.0774805 0.00238485
538.181 0.0779824 0.00237883
538.529 0.0779138 0.00239117
538.876 0.0787018 0.00239701
539.223 0.0813647 0.00247843
539.571 0.0815358 0.00253411
539.918 0.0831821 0.00255049
540.265 0.0793424 0.00244183
540.613 0.0774744 0.00237141
540.96 0.0813302 0.00245979
541.307 0.0779079 0.00241187
541.654 0.0756204 0.00237561
542.001 0.0797709 0.00244752
542.348 0.0792336 0.00243881
542.695 0.0779515 0.00242206
543.042 0.0769126 0.00236894
543.388 0.0749192 0.00230847
543.735 0.0787629 0.00236366
544.082 0.0777672 0.0023451
544.429 0.0781838 0.0023622
544.775 0.0798193 0.00243934
545.122 0.0826206 0.00255535
545.469 0.084839 0.00263177
545.815 0.0827011 0.00258336
546.162 0.0823289 0.00255703
546.508 0.0782324 0.00244143
546.854 0.07447 0.00229371
547.201 0.0728246 0.00218518
547.547 0.073082 0.0021827
547.893 0.0770711 0.00229181
548.24 0.0845263 0.00252863
548.586 0.0873392 0.00267725
548.932 0.0866969 0.00270707
549.278 0.0826233 0.00264458
549.624 0.0838198 0.00264944
549.97 0.081862 0.00264282
550.316 0.0844879 0.00273847
550.662 0.0865671 0.00280048
551.008 0.0796548 0.00254736
551.353 0.0745581 0.00233285
551.699 0.0760306 0.00230366
552.045 0.0762448 0.00236903
552.391 0.0803657 0.00248261
552.736 0.0804481 0.00249523
553.082 0.0809252 0.00250629
553.427 0.0835169 0.00259111
553.773 0.0880757 0.00274898
554.118 0.0829371 0.00266775
554.464 0.0801586 0.00255539
554.809 0.0779174 0.00241935
555.154 0.076944 0.00237181
555.5 0.0799387 0.00242301
555.845 0.0818363 0.00254692
556.19 0.0857251 0.00267746
556.535 0.0872546 0.0027619
556.88 0.0818879 0.00263247
557.225 0.0803111 0.00259734
557.57 0.0849524 0.00272346
557.915 0.08918 0.00286606
558.26 0.0868948 0.00286397
558.605 0.0871783 0.00285846
558.95 0.0839318 0.00274289
559.295 0.0812852 0.00255534
559.639 0.0741291 0.00234842
559.984 0.0756232 0.00228132
560.329 0.0748926 0.00226188
560.673 0.0741939 0.00225912
561.018 0.0766847 0.00236413
561.362 0.0800925 0.0024805
561.707 0.0828394 0.00258592
562.051 0.0796128 0.00250415
562.395 0.0776745 0.00244081
562.74 0.0774233 0.0023885
563.084 0.0763713 0.00234291
563.428 0.0745725 0.00226681
563.772 0.0751479 0.00228608
564.117 0.0767131 0.00229288
564.461 0.0743707 0.00225046
564.805 0.0754184 0.00228599
565.149 0.0760378 0.00228478
565.493 0.0782661 0.00232157
565.836 0.0743563 0.00221936
566.18 0.0727412 0.00216305
566.524 0.065377 0.00191225
566.868 0.0665452 0.00187753
567.212 0.0652046 0.00182688
567.555 0.0660027 0.0018148
567.899 0.0630686 0.00169181
568.242 0.0603386 0.00158721
568.586 0.0588313 0.00146664
568.929 0.0545057 0.00132139
569.273 0.0532466 0.00123479
569.616 0.0568883 0.00127812
569.96 0.0559997 0.00124248
570.303 0.0549662 0.00119271
570.646 0.0556882 0.00118561
570.989 0.0535072 0.00112617
571.333 0.0559711 0.00116614
571.676 0.0584519 0.00123625
572.019 0.0633003 0.00139112
572.362 0.056908 0.00124456
572.705 0.0528085 0.00111276
573.048 0.0512777 0.00104371
573.391 0.050923 0.00100616
573.733 0.051607 0.000998823
574.076 0.0523048 0.000994439
574.419 0.0549506 0.00105035
574.762 0.0575931 0.0011326
575.104 0.0624505 0.00126248
575.447 0.05763 0.0011964
575.789 0.0531449 0.00107993
576.132 0.0499086 0.000988676
576.474 0.0519752 0.000997648
576.817 0.048599 0.000892408
577.159 0.0484648 0.000842603
577.501 0.0515973 0.000876269
577.844 0.0563947 0.000980472
578.186 0.0623035 0.00115595
578.528 0.0608221 0.00118877
578.87 0.0582375 0.00116831
579.212 0.0531528 0.00107892
579.554 0.0521681 0.00103472
579.896 0.0540201 0.00105934
580.238 0.0499541 0.000959973
580.58 0.0454784 0.000804777
580.922 0.0484733 0.000798506
581.264 0.053675 0.000840238
581.606 0.0553031 0.000890438
581.947 0.0569678 0.000959288
582.289 0.0627936 0.00111893
582.631 0.064933 0.00126209
582.972 0.0649326 0.00134672
583.314 0.0593621 0.00127346
583.655 0.0552264 0.0011874
583.997 0.0496808 0.00102801
584.338 0.0482238 0.000942038
584.679 0.0479418 0.000901198
585.021 0.0529327 0.000972976
585.362 0.057942 0.00109381
585.703 0.0609448 0.00120658
586.044 0.0582633 0.00118414
586.385 0.0525389 0.00106404
586.726 0.0505798 0.000997127
587.067 0.0545225 0.00107589
587.408 0.0578349 0.00117163
587.749 0.0601726 0.00125173
588.09 0.0610585 0.00131347
588.431 0.0636536 0.00142098
588.772 0.0636974 0.00147836
589.113 0.0597353 0.00140693
589.453 0.0582305 0.00138156
589.794 0.0610653 0.00146324
590.134 0.065574 0.0015972
590.475 0.0659167 0.00163859
590.815 0.063485 0.0015932
591.156 0.0634642 0.00159521
591.496 0.0606122 0.00151143
591.837 0.0503523 0.00118511
592.177 0.0478241 0.00104918
592.517 0.0499283 0.00102635
592.857 0.0558464 0.00114447
593.198 0.0596482 0.00125844
593.538 0.0648969 0.00144803
593.878 0.0652739 0.00149864
594.218 0.0594801 0.00138443
594.558 0.0562385 0.00129614
594.898 0.0594333 0.00136998
595.237 0.0634599 0.00150339
595.577 0.0668901 0.00164319
595.917 0.0698598 0.00176314
596.257 0.0616729 0.0015872
596.596 0.0593496 0.00151788
596.936 0.0602715 0.00150424
597.276 0.0625496 0.00159231
597.615 0.0608547 0.00154275
597.955 0.0518962 0.001253
598.294 0.0508147 0.00116326
598.633 0.0541557 0.00120487
598.973 0.0592454 0.00130772
599.312 0.056453 0.00127264
599.651 0.0574167 0.00129363
599.991 0.0592665 0.00134301
600.33 0.0597594 0.00136942
600.669 0.0607563 0.00142037
601.008 0.0631281 0.00149787
601.347 0.0633058 0.0015511
601.686 0.059942 0.00146525
602.025 0.0597109 0.00147218
602.364 0.0569912 0.0013666
602.702 0.0555628 0.00133001
603.041 0.0575874 0.00136299
603.38 0.0632087 0.00149627
603.719 0.0654597 0.00159204
604.057 0.0657279 0.00164013
604.396 0.0612318 0.00158055
604.734 0.0591009 0.00148305
605.073 0.0537681 0.00130867
605.411 0.0568553 0.00135877
605.75 0.0605083 0.00145292
606.088 0.0637205 0.00156904
606.426 0.0613224 0.0015015
606.764 0.0599375 0.00146404
607.103 0.0625747 0.0015433
607.441 0.0631557 0.00160397
607.779 0.0650837 0.00166774
608.117 0.0643143 0.00164651
608.455 0.0665152 0.00174547
608.793 0.0663786 0.00176049
609.131 0.0601869 0.00156395
609.469 0.0581834 0.0015006
609.806 0.0624819 0.00157595
610.144 0.069164 0.00178829
610.482 0.0677943 0.00178889
610.819 0.0660366 0.00176168
611.157 0.0650964 0.0017583
611.495 0.0676853 0.00185576
611.832 0.0671142 0.00185344
612.17 0.0650518 0.00181146
612.507 0.0631502 0.00176486
612.844 0.0673516 0.00184177
613.182 0.0664004 0.00183294
613.519 0.0652068 0.00180521
613.856 0.0653695 0.00180275
614.193 0.0666394 0.00179722
614.53 0.0636049 0.00171924
614.867 0.064403 0.00172812
615.205 0.068793 0.00187548
615.541 0.0707293 0.00197042
615.878 0.0748539 0.00211313
616.215 0.0698708 0.00202074
616.552 0.0708032 0.00205496
616.889 0.0680853 0.00196887
617.226 0.0658809 0.00191687
617.562 0.0701029 0.0020402
617.899 0.074828 0.00223513
618.235 0.0824052 0.00246641
618.572 0.084715 0.00259339
618.908 0.0756265 0.0023653
619.245 0.0720897 0.00221508
619.581 0.0702503 0.00214831
619.918 0.0810401 0.00249908
620.254 0.0938748 0.00303421
620.59 0.0912518 0.00303655
620.926 0.0812149 0.00267104
621.262 0.0775458 0.00246504
621.599 0.0779629 0.0024829
621.935 0.0750351 0.00240517
622.271 0.0713651 0.00225766
622.606 0.0719147 0.00221737
622.942 0.0745338 0.00231335
623.278 0.0789848 0.00245084
623.614 0.0706069 0.00220831
623.95 0.0728395 0.00223397
624.285 0.07444 0.00230048
624.621 0.080411 0.00252086
624.957 0.0811832 0.00261172
625.292 0.0852121 0.00275665
625.628 0.0878311 0.00288337
625.963 0.0888121 0.00291867
626.299 0.0840509 0.0027809
626.634 0.0812577 0.0026914
626.969 0.0852567 0.00280782
627.304 0.094104 0.00319758
627.64 0.104033 0.00360617
627.975 0.0971307 0.00341476
628.31 0.091177 0.00312731
628.645 0.0846254 0.00294394
628.98 0.0896231 0.0030962
629.315 0.0945033 0.00324031
629.65 0.0939461 0.00325653
629.985 0.0934185 0.00323824
630.319 0.0997648 0.00349277
630.654 0.0981648 0.00350412
630.989 0.0990597 0.00350281
631.323 0.098609 0.00355538
631.658 0.106064 0.0038376
631.993 0.11045 0.00408572
632.327 0.110304 0.00409857
632.662 0.10941 0.00405982
632.996 0.105385 0.00389605
633.33 0.102959 0.00379394
633.665 0.114531 0.00414162
633.999 0.116875 0.0043109
634.333 0.113863 0.00425412
634.667 0.113656 0.00426497
635.001 0.109348 0.00408142
635.335 0.104892 0.00384528
635.669 0.100833 0.00363025
636.003 0.0986479 0.00364069
636.337 0.112651 0.00408498
636.671 0.119905 0.00443459
637.005 0.117745 0.00451383
637.339 0.117823 0.00449536
637.672 0.110233 0.00418939
638.006 0.101265 0.00391227
638.339 0.114405 0.00421899
638.673 0.113655 0.00433901
639.006 0.12345 0.00466417
639.34 0.120923 0.00461363
639.673 0.124553 0.00474919
640.007 0.123928 0.00472535
640.34 0.126916 0.00486539
640.673 0.123285 0.00483183
641.006 0.129749 0.00502973
641.34 0.129659 0.00508276
641.673 0.141659 0.00543961
642.006 0.141445 0.00552915
642.339 0.139438 0.00539271
642.672 0.135455 0.00528246
643.004 0.126799 0.00514007
643.337 0.142833 0.00563111
643.67 0.141623 0.0056057
644.003 0.137937 0.00547804
644.336 0.136967 0.00543586
644.668 0.13611 0.00540913
645.001 0.139409 0.00556892
645.333 0.140133 0.00572066
645.666 0.149146 0.00602354
645.998 0.155384 0.0062886
646.331 0.15197 0.00631365
646.663 0.158101 0.00637347
646.995 0.140754 0.00564694
647.327 0.122438 0.00483665
647.66 0.112786 0.00438804
647.992 0.114473 0.00435322
648.324 0.113581 0.00432021
648.656 0.117049 0.00444663
648.988 0.122989 0.00473953
649.32 0.138656 0.00538306
649.652 0.150547 0.00587226
649.983 0.153309 0.00605351
650.315 0.156182 0.00614932
650.647 0.14537 0.00579657
650.979 0.130084 0.00523323
651.31 0.122587 0.00488478
651.642 0.128724 0.00489318
651.973 0.123718 0.00479389
652.305 0.12445 0.00478981
652.636 0.127976 0.0049245
652.967 0.135619 0.00518397
653.299 0.135556 0.00530359
653.63 0.134807 0.00522914
653.961 0.11648 0.00451539
654.292 0.0779563 0.00283532
654.623 0.0243279 0.000574097
654.955 0.0875658 0.00106919
655.286 0.152851 0.00141256
655.616 0.190426 0.0015766
655.947 0.161865 0.00145352
656.278 0.113346 0.00121629
656.609 0.0820786 0.00108312
656.94 0.100089 0.00158271
657.27 0.105896 0.0019086
657.601 0.11219 0.00226583
657.932 0.121702 0.0028227
658.262 0.130026 0.00355414
658.593 0.137947 0.00439133
658.923 0.151448 0.00538007
659.254 0.160731 0.00612238
659.584 0.164225 0.00657063
659.914 0.177065 0.00714455
660.244 0.186707 0.00751971
660.575 0.174346 0.0072134
660.905 0.174781 0.00723312
661.235 0.168357 0.00699959
661.565 0.160089 0.00677644
661.895 0.173614 0.0070166
662.225 0.170009 0.00705275
662.555 0.176125 0.00727815
662.884 0.169794 0.00706629
663.214 0.169761 0.00696814
663.544 0.170692 0.00691452
663.873 0.168596 0.00677011
664.203 0.149422 0.00630413
664.533 0.152351 0.00619319
664.862 0.155301 0.00620935
665.192 0.162207 0.00652847
665.521 0.1798 0.00724655
665.85 0.183711 0.00754251
666.18 0.19326 0.00805474
666.509 0.184203 0.00781702
666.838 0.178733 0.00751803
667.167 0.180109 0.00744998
667.496 0.187544 0.00773321
667.825 0.186515 0.00775076
668.154 0.187352 0.00775522
668.483 0.183289 0.00761854
668.812 0.175311 0.00731204
669.141 0.176574 0.00726514
669.47 0.168207 0.00700363
669.798 0.170315 0.00711949
670.127 0.170299 0.00712584
670.456 0.15647 0.00644413
670.784 0.126375 0.00519472
671.113 0.116933 0.00458687
671.441 0.10979 0.004247
671.77 0.112457 0.00436966
672.098 0.121792 0.00472632
672.426 0.142646 0.00568669
672.755 0.162208 0.00644769
673.083 0.159287 0.00647969
673.411 0.162296 0.00652755
673.739 0.166621 0.00671073
674.067 0.178407 0.00731077
674.395 0.16886 0.00711166
674.723 0.156558 0.00666942
675.051 0.160897 0.00666341
675.379 0.166563 0.0067741
675.706 0.164981 0.00681602
676.034 0.169007 0.00705433
676.362 0.171485 0.00714013
676.689 0.154878 0.00637396
677.017 0.141174 0.00568587
677.344 0.133743 0.00531622
677.672 0.134157 0.00541571
677.999 0.138079 0.00556121
678.327 0.133787 0.00536497
678.654 0.120388 0.00486776
678.981 0.125258 0.00481587
679.308 0.124869 0.00484673
679.636 0.138214 0.0053375
679.963 0.142617 0.00569322
680.29 0.142683 0.00571
680.617 0.133803 0.00542653
680.944 0.134641 0.00536276
681.271 0.137199 0.00556942
681.597 0.160396 0.00642914
681.924 0.169771 0.00704462
682.251 0.172136 0.00706561
682.578 0.151275 0.00627557
682.904 0.133062 0.00549198
683.231 0.128073 0.0051737
683.557 0.123648 0.0049697
683.884 0.11776 0.00471157
684.21 0.1174 0.00459421
684.536 0.112138 0.00434333
684.863 0.109902 0.00423521
685.189 0.114691 0.0043995
685.515 0.126118 0.00486317
685.841 0.136889 0.00523251
686.167 0.13359 0.00517421
686.493 0.124766 0.00494064
686.819 0.126858 0.00501018
687.145 0.142267 0.0055374
687.471 0.16297 0.00637335
687.797 0.163685 0.00660161
688.123 0.152683 0.00633709
688.448 0.143249 0.00593683
688.774 0.14021 0.00569701
689.1 0.14459 0.00588326
689.425 0.152414 0.00629375
689.751 0.155636 0.00646284
690.076 0.141499 0.00581916
690.402 0.124934 0.00510864
690.727 0.124228 0.00493692
691.052 0.133929 0.00526045
691.377 0.131848 0.00537609
691.703 0.149963 0.00587869
692.028 0.145036 0.00578459
692.353 0.135213 0.00546718
692.678 0.135711 0.00551935
693.003 0.150473 0.00603273
693.328 0.164428 0.00677187
693.652 0.174172 0.00728428
693.977 0.165124 0.00692308
694.302 0.15207 0.00626445
694.627 0.147991 0.00609347
694.951 0.148143 0.00631582
695.276 0.195636 0.00795648
695.6 0.190518 0.00798379
695.925 0.149893 0.00621523
696.249 0.125681 0.00501827
696.574 0.112578 0.00450117
696.898 0.127738 0.00501293
697.222 0.141596 0.00557865
697.546 0.147157 0.00591597
697.871 0.145346 0.00600332
698.195 0.152544 0.00619524
698.519 0.158788 0.0064807
698.843 0.162774 0.00674935
699.167 0.173277 0.00722538
699.491 0.189391 0.00784157
699.814 0.185455 0.00782238
700.138 0.196372 0.00807393
700.462 0.19466 0.00817156
700.786 0.191604 0.0079995
701.109 0.17093 0.00736938
701.433 0.173141 0.00716001
701.756 0.163885 0.00671733
702.08 0.158609 0.00660889
702.403 0.170498 0.00699168
702.726 0.173798 0.00735858
703.05 0.179511 0.00766108
703.373 0.18837 0.00793933
703.696 0.191918 0.0080205
704.019 0.203405 0.00854513
704.342 0.210974 0.00902011
704.665 0.228044 0.00976511
704.988 0.220973 0.00954968
705.311 0.205884 0.00865141
705.634 0.163562 0.00692343
705.957 0.138186 0.00576361
706.28 0.123616 0.00504999
706.602 0.118776 0.00489879
706.925 0.134026 0.00531321
707.247 0.143564 0.00571814
707.57 0.146609 0.00600635
707.892 0.162675 0.0065428
708.215 0.172894 0.00707479
708.537 0.17617 0.00731727
708.859 0.177407 0.0073849
709.182 0.1787 0.00733504
709.504 0.170956 0.00698552
709.826 0.158725 0.00664651
710.148 0.16597 0.00682391
710.47 0.164859 0.00699436
710.792 0.184865 0.00768028
711.114 0.194955 0.00815149
711.436 0.205947 0.00856454
711.758 0.188589 0.00806302
712.079 0.173795 0.00765188
712.401 0.169499 0.00718382
712.723 0.162144 0.00677117
713.044 0.145767 0.0060486
713.366 0.141913 0.00590164
713.687 0.148681 0.0060898
714.009 0.149404 0.00627023
714.33 0.163584 0.00670816
714.652 0.176311 0.00716214
714.973 0.177622 0.00743781
715.294 0.194505 0.00818356
715.615 0.225259 0.00936996
715.936 0.225547 0.00951343
716.257 0.220864 0.00950474
716.578 0.218084 0.00950819
716.899 0.222174 0.00938304
717.22 0.18116 0.00792622
717.541 0.190573 0.00791161
717.862 0.186059 0.00779109
718.182 0.179523 0.00763795
718.503 0.176301 0.00740458
718.824 0.178457 0.00755583
719.144 0.192067 0.00796399
719.465 0.194284 0.00819276
719.785 0.187948 0.00789182
720.105 0.183775 0.0077012
720.426 0.177727 0.00747949
720.746 0.172551 0.00749477
721.066 0.173174 0.00752183
721.386 0.184302 0.00783924
721.706 0.190273 0.00819687
722.026 0.204301 0.00871904
722.346 0.195486 0.00859979
722.666 0.198135 0.0085446
722.986 0.190018 0.00816016
723.306 0.187648 0.00817247
723.626 0.199046 0.00858386
723.946 0.206613 0.00872802
724.265 0.177339 0.00765381
724.585 0.165267 0.00699913
724.904 0.164721 0.00693565
725.224 0.171926 0.00710462
725.543 0.166783 0.00699607
725.863 0.162956 0.00698163
726.182 0.181505 0.0076674
726.501 0.185658 0.00787679
726.82 0.192431 0.00807197
727.14 0.175863 0.00741778
727.459 0.160658 0.00687601
727.778 0.154881 0.00671118
728.097 0.16982 0.0071235
728.416 0.165422 0.0069512
728.734 0.156547 0.00654717
729.053 0.161555 0.00658586
729.372 0.153769 0.00641192
729.691 0.149356 0.00616003
730.009 0.133904 0.00555227
730.328 0.13517 0.0054143
730.647 0.13394 0.00539577
730.965 0.133728 0.00558039
731.283 0.15135 0.00615973
731.602 0.156494 0.00633646
731.92 0.147266 0.00603755
732.238 0.141125 0.00576801
732.557 0.141044 0.0057135
732.875 0.140278 0.00555985
733.193 0.122116 0.00487813
733.511 0.113964 0.0046048
733.829 0.122915 0.00492565
734.147 0.140948 0.00562152
734.465 0.152535 0.00611403
734.782 0.143251 0.00591968
735.1 0.136123 0.00560887
735.418 0.142566 0.00573536
735.735 0.143821 0.00577788
736.053 0.141165 0.00566085
736.371 0.140882 0.00571361
736.688 0.139207 0.0058865
737.005 0.155252 0.00659519
737.323 0.168126 0.00712566
737.64 0.1728 0.00723227
737.957 0.153938 0.00647188
738.274 0.130394 0.00546699
738.592 0.130121 0.00532832
738.909 0.136303 0.0055908
739.226 0.153297 0.00645784
739.543 0.183668 0.00761936
739.86 0.197721 0.00836511
740.176 0.210235 0.00884974
740.493 0.210345 0.00911934
740.81 0.224532 0.00945156
741.127 0.200817 0.00884409
741.443 0.18565 0.00805728
741.76 0.173733 0.0075361
742.076 0.175032 0.00763117
742.393 0.206252 0.00872822
742.709 0.21292 0.00935906
743.025 0.225438 0.00980768
743.342 0.226182 0.0097336
743.658 0.209792 0.0091939
743.974 0.197483 0.0086734
744.29 0.207213 0.00887545
744.606 0.208804 0.00900467
744.922 0.209996 0.00904651
745.238 0.212384 0.00912546
745.554 0.207974 0.0092487
745.87 0.238218 0.0100026
746.186 0.205641 0.00891066
746.501 0.187436 0.00819413
746.817 0.189468 0.00836964
747.132 0.223739 0.00976262
747.448 0.233314 0.010361
747.763 0.232093 0.0101795
748.079 0.204337 0.00915397
748.394 0.195161 0.00833976
748.71 0.165123 0.0071417
749.025 0.154986 0.00651427
749.34 0.156272 0.00645619
749.655 0.159396 0.00666307
749.97 0.17252 0.00718148
750.285 0.165831 0.00706267
750.6 0.164043 0.00687434
750.915 0.155059 0.00651733
751.23 0.16066 0.00676463
751.545 0.170285 0.0072505
751.859 0.183545 0.00781107
752.174 0.188241 0.00800272
752.489 0.166374 0.00714477
752.803 0.155527 0.00649328
753.118 0.154564 0.00642458
753.432 0.158641 0.00672709
753.747 0.173489 0.00729562
754.061 0.160389 0.00677706
754.375 0.153574 0.00635396
754.689 0.148987 0.00606355
755.004 0.149413 0.00606244
755.318 0.14377 0.00581721
755.632 0.132803 0.00531823
755.946 0.125545 0.00507744
756.26 0.112766 0.00459696
756.573 0.108087 0.00430606
756.887 0.102976 0.00407506
757.201 0.111631 0.0043329
757.515 0.12572 0.00503691
757.828 0.142172 0.00574456
758.142 0.138359 0.00564825
758.455 0.119557 0.00487612
758.769 0.112477 0.00447891
759.082 0.111457 0.00433729
759.396 0.107808 0.00420158
759.709 0.104637 0.00410722
760.022 0.109649 0.00424155
760.335 0.116074 0.00459342
760.648 0.137538 0.00537414
760.962 0.155654 0.00613658
761.275 0.159759 0.00652497
761.587 0.159761 0.00660993
761.9 0.160884 0.00664993
762.213 0.150473 0.00622114
762.526 0.139542 0.00577477
762.839 0.13816 0.00572314
763.151 0.13346 0.00546247
763.464 0.116955 0.00483651
763.776 0.104576 0.00424812
764.089 0.106807 0.00420251
764.401 0.111318 0.00444278
764.714 0.124292 0.00497063
765.026 0.135377 0.00553699
765.338 0.148681 0.00617855
765.65 0.179576 0.00730847
765.962 0.185493 0.00777318
766.275 0.192566 0.00820334
766.587 0.20271 0.00844443
766.898 0.179167 0.00768413
767.21 0.164401 0.00692559
767.522 0.143733 0.00600831
767.834 0.135178 0.00561328
768.146 0.13982 0.00575009
768.457 0.159693 0.00652069
768.769 0.168196 0.00704834
769.08 0.175799 0.00723843
769.392 0.153428 0.00651771
769.703 0.139232 0.00588756
770.015 0.135139 0.00557907
770.326 0.137697 0.00564256
770.637 0.147906 0.00605949
770.948 0.168428 0.00693829
771.26 0.178634 0.00759428
771.571 0.184629 0.00780528
771.882 0.173805 0.00738901
772.193 0.175894 0.00750859
772.504 0.183851 0.00786866
772.814 0.194042 0.00824511
773.125 0.20433 0.00863597
773.436 0.204414 0.00888586
773.747 0.218526 0.00939428
774.057 0.220211 0.00963218
774.368 0.231878 0.0100395
774.678 0.240231 0.0104851
774.989 0.239531 0.0106342
775.299 0.268368 0.0116349
775.609 0.255985 0.0112366
775.919 0.245195 0.010907
776.23 0.247996 0.0109824
776.54 0.235814 0.0106186
776.85 0.252844 0.0111109
777.16 0.232961 0.0103483
777.47 0.211845 0.00935548
777.78 0.210498 0.00891469
778.089 0.17809 0.00778764
778.399 0.174221 0.00765378
778.709 0.195987 0.00849233
779.019 0.225779 0.00971374
779.328 0.25008 0.0107762
779.638 0.225303 0.0100932
779.947 0.194152 0.00854111
780.257 0.165822 0.00720061
780.566 0.163005 0.00687199
780.875 0.160745 0.00698016
781.185 0.190333 0.00807717
781.494 0.186632 0.00813035
781.803 0.196631 0.00856832
782.112 0.211257 0.00901122
782.421 0.201921 0.00869412
782.73 0.189013 0.00819014
783.039 0.192086 0.00836123
783.348 0.217836 0.00961469
783.656 0.253542 0.0109427
783.965 0.24506 0.0109194
784.274 0.224749 0.0100598
784.582 0.215444 0.00954347
784.891 0.211131 0.00939175
785.199 0.231986 0.00999384
785.508 0.231663 0.0102619
785.816 0.243236 0.0107063
786.124 0.228911 0.010157
786.432 0.212181 0.00929858
786.741 0.20012 0.0086853
787.049 0.195859 0.00854157
787.357 0.204077 0.00885234
787.665 0.195496 0.00861206
787.973 0.198631 0.00875977
788.281 0.206988 0.00912834
788.588 0.224671 0.0100166
788.896 0.260201 0.01145
789.204 0.272494 0.0121934
789.511 0.274745 0.0122768
789.819 0.273561 0.0124736
790.126 0.291066 0.0128719
790.434 0.265591 0.0122929
790.741 0.284167 0.0126834
791.049 0.276676 0.0125019
791.356 0.301762 0.0134801
791.663 0.317705 0.0140812
791.97 0.309038 0.0139239
792.277 0.299035 0.0134422
792.584 0.274785 0.0122062
792.891 0.215089 0.00955171
793.198 0.178697 0.0080816
793.505 0.183432 0.00802776
793.812 0.199327 0.00860503
794.119 0.212454 0.00908813
794.425 0.219772 0.00951785
794.732 0.22569 0.0100848
795.038 0.271727 0.0122252
795.345 0.328296 0.0144503
795.651 0.359437 0.0159308
795.958 0.347223 0.0156896
796.264 0.316717 0.013983
796.57 0.284702 0.0127724
796.876 0.295968 0.0129108
797.183 0.297069 0.013174
797.489 0.31334 0.0140853
797.795 0.328111 0.0145424
798.101 0.310534 0.014085
798.406 0.296254 0.0138304
798.712 0.337516 0.0151982
799.018 0.367366 0.0161037
799.324 0.343928 0.0156224
799.629 0.352523 0.0158878
799.935 0.365605 0.0162999
800.24 0.382431 0.0169879
800.546 0.365128 0.0166048
800.851 0.36417 0.0167339
801.157 0.399834 0.0182853
801.462 0.401576 0.0185028
801.767 0.399303 0.0185382
802.072 0.373663 0.0172375
802.377 0.342878 0.0158895
802.682 0.339205 0.0155496
802.987 0.359159 0.0164448
803.292 0.389448 0.0175619
803.597 0.389477 0.0177121
803.902 0.395702 0.0178082
804.207 0.391889 0.0176113
804.511 0.377138 0.0170118
804.816 0.333143 0.0150229
805.12 0.298896 0.0132958
805.425 0.254003 0.0115444
805.729 0.2781 0.0121742
806.034 0.282105 0.0127362
806.338 0.313719 0.0141963
806.642 0.345234 0.0152715
806.946 0.319691 0.014547
807.251 0.333058 0.0149845
807.555 0.329026 0.0146566
807.859 0.3297 0.0145602
808.162 0.353554 0.0155153
808.466 0.373903 0.0164986
808.77 0.400284 0.017523
809.074 0.392292 0.0179404
809.378 0.407904 0.0183258
809.681 0.415534 0.0183508
809.985 0.417931 0.0187013
810.288 0.405701 0.0186311
810.592 0.407293 0.0185277
810.895 0.450171 0.0199411
811.198 0.474471 0.0213776
811.502 0.478527 0.021781
811.805 0.488844 0.0226193
812.108 0.457251 0.0208801
812.411 0.450935 0.0201212
812.714 0.381309 0.0172398
813.017 0.351604 0.0156668
813.32 0.338123 0.0153407
813.623 0.355831 0.0162344
813.926 0.402723 0.0185221
814.228 0.468135 0.0210377
814.531 0.484356 0.0220852
814.833 0.45555 0.0212538
815.136 0.493284 0.022251
815.438 0.516843 0.0230359
815.741 0.469787 0.0210516
816.043 0.420548 0.0196756
816.345 0.456143 0.0203536
816.648 0.437686 0.0201
816.95 0.45608 0.020833
817.252 0.484989 0.0219657
817.554 0.453603 0.0212884
817.856 0.478814 0.0223391
818.158 0.533199 0.0237784
818.46 0.52453 0.0241824
818.761 0.522595 0.0240498
819.063 0.507943 0.0232987
819.365 0.490656 0.0222223
819.666 0.428634 0.0197318
819.968 0.403477 0.0185124
820.269 0.403056 0.0183028
820.571 0.421483 0.0192072
820.872 0.440587 0.0203803
821.173 0.459226 0.0216335
821.475 0.546078 0.0244984
821.776 0.529333 0.023995
822.077 0.509765 0.0234101
822.378 0.541958 0.0243065
822.679 0.531724 0.0244699
822.98 0.519384 0.0239597
823.281 0.551617 0.0254928
823.581 0.569036 0.0256309
823.882 0.541013 0.0253117
824.183 0.554794 0.025372
824.483 0.483879 0.0228525
824.784 0.460712 0.0213827
825.084 0.476791 0.0221426
825.385 0.510644 0.0232156
825.685 0.536599 0.0243101
825.985 0.490903 0.0230532
826.286 0.501122 0.022972
826.586 0.475906 0.0219475
826.886 0.477675 0.0220291
827.186 0.495066 0.0227557
827.486 0.545054 0.024679
827.786 0.518647 0.0244406
828.086 0.568174 0.0253238
828.386 0.552169 0.0246384
828.685 0.538366 0.0241938
828.985 0.554013 0.0252763
829.285 0.575614 0.0259422
829.584 0.553257 0.0258444
829.884 0.574137 0.0267289
830.183 0.660183 0.030156
830.482 0.677588 0.0302176
830.782 0.618193 0.0289855
831.081 0.66753 0.03126
831.38 0.624677 0.0292622
831.679 0.62399 0.0293124
831.978 0.652642 0.0300256
832.277 0.602442 0.0279181
832.576 0.56903 0.0266225
832.875 0.581051 0.0268858
833.174 0.582147 0.0267423
833.472 0.579315 0.026879
833.771 0.586449 0.027412
834.07 0.575893 0.0265186
834.368 0.603468 0.0274117
834.667 0.628323 0.0287091
834.965 0.641575 0.0294458
835.263 0.642153 0.0294988
835.562 0.651591 0.0297282
835.86 0.636598 0.0291131
836.158 0.618302 0.029018
836.456 0.686739 0.0313874
836.754 0.636341 0.0301293
837.052 0.686446 0.0322867
837.35 0.673342 0.0313569
837.648 0.706208 0.032539
837.946 0.73214 0.0334133
838.243 0.706589 0.0328344
838.541 0.683912 0.0314546
838.839 0.639373 0.0304577
839.136 0.655553 0.0307758
839.434 0.671914 0.030968
839.731 0.676104 0.0319006
840.028 0.659346 0.030781
840.326 0.670178 0.0314229
840.623 0.671045 0.0314146
840.92 0.646143 0.0311229
841.217 0.72072 0.0337927
841.514 0.726058 0.0341072
841.811 0.658076 0.0313993
842.108 0.700493 0.0333477
842.405 0.750791 0.0347819
842.701 0.732797 0.034521
842.998 0.705711 0.0328341
843.295 0.800728 0.0357393
843.591 0.743318 0.0345096
843.888 0.723113 0.0336437
844.184 0.736916 0.0341601
844.481 0.732506 0.0334991
844.777 0.753745 0.0341477
845.073 0.736176 0.0340018
845.369 0.695093 0.0333709
845.665 0.7165 0.0343761
845.962 0.721949 0.0338295
846.258 0.755338 0.0352731
846.553 0.769723 0.035659
846.849 0.747912 0.0352108
847.145 0.696119 0.0328658
847.441 0.740601 0.034103
847.737 0.731 0.0336004
848.032 0.743267 0.0345284
848.328 0.811663 0.036248
848.623 0.749055 0.0352869
848.919 0.699347 0.0333363
849.214 0.705969 0.0331116
849.509 0.715847 0.0338398
849.805 0.763751 0.0356551
850.1 0.773597 0.0366865
850.395 0.768964 0.0364553
850.69 0.802081 0.0374911
850.985 0.741079 0.0347584
851.28 0.743671 0.0346746
851.575 0.742663 0.0350742
851.869 0.752537 0.035186
852.164 0.729373 0.0341242
852.459 0.67491 0.031925
852.753 0.677097 0.0315318
853.048 0.590681 0.0279229
853.342 0.609847 0.0281754
853.637 0.670226 0.030068
853.931 0.641322 0.0290969
854.225 0.594096 0.027882
854.52 0.649585 0.0302414
854.814 0.663163 0.0306574
855.108 0.611422 0.028482
855.402 0.63868 0.0296426
855.696 0.676191 0.0313738
855.99 0.696465 0.0323542
856.283 0.689495 0.0314854
856.577 0.747409 0.0335306
856.871 0.707081 0.0323557
857.164 0.670588 0.0318523
857.458 0.758503 0.0350013
857.751 0.720037 0.0335108
858.045 0.673296 0.0320117
858.338 0.737861 0.0340589
858.632 0.669103 0.0316908
858.925 0.706485 0.0334186
859.218 0.739617 0.0340476
859.511 0.733294 0.0353207
859.804 0.792066 0.0363417
860.097 0.722845 0.0337978
860.39 0.727398 0.0348989
860.683 0.763669 0.035607
860.976 0.788386 0.0364685
861.268 0.743796 0.0348747
861.561 0.783596 0.0368214
861.854 0.838268 0.039219
862.146 0.828221 0.0375987
862.439 0.744046 0.035444
862.731 0.724024 0.0341077
863.023 0.800854 0.0370337
863.316 0.776905 0.0358177
863.608 0.783147 0.0361493
863.9 0.781303 0.0361296
864.192 0.767276 0.0349546
864.484 0.772672 0.0359165
864.776 0.781634 0.0364446
865.068 0.763883 0.0358055
865.36 0.760845 0.0356408
865.651 0.788855 0.0372441
865.943 0.809478 0.0370305
866.235 0.784199 0.0366324
866.526 0.832166 0.0387532
866.818 0.753828 0.0356469
867.109 0.712945 0.0344542
867.4 0.818232 0.0376212
867.692 0.823714 0.0379531
867.983 0.831699 0.0377675
868.274 0.810776 0.0377571
868.565 0.773686 0.0364129
868.856 0.789763 0.0370299
869.147 0.817331 0.0375686
869.438 0.795397 0.0369613
869.729 0.803469 0.0373706
870.02 0.85048 0.0399643
870.31 0.846266 0.0386217
870.601 0.753052 0.0359077
870.892 0.730524 0.0350034
871.182 0.788599 0.0362151
871.473 0.786298 0.0369484
871.763 0.756088 0.0353629
872.053 0.722568 0.0349774
872.343 0.751973 0.0356269
872.634 0.754943 0.0360561
872.924 0.736981 0.0349166
873.214 0.775275 0.0365452
873.504 0.798247 0.0375805
873.794 0.865006 0.0400978
874.084 0.830636 0.0391796
874.373 0.791357 0.0372797
874.663 0.760966 0.0356911
874.953 0.83222 0.0385663
875.242 0.774909 0.0367136
875.532 0.802538 0.0370554
875.821 0.807626 0.0374037
876.111 0.754167 0.0360075
876.4 0.789172 0.0372944
876.689 0.806351 0.0374476
876.978 0.773862 0.036699
877.268 0.800402 0.0373893
877.557 0.857529 0.0391472
877.846 0.82712 0.0383181
878.134 0.810389 0.0382728
878.423 0.810539 0.0382798
878.712 0.810688 0.0382869
