178.41 0.654657 0.125157
178.791 0.658802 0.12595
179.172 0.662918 0.126737
179.553 0.335997 0.335997
179.934 0.49273 0.49273
180.316 0.838589 0.838589
180.697 0.35693 0.35693
181.078 0.668508 0.668508
181.459 0.676148 0.676148
181.84 0.291152 0.291152
182.221 3.93057 3.93057
182.602 0.786175 0.786175
182.983 -0.832437 -0.832437
183.364 0.591652 0.136491
183.744 0.744695 0.096681
184.125 0.662842 0.0791231
184.506 0.432145 0.0523361
184.887 0.682992 0.0586719
185.268 0.489175 0.0427475
185.648 0.459377 0.0401008
186.029 0.603131 0.0438273
186.41 0.565962 0.0413453
186.791 0.663373 0.0430181
187.171 0.534125 0.0330167
187.552 0.370478 0.022372
187.932 0.381329 0.0231113
188.313 0.387922 0.0217714
188.694 0.379143 0.0215114
189.074 0.408872 0.0215372
189.455 0.365454 0.0197966
189.835 0.42119 0.0218527
190.216 0.406929 0.0209136
190.596 0.392827 0.0196647
190.977 0.368306 0.0188932
191.357 0.403436 0.0198321
191.737 0.399626 0.0194916
192.118 0.431 0.0201431
192.498 0.393386 0.018647
192.878 0.403278 0.0190253
193.258 0.386532 0.0183047
193.639 0.378923 0.0178988
194.019 0.397841 0.0185018
194.399 0.410202 0.018625
194.779 0.343703 0.0163653
195.159 0.345641 0.0168871
195.54 0.345523 0.0163782
195.92 0.360205 0.0167721
196.3 0.348979 0.0162695
196.68 0.364867 0.0167187
197.06 0.329581 0.0157949
197.44 0.344364 0.0159903
197.82 0.324037 0.0153894
198.2 0.321251 0.0153159
198.58 0.30923 0.01463
198.959 0.291858 0.0141874
199.339 0.314744 0.0147971
199.719 0.292541 0.0139924
200.099 0.282302 0.0137784
200.479 0.291145 0.0139529
200.858 0.284468 0.0135887
201.238 0.270295 0.0130389
201.618 0.269091 0.0131559
201.998 0.264883 0.01274
202.377 0.271656 0.0129017
202.757 0.256438 0.0123704
203.136 0.255295 0.0122628
203.516 0.231515 0.0115038
203.896 0.231547 0.0113629
204.275 0.218851 0.010829
204.655 0.223345 0.0109604
205.034 0.219169 0.0107298
205.414 0.206878 0.0102941
205.793 0.199187 0.0100104
206.172 0.197685 0.00998165
206.552 0.208151 0.0100678
206.931 0.196191 0.00962449
207.31 0.195789 0.00951106
207.69 0.19487 0.00941291
208.069 0.182705 0.00899372
208.448 0.171757 0.00861026
208.827 0.18215 0.00881598
209.207 0.186742 0.00890308
209.586 0.170352 0.00828093
209.965 0.169164 0.00822593
210.344 0.157538 0.00782244
210.723 0.163051 0.00786037
211.102 0.15538 0.0075405
211.481 0.149428 0.00735564
211.86 0.152211 0.00734992
212.239 0.153498 0.00730636
212.618 0.158199 0.00731015
212.997 0.154377 0.00710352
213.376 0.13568 0.00663568
213.755 0.137899 0.00659578
214.134 0.14081 0.00657476
214.513 0.129879 0.00621219
214.891 0.125237 0.00605943
215.27 0.126341 0.00597167
215.649 0.125849 0.00591101
216.028 0.112327 0.005488
216.406 0.115964 0.00551805
216.785 0.114312 0.00538945
217.164 0.115499 0.00536313
217.542 0.111654 0.00516255
217.921 0.11007 0.00506017
218.3 0.108964 0.00501684
218.678 0.101434 0.00476427
219.057 0.0930726 0.00448242
219.435 0.0959092 0.00447544
219.814 0.0950255 0.00442194
220.192 0.0962832 0.00437936
220.57 0.0907275 0.00420129
220.949 0.0834899 0.00396261
221.327 0.0828535 0.00388184
221.705 0.0807112 0.0037921
222.084 0.0797624 0.00368796
222.462 0.0761733 0.0035611
222.84 0.0789636 0.0035958
223.218 0.0806448 0.0035434
223.597 0.0759936 0.00340494
223.975 0.0722815 0.00326096
224.353 0.0732322 0.00324628
224.731 0.0741312 0.00321351
225.109 0.0712042 0.00308582
225.487 0.0671305 0.00295365
225.865 0.0650929 0.002864
226.243 0.0649136 0.00282375
226.621 0.0623334 0.00273062
226.999 0.0595773 0.00261488
227.377 0.062479 0.0026518
227.755 0.0584967 0.00253242
228.133 0.0581724 0.00249332
228.511 0.0576244 0.00245201
228.889 0.0551847 0.00235366
229.266 0.0560411 0.00234935
229.644 0.0524877 0.00222888
230.022 0.0530455 0.00221169
230.4 0.0533072 0.00219624
230.777 0.0523224 0.00215516
231.155 0.0524411 0.00212955
231.533 0.0512524 0.00207547
231.91 0.0482981 0.00198749
232.288 0.0512735 0.00202839
232.665 0.0512011 0.00200087
233.043 0.0474586 0.00190817
233.42 0.0476433 0.00188604
233.798 0.045741 0.00183449
234.175 0.0457748 0.00181126
234.553 0.0445864 0.00176856
234.93 0.0459164 0.00177677
235.307 0.0446208 0.00173734
235.685 0.0457971 0.00174572
236.062 0.0431146 0.00167403
236.439 0.0443824 0.00169006
236.816 0.0442097 0.00166614
237.194 0.0433307 0.00163203
237.571 0.0451073 0.00165066
237.948 0.0421474 0.00158715
238.325 0.043038 0.00158608
238.702 0.0425152 0.00156711
239.079 0.0420919 0.00154382
239.456 0.0441997 0.00157143
239.833 0.0432729 0.00154484
240.21 0.0440217 0.00154376
240.587 0.0432362 0.00152284
240.964 0.0441128 0.00152565
241.341 0.0429312 0.00149236
241.718 0.0430996 0.00148113
242.095 0.0421546 0.00146437
242.472 0.0454736 0.00150886
242.849 0.0429049 0.00145469
243.225 0.0425701 0.00143637
243.602 0.0430223 0.00143671
243.979 0.0422686 0.00141914
244.356 0.0446146 0.00145201
244.732 0.0430836 0.00141235
245.109 0.0427915 0.0013977
245.486 0.0438916 0.00141358
245.862 0.0429128 0.00139083
246.239 0.0432123 0.00138145
246.615 0.0419276 0.00135829
246.992 0.0422076 0.00135284
247.368 0.0446378 0.00139123
247.745 0.0430599 0.0013549
248.121 0.0424985 0.00133686
248.497 0.0420896 0.00132826
248.874 0.0433773 0.00134026
249.25 0.0434072 0.00132892
249.626 0.0427959 0.00131735
250.003 0.0427351 0.00130869
250.379 0.0429683 0.00129948
250.755 0.0422452 0.00128961
251.131 0.042419 0.00128319
251.507 0.0432642 0.00129419
251.884 0.0436921 0.00129164
252.26 0.0417591 0.00126307
252.636 0.0414877 0.0012475
253.012 0.0425576 0.00125887
253.388 0.0440284 0.00127659
253.764 0.0427713 0.00125308
254.14 0.0422907 0.00124306
254.516 0.0438752 0.00126441
254.892 0.041973 0.00123044
255.268 0.0435627 0.00125219
255.643 0.0438091 0.00125045
256.019 0.0425432 0.00123134
256.395 0.043273 0.00123927
256.771 0.041367 0.00120283
257.147 0.0436152 0.00123368
257.522 0.0424712 0.00121547
257.898 0.0436363 0.00123
258.274 0.043285 0.00122187
258.649 0.0431834 0.00121969
259.025 0.0427584 0.00120701
259.4 0.0423585 0.0012007
259.776 0.0433884 0.00121145
260.151 0.0432696 0.00121386
260.527 0.0424302 0.00119667
260.902 0.042558 0.00119522
261.278 0.0427346 0.00119516
261.653 0.0423007 0.00118905
262.028 0.0416773 0.00118139
262.404 0.0428976 0.00119306
262.779 0.042924 0.00119044
263.154 0.0427452 0.00118587
263.53 0.0415298 0.0011657
263.905 0.0436909 0.00119796
264.28 0.0432224 0.00119091
264.655 0.0420103 0.00117068
265.03 0.0427764 0.00118495
265.405 0.0429951 0.00118402
265.781 0.0427671 0.00118227
266.156 0.0420166 0.0011706
266.531 0.0423891 0.00116957
266.906 0.04392 0.00119708
267.281 0.0426982 0.00117447
267.655 0.0443141 0.00120096
268.03 0.0431484 0.00118572
268.405 0.042505 0.00117528
268.78 0.0425666 0.0011761
269.155 0.0435932 0.00118755
269.53 0.0435202 0.00119065
269.904 0.0435312 0.00118946
270.279 0.0422998 0.00117326
270.654 0.0424407 0.00117187
271.029 0.0430025 0.00118183
271.403 0.0433938 0.00118384
271.778 0.0432127 0.00118473
272.152 0.0423729 0.00117427
272.527 0.0430186 0.00118215
272.901 0.0430983 0.00117861
273.276 0.0433698 0.00117963
273.65 0.0433442 0.00118298
274.025 0.0421734 0.00116387
274.399 0.043206 0.00118367
274.774 0.0429794 0.00117783
275.148 0.0416103 0.00115526
275.522 0.0436331 0.00118617
275.897 0.0431523 0.00117898
276.271 0.0429219 0.001177
276.645 0.0428806 0.00117303
277.019 0.0436236 0.00117994
277.393 0.0430947 0.0011696
277.768 0.0439797 0.00118714
278.142 0.0433982 0.00117808
278.516 0.0429308 0.00117379
278.89 0.04381 0.00118341
279.264 0.0447769 0.00120023
279.638 0.0437285 0.00118036
280.012 0.0436761 0.00118173
280.386 0.0445599 0.00119986
280.76 0.0432962 0.00117823
281.133 0.0439329 0.00118904
281.507 0.0426284 0.00117032
281.881 0.0440654 0.00118716
282.255 0.0450248 0.00120169
282.629 0.0441207 0.00119302
283.002 0.0438241 0.00118964
283.376 0.0444398 0.00119469
283.75 0.0455392 0.00121349
284.123 0.0449972 0.00120204
284.497 0.0444482 0.00119686
284.87 0.0455887 0.00121335
285.244 0.0442939 0.0011938
285.618 0.0449749 0.00120603
285.991 0.045191 0.00121403
286.364 0.0450844 0.00121214
286.738 0.0462359 0.0012273
287.111 0.046056 0.00122543
287.485 0.0458792 0.00122376
287.858 0.0470884 0.00124441
288.231 0.0469783 0.00124078
288.605 0.0462672 0.00123473
288.978 0.0475405 0.00124894
289.351 0.0482033 0.00126415
289.724 0.0474573 0.00125429
290.097 0.0481196 0.00126452
290.47 0.0474946 0.00126034
290.843 0.047611 0.00126144
291.217 0.0492398 0.00128309
291.59 0.0482921 0.00127948
291.963 0.0484479 0.00127872
292.336 0.0493381 0.00129454
292.708 0.0479031 0.001278
293.081 0.0485188 0.00129211
293.454 0.0483405 0.00128405
293.827 0.0484842 0.00128978
294.2 0.0497414 0.00131491
294.573 0.049531 0.00130794
294.945 0.049707 0.001318
295.318 0.0491598 0.00131022
295.691 0.0493505 0.00131596
296.064 0.0492161 0.00131658
296.436 0.0490483 0.00131341
296.809 0.0481966 0.00129845
297.181 0.0489731 0.0013159
297.554 0.0502755 0.00133532
297.926 0.0503454 0.0013373
298.299 0.0496054 0.00132886
298.671 0.0502023 0.00133101
299.044 0.0507539 0.00134563
299.416 0.0490129 0.00132435
299.788 0.0495802 0.00132993
300.161 0.0500883 0.0013426
300.533 0.0506023 0.00134759
300.905 0.0506965 0.00134372
301.278 0.0507996 0.00134791
301.65 0.0509954 0.00134899
302.022 0.0507063 0.00134809
302.394 0.0508701 0.00135244
302.766 0.0498124 0.00133642
303.138 0.0514905 0.00136409
303.51 0.0505781 0.00134843
303.882 0.0506324 0.00134746
304.254 0.0509524 0.00135436
304.626 0.0511677 0.00135315
304.998 0.0510872 0.00135168
305.37 0.0506469 0.00135336
305.742 0.051193 0.00135554
306.114 0.0501143 0.00134061
306.485 0.0511315 0.00135444
306.857 0.0520216 0.00136521
307.229 0.0503954 0.0013484
307.601 0.0511354 0.00135789
307.972 0.0512923 0.00135857
308.344 0.05047 0.00134595
308.716 0.0512725 0.0013622
309.087 0.0509212 0.00135582
309.459 0.0520087 0.0013723
309.83 0.0505008 0.00135244
310.202 0.0514187 0.00136245
310.573 0.0512865 0.0013615
310.945 0.0496579 0.00133877
311.316 0.0512981 0.00136721
311.687 0.0517786 0.0013681
312.059 0.0509903 0.0013624
312.43 0.0507139 0.00135624
312.801 0.0518704 0.00137645
313.172 0.0508788 0.00136407
313.544 0.051949 0.00137977
313.915 0.0519796 0.0013714
314.286 0.0523298 0.00138198
314.657 0.0511517 0.00136331
315.028 0.051409 0.00136963
315.399 0.0513339 0.00136817
315.77 0.051505 0.00136851
316.141 0.0503523 0.00135874
316.512 0.0512002 0.00136993
316.883 0.0520258 0.00138372
317.254 0.0521679 0.00138421
317.625 0.052094 0.00139175
317.996 0.051051 0.00137021
318.366 0.0518122 0.00138381
318.737 0.0524209 0.00139051
319.108 0.0529292 0.00140206
319.478 0.0521835 0.00139262
319.849 0.0524567 0.00139559
320.22 0.0521116 0.00139236
320.59 0.0514379 0.00138254
320.961 0.0519284 0.00139151
321.331 0.0525477 0.00139996
321.702 0.0527122 0.00140925
322.072 0.0537324 0.00142713
322.443 0.0523877 0.00140637
322.813 0.0524783 0.00140497
323.184 0.0524338 0.00140832
323.554 0.052362 0.00141182
323.924 0.0520311 0.00140663
324.295 0.0523862 0.00141826
324.665 0.0549404 0.00145349
325.035 0.0528953 0.00142431
325.405 0.0535048 0.00143839
325.775 0.0544969 0.00145872
326.145 0.0535844 0.00144507
326.515 0.0532452 0.00144315
326.886 0.0549584 0.0014736
327.256 0.0535324 0.00145574
327.626 0.0547132 0.00148081
327.995 0.0522276 0.00145035
328.365 0.0530649 0.00146397
328.735 0.0544231 0.00149004
329.105 0.0574904 0.00154804
329.475 0.0581239 0.00156877
329.845 0.0614291 0.00163609
330.215 0.0610418 0.0016248
330.584 0.0582424 0.00157181
330.954 0.0565645 0.0015124
331.324 0.0533175 0.00142701
331.693 0.0520718 0.00138604
332.063 0.0495701 0.00133777
332.432 0.0505021 0.00134333
332.802 0.0520668 0.00137517
333.171 0.0532648 0.00140916
333.541 0.0555308 0.00146566
333.91 0.057486 0.00149882
334.28 0.0560769 0.00148881
334.649 0.0563023 0.00149613
335.018 0.0558459 0.00149513
335.388 0.0570872 0.00151653
335.757 0.0556471 0.0014975
336.126 0.0563886 0.00151286
336.495 0.0556582 0.00149795
336.865 0.0568261 0.00151985
337.234 0.0560765 0.00151833
337.603 0.0561236 0.00151587
337.972 0.0564054 0.00152317
338.341 0.0574041 0.00153408
338.71 0.0560184 0.00151442
339.079 0.0575347 0.00154034
339.448 0.0568924 0.00152931
339.817 0.0564792 0.00152751
340.186 0.0571886 0.00153804
340.554 0.0568304 0.00153121
340.923 0.0579391 0.00154931
341.292 0.0565131 0.00153156
341.661 0.0565383 0.00153383
342.029 0.0575628 0.00154498
342.398 0.0571582 0.00154161
342.767 0.0583386 0.00156344
343.135 0.0586965 0.00156705
343.504 0.0580131 0.00156276
343.872 0.0584021 0.00156216
344.241 0.058264 0.00156396
344.609 0.0575068 0.00155994
344.978 0.056763 0.00154825
345.346 0.0580168 0.00155937
345.715 0.0584545 0.00157129
346.083 0.0567413 0.00155155
346.451 0.0577941 0.00156339
346.82 0.0581104 0.00157291
347.188 0.0585331 0.00157564
347.556 0.0595346 0.00159726
347.924 0.0591751 0.0015905
348.292 0.0581565 0.00158034
348.66 0.0587991 0.00158765
349.028 0.0601874 0.0016083
349.396 0.057907 0.00158376
349.764 0.0592873 0.0016005
350.132 0.0589357 0.00159493
350.5 0.0596381 0.00160702
350.868 0.0593798 0.00160645
351.236 0.0580813 0.00158752
351.604 0.0586438 0.00160139
351.972 0.0596003 0.00161623
352.34 0.0600076 0.0016241
352.707 0.059345 0.00161582
353.075 0.0594138 0.00161718
353.443 0.0581471 0.0016035
353.81 0.059683 0.00162857
354.178 0.0605358 0.00164109
354.545 0.0600284 0.0016302
354.913 0.0597015 0.00163266
355.28 0.0610952 0.00165184
355.648 0.0600517 0.00163421
356.015 0.0594862 0.00162934
356.383 0.0590382 0.00162134
356.75 0.059252 0.00162842
357.117 0.06031 0.0016438
357.485 0.0591115 0.00162853
357.852 0.0613336 0.00167031
358.219 0.0587181 0.0016262
358.586 0.0597717 0.00164045
358.954 0.0600847 0.00165165
359.321 0.0592243 0.00163582
359.688 0.0604613 0.00166095
360.055 0.060162 0.00165448
360.422 0.0605154 0.00166173
360.789 0.0605058 0.00166447
361.156 0.0607584 0.00166646
361.523 0.0611347 0.00167838
361.89 0.0612702 0.00167821
362.256 0.0599113 0.00165285
362.623 0.0609674 0.00168396
362.99 0.0598553 0.00166055
363.357 0.0580638 0.00164219
363.724 0.0593145 0.00166049
364.09 0.0611665 0.00168282
364.457 0.0591168 0.00166674
364.823 0.0615876 0.00169028
365.19 0.0612098 0.0016876
365.557 0.0620478 0.00169647
365.923 0.0595914 0.00166806
366.29 0.0618649 0.00170493
366.656 0.0610564 0.00168678
367.022 0.0586732 0.00165147
367.389 0.0608321 0.00168911
367.755 0.0608012 0.00169672
368.121 0.0612166 0.00170182
368.488 0.0606413 0.00169151
368.854 0.0608624 0.00170102
369.22 0.0613833 0.00171634
369.586 0.0611917 0.00171949
369.952 0.0631334 0.00175036
370.318 0.0622936 0.0017395
370.684 0.0620541 0.00174122
371.051 0.0622393 0.0017443
371.416 0.0609685 0.00173707
371.782 0.0611432 0.00173435
372.148 0.0614786 0.00174268
372.514 0.0618265 0.00175136
372.88 0.0629188 0.00177195
373.246 0.0616844 0.00175287
373.612 0.0638893 0.00178309
373.977 0.0628368 0.00176435
374.343 0.0611825 0.00173547
374.709 0.0605939 0.00172149
375.074 0.0604047 0.00172395
375.44 0.0613135 0.00174431
375.806 0.0629926 0.00177779
376.171 0.0621059 0.00175631
376.537 0.0604199 0.00173072
376.902 0.0613591 0.00174719
377.268 0.0612856 0.00173898
377.633 0.0611993 0.00173457
377.998 0.0619502 0.00173849
378.364 0.0601121 0.0017051
378.729 0.0610639 0.00172144
379.094 0.0625341 0.00174967
379.459 0.0635013 0.00178676
379.825 0.0611069 0.00174499
380.19 0.0616195 0.00175501
380.555 0.0622178 0.0017759
380.92 0.0633595 0.00181451
381.285 0.0629747 0.00180557
381.65 0.0611395 0.00176523
382.015 0.0632003 0.00179737
382.38 0.0617678 0.00178379
382.745 0.0622345 0.00180149
383.11 0.0623214 0.00180763
383.474 0.0623491 0.00180269
383.839 0.0621483 0.00180303
384.204 0.0628159 0.00181854
384.569 0.0635187 0.00183092
384.933 0.0641421 0.00184524
385.298 0.0649259 0.00185937
385.663 0.0617465 0.00180813
386.027 0.062247 0.00181169
386.392 0.0624075 0.00180628
386.756 0.0626101 0.00180011
387.121 0.0626755 0.00180054
387.485 0.0623052 0.00178969
387.849 0.061266 0.0017664
388.214 0.061887 0.00179503
388.578 0.0627772 0.00181698
388.942 0.0621343 0.00181686
389.307 0.0625726 0.0018216
389.671 0.0634995 0.0018418
390.035 0.0628624 0.00182419
390.399 0.0633823 0.00182741
390.763 0.0619055 0.00179535
391.127 0.0626503 0.00179961
391.492 0.061504 0.00175854
391.856 0.0601081 0.00171843
392.219 0.0600437 0.0017047
392.583 0.061664 0.00173739
392.947 0.0637802 0.00180507
393.311 0.0629611 0.00181
393.675 0.0608698 0.00178505
394.039 0.064366 0.00184696
394.403 0.0622242 0.00181687
394.766 0.0616336 0.00181315
395.13 0.0640396 0.00185309
395.494 0.0641993 0.00185466
395.857 0.0634459 0.00183569
396.221 0.0618668 0.00180449
396.584 0.0624729 0.00179973
396.948 0.0613023 0.00176354
397.311 0.060921 0.00173216
397.675 0.0598681 0.00170785
398.038 0.0605012 0.00171769
398.401 0.0598382 0.00173253
398.765 0.062328 0.00179556
399.128 0.0647496 0.00185625
399.491 0.0642058 0.0018625
399.854 0.0651955 0.00187947
400.218 0.0621289 0.00184007
400.581 0.0643014 0.0018773
400.944 0.0649797 0.00189642
401.307 0.0634615 0.00189669
401.67 0.0642023 0.00190218
402.033 0.064418 0.00191093
402.396 0.0649205 0.00191944
402.759 0.0639592 0.0019075
403.122 0.0660289 0.00192866
403.485 0.0652668 0.001917
403.847 0.0633912 0.00187354
404.21 0.0636622 0.00186784
404.573 0.0637542 0.00186715
404.936 0.0636295 0.00185613
405.298 0.0655006 0.00190389
405.661 0.0665824 0.00194646
406.023 0.0654898 0.0019578
406.386 0.0669156 0.001986
406.749 0.0653877 0.00197218
407.111 0.0640845 0.00194992
407.473 0.06281 0.00189954
407.836 0.0633682 0.00190518
408.198 0.0638879 0.00190133
408.561 0.06472 0.00191918
408.923 0.0649756 0.00192581
409.285 0.0651351 0.00193173
409.647 0.0650359 0.00194717
410.009 0.0670905 0.0019964
410.372 0.0638458 0.00194469
410.734 0.0653989 0.00197809
411.096 0.0670476 0.00199935
411.458 0.0648527 0.00196588
411.82 0.0668334 0.00198259
412.182 0.0659856 0.00195502
412.544 0.0656103 0.00195381
412.906 0.0643023 0.00193082
413.267 0.0651571 0.00195056
413.629 0.0660035 0.00197864
413.991 0.0649579 0.00197213
414.353 0.0680591 0.00202422
414.714 0.0664916 0.00202184
415.076 0.066678 0.00201965
415.438 0.0659664 0.00200665
415.799 0.0668035 0.00201129
416.161 0.0673393 0.00203704
416.522 0.0668808 0.00203845
416.884 0.0666486 0.00203617
417.245 0.068023 0.00206465
417.607 0.0665474 0.0020371
417.968 0.0669401 0.0020408
418.329 0.0678905 0.00205267
418.691 0.0672873 0.00204285
419.052 0.0671762 0.00203974
419.413 0.0658013 0.00200059
419.774 0.0662261 0.0020008
420.135 0.0644479 0.00192981
420.497 0.0629652 0.00187738
420.858 0.0621431 0.00183936
421.219 0.0630567 0.00185909
421.58 0.064517 0.00190447
421.941 0.0669166 0.00197361
422.302 0.064285 0.00196036
422.662 0.0672651 0.00201392
423.023 0.0669877 0.00201863
423.384 0.0649385 0.00199417
423.745 0.0660303 0.00199873
424.106 0.0654967 0.00198952
424.466 0.0661061 0.00199487
424.827 0.0656805 0.00201589
425.187 0.0677638 0.00207352
425.548 0.0685227 0.0021048
425.909 0.0697459 0.00213473
426.269 0.067279 0.00208185
426.63 0.0667809 0.00206007
426.99 0.0659711 0.00203073
427.35 0.0664195 0.00204672
427.711 0.0647282 0.00200617
428.071 0.0640795 0.00197938
428.431 0.064171 0.00194295
428.792 0.0622922 0.00184878
429.152 0.0599353 0.00176362
429.512 0.0609316 0.00177489
429.872 0.0626641 0.00181243
430.232 0.0637681 0.00186062
430.592 0.0652596 0.00193566
430.952 0.0667058 0.00201477
431.312 0.0682137 0.00208811
431.672 0.069039 0.00212489
432.032 0.068874 0.00211587
432.392 0.0680561 0.00207482
432.752 0.0618146 0.00188011
433.111 0.0621594 0.00184325
433.471 0.0633909 0.00189055
433.831 0.0661757 0.00200728
434.19 0.0654213 0.00199607
434.55 0.0643012 0.00197854
434.91 0.0638979 0.00199534
435.269 0.0654939 0.00199228
435.629 0.0659864 0.00199535
435.988 0.0663481 0.00199225
436.348 0.0672134 0.00203586
436.707 0.0686128 0.00208825
437.066 0.06802 0.00207807
437.426 0.0661705 0.0020253
437.785 0.0671187 0.00203404
438.144 0.0646329 0.00199353
438.503 0.0678243 0.0020691
438.862 0.0657216 0.00204055
439.222 0.0686413 0.00210203
439.581 0.0698525 0.00212959
439.94 0.0653861 0.00203151
440.299 0.0634579 0.00193387
440.658 0.0618589 0.00186076
441.017 0.0634425 0.00188503
441.376 0.0634489 0.00190713
441.734 0.0636896 0.00193037
442.093 0.0636504 0.00192893
442.452 0.0615394 0.00188306
442.811 0.0640204 0.0019122
443.169 0.0636676 0.00190621
443.528 0.0648977 0.00196445
443.887 0.0640424 0.00195271
444.245 0.065281 0.00198014
444.604 0.065427 0.00199886
444.962 0.0667453 0.0020285
445.321 0.0637056 0.00198362
445.679 0.066186 0.00201124
446.038 0.0651058 0.00198748
446.396 0.0655609 0.00202189
446.754 0.0683412 0.00209256
447.112 0.0687973 0.00211015
447.471 0.065722 0.00206481
447.829 0.0674824 0.00210323
448.187 0.0677208 0.00210319
448.545 0.0667403 0.00208152
448.903 0.0658734 0.00207331
449.261 0.0680128 0.00211284
449.619 0.0682905 0.0021372
449.977 0.068482 0.00215062
450.335 0.0666071 0.00214421
450.693 0.072428 0.00224148
451.051 0.0690279 0.0021839
451.409 0.0683934 0.00218237
451.766 0.0686071 0.00218856
452.124 0.0705657 0.00225072
452.482 0.0710423 0.00228068
452.839 0.0716677 0.00231628
453.197 0.0730215 0.00234218
453.555 0.0720897 0.00233681
453.912 0.0729646 0.00234477
454.27 0.0717706 0.00228882
454.627 0.0688592 0.00221543
454.984 0.0681759 0.00220962
455.342 0.0715308 0.00229803
455.699 0.0741996 0.00236662
456.056 0.0740568 0.00235031
456.414 0.0734404 0.00231959
456.771 0.070143 0.00222546
457.128 0.0709688 0.00222996
457.485 0.067635 0.0021694
457.842 0.0691299 0.00220682
458.199 0.0712865 0.00223839
458.556 0.0689272 0.0021798
458.913 0.0679036 0.00216364
459.27 0.0672906 0.00214165
459.627 0.0694802 0.00220788
459.984 0.0698923 0.00219827
460.341 0.0681782 0.00216836
460.697 0.0702496 0.00222728
461.054 0.0733747 0.00234333
461.411 0.0724519 0.00237652
461.767 0.0725722 0.00240654
462.124 0.0732174 0.00241117
462.481 0.0736406 0.00238921
462.837 0.0711815 0.00231251
463.194 0.0703638 0.00225107
463.55 0.0678381 0.00222451
463.907 0.0676568 0.00216322
464.263 0.0673992 0.00212937
464.619 0.0654186 0.00205814
464.976 0.0657823 0.00203527
465.332 0.0669368 0.00205254
465.688 0.0689436 0.00214701
466.044 0.0717193 0.00226842
466.4 0.0713829 0.0022983
466.756 0.0722807 0.00232788
467.112 0.070948 0.0023063
467.468 0.0706121 0.00229744
467.824 0.0717241 0.00233921
468.18 0.0746474 0.00241757
468.536 0.0724947 0.00238445
468.892 0.0743243 0.00245287
469.248 0.0743856 0.00246476
469.604 0.0759592 0.00250568
469.959 0.0729237 0.00245423
470.315 0.0751726 0.00249044
470.671 0.0747903 0.00248162
471.026 0.0743089 0.00245275
471.382 0.0737451 0.00242005
471.737 0.0711974 0.00235874
472.093 0.0706797 0.00231349
472.448 0.0675201 0.00221778
472.804 0.068251 0.00221074
473.159 0.068941 0.00220365
473.514 0.0691427 0.00221808
473.87 0.0674982 0.00216032
474.225 0.064339 0.00204889
474.58 0.0634696 0.00199487
474.935 0.0650748 0.00203712
475.29 0.0668782 0.002093
475.645 0.0681598 0.0021151
476 0.0660001 0.002084
476.355 0.0688359 0.00214747
476.71 0.06932 0.00215374
477.065 0.064364 0.00201487
477.42 0.0622966 0.0019561
477.775 0.0640766 0.00198624
478.13 0.0651994 0.00202159
478.485 0.0650056 0.00200396
478.839 0.0637315 0.00196049
479.194 0.0622789 0.00188835
479.549 0.0600692 0.0018318
479.903 0.0631862 0.00188374
480.258 0.0632701 0.00189982
480.612 0.0618028 0.00185318
480.967 0.0600816 0.00178494
481.321 0.0624473 0.00182558
481.675 0.0652974 0.00190274
482.03 0.0642315 0.00192043
482.384 0.0633715 0.00191554
482.738 0.0625686 0.00188522
483.093 0.0620203 0.00186323
483.447 0.0590389 0.00177842
483.801 0.056725 0.00168879
484.155 0.0565949 0.00166533
484.509 0.0471502 0.0013236
484.863 0.0339344 0.000765347
485.217 0.0368076 0.000724441
485.571 0.0432112 0.00080521
485.925 0.0603736 0.00121242
486.279 0.0644225 0.00145225
486.632 0.0629409 0.00155254
486.986 0.0621304 0.00166741
487.34 0.0626343 0.00178718
487.694 0.0631077 0.00184399
488.047 0.063042 0.00185345
488.401 0.0621423 0.00184252
488.754 0.0629183 0.00186576
489.108 0.0628194 0.00189471
489.461 0.0613508 0.0018815
489.815 0.065223 0.00196021
490.168 0.0619764 0.00188972
490.522 0.0618038 0.00187906
490.875 0.0628441 0.00189765
491.228 0.0637283 0.0019241
491.581 0.0622764 0.001889
491.935 0.0634195 0.00191331
492.288 0.0630429 0.00191548
492.641 0.0607634 0.0018672
492.994 0.0633159 0.00190458
493.347 0.0602532 0.00183215
493.7 0.060251 0.00183351
494.053 0.0634769 0.0018884
494.406 0.0642746 0.00193096
494.759 0.0666331 0.00200616
495.111 0.061548 0.00186788
495.464 0.0589023 0.0017471
495.817 0.0577908 0.00169927
496.169 0.0603673 0.00178548
496.522 0.0631827 0.0019091
496.875 0.0650808 0.00200227
497.227 0.0664619 0.0020434
497.58 0.0675169 0.00205596
497.932 0.0643745 0.00198398
498.285 0.063678 0.0019552
498.637 0.0606582 0.00186075
498.989 0.0605239 0.001838
499.342 0.0612656 0.00186293
499.694 0.0644212 0.00195254
500.046 0.0641766 0.00196557
500.398 0.0596531 0.00184863
500.751 0.0612298 0.00185581
501.103 0.0611698 0.00184899
501.455 0.0620203 0.00186466
501.807 0.0641039 0.00189857
502.159 0.0595495 0.00183087
502.511 0.0598059 0.00183025
502.862 0.0627069 0.00188219
503.214 0.061607 0.00189111
503.566 0.0643678 0.0019722
503.918 0.0648644 0.00200122
504.27 0.064814 0.00199832
504.621 0.0648342 0.00200351
504.973 0.0648804 0.00201553
505.324 0.063506 0.00198119
505.676 0.0627062 0.00193437
506.027 0.0638389 0.00195703
506.379 0.0667946 0.00206854
506.73 0.0665413 0.00209609
507.082 0.0650866 0.00205834
507.433 0.0632635 0.00199172
507.784 0.0650404 0.00200262
508.136 0.0636984 0.00201643
508.487 0.066756 0.00208544
508.838 0.0666118 0.00210272
509.189 0.064525 0.00206725
509.54 0.0654993 0.00205496
509.891 0.0663361 0.00209197
510.242 0.0665396 0.00209751
510.593 0.0645593 0.00207921
510.944 0.0687358 0.0021574
511.295 0.0697402 0.00221836
511.646 0.067919 0.00221345
511.996 0.0675627 0.00218489
512.347 0.0652743 0.00213142
512.698 0.0682545 0.00218673
513.049 0.0702569 0.00223225
513.399 0.0677626 0.00220243
513.75 0.070126 0.00223381
514.1 0.070293 0.0022789
514.451 0.0726609 0.00236515
514.801 0.0725614 0.00235315
515.152 0.0699738 0.00229039
515.502 0.0671458 0.00220885
515.852 0.0667914 0.00219119
516.202 0.0689367 0.00222312
516.553 0.0707175 0.00228457
516.903 0.0704461 0.00231495
517.253 0.0734938 0.00240017
517.603 0.0724068 0.00238192
517.953 0.0727764 0.00237639
518.303 0.0679402 0.00224218
518.653 0.067242 0.00221235
519.003 0.0720292 0.00230734
519.353 0.0749492 0.00243783
519.703 0.073148 0.00245943
520.052 0.0742769 0.00249104
520.402 0.0731577 0.00245858
520.752 0.0719941 0.00241104
521.102 0.0736178 0.00247759
521.451 0.0744068 0.00250856
521.801 0.0742433 0.00249864
522.15 0.0731563 0.00243918
522.5 0.0736284 0.00244307
522.849 0.0721894 0.00241148
523.199 0.0717679 0.00238172
523.548 0.0692797 0.00231757
523.897 0.0736875 0.00241779
524.246 0.0765078 0.00250463
524.596 0.0749309 0.00251377
524.945 0.0732605 0.0024711
525.294 0.0732436 0.00247053
525.643 0.0740176 0.00247801
525.992 0.0726686 0.00245113
526.341 0.0741607 0.00246073
526.69 0.0737644 0.00247346
527.039 0.0734435 0.00249213
527.388 0.0728531 0.00249946
527.737 0.0702623 0.00237993
528.086 0.0674025 0.00224523
528.434 0.0650194 0.00216482
528.783 0.0716892 0.00233527
529.132 0.0703003 0.00235655
529.48 0.0752978 0.00247025
529.829 0.0713685 0.00241819
530.177 0.0742568 0.00249195
530.526 0.0720138 0.00246006
530.874 0.0746721 0.00248117
531.223 0.0718588 0.00243047
531.571 0.0732909 0.00247571
531.919 0.0741007 0.00246488
532.268 0.0713611 0.00234502
532.616 0.0662001 0.00218643
532.964 0.0690117 0.00219926
533.312 0.0674421 0.00217523
533.66 0.0683913 0.00220037
534.008 0.0662135 0.00216013
534.356 0.0653061 0.00214669
534.704 0.0671265 0.00219619
535.052 0.0680078 0.00224029
535.4 0.0698937 0.00231915
535.748 0.072146 0.00241231
536.095 0.0744124 0.00251198
536.443 0.0745267 0.00251705
536.791 0.0709244 0.00240353
537.139 0.06989 0.002331
537.486 0.069895 0.00227717
537.834 0.0690741 0.00225176
538.181 0.0668305 0.00220218
538.529 0.0682269 0.0022376
538.876 0.0689439 0.00224349
539.223 0.0691662 0.0022851
539.571 0.0729124 0.00239636
539.918 0.072154 0.00237542
540.265 0.0683406 0.00226622
540.613 0.0677297 0.00221726
540.96 0.0696271 0.00227594
541.307 0.0699656 0.00228563
541.654 0.0708352 0.00229921
542.001 0.0688424 0.0022737
542.348 0.0680967 0.00226093
542.695 0.0712183 0.00231509
543.042 0.0684115 0.00223419
543.388 0.0669333 0.00218197
543.735 0.0665673 0.00217298
544.082 0.0668032 0.00217351
544.429 0.0695116 0.00222734
544.775 0.0689502 0.00226718
545.122 0.0710042 0.00236891
545.469 0.0750725 0.00247566
545.815 0.0710871 0.00239511
546.162 0.0696021 0.0023511
546.508 0.0685783 0.00228583
546.854 0.0639676 0.00212583
547.201 0.0647485 0.00206046
547.547 0.0629594 0.00202591
547.893 0.0665291 0.0021293
548.24 0.0703066 0.00230615
548.586 0.0748174 0.00247791
548.932 0.0755098 0.00252639
549.278 0.0733002 0.00249092
549.624 0.0728266 0.00246959
549.97 0.0745817 0.00252256
550.316 0.0768882 0.00261241
550.662 0.0763813 0.00263057
551.008 0.070982 0.00240469
551.353 0.0658238 0.00219195
551.699 0.0635938 0.00210684
552.045 0.0681442 0.00223965
552.391 0.0707164 0.00232881
552.736 0.06988 0.00232557
553.082 0.0697563 0.00232692
553.427 0.0723123 0.00241104
553.773 0.0763571 0.00255958
554.118 0.0720314 0.00248618
554.464 0.0709573 0.00240426
554.809 0.0679127 0.00225869
555.154 0.0704042 0.00226878
555.5 0.0688605 0.00224885
555.845 0.0710783 0.00237362
556.19 0.0714954 0.00244516
556.535 0.0777517 0.00260716
556.88 0.0725181 0.00247729
557.225 0.0719816 0.00245896
557.57 0.0749912 0.00255881
557.915 0.0787219 0.00269277
558.26 0.0789422 0.00272977
558.605 0.0799709 0.00273775
558.95 0.0760276 0.00261054
559.295 0.0699263 0.00237008
559.639 0.0670709 0.00223382
559.984 0.0631096 0.00208404
560.329 0.0659758 0.00212297
560.673 0.0645148 0.00210662
561.018 0.0710281 0.00227527
561.362 0.0704475 0.00232635
561.707 0.0710637 0.00239508
562.051 0.0714077 0.0023716
562.395 0.068993 0.00230037
562.74 0.0700636 0.00227215
563.084 0.0674515 0.00220184
563.428 0.0645083 0.0021083
563.772 0.0665785 0.0021518
564.117 0.0662648 0.00213102
564.461 0.065347 0.00210951
564.805 0.0660219 0.00213885
565.149 0.0641176 0.00209806
565.493 0.0657894 0.00212849
565.836 0.0655818 0.00208431
566.18 0.0624653 0.00200445
566.524 0.0581785 0.0018039
566.868 0.0566213 0.00173188
567.212 0.0590292 0.00173822
567.555 0.0565222 0.00167942
567.899 0.0540847 0.00156669
568.242 0.0520442 0.00147409
568.586 0.0490326 0.00133894
568.929 0.0464695 0.00122009
569.273 0.0447504 0.001132
569.616 0.0471151 0.00116316
569.96 0.047193 0.00114061
570.303 0.0452875 0.00108262
570.646 0.0455978 0.00107283
570.989 0.0442627 0.00102428
571.333 0.045676 0.00105345
571.676 0.0491689 0.00113384
572.019 0.0520381 0.00126131
572.362 0.0465498 0.00112561
572.705 0.041834 0.000990412
573.048 0.0410843 0.000934233
573.391 0.0421085 0.000914945
573.733 0.0427908 0.000909514
574.076 0.0427039 0.000898547
574.419 0.0451519 0.000952104
574.762 0.047727 0.00103103
575.104 0.0512027 0.00114315
575.447 0.0466794 0.00107675
575.789 0.0423111 0.000963586
576.132 0.0407342 0.000893194
576.474 0.0421064 0.000897951
576.817 0.0387273 0.000796634
577.159 0.0392707 0.00075848
577.501 0.0407699 0.000778922
577.844 0.0458605 0.00088417
578.186 0.0507501 0.00104328
578.528 0.0489168 0.00106609
578.87 0.0473598 0.00105357
579.212 0.0432368 0.000973088
579.554 0.0427699 0.000936897
579.896 0.0430271 0.000945432
580.238 0.0411821 0.000871621
580.58 0.0364843 0.000720818
580.922 0.0391709 0.000717808
581.264 0.0426391 0.000748893
581.606 0.0456174 0.000808712
581.947 0.0468532 0.00086997
582.289 0.0509976 0.00100837
582.631 0.0534701 0.00114529
582.972 0.0522919 0.00120855
583.314 0.0488475 0.00115519
583.655 0.0450504 0.00107244
583.997 0.0403041 0.000925932
584.338 0.0395248 0.00085285
584.679 0.0396509 0.000819577
585.021 0.0433891 0.000880908
585.362 0.0477932 0.000993411
585.703 0.0512268 0.00110621
586.044 0.0472386 0.00106624
586.385 0.0427413 0.00095971
586.726 0.0415929 0.000904214
587.067 0.0452809 0.000980478
587.408 0.0470962 0.00105727
587.749 0.0494664 0.00113492
588.09 0.051182 0.00120256
588.431 0.0524541 0.00128993
588.772 0.0539958 0.00136113
589.113 0.0495991 0.00128202
589.453 0.0493007 0.00127122
589.794 0.0515778 0.00134477
590.134 0.0545488 0.00145675
590.475 0.0541115 0.00148463
590.815 0.0532379 0.00145897
591.156 0.0532885 0.00146174
591.496 0.0499409 0.00137194
591.837 0.0410634 0.00107023
592.177 0.0394164 0.0009525
592.517 0.0413597 0.000934136
592.857 0.0459642 0.00103828
593.198 0.0499792 0.00115193
593.538 0.055645 0.00134085
593.878 0.0547335 0.00137231
594.218 0.0484213 0.00124912
594.558 0.046952 0.00118431
594.898 0.0491129 0.00124537
595.237 0.0531901 0.00137638
595.577 0.0572104 0.00151966
595.917 0.0582154 0.00160951
596.257 0.0522934 0.00146153
596.596 0.0509175 0.00140593
596.936 0.0505469 0.00137755
597.276 0.0529391 0.00146488
597.615 0.052406 0.00143166
597.955 0.0434445 0.00114644
598.294 0.0419886 0.00105742
598.633 0.0447156 0.00109483
598.973 0.0484807 0.00118297
599.312 0.0478009 0.00117106
599.651 0.0478375 0.00118079
599.991 0.0492701 0.00122452
600.33 0.0502522 0.00125577
600.669 0.0508537 0.00129947
601.008 0.053247 0.00137566
601.347 0.0528412 0.00141711
601.686 0.0498702 0.00133649
602.025 0.0502531 0.00135056
602.364 0.0479585 0.00125363
602.702 0.0479463 0.00123549
603.041 0.0489354 0.00125644
603.38 0.0522028 0.00135978
603.719 0.0540857 0.00144714
604.057 0.0542773 0.00149044
604.396 0.0532252 0.00147359
604.734 0.0505125 0.00137106
605.073 0.0456873 0.00120633
605.411 0.0474423 0.00124121
605.75 0.049944 0.00132001
606.088 0.0542923 0.00144831
606.426 0.0518486 0.00138065
606.764 0.0493809 0.00132887
607.103 0.0525176 0.00141385
607.441 0.0550065 0.00149691
607.779 0.0549132 0.0015319
608.117 0.0545784 0.00151677
608.455 0.0570566 0.00161661
608.793 0.0567728 0.00162813
609.131 0.0503838 0.00143093
609.469 0.0494047 0.00138277
609.806 0.0517793 0.00143464
610.144 0.0572078 0.0016264
610.482 0.0565334 0.00163358
610.819 0.0554674 0.00161456
611.157 0.0558523 0.00162868
611.495 0.0576481 0.00171265
611.832 0.0571147 0.0017098
612.17 0.0571806 0.00169834
612.507 0.0553696 0.00165257
612.844 0.0564256 0.00168577
613.182 0.0566159 0.00169252
613.519 0.0570027 0.00168783
613.856 0.0557693 0.00166512
614.193 0.0542898 0.00162217
614.53 0.0548469 0.0015965
614.867 0.0542459 0.00158601
615.205 0.0586644 0.00173192
615.541 0.0619162 0.00184358
615.878 0.0623177 0.00192807
616.215 0.0604102 0.00187896
616.552 0.0606431 0.00190181
616.889 0.0594619 0.00183997
617.226 0.0583583 0.00180411
617.562 0.0622612 0.0019227
617.899 0.0663984 0.00210547
618.235 0.0700262 0.00227363
618.572 0.0727586 0.00240342
618.908 0.065752 0.00220549
619.245 0.0628175 0.00206773
619.581 0.0614121 0.00200863
619.918 0.0692144 0.00230956
620.254 0.0830154 0.00285332
620.59 0.0815959 0.0028714
620.926 0.0701427 0.00248229
621.262 0.0659087 0.00227256
621.599 0.0687193 0.00233106
621.935 0.0657598 0.00225161
622.271 0.0651127 0.0021565
622.606 0.0642956 0.00209662
622.942 0.0682318 0.00221339
623.278 0.0716888 0.0023349
623.614 0.062479 0.00207732
623.95 0.0641243 0.00209607
624.285 0.0638506 0.00213058
624.621 0.0700852 0.00235344
624.957 0.0734693 0.00248454
625.292 0.0752616 0.0025907
625.628 0.075768 0.00267805
625.963 0.0779696 0.00273471
626.299 0.0738563 0.0026068
626.634 0.072715 0.002546
626.969 0.0770488 0.00266925
627.304 0.0839614 0.00302035
627.64 0.0943362 0.003434
627.975 0.0891737 0.00327191
628.31 0.0789488 0.00291005
628.645 0.0769413 0.0028071
628.98 0.0796647 0.00291912
629.315 0.0864838 0.00309978
629.65 0.0849662 0.00309698
629.985 0.080649 0.00300879
630.319 0.0905545 0.00332764
630.654 0.0911801 0.00337716
630.989 0.0897626 0.00333439
631.323 0.0926828 0.00344689
631.658 0.100037 0.00372696
631.993 0.104485 0.00397385
632.327 0.106704 0.00403113
632.662 0.101289 0.00390624
632.996 0.0992917 0.00378175
633.33 0.0982723 0.00370659
633.665 0.101547 0.00389981
633.999 0.10412 0.00406886
634.333 0.103899 0.00406372
634.667 0.105072 0.00410074
635.001 0.105274 0.00400468
635.335 0.0955004 0.0036691
635.669 0.0907618 0.00344418
636.003 0.0926231 0.00352776
636.337 0.0982153 0.00381428
636.671 0.115473 0.00435187
637.005 0.112282 0.00440788
637.339 0.110321 0.0043499
637.672 0.102547 0.00404071
638.006 0.0982906 0.00385438
638.339 0.104171 0.00402586
638.673 0.10716 0.00421321
639.006 0.114297 0.00448793
639.34 0.111579 0.0044318
639.673 0.117094 0.00460479
640.007 0.113292 0.00451803
640.34 0.121555 0.00476154
640.673 0.11532 0.00467314
641.006 0.123039 0.00489797
641.34 0.126975 0.00502987
641.673 0.133467 0.00527998
642.006 0.132842 0.00535838
642.339 0.127712 0.00516099
642.672 0.121479 0.00500253
643.004 0.127829 0.00516089
643.337 0.134059 0.00545542
643.67 0.131534 0.00540234
644.003 0.13359 0.00539104
644.336 0.133513 0.00536689
644.668 0.130904 0.00530467
645.001 0.129796 0.0053735
645.333 0.141749 0.00575355
645.666 0.14573 0.00595417
645.998 0.144168 0.00605738
646.331 0.159286 0.00646383
646.663 0.15355 0.00628108
646.995 0.136098 0.00555277
647.327 0.11743 0.00473671
647.66 0.108555 0.00430496
647.992 0.107045 0.00420961
648.324 0.109 0.00423219
648.656 0.108178 0.00427482
648.988 0.111429 0.00451131
649.32 0.129868 0.00520968
649.652 0.138576 0.00563397
649.983 0.14312 0.00584888
650.315 0.141265 0.0058483
650.647 0.134597 0.00557764
650.979 0.128026 0.00519165
651.31 0.115112 0.00473352
651.642 0.117956 0.00468406
651.973 0.118641 0.0046945
652.305 0.113931 0.00458291
652.636 0.120436 0.00477723
652.967 0.121958 0.00491595
653.299 0.124478 0.00508225
653.63 0.125759 0.0050506
653.961 0.10803 0.00434851
654.292 0.0723413 0.0027313
654.623 0.0182139 0.000496747
654.955 0.0663116 0.000930424
655.286 0.11986 0.00125086
655.616 0.153424 0.00141516
655.947 0.134663 0.00132577
656.278 0.0932026 0.00110292
656.609 0.0668309 0.000977355
656.94 0.0787204 0.00140362
657.27 0.0808104 0.00166728
657.601 0.0839522 0.00196005
657.932 0.0918337 0.00245198
658.262 0.100722 0.00312811
658.593 0.114857 0.00400701
658.923 0.135047 0.00508042
659.254 0.146636 0.00584778
659.584 0.156664 0.0064176
659.914 0.166485 0.00692781
660.244 0.174647 0.00727279
660.575 0.166181 0.00704245
660.905 0.173548 0.00720755
661.235 0.162208 0.00687057
661.565 0.159799 0.00677031
661.895 0.16007 0.00673736
662.225 0.162914 0.00690402
662.555 0.168748 0.00712409
662.884 0.165248 0.00697104
663.214 0.160317 0.00677153
663.544 0.161919 0.00673449
663.873 0.156153 0.00651549
664.203 0.149532 0.00630643
664.533 0.143824 0.00601738
664.862 0.142463 0.00594717
665.192 0.148171 0.00623961
665.521 0.161713 0.0068724
665.85 0.165583 0.00716071
666.18 0.185311 0.00788734
666.509 0.183304 0.00779793
666.838 0.17214 0.00737806
667.167 0.168446 0.00720472
667.496 0.178096 0.0075359
667.825 0.175145 0.00751081
668.154 0.175655 0.00750921
668.483 0.170942 0.00735746
668.812 0.16299 0.00705041
669.141 0.161703 0.00695247
669.47 0.163203 0.00689866
669.798 0.159976 0.00690001
670.127 0.166279 0.00704124
670.456 0.14996 0.00630865
670.784 0.121683 0.00509739
671.113 0.105389 0.00435457
671.441 0.0988333 0.00402952
671.77 0.109933 0.00432033
672.098 0.11813 0.00465471
672.426 0.13831 0.00559958
672.755 0.152005 0.00624161
673.083 0.153196 0.00635458
673.411 0.153181 0.0063416
673.739 0.156472 0.00650314
674.067 0.17021 0.00714086
674.395 0.162956 0.00698624
674.723 0.161667 0.00677735
675.051 0.149749 0.00642841
675.379 0.14825 0.00639088
675.706 0.16031 0.00671882
676.034 0.165206 0.00697455
676.362 0.16891 0.00708633
676.689 0.158404 0.0064461
677.017 0.130824 0.00547346
677.344 0.122995 0.00509814
677.672 0.131336 0.00535848
677.999 0.136773 0.00553485
678.327 0.123757 0.00515995
678.654 0.114114 0.00473921
678.981 0.115794 0.00463037
679.308 0.119248 0.00473638
679.636 0.121782 0.00501018
679.963 0.141231 0.00566548
680.29 0.135268 0.00555965
680.617 0.132397 0.00539794
680.944 0.128377 0.00523651
681.271 0.131013 0.00544242
681.597 0.148094 0.00617766
681.924 0.167491 0.00699715
682.251 0.169708 0.00701562
682.578 0.148578 0.00621937
682.904 0.128209 0.0053909
683.231 0.119753 0.00500283
683.557 0.122313 0.00494281
683.884 0.11629 0.00468207
684.21 0.110297 0.00445306
684.536 0.102108 0.00414455
684.863 0.100543 0.00405088
685.189 0.10731 0.00425557
685.515 0.120036 0.00474447
685.841 0.12123 0.00492415
686.167 0.128169 0.00506814
686.493 0.115537 0.0047544
686.819 0.123467 0.00494275
687.145 0.131249 0.00531866
687.471 0.145002 0.00601175
687.797 0.1561 0.00644683
688.123 0.154059 0.00636558
688.448 0.139654 0.00586186
688.774 0.133814 0.00556555
689.1 0.138383 0.00575559
689.425 0.149134 0.00622566
689.751 0.148825 0.00631984
690.076 0.136646 0.0057185
690.402 0.121586 0.00503971
690.727 0.116196 0.00477465
691.052 0.12354 0.0050523
691.377 0.135537 0.00545079
691.703 0.133739 0.0055516
692.028 0.135199 0.00558497
692.353 0.129041 0.00534095
692.678 0.13396 0.00548364
693.003 0.147899 0.00598092
693.328 0.165806 0.00680018
693.652 0.173691 0.00727421
693.977 0.165162 0.00692387
694.302 0.142816 0.00607085
694.627 0.137358 0.00587049
694.951 0.158402 0.00653084
695.276 0.181466 0.00766292
695.6 0.18288 0.00782211
695.925 0.138458 0.00597346
696.249 0.120145 0.0049065
696.574 0.107962 0.00440792
696.898 0.119297 0.00484446
697.222 0.126059 0.0052637
697.546 0.141394 0.00579897
697.871 0.145307 0.00600251
698.195 0.147016 0.00608195
698.519 0.153876 0.00637968
698.843 0.153133 0.00654642
699.167 0.171692 0.00719226
699.491 0.178392 0.00761045
699.814 0.176236 0.00762548
700.138 0.19124 0.00796773
700.462 0.181282 0.00788576
700.786 0.185589 0.00787293
701.109 0.168986 0.00732735
701.433 0.164284 0.00697449
701.756 0.155339 0.00653984
702.08 0.156301 0.00656063
702.403 0.158508 0.00674136
702.726 0.165623 0.00718342
703.05 0.173528 0.00753233
703.373 0.190404 0.00798209
703.696 0.18797 0.00793757
704.019 0.193988 0.008345
704.342 0.202494 0.00883696
704.665 0.222997 0.00965645
704.988 0.213887 0.00939531
705.311 0.189851 0.00830774
705.634 0.156622 0.00677496
705.957 0.130792 0.00560728
706.28 0.120545 0.00498685
706.602 0.11777 0.004878
706.925 0.127193 0.005176
707.247 0.134046 0.00552534
707.57 0.145664 0.00598696
707.892 0.151749 0.00631926
708.215 0.159557 0.00679644
708.537 0.173626 0.00726425
708.859 0.161062 0.00703648
709.182 0.160135 0.00694359
709.504 0.159829 0.00675438
709.826 0.161837 0.00671135
710.148 0.159407 0.00668764
710.47 0.162794 0.00695041
710.792 0.174323 0.00745808
711.114 0.19152 0.00807935
711.436 0.191354 0.00825555
711.758 0.180322 0.00788433
712.079 0.17804 0.00774477
712.401 0.164356 0.007074
712.723 0.157611 0.00667586
713.044 0.14395 0.00601078
713.366 0.140345 0.00586894
713.687 0.141221 0.00593505
714.009 0.15227 0.00633008
714.33 0.151068 0.00644642
714.652 0.168598 0.00700373
714.973 0.174308 0.0073681
715.294 0.183911 0.00795756
715.615 0.206083 0.00896226
715.936 0.214335 0.00927397
716.257 0.22567 0.0096076
716.578 0.211314 0.00935945
716.899 0.204136 0.00899407
717.22 0.180318 0.00790776
717.541 0.174134 0.00756269
717.862 0.170748 0.00746365
718.182 0.183893 0.00773037
718.503 0.179513 0.00747174
718.824 0.176502 0.00751434
719.144 0.177884 0.0076643
719.465 0.189921 0.00810024
719.785 0.184233 0.00781344
720.105 0.173751 0.00748823
720.426 0.171791 0.00735351
720.746 0.180803 0.0076719
721.066 0.175807 0.00757881
721.386 0.184532 0.00784413
721.706 0.185912 0.00810239
722.026 0.189156 0.00838965
722.346 0.203684 0.00877826
722.666 0.1963 0.00850494
722.986 0.189962 0.00815896
723.306 0.190318 0.00823039
723.626 0.195103 0.00849843
723.946 0.181567 0.00818192
724.265 0.176444 0.00763447
724.585 0.165892 0.00701236
724.904 0.166 0.00696252
725.224 0.159316 0.00683912
725.543 0.160414 0.0068612
725.863 0.165876 0.00704389
726.182 0.176313 0.00755694
726.501 0.17708 0.00769266
726.82 0.187481 0.00796747
727.14 0.173241 0.00736228
727.459 0.152353 0.00669594
727.778 0.161102 0.00684462
728.097 0.171213 0.00715264
728.416 0.158754 0.00680965
728.734 0.14781 0.00636184
729.053 0.145763 0.00625571
729.372 0.148496 0.00630104
729.691 0.13801 0.00592142
730.009 0.132564 0.00552442
730.328 0.119469 0.00509013
730.647 0.127319 0.00526072
730.965 0.134879 0.00560435
731.283 0.14769 0.00608479
731.602 0.146424 0.0061292
731.92 0.138107 0.0058468
732.238 0.138351 0.00571102
732.557 0.132154 0.00553051
732.875 0.124264 0.00523289
733.193 0.115573 0.00474564
733.511 0.112406 0.00457323
733.829 0.115894 0.0047829
734.147 0.134437 0.00549014
734.465 0.136946 0.00579319
734.782 0.140164 0.00585555
735.1 0.131832 0.00551974
735.418 0.135734 0.00559625
735.735 0.136618 0.00563134
736.053 0.134378 0.00552308
736.371 0.13428 0.00557814
736.688 0.13846 0.0058707
737.005 0.150444 0.00649227
737.323 0.167136 0.00710464
737.64 0.167176 0.0071136
737.957 0.149345 0.0063746
738.274 0.130552 0.0054703
738.592 0.126872 0.00526138
738.909 0.131914 0.00550005
739.226 0.15333 0.00645853
739.543 0.181111 0.00756614
739.86 0.187129 0.00813795
740.176 0.197927 0.00858677
740.493 0.208154 0.00907174
740.81 0.216348 0.00927771
741.127 0.211914 0.00908516
741.443 0.180041 0.00793463
741.76 0.172755 0.00751487
742.076 0.171392 0.00755141
742.393 0.191847 0.0084179
742.709 0.206321 0.00921289
743.025 0.207577 0.00941114
743.342 0.204137 0.00924709
743.658 0.217041 0.00935138
743.974 0.194615 0.00861018
744.29 0.1981 0.00867811
744.606 0.209184 0.00901287
744.922 0.200873 0.00884781
745.238 0.203319 0.00892859
745.554 0.218174 0.00947278
745.87 0.219221 0.00959549
746.186 0.211819 0.00904351
746.501 0.194794 0.00835342
746.817 0.194759 0.00848569
747.132 0.218836 0.00965505
747.448 0.240547 0.0105204
747.763 0.231008 0.0101557
748.079 0.20334 0.00913162
748.394 0.188843 0.00820365
748.71 0.160959 0.00705109
749.025 0.144541 0.00629092
749.34 0.150334 0.00633235
749.655 0.147431 0.0064081
749.97 0.166203 0.00704878
750.285 0.166893 0.00708524
750.6 0.156893 0.00672286
750.915 0.148183 0.0063712
751.23 0.157709 0.00670222
751.545 0.165423 0.00714623
751.859 0.17586 0.00764579
752.174 0.174105 0.00769637
752.489 0.170933 0.00724201
752.803 0.146109 0.00629361
753.118 0.151117 0.00635253
753.432 0.153421 0.00661548
753.747 0.16831 0.0071859
754.061 0.155309 0.00666887
754.375 0.139078 0.00604665
754.689 0.134402 0.00575913
755.004 0.136201 0.0057882
755.318 0.132331 0.00558098
755.632 0.119253 0.00503963
755.946 0.11859 0.00493479
756.26 0.112153 0.00458445
756.573 0.101404 0.00417081
756.887 0.0966026 0.00394694
757.201 0.0999844 0.00410065
757.515 0.1174 0.00486738
757.828 0.136548 0.00562979
758.142 0.135449 0.00558853
758.455 0.123414 0.00495413
758.769 0.110025 0.00442982
759.082 0.105076 0.00421129
759.396 0.0961426 0.00396776
759.709 0.0990423 0.00399591
760.022 0.102749 0.00410593
760.335 0.112237 0.00451685
760.648 0.120855 0.00503766
760.962 0.140678 0.00583391
761.275 0.144236 0.00619986
761.587 0.153364 0.00647625
761.9 0.159439 0.00661998
762.213 0.138917 0.00597748
762.526 0.135374 0.00568788
762.839 0.138189 0.00572373
763.151 0.130828 0.00540835
763.464 0.111708 0.00472679
763.776 0.103132 0.00421868
764.089 0.103037 0.00412767
764.401 0.107323 0.00436233
764.714 0.117334 0.00482951
765.026 0.13515 0.00553236
765.338 0.144786 0.00609708
765.65 0.168573 0.00708104
765.962 0.171404 0.00747216
766.275 0.18805 0.0081066
766.587 0.187598 0.00812357
766.898 0.18416 0.00779046
767.21 0.151783 0.00665451
767.522 0.139494 0.00591904
767.834 0.131509 0.00553658
768.146 0.123292 0.00539957
768.457 0.148558 0.00628925
768.769 0.165387 0.00698924
769.08 0.164941 0.00701134
769.392 0.146163 0.00636153
769.703 0.141731 0.00594017
770.015 0.122962 0.00532177
770.326 0.128094 0.00544226
770.637 0.139357 0.00588175
770.948 0.151533 0.00658111
771.26 0.171263 0.00743595
771.571 0.181864 0.00774661
771.882 0.164673 0.00719228
772.193 0.166845 0.00731291
772.504 0.18609 0.00791644
772.814 0.188822 0.00813344
773.125 0.193617 0.00840653
773.436 0.202378 0.00884151
773.747 0.205522 0.00911048
774.057 0.22158 0.00966208
774.368 0.233412 0.0100727
774.678 0.222767 0.0100968
774.989 0.244143 0.0107361
775.299 0.254411 0.0113283
775.609 0.254367 0.011201
775.919 0.247184 0.0109512
776.23 0.248196 0.0109868
776.54 0.230851 0.0105063
776.85 0.242938 0.0108911
777.16 0.22676 0.0102096
777.47 0.216464 0.00945692
777.78 0.186351 0.00838779
778.089 0.167506 0.00755269
778.399 0.171211 0.00758739
778.709 0.198747 0.00855192
779.019 0.221922 0.00963041
779.328 0.246059 0.0106892
779.638 0.227414 0.0101404
779.947 0.19697 0.00860287
780.257 0.164087 0.00716283
780.566 0.157538 0.00675577
780.875 0.168602 0.0071487
781.185 0.1792 0.00783738
781.494 0.183763 0.00806761
781.803 0.192763 0.00848362
782.112 0.190812 0.00856408
782.421 0.193798 0.00851744
782.73 0.189056 0.00819106
783.039 0.189964 0.00831492
783.348 0.224265 0.00975554
783.656 0.236191 0.0105616
783.965 0.250504 0.01104
784.274 0.222255 0.0100039
784.582 0.20854 0.00938932
784.891 0.211895 0.00940874
785.199 0.223617 0.00981191
785.508 0.236877 0.0103768
785.816 0.24824 0.0108159
786.124 0.222192 0.0100068
786.432 0.19998 0.00902729
786.741 0.200486 0.00869323
787.049 0.186081 0.00832562
787.357 0.202057 0.00880842
787.665 0.1935 0.00856799
787.973 0.202293 0.00884016
788.281 0.212515 0.00924942
788.588 0.227516 0.0100798
788.896 0.251837 0.0112644
789.204 0.277202 0.0122983
789.511 0.29022 0.0126178
789.819 0.280568 0.0126323
790.126 0.285004 0.0127371
790.434 0.284709 0.0127276
790.741 0.278138 0.0125481
791.049 0.277552 0.0125217
791.356 0.311746 0.0137013
791.663 0.303444 0.0137615
791.97 0.305732 0.0138492
792.277 0.305283 0.0135819
792.584 0.274698 0.0122042
792.891 0.218508 0.00962732
793.198 0.183097 0.0081805
793.505 0.17311 0.00779863
793.812 0.19832 0.00858327
794.119 0.200928 0.00883815
794.425 0.204158 0.00917351
794.732 0.223703 0.0100403
795.038 0.280687 0.0124251
795.345 0.314125 0.014135
795.651 0.36433 0.0160389
795.958 0.347315 0.0156917
796.264 0.321519 0.0140886
796.57 0.269494 0.0124266
796.876 0.276549 0.0124801
797.183 0.297975 0.013194
797.489 0.314315 0.0141072
797.795 0.320331 0.014369
798.101 0.306631 0.0139962
798.406 0.303847 0.0140065
798.712 0.333327 0.0151036
799.018 0.343824 0.0155792
799.324 0.339996 0.0155329
799.629 0.342255 0.0156547
799.935 0.351267 0.0159771
800.24 0.384883 0.0170422
800.546 0.370791 0.0167331
800.851 0.365792 0.0167712
801.157 0.38617 0.0179701
801.462 0.422002 0.0189676
801.767 0.390619 0.0183355
802.072 0.366769 0.0170777
802.377 0.362192 0.0163309
802.682 0.339497 0.0155563
802.987 0.349423 0.0162203
803.292 0.385504 0.0174728
803.597 0.395059 0.0178386
803.902 0.394444 0.0177798
804.207 0.383682 0.0174259
804.511 0.370922 0.0168711
804.816 0.321118 0.0147493
805.12 0.282862 0.0129343
805.425 0.259276 0.0116636
805.729 0.256399 0.0116896
806.034 0.280386 0.0126973
806.338 0.314715 0.0142188
806.642 0.312734 0.0145349
806.946 0.327098 0.0147146
807.251 0.325683 0.0148177
807.555 0.320774 0.0144716
807.859 0.323032 0.0144122
808.162 0.323896 0.0148503
808.466 0.347353 0.015902
808.77 0.382326 0.0171254
809.074 0.391931 0.0179322
809.378 0.398436 0.0181119
809.681 0.3708 0.0173349
809.985 0.395236 0.0181864
810.288 0.432747 0.0192421
810.592 0.413614 0.0186709
810.895 0.400908 0.0188184
811.198 0.451365 0.0208505
811.502 0.469367 0.0215715
811.805 0.5166 0.0232526
812.108 0.448165 0.0206716
812.411 0.424817 0.0195298
812.714 0.365704 0.0168834
813.017 0.341 0.0154288
813.32 0.340183 0.0153874
813.623 0.352979 0.0161693
813.926 0.40331 0.0185356
814.228 0.448139 0.0205835
814.531 0.477619 0.0219311
814.833 0.471148 0.0216146
815.136 0.493987 0.0222668
815.438 0.517551 0.0230517
815.741 0.43243 0.0201973
816.043 0.424322 0.0197637
816.345 0.423793 0.0196186
816.648 0.42732 0.0198605
816.95 0.445945 0.0206002
817.252 0.454347 0.0212604
817.554 0.448348 0.0211648
817.856 0.505558 0.0229545
818.158 0.475258 0.0224493
818.46 0.536057 0.0244467
818.761 0.547542 0.0246171
819.063 0.492309 0.0229373
819.365 0.473646 0.0218337
819.666 0.433911 0.0198529
819.968 0.408157 0.0186194
820.269 0.387356 0.0179428
820.571 0.408677 0.0189132
820.872 0.454351 0.0206962
821.173 0.485387 0.0222411
821.475 0.520338 0.0239141
821.776 0.531628 0.0240469
822.077 0.497692 0.0231312
822.378 0.503422 0.0234264
822.679 0.510137 0.0239681
822.98 0.522656 0.0240351
823.281 0.554433 0.0255578
823.581 0.573769 0.0257373
823.882 0.563016 0.0258212
824.183 0.553947 0.0253526
824.483 0.522603 0.0237493
824.784 0.456901 0.0212941
825.084 0.481306 0.0222472
825.385 0.472742 0.0223375
825.685 0.51705 0.0238632
825.985 0.526066 0.0238645
826.286 0.508125 0.023132
826.586 0.501017 0.022519
826.886 0.482135 0.0221317
827.186 0.49401 0.0227314
827.486 0.509687 0.0238649
827.786 0.536776 0.024864
828.086 0.513545 0.0240756
828.386 0.538592 0.0243336
828.685 0.526166 0.0239181
828.985 0.555466 0.0253095
829.285 0.554873 0.0254706
829.584 0.573286 0.026308
829.884 0.565464 0.0265263
830.183 0.599367 0.0287335
830.482 0.62231 0.0289588
830.782 0.601001 0.0285796
831.081 0.701785 0.032052
831.38 0.654024 0.0299416
831.679 0.620258 0.0292246
831.978 0.639104 0.0297126
832.277 0.613995 0.0281845
832.576 0.599944 0.0273361
832.875 0.584036 0.0269548
833.174 0.574629 0.026569
833.472 0.571321 0.0266929
833.771 0.595713 0.0276276
834.07 0.580558 0.0266258
834.368 0.552031 0.0262174
834.667 0.613225 0.0283621
834.965 0.661684 0.0299038
835.263 0.660393 0.0299148
835.562 0.651374 0.0297233
835.86 0.607667 0.0284438
836.158 0.609981 0.0288221
836.456 0.710108 0.031917
836.754 0.647454 0.0303912
837.052 0.732748 0.0333578
837.35 0.699218 0.0319538
837.648 0.693644 0.0322482
837.946 0.745315 0.0337126
838.243 0.678622 0.0321781
838.541 0.665611 0.0310309
838.839 0.648615 0.0306771
839.136 0.658601 0.0308472
839.434 0.674112 0.0310186
839.731 0.706629 0.0326128
840.028 0.679104 0.0312388
840.326 0.616401 0.0301358
840.623 0.680825 0.0316427
840.92 0.696978 0.032324
841.217 0.761377 0.0347328
841.514 0.732179 0.0342506
841.811 0.702077 0.0324321
842.108 0.737642 0.0342206
842.405 0.737723 0.0344779
842.701 0.766688 0.0353102
842.998 0.692038 0.0325144
843.295 0.769255 0.0350299
843.591 0.752162 0.0347142
843.888 0.740645 0.0340491
844.184 0.696204 0.0332031
844.481 0.717477 0.0331537
844.777 0.727151 0.0335399
845.073 0.718101 0.0335818
845.369 0.741682 0.0344711
845.665 0.772889 0.0357032
845.962 0.676247 0.0327412
846.258 0.717667 0.0343822
846.553 0.738501 0.0349283
846.849 0.766942 0.0356559
847.145 0.701596 0.0329948
847.441 0.73055 0.0338708
847.737 0.695694 0.0327789
848.032 0.727997 0.0341719
848.328 0.749404 0.03483
848.623 0.751149 0.0353362
848.919 0.739248 0.0342741
849.214 0.713221 0.0332813
849.509 0.745105 0.0345245
849.805 0.740814 0.0351156
850.1 0.773806 0.0366914
850.395 0.8256 0.0377739
850.69 0.804797 0.0375545
850.985 0.754252 0.0350659
851.28 0.748457 0.034786
851.575 0.78424 0.0360426
851.869 0.745742 0.0350268
852.164 0.754503 0.0347071
852.459 0.67639 0.03196
852.753 0.691032 0.0318546
853.048 0.633171 0.0289098
853.342 0.588577 0.0276797
853.637 0.630973 0.0291742
853.931 0.60552 0.0282731
854.225 0.594632 0.0278946
854.52 0.675335 0.030835
854.814 0.666962 0.030745
855.108 0.659398 0.0295783
855.402 0.67789 0.030539
855.696 0.677196 0.0313971
855.99 0.717988 0.0328503
856.283 0.686821 0.0314243
856.577 0.697242 0.0323857
856.871 0.704327 0.0322926
857.164 0.700832 0.0325627
857.458 0.797218 0.0358834
857.751 0.727758 0.0336899
858.045 0.692062 0.0324547
858.338 0.751885 0.0343811
858.632 0.662904 0.0315436
858.925 0.738543 0.0341684
859.218 0.71758 0.0335365
859.511 0.78566 0.0365601
859.804 0.805989 0.0366598
860.097 0.723936 0.0338232
860.39 0.810765 0.0368446
860.683 0.786016 0.0361243
860.976 0.768025 0.0359945
861.268 0.752822 0.0350856
861.561 0.77202 0.0365484
861.854 0.848929 0.0394676
862.146 0.787273 0.0366574
862.439 0.800338 0.0367604
862.731 0.702783 0.0336037
863.023 0.784533 0.0366544
863.316 0.769144 0.0356383
863.608 0.773419 0.035924
863.9 0.783408 0.0361783
864.192 0.740364 0.0343361
864.484 0.777146 0.0360203
864.776 0.785219 0.0365281
865.068 0.79077 0.0364302
865.36 0.774319 0.035955
865.651 0.801551 0.0375426
865.943 0.786134 0.0364926
866.235 0.760139 0.0360661
866.526 0.852884 0.0392327
866.818 0.759306 0.0357762
867.109 0.73111 0.0348904
867.4 0.842501 0.038175
867.692 0.827911 0.0380497
867.983 0.801258 0.0370698
868.274 0.804517 0.0376111
868.565 0.719411 0.0351125
868.856 0.80624 0.0374142
869.147 0.822944 0.0376974
869.438 0.788304 0.0367961
869.729 0.787895 0.0370067
870.02 0.837916 0.039668
870.31 0.82448 0.0381214
870.601 0.798476 0.0369748
870.892 0.796439 0.0365485
871.182 0.777939 0.0359695
871.473 0.751018 0.03611
871.763 0.77835 0.0358797
872.053 0.768927 0.036082
872.343 0.802492 0.0368042
872.634 0.838255 0.0379935
872.924 0.734847 0.0348661
873.214 0.778428 0.0366194
873.504 0.805501 0.0377508
873.794 0.85311 0.0398211
874.084 0.887001 0.0404871
874.373 0.807022 0.0376468
874.663 0.752629 0.0354951
874.953 0.795921 0.0377159
875.242 0.779084 0.0368124
875.532 0.790117 0.0367675
875.821 0.811281 0.0374883
876.111 0.789049 0.0368308
876.4 0.842909 0.0385433
876.689 0.78536 0.036957
876.978 0.808165 0.0375036
877.268 0.795669 0.0372786
877.557 0.796374 0.0377255
877.846 0.842955 0.0386831
878.134 0.827543 0.0386757
878.423 0.827695 0.0386828
878.712 0.827847 0.03869
