178.41 0.724765 0.131688
178.791 0.729354 0.132522
179.172 0.73391 0.13335
179.553 0.447127 0.447127
179.934 0.947984 0.947984
180.316 0.653445 0.653445
180.697 0.507296 0.507296
181.078 0.289669 0.289669
181.459 0.434463 0.434463
181.84 0.765001 0.765001
182.221 3.25946 3.25946
182.602 0.583589 0.583589
182.983 3.16572 0.805655
183.364 1.64617 0.227671
183.744 0.398141 0.070692
184.125 0.666336 0.0793314
184.506 0.622548 0.0628163
184.887 0.447617 0.047498
185.268 0.471356 0.0419618
185.648 0.537509 0.0433771
186.029 0.48902 0.0394641
186.41 0.632471 0.0437071
186.791 0.6215 0.0416384
187.171 0.552289 0.0335734
187.552 0.35559 0.0219179
187.932 0.443212 0.0249161
188.313 0.378636 0.0215092
188.694 0.424704 0.0227672
189.074 0.383154 0.0208489
189.455 0.420703 0.0212403
189.835 0.44899 0.0225623
190.216 0.424717 0.0213658
190.596 0.414435 0.0201983
190.977 0.423985 0.0202711
191.357 0.43203 0.0205229
191.737 0.41131 0.0197745
192.118 0.423591 0.0199692
192.498 0.393457 0.0186487
192.878 0.399023 0.0189247
193.258 0.39546 0.0185149
193.639 0.364347 0.0175512
194.019 0.380813 0.0181016
194.399 0.410515 0.0186321
194.779 0.371856 0.0170224
195.159 0.386935 0.0178674
195.54 0.366733 0.0168735
195.92 0.354723 0.0166439
196.3 0.356147 0.0164357
196.68 0.35297 0.0164439
197.06 0.34447 0.0161478
197.44 0.346109 0.0160308
197.82 0.33011 0.0155329
198.2 0.325866 0.0154255
198.58 0.3142 0.0147471
198.959 0.315609 0.0147534
199.339 0.318946 0.0148956
199.719 0.292213 0.0139845
200.099 0.302786 0.0142695
200.479 0.314168 0.0144941
200.858 0.277886 0.0134306
201.238 0.28302 0.0133423
201.618 0.291603 0.0136951
201.998 0.26563 0.012758
202.377 0.273445 0.0129441
202.757 0.254111 0.0123142
203.136 0.258517 0.0123399
203.516 0.253796 0.0120446
203.896 0.24774 0.0117535
204.275 0.212346 0.0106669
204.655 0.236523 0.0112791
205.034 0.232633 0.0110545
205.414 0.210556 0.0103852
205.793 0.205797 0.0101752
206.172 0.216192 0.0104384
206.552 0.226164 0.0104944
206.931 0.206149 0.00986571
207.31 0.202516 0.00967307
207.69 0.205491 0.00966603
208.069 0.203354 0.00948833
208.448 0.176082 0.00871799
208.827 0.185209 0.00888971
209.207 0.194845 0.00909418
209.586 0.175987 0.00841679
209.965 0.178624 0.0084528
210.344 0.171576 0.00816351
210.723 0.172335 0.00808105
211.102 0.164968 0.00776965
211.481 0.161793 0.00765394
211.86 0.157077 0.00746648
212.239 0.164088 0.00755419
212.618 0.15602 0.00725964
212.997 0.152364 0.00705705
213.376 0.145565 0.00687316
213.755 0.145713 0.00678009
214.134 0.14493 0.00667025
214.513 0.142552 0.00650821
214.891 0.143235 0.00648023
215.27 0.133014 0.00612734
215.649 0.131307 0.00603784
216.028 0.138451 0.00609283
216.406 0.128728 0.00581379
216.785 0.130412 0.00575648
217.164 0.12301 0.00553476
217.542 0.123592 0.00543152
217.921 0.11583 0.00519087
218.3 0.11927 0.00524874
218.678 0.11269 0.00502166
219.057 0.109753 0.00486755
219.435 0.106827 0.00472331
219.814 0.109168 0.0047396
220.192 0.101215 0.00449012
220.57 0.105972 0.00454056
220.949 0.0992995 0.00432154
221.327 0.10077 0.00428102
221.705 0.100787 0.00423756
222.084 0.0982007 0.00409208
222.462 0.0903542 0.00387843
222.84 0.0947616 0.00393911
223.218 0.0888668 0.00371964
223.597 0.0881603 0.0036674
223.975 0.0823046 0.00347971
224.353 0.0832795 0.00346182
224.731 0.08263 0.00339272
225.109 0.0776969 0.00322344
225.487 0.0746563 0.00311482
225.865 0.0755317 0.00308511
226.243 0.0790873 0.00311682
226.621 0.0747487 0.00299021
226.999 0.0754544 0.00294275
227.377 0.0705871 0.00281862
227.755 0.0675151 0.00272064
228.133 0.0693815 0.00272296
228.511 0.0676814 0.00265738
228.889 0.0682427 0.00261736
229.266 0.063609 0.00250295
229.644 0.064316 0.00246728
230.022 0.0639664 0.00242871
230.4 0.0656077 0.00243649
230.777 0.0625825 0.00235701
231.155 0.0608191 0.00229336
231.533 0.0621986 0.00228639
231.91 0.058537 0.00218804
232.288 0.0589761 0.00217542
232.665 0.058573 0.00214007
233.043 0.0582096 0.00211328
233.42 0.0536073 0.00200061
233.798 0.0560914 0.00203147
234.175 0.0548626 0.00198293
234.553 0.0550089 0.00196443
234.93 0.0558162 0.00195897
235.307 0.0534058 0.00190068
235.685 0.054718 0.00190819
236.062 0.0543827 0.0018801
236.439 0.0544092 0.00187126
236.816 0.0527852 0.00182058
237.194 0.0539288 0.00182071
237.571 0.0536412 0.00180004
237.948 0.0527556 0.00177569
238.325 0.0537049 0.00177176
238.702 0.0542943 0.00177094
239.079 0.052775 0.00172866
239.456 0.0528912 0.00171901
239.833 0.0530352 0.00171024
240.21 0.0510069 0.00166173
240.587 0.0529546 0.00168532
240.964 0.0524803 0.00166406
241.341 0.0528832 0.00165632
241.718 0.0527181 0.00163809
242.095 0.0539323 0.00165635
242.472 0.0537429 0.00164033
242.849 0.0531656 0.00161932
243.225 0.0542467 0.00162144
243.602 0.053837 0.00160717
243.979 0.0530902 0.00159047
244.356 0.0520571 0.00156845
244.732 0.0522522 0.00155539
245.109 0.0522038 0.00154378
245.486 0.0541951 0.00157076
245.862 0.0519509 0.0015303
246.239 0.0537015 0.00154001
246.615 0.0519251 0.00151158
246.992 0.0522514 0.00150522
247.368 0.0523603 0.00150677
247.745 0.0535159 0.00151047
248.121 0.0540164 0.00150717
248.497 0.0527953 0.00148763
248.874 0.0537379 0.00149176
249.25 0.0520769 0.0014556
249.626 0.0535544 0.00147366
250.003 0.0533998 0.0014629
250.379 0.0536099 0.0014515
250.755 0.0528749 0.00144277
251.131 0.0543549 0.00145255
251.507 0.052626 0.00142736
251.884 0.0534149 0.00142814
252.26 0.0530138 0.00142314
252.636 0.0522421 0.00139988
253.012 0.0526547 0.00140027
253.388 0.0538205 0.00141143
253.764 0.0534427 0.00140071
254.14 0.0525237 0.00138531
254.516 0.052656 0.00138516
254.892 0.0540933 0.00139684
255.268 0.0529711 0.0013808
255.643 0.051818 0.00135996
256.019 0.054354 0.00139181
256.395 0.0541771 0.00138664
256.771 0.0519812 0.00134835
257.147 0.0537175 0.00136912
257.522 0.0526232 0.00135296
257.898 0.0522954 0.00134652
258.274 0.0523339 0.00134353
258.649 0.0541962 0.00136639
259.025 0.0524404 0.00133669
259.4 0.0536016 0.00135068
259.776 0.0519187 0.0013252
260.151 0.0530874 0.00134454
260.527 0.0535208 0.001344
260.902 0.0533615 0.00133835
261.278 0.0541728 0.00134564
261.653 0.0528345 0.00132888
262.028 0.0527678 0.00132932
262.404 0.0527206 0.00132263
262.779 0.0523093 0.00131416
263.154 0.0529065 0.00131931
263.53 0.0535412 0.00132358
263.905 0.052061 0.00130769
264.28 0.0518329 0.00130415
264.655 0.0535821 0.00132211
265.03 0.0526207 0.00131424
265.405 0.0530723 0.00131547
265.781 0.0532349 0.00131905
266.156 0.0531935 0.00131712
266.531 0.0525976 0.00130281
266.906 0.0530981 0.00131623
267.281 0.0532417 0.00131148
267.655 0.0529678 0.001313
268.03 0.052945 0.00131344
268.405 0.0525137 0.00130634
268.78 0.0517303 0.00129653
269.155 0.0531723 0.00131155
269.53 0.0524935 0.00130765
269.904 0.0527654 0.00130955
270.279 0.0528145 0.00131099
270.654 0.0532375 0.00131249
271.029 0.0525595 0.00130658
271.403 0.053246 0.00131137
271.778 0.0538573 0.00132262
272.152 0.0528874 0.0013119
272.527 0.0532846 0.00131567
272.901 0.0533184 0.00131093
273.276 0.0523857 0.00129645
273.65 0.0523819 0.00130048
274.025 0.0515629 0.00128692
274.399 0.0527013 0.00130729
274.774 0.0530889 0.00130905
275.148 0.0527982 0.00130133
275.522 0.0529013 0.00130609
275.897 0.0524482 0.00129978
276.271 0.0521744 0.00129768
276.645 0.0526614 0.00129994
277.019 0.0537305 0.00130952
277.393 0.0529269 0.00129618
277.768 0.0522212 0.0012936
278.142 0.0532324 0.00130475
278.516 0.0540025 0.00131647
278.89 0.0529777 0.00130135
279.264 0.0530666 0.00130662
279.638 0.0531684 0.00130154
280.012 0.0543012 0.00131765
280.386 0.0536173 0.00131617
280.76 0.05517 0.00133002
281.133 0.053792 0.00131571
281.507 0.0533022 0.00130866
281.881 0.0530318 0.00130235
282.255 0.0536193 0.00131138
282.629 0.0547052 0.00132843
283.002 0.0537819 0.00131789
283.376 0.0540616 0.00131769
283.75 0.0547633 0.00133072
284.123 0.0543819 0.00132145
284.497 0.0544994 0.00132529
284.87 0.0562863 0.00134822
285.244 0.0551282 0.00133182
285.618 0.0561514 0.00134758
285.991 0.0556529 0.00134724
286.364 0.0569842 0.00136276
286.738 0.0557909 0.00134816
287.111 0.0564567 0.00135676
287.485 0.0569665 0.00136364
287.858 0.0581997 0.00138347
288.231 0.0571822 0.00136891
288.605 0.0580202 0.00138269
288.978 0.0590719 0.00139219
289.351 0.058542 0.00139314
289.724 0.0583714 0.00139106
290.097 0.0592702 0.0014034
290.47 0.0594581 0.00141016
290.843 0.0599846 0.0014159
291.217 0.0599897 0.00141624
291.59 0.06072 0.0014347
291.963 0.0603303 0.00142694
292.336 0.0602144 0.00143012
292.708 0.0601878 0.00143253
293.081 0.061539 0.00145519
293.454 0.0603325 0.0014345
293.827 0.0606439 0.00144248
294.2 0.0617182 0.00146469
294.573 0.0614505 0.00145684
294.945 0.0607462 0.00145703
295.318 0.0613324 0.00146348
295.691 0.0614358 0.00146828
296.064 0.0621818 0.00147987
296.436 0.0626922 0.00148489
296.809 0.0616732 0.00146881
297.181 0.0626916 0.00148884
297.554 0.0622207 0.0014855
297.926 0.0625079 0.00149011
298.299 0.0616885 0.00148189
298.671 0.0605719 0.00146202
299.044 0.0631176 0.00150061
299.416 0.0622314 0.00149229
299.788 0.0622372 0.00149004
300.161 0.0626252 0.00150125
300.533 0.0620003 0.00149166
300.905 0.063694 0.00150615
301.278 0.0635631 0.00150776
301.65 0.0633709 0.00150379
302.022 0.0632079 0.00150513
302.394 0.0615272 0.00148738
302.766 0.0630035 0.001503
303.138 0.0622905 0.00150034
303.51 0.0628085 0.00150264
303.882 0.0618409 0.00148915
304.254 0.0624459 0.00149936
304.626 0.0640265 0.00151365
304.998 0.0633504 0.00150519
305.37 0.0635462 0.00151594
305.742 0.0624703 0.00149742
306.114 0.0623265 0.00149505
306.485 0.0637747 0.00151266
306.857 0.062725 0.00149909
307.229 0.0622384 0.00149848
307.601 0.0626871 0.00150346
307.972 0.0633308 0.00150961
308.344 0.0634022 0.00150856
308.716 0.0642795 0.00152523
309.087 0.06291 0.001507
309.459 0.0639694 0.00152194
309.83 0.0634006 0.00151536
310.202 0.063557 0.00151476
310.573 0.0622806 0.00150035
310.945 0.0633618 0.00151226
311.316 0.0630145 0.00151533
311.687 0.0634171 0.00151407
312.059 0.0623197 0.00150617
312.43 0.0636716 0.00151966
312.801 0.0632662 0.00152016
313.172 0.0628236 0.00151576
313.544 0.0628202 0.00151728
313.915 0.0626902 0.00150608
314.286 0.0648132 0.00153802
314.657 0.0634019 0.00151781
315.028 0.0630191 0.00151642
315.399 0.0625805 0.00151063
315.77 0.0635597 0.00152025
316.141 0.0631591 0.00152176
316.512 0.0636414 0.00152733
316.883 0.0622047 0.00151304
317.254 0.0635243 0.00152746
317.625 0.0648795 0.00155318
317.996 0.0626631 0.00151806
318.366 0.0632222 0.00152861
318.737 0.0633624 0.00152876
319.108 0.0644017 0.00154657
319.478 0.0648588 0.00155256
319.849 0.0633682 0.00153389
320.22 0.0643233 0.00154693
320.59 0.0636486 0.00153791
320.961 0.0638467 0.00154295
321.331 0.0638529 0.00154323
321.702 0.0650165 0.00156511
322.072 0.0635913 0.00155255
322.443 0.0647089 0.00156303
322.813 0.0644901 0.00155749
323.184 0.0645782 0.00156292
323.554 0.0660933 0.00158617
323.924 0.0653783 0.00157675
324.295 0.0659603 0.00159144
324.665 0.0655415 0.00158753
325.035 0.065595 0.00158611
325.405 0.0661788 0.0015997
325.775 0.0654949 0.00159915
326.145 0.0651085 0.0015929
326.515 0.0647267 0.00159116
326.886 0.0664085 0.00161984
327.256 0.0653526 0.00160845
327.626 0.0656264 0.00162178
327.995 0.0667825 0.00164004
328.365 0.0656386 0.0016282
328.735 0.0675984 0.00166063
329.105 0.0692807 0.00169938
329.475 0.0713306 0.00173789
329.845 0.0741992 0.00179812
330.215 0.0734503 0.00178231
330.584 0.0718165 0.00174539
330.954 0.0690828 0.0016714
331.324 0.0658869 0.00158632
331.693 0.0622452 0.0015154
332.063 0.0625332 0.00150254
332.432 0.061322 0.00148025
332.802 0.0629405 0.00151197
333.171 0.0640418 0.00154515
333.541 0.0677593 0.00161902
333.91 0.0679699 0.00162977
334.28 0.0686956 0.00164783
334.649 0.0689947 0.0016562
335.018 0.0692986 0.0016655
335.388 0.0687914 0.00166475
335.757 0.0685297 0.00166182
336.126 0.0695101 0.00167968
336.495 0.0684001 0.00166058
336.865 0.0673791 0.00165497
337.234 0.0684647 0.00167768
337.603 0.0682201 0.00167126
337.972 0.0685689 0.00167939
338.341 0.0682073 0.00167221
338.71 0.0705595 0.00169965
339.079 0.0696453 0.00169472
339.448 0.0694257 0.00168938
339.817 0.0695504 0.00169508
340.186 0.0700774 0.00170256
340.554 0.0714475 0.00171687
340.923 0.0697815 0.00170028
341.292 0.0700639 0.00170533
341.661 0.0699608 0.00170621
342.029 0.0703898 0.00170847
342.398 0.0705907 0.0017132
342.767 0.0717191 0.00173348
343.135 0.0705964 0.00171858
343.504 0.0709434 0.00172816
343.872 0.0713956 0.00172721
344.241 0.0721521 0.00174041
344.609 0.0739538 0.001769
344.978 0.0708238 0.00172941
345.346 0.073227 0.0017519
345.715 0.070825 0.00172959
346.083 0.0712713 0.00173889
346.451 0.0718716 0.00174343
346.82 0.0708923 0.00173731
347.188 0.0726249 0.00175509
347.556 0.0733522 0.00177296
347.924 0.0719461 0.00175376
348.292 0.0724655 0.00176408
348.66 0.0714641 0.0017503
349.028 0.0726157 0.00176657
349.396 0.0734915 0.00178419
349.764 0.073005 0.00177603
350.132 0.0736281 0.00178268
350.5 0.0719111 0.00176465
350.868 0.0729004 0.00177997
351.236 0.0726027 0.00177492
351.604 0.0723503 0.00177872
351.972 0.0736154 0.00179623
352.34 0.073572 0.00179832
352.707 0.0721629 0.00178179
353.075 0.0727296 0.00178925
353.443 0.0735185 0.00180303
353.81 0.074678 0.00182171
354.178 0.0732468 0.00180518
354.545 0.0740132 0.00181016
354.913 0.072138 0.00179468
355.28 0.0724324 0.00179858
355.648 0.0735419 0.00180847
356.015 0.0725537 0.00179943
356.383 0.0731962 0.00180531
356.75 0.074632 0.00182758
357.117 0.0741394 0.00182255
357.485 0.0739806 0.00182187
357.852 0.0755136 0.00185336
358.219 0.0747536 0.00183486
358.586 0.0745148 0.00183162
358.954 0.0736085 0.0018281
359.321 0.0749058 0.00183968
359.688 0.0736702 0.00183343
360.055 0.0744263 0.00184019
360.422 0.0743109 0.00184143
360.789 0.0741708 0.00184286
361.156 0.0741552 0.00184104
361.523 0.0746019 0.00185406
361.89 0.0743959 0.00184925
362.256 0.075546 0.00185603
362.623 0.0756815 0.0018762
362.99 0.0747661 0.00185589
363.357 0.0748588 0.00186462
363.724 0.0745207 0.00186121
364.09 0.0740008 0.00185097
364.457 0.0757008 0.00188609
364.823 0.0769469 0.00188933
365.19 0.0750971 0.00186926
365.557 0.0753303 0.00186925
365.923 0.0750609 0.00187209
366.29 0.0752055 0.00187979
366.656 0.0744838 0.00186305
367.022 0.0754795 0.00187312
367.389 0.0752401 0.00187852
367.755 0.076646 0.00190501
368.121 0.0753544 0.00188813
368.488 0.0748479 0.00187923
368.854 0.073583 0.00187036
369.22 0.0759551 0.00190922
369.586 0.0763384 0.00192055
369.952 0.0764404 0.00192601
370.318 0.0761052 0.0019227
370.684 0.0755389 0.00192111
371.051 0.0752936 0.00191852
371.416 0.0756877 0.00193542
371.782 0.0753867 0.0019258
372.148 0.0759741 0.00193726
372.514 0.0769528 0.00195389
372.88 0.077182 0.00196255
373.246 0.0773883 0.00196336
373.612 0.0769126 0.0019564
373.977 0.0753743 0.00193236
374.343 0.0753526 0.00192598
374.709 0.0772437 0.00194367
375.074 0.074653 0.00191652
375.44 0.0761128 0.00194346
375.806 0.0772078 0.00196819
376.171 0.0761792 0.00194515
376.537 0.076858 0.00195201
376.902 0.0769337 0.00195641
377.268 0.074261 0.00191423
377.633 0.0759279 0.00193205
377.998 0.0758793 0.00192404
378.364 0.0761304 0.00191888
378.729 0.07541 0.001913
379.094 0.0759623 0.00192839
379.459 0.0775189 0.00197415
379.825 0.0754257 0.00193868
380.19 0.0771558 0.00196383
380.555 0.0766279 0.00197085
380.92 0.0776971 0.00200935
381.285 0.0766938 0.00199256
381.65 0.0769593 0.00198048
382.015 0.0767568 0.00198078
382.38 0.0772107 0.00199435
382.745 0.0780874 0.00201794
383.11 0.0772776 0.00201287
383.474 0.0771431 0.00200519
383.839 0.0788557 0.00203098
384.204 0.0765957 0.00200812
384.569 0.0778468 0.00202693
384.933 0.0774391 0.0020275
385.298 0.0778298 0.00203578
385.663 0.0774185 0.00202463
386.027 0.0779101 0.00202685
386.392 0.0762371 0.00199641
386.756 0.0770798 0.00199732
387.121 0.0755159 0.00197639
387.485 0.0784757 0.00200856
387.849 0.0782699 0.00199653
388.214 0.0793317 0.00203233
388.578 0.0784694 0.00203142
388.942 0.0752555 0.00199952
389.307 0.0771081 0.00202213
389.671 0.0767496 0.00202486
390.035 0.0771338 0.00202067
390.399 0.0774651 0.00202025
390.763 0.0767729 0.00199935
391.127 0.0756418 0.00197741
391.492 0.0760513 0.00195549
391.856 0.0735526 0.00190093
392.219 0.0737859 0.00188973
392.583 0.0757511 0.00192564
392.947 0.0784272 0.00200164
393.311 0.0781929 0.00201709
393.675 0.0779325 0.0020198
394.039 0.0788858 0.0020447
394.403 0.0780884 0.00203535
394.766 0.0776029 0.00203452
395.13 0.0784344 0.00205081
395.494 0.0784771 0.00205055
395.857 0.0777634 0.00203229
396.221 0.0768249 0.00201084
396.584 0.0750251 0.00197226
396.948 0.0732008 0.0019271
397.311 0.076063 0.00193549
397.675 0.0739763 0.00189845
398.038 0.0761891 0.00192757
398.401 0.0751299 0.00194133
398.765 0.0776882 0.00200463
399.128 0.0777948 0.00203467
399.491 0.0783627 0.00205762
399.854 0.0775241 0.00204949
400.218 0.0768764 0.00204685
400.581 0.078789 0.00207805
400.944 0.0781826 0.00208018
401.307 0.0800441 0.00213013
401.67 0.0788536 0.00210808
402.033 0.0776782 0.00209842
402.396 0.0789253 0.00211637
402.759 0.0792929 0.00212388
403.122 0.0777161 0.0020924
403.485 0.0773607 0.00208707
403.847 0.0786386 0.00208673
404.21 0.0782576 0.00207091
404.573 0.0788832 0.0020769
404.936 0.0774559 0.00204789
405.298 0.0776312 0.00207271
405.661 0.0786754 0.00211585
406.023 0.0793475 0.002155
406.386 0.0815623 0.00219261
406.749 0.0816766 0.00220418
407.111 0.0813675 0.00219718
407.473 0.0777538 0.00211347
407.836 0.0777036 0.00210971
408.198 0.0777279 0.00209719
408.561 0.0796271 0.00212876
408.923 0.0816369 0.00215864
409.285 0.0789855 0.00212722
409.647 0.0795918 0.00215408
410.009 0.0805715 0.0021878
410.372 0.0791245 0.0021649
410.734 0.0818511 0.00221296
411.096 0.0802273 0.00218705
411.458 0.0781328 0.0021578
411.82 0.0778037 0.00213912
412.182 0.0799561 0.00215205
412.544 0.079662 0.00215289
412.906 0.0805179 0.0021606
413.267 0.0785254 0.00214133
413.629 0.0795333 0.00217199
413.991 0.0795606 0.00218257
414.353 0.0802192 0.00219762
414.714 0.0809177 0.00223042
415.076 0.0797271 0.00220845
415.438 0.0807866 0.00222065
415.799 0.0798543 0.00219899
416.161 0.0800678 0.00222124
416.522 0.0814079 0.00224897
416.884 0.0819633 0.00225803
417.245 0.0829735 0.00228028
417.607 0.0816025 0.00225579
417.968 0.0790272 0.00221741
418.329 0.0817372 0.00225229
418.691 0.080935 0.00224046
419.052 0.0816912 0.00224934
419.413 0.080569 0.00221374
419.774 0.0812037 0.00221552
420.135 0.0788759 0.00213493
420.497 0.0757004 0.00205851
420.858 0.0748772 0.00201904
421.219 0.0753837 0.0020327
421.58 0.0781059 0.00209545
421.941 0.0810521 0.00217209
422.302 0.0796553 0.00218217
422.662 0.0811539 0.00221208
423.023 0.0808648 0.00221788
423.384 0.0800515 0.0022141
423.745 0.079818 0.00219753
424.106 0.0809653 0.00221202
424.466 0.0798235 0.00219209
424.827 0.0817474 0.00224898
425.187 0.0822991 0.00228511
425.548 0.0807408 0.00228475
425.909 0.080771 0.00229727
426.269 0.0809747 0.00228394
426.63 0.0802369 0.0022581
426.99 0.0804166 0.00224207
427.35 0.0826398 0.002283
427.711 0.0803214 0.00223479
428.071 0.0779013 0.00218244
428.431 0.0784681 0.00214852
428.792 0.0742507 0.00201846
429.152 0.0736128 0.00195452
429.512 0.0752337 0.00197222
429.872 0.0749751 0.00198249
430.232 0.0794098 0.00207631
430.592 0.0808612 0.00215465
430.952 0.081716 0.00222997
431.312 0.0848468 0.00232881
431.672 0.0814723 0.00230831
432.032 0.0806835 0.00229009
432.392 0.0793325 0.00224013
432.752 0.074704 0.00206686
433.111 0.0764462 0.00204413
433.471 0.078462 0.00210331
433.831 0.082442 0.00224044
434.19 0.0811998 0.00222378
434.55 0.0806583 0.00221595
434.91 0.0815374 0.00225399
435.269 0.0807515 0.0022122
435.629 0.080396 0.00220247
435.988 0.0801788 0.00219007
436.348 0.0809556 0.00223431
436.707 0.0821719 0.00228529
437.066 0.0826169 0.00229022
437.426 0.0789625 0.00221242
437.785 0.0779325 0.00219178
438.144 0.0774796 0.00218268
438.503 0.0793427 0.00223791
438.862 0.0801528 0.00225348
439.222 0.0799011 0.00226789
439.581 0.0808981 0.00229179
439.94 0.0785412 0.00222652
440.299 0.0768249 0.00212783
440.658 0.0764638 0.00206879
441.017 0.078067 0.00209104
441.376 0.0799479 0.00214078
441.734 0.0784504 0.00214241
442.093 0.0794471 0.00215504
442.452 0.0781328 0.0021218
442.811 0.0774475 0.00210318
443.169 0.0761253 0.00208437
443.528 0.0787825 0.00216442
443.887 0.077614 0.00214968
444.245 0.0783795 0.00216972
444.604 0.0810431 0.00222465
444.962 0.0804672 0.00222727
445.321 0.0811374 0.00223862
445.679 0.0784179 0.00218922
446.038 0.0791567 0.00219147
446.396 0.0826299 0.00226988
446.754 0.0809334 0.0022772
447.112 0.080991 0.00228953
447.471 0.0818327 0.00230403
447.829 0.0803534 0.00229505
448.187 0.0838453 0.00234022
448.545 0.0823132 0.00231165
448.903 0.0801566 0.00228707
449.261 0.0809557 0.00230513
449.619 0.0818388 0.00233962
449.977 0.0816135 0.00234777
450.335 0.0854665 0.00242888
450.693 0.0838253 0.0024114
451.051 0.0826394 0.00238954
451.409 0.0842867 0.0024227
451.766 0.0820695 0.00239367
452.124 0.083178 0.00244359
452.482 0.0849777 0.00249435
452.839 0.0854976 0.00252991
453.197 0.0848073 0.00252413
453.555 0.08551 0.00254504
453.912 0.085506 0.0025383
454.27 0.0850253 0.00249123
454.627 0.0810641 0.00240376
454.984 0.0831591 0.00244037
455.342 0.0896075 0.00257206
455.699 0.0859336 0.00254689
456.056 0.0842452 0.00250678
456.414 0.0855054 0.00250288
456.771 0.0830812 0.00242203
457.128 0.0838643 0.00242411
457.485 0.0795881 0.00235331
457.842 0.0837246 0.00242863
458.199 0.0830958 0.00241669
458.556 0.0830307 0.00239244
458.913 0.0828052 0.00238929
459.27 0.082578 0.00237249
459.627 0.0829882 0.00241298
459.984 0.0832199 0.00239873
460.341 0.0813391 0.00236841
460.697 0.0826936 0.00241651
461.054 0.0855127 0.00252974
461.411 0.0895766 0.00264249
461.767 0.0882685 0.00265406
462.124 0.0869336 0.00262733
462.481 0.0847362 0.00256289
462.837 0.0834784 0.00250431
463.194 0.083017 0.00244511
463.55 0.0836781 0.00247061
463.907 0.0799454 0.00235148
464.263 0.0799331 0.00231893
464.619 0.0794819 0.0022686
464.976 0.0784626 0.00222279
465.332 0.0787592 0.00222644
465.688 0.0836864 0.00236545
466.044 0.0881511 0.00251489
466.4 0.0867582 0.00253376
466.756 0.0879634 0.00256803
467.112 0.0822072 0.00248257
467.468 0.0839616 0.00250521
467.824 0.0835042 0.00252401
468.18 0.0848847 0.00257802
468.536 0.0873214 0.00261695
468.892 0.0895607 0.00269257
469.248 0.0888632 0.00269396
469.604 0.0895866 0.00272117
469.959 0.0887096 0.00270686
470.315 0.0882196 0.00269792
470.671 0.0893642 0.00271266
471.026 0.085584 0.00263226
471.382 0.087038 0.00262913
471.737 0.0852696 0.00258134
472.093 0.0840565 0.00252294
472.448 0.0831142 0.00246059
472.804 0.0825277 0.00243099
473.159 0.0823665 0.00240868
473.514 0.0831454 0.00243234
473.87 0.0833574 0.00240073
474.225 0.0784233 0.00226206
474.58 0.0775092 0.0022045
474.935 0.0798186 0.00225612
475.29 0.0808269 0.00230094
475.645 0.0814515 0.00231215
476 0.0783713 0.00227094
476.355 0.0810121 0.00232967
476.71 0.081951 0.00234175
477.065 0.0766439 0.00219869
477.42 0.0774124 0.00218054
477.775 0.0798451 0.00221721
478.13 0.079951 0.00223864
478.485 0.0784501 0.00220146
478.839 0.0772103 0.00215787
479.194 0.0750225 0.00207256
479.549 0.0741025 0.00203456
479.903 0.076246 0.00206927
480.258 0.0768112 0.00209327
480.612 0.0745713 0.00203563
480.967 0.0715049 0.00194725
481.321 0.0737743 0.00198425
481.675 0.0740793 0.00202665
482.03 0.0768933 0.00210121
482.384 0.076745 0.002108
482.738 0.0750811 0.00206514
483.093 0.072921 0.00202035
483.447 0.0736483 0.0019863
483.801 0.0712202 0.0018923
484.155 0.0714722 0.00187145
484.509 0.0603856 0.0014979
484.863 0.0447897 0.000879281
485.217 0.0486612 0.000832963
485.571 0.0557736 0.000914799
485.925 0.0756712 0.00135736
486.279 0.0816044 0.00163448
486.632 0.0800772 0.00175119
486.986 0.0768715 0.0018547
487.34 0.0781718 0.00199658
487.694 0.0775914 0.00204468
488.047 0.0754341 0.00202745
488.401 0.0759622 0.00203712
488.754 0.0745109 0.00203037
489.108 0.0764341 0.00208997
489.461 0.0755091 0.00208735
489.815 0.07815 0.00214568
490.168 0.0774046 0.00211187
490.522 0.0762988 0.00208781
490.875 0.0754844 0.00207976
491.228 0.0768515 0.00211294
491.581 0.0757684 0.0020836
491.935 0.0751967 0.0020834
492.288 0.0759318 0.00210219
492.641 0.0758082 0.00208558
492.994 0.0747626 0.0020696
493.347 0.0761531 0.00205975
493.7 0.0753623 0.00205059
494.053 0.0734059 0.00203073
494.406 0.0780771 0.00212822
494.759 0.0783967 0.00217605
495.111 0.0724795 0.00202698
495.464 0.0715906 0.0019261
495.817 0.0720224 0.001897
496.169 0.0743168 0.00198106
496.522 0.080661 0.00215705
496.875 0.0791955 0.00220875
497.227 0.0801156 0.00224349
497.58 0.0795554 0.00223174
497.932 0.0775102 0.002177
498.285 0.0770949 0.00215134
498.637 0.0729345 0.00204037
498.989 0.0729794 0.00201828
499.342 0.0754636 0.00206756
499.694 0.0786883 0.00215795
500.046 0.0771239 0.00215474
500.398 0.0749198 0.00207172
500.751 0.0754206 0.00205967
501.103 0.0755675 0.00205511
501.455 0.0734568 0.00202931
501.807 0.0763424 0.00207189
502.159 0.0752096 0.00205757
502.511 0.0742244 0.00203898
502.862 0.0760375 0.00207262
503.214 0.0776584 0.00212323
503.566 0.0781772 0.00217349
503.918 0.0779896 0.00219437
504.27 0.0788448 0.00220403
504.621 0.0780488 0.00219823
504.973 0.0776841 0.00220546
505.324 0.0776901 0.0021913
505.676 0.0764636 0.00213606
506.027 0.0762704 0.00213911
506.379 0.0822119 0.00229488
506.73 0.0808641 0.0023107
507.082 0.0784589 0.00225992
507.433 0.0783617 0.00221669
507.784 0.0765205 0.00217218
508.136 0.0789089 0.0022443
508.487 0.079714 0.00227887
508.838 0.0809364 0.00231781
509.189 0.0815766 0.0023244
509.54 0.0784871 0.00224949
509.891 0.0774405 0.00226029
510.242 0.0818852 0.00232684
510.593 0.07979 0.00231149
510.944 0.0789335 0.00231191
511.295 0.0819781 0.00240514
511.646 0.0835399 0.00245483
511.996 0.0809542 0.00239164
512.347 0.0807772 0.00237106
512.698 0.0816272 0.00239138
513.049 0.0807821 0.00239362
513.399 0.0816742 0.00241796
513.75 0.0835668 0.00243851
514.1 0.0852519 0.0025097
514.451 0.0866694 0.0025831
514.801 0.082153 0.00250385
515.152 0.0840186 0.00250974
515.502 0.07984 0.00240861
515.852 0.0823006 0.00243232
516.202 0.0802863 0.00239915
516.553 0.0821107 0.00246173
516.903 0.0866671 0.00256768
517.253 0.0866123 0.00260559
517.603 0.0830531 0.00255103
517.953 0.0853921 0.00257413
518.303 0.0812227 0.00245158
518.653 0.0818828 0.00244135
519.003 0.0831041 0.00247838
519.353 0.0875045 0.00263411
519.703 0.0893946 0.00271887
520.052 0.0875627 0.00270467
520.402 0.0856935 0.0026609
520.752 0.0855389 0.00262808
521.102 0.0877704 0.00270528
521.451 0.0894297 0.00275017
521.801 0.0874507 0.0027118
522.15 0.0852407 0.00263294
522.5 0.0844163 0.00261593
522.849 0.0866079 0.00264135
523.199 0.0856909 0.00260251
523.548 0.0841604 0.00255436
523.897 0.084778 0.00259336
524.246 0.0860543 0.0026563
524.596 0.0883894 0.0027302
524.945 0.0853672 0.00266748
525.294 0.0862858 0.00268148
525.643 0.0847568 0.00265169
525.992 0.0910296 0.00274337
526.341 0.0876239 0.00267478
526.69 0.0862535 0.00267467
527.039 0.0894668 0.00275059
527.388 0.0878014 0.00274393
527.737 0.0829709 0.00258622
528.086 0.0796524 0.00244074
528.434 0.0807987 0.00241326
528.783 0.081958 0.00249692
529.132 0.0854633 0.00259829
529.48 0.087517 0.00266316
529.829 0.086847 0.00266756
530.177 0.0862136 0.00268509
530.526 0.0888147 0.002732
530.874 0.0876165 0.00268764
531.223 0.0847486 0.00263947
531.571 0.0882869 0.0027172
531.919 0.0860986 0.00265695
532.268 0.0798354 0.00248035
532.616 0.078004 0.00237337
532.964 0.0791769 0.00235567
533.312 0.0791404 0.00235635
533.66 0.0803936 0.00238565
534.008 0.0788195 0.0023568
534.356 0.0810469 0.00239145
534.704 0.0822034 0.00243034
535.052 0.0819809 0.00245969
535.4 0.0854618 0.00256446
535.748 0.0882859 0.00266854
536.095 0.0874222 0.00272273
536.443 0.0860124 0.00270406
536.791 0.0853716 0.00263699
537.139 0.0836298 0.00254985
537.486 0.0795553 0.00242944
537.834 0.079933 0.0024223
538.181 0.0812021 0.00242744
538.529 0.0809225 0.00243691
538.876 0.0814483 0.00243847
539.223 0.0834189 0.00250952
539.571 0.0854974 0.00259494
539.918 0.0852662 0.00258225
540.265 0.0801826 0.00245472
540.613 0.0802254 0.00241315
540.96 0.0815965 0.00246381
541.307 0.0838686 0.00250244
541.654 0.0828826 0.00248706
542.001 0.0832087 0.00249971
542.348 0.0817206 0.00247679
542.695 0.0833881 0.0025051
543.042 0.0798224 0.00241334
543.388 0.0797568 0.00238184
543.735 0.0779791 0.00235187
544.082 0.0809834 0.0023931
544.429 0.0806075 0.00239853
544.775 0.0813028 0.0024619
545.122 0.0861953 0.00261005
545.469 0.0860963 0.0026512
545.815 0.0841714 0.00260622
546.162 0.0822113 0.00255521
546.508 0.0800069 0.00246896
546.854 0.0777445 0.0023436
547.201 0.0758985 0.00223082
547.547 0.0754412 0.00221765
547.893 0.082716 0.00237425
548.24 0.0868176 0.00256268
548.586 0.0865013 0.00266438
548.932 0.0914017 0.00277955
549.278 0.0860269 0.00269851
549.624 0.0854637 0.00267529
549.97 0.087384 0.0027305
550.316 0.0885576 0.00280365
550.662 0.0911803 0.00287414
551.008 0.0824946 0.00259238
551.353 0.077758 0.00238238
551.699 0.0774391 0.0023249
552.045 0.0811074 0.0024434
552.391 0.0851942 0.0025561
552.736 0.0848634 0.00256279
553.082 0.0826227 0.00253244
553.427 0.0854108 0.00262032
553.773 0.0891319 0.00276542
554.118 0.0875237 0.00274053
554.464 0.0831818 0.00260313
554.809 0.0774456 0.00241202
555.154 0.0789955 0.00240322
555.5 0.0817094 0.0024497
555.845 0.0847976 0.00259259
556.19 0.0871074 0.00269896
556.535 0.089636 0.00279933
556.88 0.0852907 0.00268661
557.225 0.0866472 0.00269785
557.57 0.0863232 0.00274535
557.915 0.0918723 0.002909
558.26 0.092129 0.00294896
558.605 0.0908167 0.0029175
558.95 0.0868809 0.00279066
559.295 0.0818443 0.00256412
559.639 0.0784182 0.00241541
559.984 0.078676 0.00232691
560.329 0.0804765 0.00234469
560.673 0.0803209 0.00235055
561.018 0.0808624 0.00242768
561.362 0.0856851 0.00256564
561.707 0.0858334 0.00263223
562.051 0.0841741 0.00257489
562.395 0.080303 0.00248176
562.74 0.07804 0.002398
563.084 0.0783076 0.00237242
563.428 0.0774162 0.00230963
563.772 0.0783317 0.00233401
564.117 0.0765733 0.00229079
564.461 0.0768938 0.00228831
564.805 0.0808494 0.00236687
565.149 0.0782141 0.00231724
565.493 0.0786283 0.00232693
565.836 0.0761946 0.00224663
566.18 0.0765689 0.00221923
566.524 0.069285 0.00196857
566.868 0.0701681 0.00192796
567.212 0.0680869 0.00186682
567.555 0.0691184 0.00185714
567.899 0.0661665 0.00173286
568.242 0.0628358 0.00161973
568.586 0.0609519 0.00149284
568.929 0.0570758 0.00135218
569.273 0.0559615 0.00126588
569.616 0.0593432 0.00130541
569.96 0.0595556 0.00128133
570.303 0.0578775 0.00122389
570.646 0.0585105 0.00121528
570.989 0.0572238 0.00116463
571.333 0.0578579 0.00118564
571.676 0.0607159 0.00125997
572.019 0.0669704 0.00143088
572.362 0.0588541 0.00126566
572.705 0.0537159 0.00112228
573.048 0.0535353 0.00106644
573.391 0.0529494 0.00102598
573.733 0.0542396 0.00102398
574.076 0.054767 0.00101758
574.419 0.0582887 0.00108178
574.762 0.0610341 0.00116594
575.104 0.0644642 0.00128268
575.447 0.0595243 0.00121591
575.789 0.0555977 0.00110457
576.132 0.0530221 0.00101905
576.474 0.0538917 0.00101587
576.817 0.0510556 0.000914685
577.159 0.0506314 0.000861232
577.501 0.0540087 0.000896511
577.844 0.0596921 0.00100873
578.186 0.0658444 0.00118834
578.528 0.0635343 0.00121499
578.87 0.0609583 0.00119529
579.212 0.0566275 0.00111363
579.554 0.0553233 0.00106556
579.896 0.0558791 0.00107742
580.238 0.0528097 0.000987029
580.58 0.04793 0.000826183
580.922 0.0505814 0.000815684
581.264 0.0564233 0.00086148
581.606 0.0579727 0.000911676
581.947 0.0599877 0.000984386
582.289 0.0657265 0.00114476
582.631 0.0694685 0.00130543
582.972 0.0687994 0.00138624
583.314 0.0624934 0.00130662
583.655 0.057425 0.00121081
583.997 0.0514088 0.00104574
584.338 0.0501894 0.000961045
584.679 0.0506065 0.000925905
585.021 0.0550257 0.000992026
585.362 0.0599947 0.00111302
585.703 0.0631824 0.00122853
586.044 0.0606346 0.00120799
586.385 0.0551075 0.00108974
586.726 0.0524694 0.00101558
587.067 0.0584983 0.00111443
587.408 0.060782 0.00120111
587.749 0.0619141 0.00126972
588.09 0.0637346 0.00134194
588.431 0.0664438 0.00145179
588.772 0.0666547 0.00151229
589.113 0.0618647 0.00143179
589.453 0.0617611 0.00142283
589.794 0.0647264 0.00150646
590.134 0.0669714 0.00161413
590.475 0.0669831 0.00165179
590.815 0.0648896 0.00161073
591.156 0.0654662 0.00162017
591.496 0.0623036 0.00153237
591.837 0.0520747 0.00120521
592.177 0.0505042 0.00107818
592.517 0.0516471 0.00104387
592.857 0.0584111 0.00117045
593.198 0.0622554 0.00128565
593.538 0.0693078 0.00149643
593.878 0.0690794 0.00154171
594.218 0.0621773 0.00141548
594.558 0.0584219 0.00132107
594.898 0.0618557 0.00139762
595.237 0.0661461 0.00153488
595.577 0.0696354 0.00167658
595.917 0.0721818 0.0017922
596.257 0.0659174 0.00164091
596.596 0.0623741 0.00155608
596.936 0.0630992 0.00153912
597.276 0.0669294 0.00164711
597.615 0.0639335 0.00158129
597.955 0.0542471 0.00128106
598.294 0.0533229 0.00119162
598.633 0.0568478 0.00123446
598.973 0.0611904 0.00132901
599.312 0.0599259 0.0013112
599.651 0.0610334 0.00133375
599.991 0.0626474 0.00138078
600.33 0.0630902 0.00140706
600.669 0.0631667 0.00144827
601.008 0.0655314 0.00152612
601.347 0.0663781 0.00158829
601.686 0.0637157 0.00151066
602.025 0.0638705 0.00152259
602.364 0.0581582 0.00138052
602.702 0.0588251 0.0013685
603.041 0.0615286 0.00140886
603.38 0.0651695 0.0015193
603.719 0.0691389 0.00163617
604.057 0.0676338 0.00166374
604.396 0.0667595 0.00165035
604.734 0.0604392 0.00149975
605.073 0.0564398 0.00134079
605.411 0.0595765 0.00139091
605.75 0.0632871 0.00148591
606.088 0.0663918 0.00160159
606.426 0.0630842 0.00152291
606.764 0.0625785 0.00149595
607.103 0.0640485 0.00156137
607.441 0.068262 0.00166755
607.779 0.0685927 0.00171211
608.117 0.0664557 0.0016737
608.455 0.0685754 0.00177229
608.793 0.0683887 0.00178695
609.131 0.0620368 0.00158781
609.469 0.0601936 0.0015263
609.806 0.0635007 0.00158875
610.144 0.0700915 0.00180024
610.482 0.0697991 0.00181515
610.819 0.069678 0.0018096
611.157 0.0688578 0.00180839
611.495 0.0715888 0.00190853
611.832 0.0704684 0.00189919
612.17 0.068726 0.00186192
612.507 0.0684297 0.00183715
612.844 0.0707074 0.0018871
613.182 0.0698436 0.00187987
613.519 0.0697286 0.00186675
613.856 0.0664394 0.00181744
614.193 0.0659701 0.00178817
614.53 0.0669471 0.00176384
614.867 0.0661011 0.00175076
615.205 0.0705227 0.00189892
615.541 0.0740964 0.00201678
615.878 0.0756532 0.00212438
616.215 0.0738706 0.00207777
616.552 0.074835 0.00211266
616.889 0.0699198 0.00199522
617.226 0.0704186 0.00198178
617.562 0.0722167 0.00207072
617.899 0.0786142 0.00229098
618.235 0.0856577 0.00251462
618.572 0.0848205 0.00259501
618.908 0.0799527 0.00243202
619.245 0.0742874 0.00224859
619.581 0.0723703 0.00218048
619.918 0.083507 0.00253684
620.254 0.0984548 0.00310734
620.59 0.0973702 0.0031367
620.926 0.0797461 0.00264677
621.262 0.0794601 0.00249528
621.599 0.0786248 0.00249341
621.935 0.0788513 0.00246557
622.271 0.074899 0.00231289
622.606 0.0727939 0.00223089
622.942 0.0779235 0.00236537
623.278 0.0821256 0.00249909
623.614 0.0762193 0.0022944
623.95 0.0737597 0.00224804
624.285 0.0769752 0.00233933
624.621 0.0849883 0.00259161
624.957 0.0861471 0.00269038
625.292 0.0910088 0.00284887
625.628 0.0914262 0.00294179
625.963 0.0892908 0.00292653
626.299 0.0859113 0.00281151
626.634 0.0841674 0.00273917
626.969 0.0878043 0.00284947
627.304 0.0992453 0.00328377
627.64 0.10674 0.00365279
627.975 0.100173 0.00346783
628.31 0.0930766 0.00315972
628.645 0.0900226 0.00303637
628.98 0.0929058 0.00315239
629.315 0.0979752 0.0032993
629.65 0.0974105 0.00331603
629.985 0.0913172 0.00320161
630.319 0.0994786 0.00348775
630.654 0.100875 0.00355217
630.989 0.100275 0.00352423
631.323 0.102366 0.00362248
631.658 0.110998 0.00392584
631.993 0.115523 0.00417848
632.327 0.116233 0.00420727
632.662 0.115019 0.00416258
632.996 0.107531 0.00393553
633.33 0.10524 0.00383575
633.665 0.114562 0.00414219
633.999 0.118796 0.00434618
634.333 0.119782 0.00436329
634.667 0.113552 0.00426302
635.001 0.113945 0.00416634
635.335 0.110936 0.00395452
635.669 0.0977581 0.00357446
636.003 0.10236 0.00370856
636.337 0.110923 0.00405354
636.671 0.121561 0.00446512
637.005 0.125857 0.00466673
637.339 0.123487 0.00460213
637.672 0.110445 0.00419342
638.006 0.110147 0.00408023
638.339 0.113558 0.00420333
638.673 0.118984 0.00443957
639.006 0.124084 0.00467614
639.34 0.126387 0.00471671
639.673 0.129457 0.00484178
640.007 0.123097 0.00470949
640.34 0.129329 0.00491144
640.673 0.128201 0.00492722
641.006 0.135748 0.00514471
641.34 0.130546 0.0051001
641.673 0.136558 0.00534078
642.006 0.144914 0.00559654
642.339 0.137767 0.00536031
642.672 0.136138 0.00529577
643.004 0.140881 0.00541796
643.337 0.148281 0.00573749
643.67 0.146567 0.00570269
644.003 0.143648 0.00559029
644.336 0.144645 0.00558615
644.668 0.136824 0.0054233
645.001 0.14487 0.00567696
645.333 0.149638 0.00591149
645.666 0.155738 0.00615523
645.998 0.159184 0.00636502
646.331 0.163614 0.00655105
646.663 0.159465 0.00640091
646.995 0.144329 0.00571821
647.327 0.123342 0.00485447
647.66 0.116637 0.00446234
647.992 0.112399 0.0043136
648.324 0.118357 0.00441009
648.656 0.122196 0.00454335
648.988 0.131862 0.00490752
649.32 0.140061 0.00541025
649.652 0.155842 0.00597466
649.983 0.158704 0.0061591
650.315 0.151778 0.006062
650.647 0.144631 0.0057818
650.979 0.136447 0.00535968
651.31 0.129292 0.00501661
651.642 0.126552 0.00485172
651.973 0.12817 0.00487939
652.305 0.129442 0.00488493
652.636 0.132249 0.00500604
652.967 0.137735 0.00522426
653.299 0.1393 0.00537632
653.63 0.140014 0.00532917
653.961 0.118894 0.00456194
654.292 0.0806581 0.00288403
654.623 0.025881 0.000592139
654.955 0.0923477 0.00109799
655.286 0.160562 0.00144775
655.616 0.200752 0.00161879
655.947 0.170346 0.00149112
656.278 0.119828 0.00125058
656.609 0.0866765 0.00111305
656.94 0.105953 0.00162841
657.27 0.111883 0.00196181
657.601 0.119764 0.00234106
657.932 0.128309 0.00289831
658.262 0.135601 0.00362953
658.593 0.141244 0.00444351
658.923 0.154024 0.00542563
659.254 0.162032 0.00614711
659.584 0.169415 0.00667364
659.914 0.181859 0.00724062
660.244 0.187282 0.00753128
660.575 0.176015 0.00724783
660.905 0.175182 0.00724141
661.235 0.178473 0.0072068
661.565 0.167791 0.00693753
661.895 0.170619 0.00695582
662.225 0.174462 0.00714452
662.555 0.186751 0.00749449
662.884 0.177769 0.00723034
663.214 0.169658 0.00696602
663.544 0.170986 0.00692048
663.873 0.168036 0.00675886
664.203 0.168538 0.00669523
664.533 0.153328 0.00621301
664.862 0.151835 0.00613968
665.192 0.161069 0.00650553
665.521 0.178369 0.00721765
665.85 0.181757 0.00750229
666.18 0.198084 0.00815465
666.509 0.191979 0.00798031
666.838 0.177633 0.00749485
667.167 0.181046 0.00746933
667.496 0.182729 0.00763329
667.825 0.18284 0.00767402
668.154 0.188056 0.00776976
668.483 0.184521 0.0076441
668.812 0.184015 0.00749136
669.141 0.167063 0.00706676
669.47 0.168431 0.0070083
669.798 0.17805 0.00727936
670.127 0.186069 0.00744847
670.456 0.160284 0.00652219
670.784 0.130048 0.00526966
671.113 0.120127 0.00464909
671.441 0.113729 0.00432252
671.77 0.115807 0.00443427
672.098 0.127695 0.00483948
672.426 0.148212 0.00579657
672.755 0.162115 0.00644585
673.083 0.162326 0.00654122
673.411 0.164803 0.00657778
673.739 0.164761 0.00667318
674.067 0.181606 0.00737603
674.395 0.181565 0.00737436
674.723 0.170866 0.00696752
675.051 0.16244 0.00669527
675.379 0.165684 0.00675621
675.706 0.177003 0.00705998
676.034 0.169569 0.00706606
676.362 0.183924 0.00739455
676.689 0.162808 0.0065351
677.017 0.140313 0.0056685
677.344 0.135461 0.00535026
677.672 0.143796 0.0056069
677.999 0.142438 0.0056483
678.327 0.137425 0.00543742
678.654 0.130962 0.00507702
678.981 0.124982 0.00481056
679.308 0.129271 0.00493142
679.636 0.13633 0.005301
679.963 0.146138 0.00576306
680.29 0.141563 0.00568756
680.617 0.145439 0.00565756
680.944 0.133475 0.00533948
681.271 0.143007 0.00568609
681.597 0.163295 0.00648698
681.924 0.177865 0.0072106
682.251 0.16965 0.00701442
682.578 0.154719 0.00634661
682.904 0.137732 0.00558751
683.231 0.133797 0.00528806
683.557 0.132171 0.00513812
683.884 0.123615 0.00482728
684.21 0.122982 0.00470217
684.536 0.115028 0.00439895
684.863 0.117599 0.004381
685.189 0.120598 0.00451137
685.515 0.129658 0.00493096
685.841 0.131441 0.00512732
686.167 0.13641 0.00522853
686.493 0.130122 0.00504559
686.819 0.130875 0.00508888
687.145 0.138834 0.00547017
687.471 0.155328 0.00622213
687.797 0.170674 0.00674107
688.123 0.159816 0.00648343
688.448 0.142533 0.00592197
688.774 0.144847 0.00579044
689.1 0.152234 0.00603676
689.425 0.165718 0.00656268
689.751 0.167552 0.00670568
690.076 0.143988 0.00587012
690.402 0.132429 0.00525965
690.727 0.127212 0.00499587
691.052 0.133152 0.00524517
691.377 0.139341 0.00552674
691.703 0.138851 0.00565669
692.028 0.14404 0.00576468
692.353 0.139203 0.00554727
692.678 0.146753 0.0057395
693.003 0.157506 0.00617211
693.328 0.170252 0.00689074
693.652 0.19451 0.00769784
693.977 0.169707 0.0070185
694.302 0.153366 0.00629108
694.627 0.155149 0.0062391
694.951 0.173368 0.00683239
695.276 0.194144 0.00792609
695.6 0.196748 0.00811327
695.925 0.145491 0.00612329
696.249 0.129466 0.00509328
696.574 0.120767 0.004662
696.898 0.124939 0.00495769
697.222 0.150411 0.0057497
697.546 0.149832 0.00596951
697.871 0.162671 0.00635105
698.195 0.158082 0.00630669
698.519 0.156219 0.00642808
698.843 0.17607 0.0070196
699.167 0.173421 0.00722839
699.491 0.193138 0.00791876
699.814 0.202067 0.00816522
700.138 0.192774 0.00799961
700.462 0.193466 0.00814646
700.786 0.187035 0.00790355
701.109 0.180541 0.00757373
701.433 0.169762 0.00708981
701.756 0.169557 0.00683258
702.08 0.16678 0.00677697
702.403 0.174211 0.0070674
702.726 0.187809 0.00764944
703.05 0.190144 0.0078847
703.373 0.197729 0.00813418
703.696 0.193125 0.00804568
704.019 0.210092 0.00868447
704.342 0.218487 0.0091793
704.665 0.233342 0.0098779
704.988 0.230651 0.00975656
705.311 0.206269 0.0086595
705.634 0.168356 0.00702417
705.957 0.144775 0.00589943
706.28 0.125587 0.00509007
706.602 0.126599 0.00505755
706.925 0.137229 0.00537634
707.247 0.141355 0.00567397
707.57 0.153349 0.00614285
707.892 0.163102 0.00655137
708.215 0.180004 0.00721879
708.537 0.185273 0.00750393
708.859 0.173115 0.00729503
709.182 0.184818 0.00745954
709.504 0.165758 0.00687851
709.826 0.160281 0.00667901
710.148 0.167855 0.00686256
710.47 0.171649 0.00713693
710.792 0.18484 0.00767975
711.114 0.191162 0.0080718
711.436 0.202488 0.00849233
711.758 0.190709 0.00810822
712.079 0.192965 0.00806284
712.401 0.169042 0.00717413
712.723 0.1622 0.00677235
713.044 0.14518 0.0060364
713.366 0.143148 0.00592726
713.687 0.150569 0.00612835
714.009 0.156167 0.00641058
714.33 0.166522 0.00676813
714.652 0.174475 0.00712476
714.973 0.18942 0.00768086
715.294 0.189699 0.00808181
715.615 0.229975 0.00946753
715.936 0.217441 0.00934092
716.257 0.222108 0.00953146
716.578 0.233095 0.00982997
716.899 0.214395 0.00921732
717.22 0.196076 0.00824606
717.541 0.19008 0.00790138
717.862 0.183445 0.00773618
718.182 0.182168 0.00769402
718.503 0.181124 0.00750519
718.824 0.185866 0.00771109
719.144 0.190357 0.00792844
719.465 0.186131 0.00801901
719.785 0.184449 0.00781801
720.105 0.187131 0.0077712
720.426 0.179754 0.00752202
720.746 0.188395 0.0078313
721.066 0.19028 0.0078846
721.386 0.189944 0.00795832
721.706 0.208558 0.00858168
722.026 0.213868 0.00892085
722.346 0.21444 0.00900705
722.666 0.200092 0.00858669
722.986 0.197836 0.00832634
723.306 0.198921 0.00841435
723.626 0.209614 0.0088088
723.946 0.203656 0.00866534
724.265 0.187332 0.00786649
724.585 0.160788 0.00690364
724.904 0.172229 0.00709195
725.224 0.17731 0.00721502
725.543 0.174741 0.00716105
725.863 0.171071 0.00715336
726.182 0.180103 0.00763772
726.501 0.181087 0.0077792
726.82 0.19576 0.00814148
727.14 0.178056 0.0074639
727.459 0.17031 0.00707956
727.778 0.170765 0.00704691
728.097 0.172336 0.00717607
728.416 0.171609 0.00707999
728.734 0.163428 0.00668951
729.053 0.162293 0.0066009
729.372 0.161397 0.00656904
729.691 0.148617 0.00614476
730.009 0.144191 0.00576159
730.328 0.133986 0.00539053
730.647 0.135647 0.00543003
730.965 0.141164 0.00573343
731.283 0.15765 0.00628662
731.602 0.154439 0.00629472
731.92 0.154748 0.00618904
732.238 0.140439 0.00575397
732.557 0.142009 0.00573302
732.875 0.134707 0.00544833
733.193 0.121329 0.00486238
733.511 0.118269 0.00469097
733.829 0.126644 0.0049998
734.147 0.142201 0.00564646
734.465 0.155708 0.0061773
734.782 0.157782 0.00621266
735.1 0.141931 0.00572727
735.418 0.141177 0.00570735
735.735 0.139726 0.00569504
736.053 0.138575 0.00560867
736.371 0.142571 0.00574776
736.688 0.151105 0.00613291
737.005 0.169997 0.00690128
737.323 0.177688 0.00732548
737.64 0.18581 0.00749959
737.957 0.157078 0.00653755
738.274 0.146347 0.00579177
738.592 0.132822 0.00538334
738.909 0.14499 0.0057662
739.226 0.168303 0.00676654
739.543 0.190536 0.00776052
739.86 0.19649 0.00833901
740.176 0.20366 0.00871025
740.493 0.226116 0.00945503
740.81 0.213221 0.00921041
741.127 0.213601 0.00912124
741.443 0.197319 0.00830665
741.76 0.181771 0.00770847
742.076 0.186041 0.00786751
742.393 0.20821 0.00876954
742.709 0.229684 0.00972051
743.025 0.23133 0.00993503
743.342 0.229592 0.0098067
743.658 0.217871 0.00936924
743.974 0.203502 0.00880458
744.29 0.216667 0.00907568
744.606 0.214388 0.00912428
744.922 0.209411 0.00903391
745.238 0.211463 0.00910564
745.554 0.228 0.00968374
745.87 0.223543 0.00968962
746.186 0.207035 0.00894081
746.501 0.188934 0.0082268
746.817 0.199713 0.00859294
747.132 0.230346 0.00990571
747.448 0.240321 0.0105155
747.763 0.225217 0.0100276
748.079 0.223611 0.00957596
748.394 0.19968 0.00843576
748.71 0.168867 0.00722221
749.025 0.160317 0.00662535
749.34 0.161617 0.00656568
749.655 0.165452 0.00678845
749.97 0.167244 0.00707081
750.285 0.171264 0.00717742
750.6 0.15806 0.00674781
750.915 0.158839 0.0065963
751.23 0.162656 0.00680653
751.545 0.179886 0.00745209
751.859 0.193601 0.00802218
752.174 0.197859 0.00820462
752.489 0.175655 0.00734136
752.803 0.156427 0.00651204
753.118 0.162789 0.0065933
753.432 0.162255 0.00680329
753.747 0.174943 0.00732613
754.061 0.172049 0.00701908
754.375 0.152885 0.00633969
754.689 0.145892 0.00600025
755.004 0.147096 0.00601524
755.318 0.141553 0.00577218
755.632 0.125968 0.00517958
755.946 0.132913 0.0052243
756.26 0.119863 0.00473941
756.573 0.111861 0.0043806
756.887 0.107483 0.00416328
757.201 0.111284 0.00432617
757.515 0.125248 0.00502744
757.828 0.147872 0.0058586
758.142 0.146764 0.00581727
758.455 0.128045 0.00504624
758.769 0.116199 0.00455242
759.082 0.110823 0.00432492
759.396 0.107749 0.00420043
759.709 0.109231 0.00419642
760.022 0.114697 0.00433809
760.335 0.125321 0.00477288
760.648 0.139128 0.00540511
760.962 0.144467 0.00591195
761.275 0.163061 0.00659205
761.587 0.165706 0.0067318
761.9 0.168102 0.00679746
762.213 0.156865 0.0063519
762.526 0.153804 0.00606271
762.839 0.136662 0.00569202
763.151 0.132239 0.00543743
763.464 0.121075 0.00492097
763.776 0.108863 0.00433431
764.089 0.108713 0.00423985
764.401 0.116726 0.00454942
764.714 0.126864 0.0050218
765.026 0.14562 0.00574264
765.338 0.152517 0.00625774
765.65 0.175423 0.00722347
765.962 0.188603 0.00783809
766.275 0.201648 0.00839458
766.587 0.1978 0.00834152
766.898 0.190534 0.00792412
767.21 0.168264 0.00700648
767.522 0.153106 0.00620113
767.834 0.134103 0.00559093
768.146 0.137925 0.00571101
768.457 0.156655 0.00645837
768.769 0.163653 0.00695251
769.08 0.170032 0.00711872
769.392 0.160311 0.00666231
769.703 0.147042 0.00605043
770.015 0.148625 0.00585082
770.326 0.147762 0.00584515
770.637 0.147323 0.00604753
770.948 0.17537 0.00707984
771.26 0.183641 0.00769999
771.571 0.190027 0.00791857
771.882 0.177254 0.00746197
772.193 0.185769 0.0077165
772.504 0.194419 0.00809165
772.814 0.198583 0.00834101
773.125 0.199026 0.00852316
773.436 0.205916 0.00891846
773.747 0.234062 0.0097225
774.057 0.226509 0.00976896
774.368 0.217421 0.0097215
774.678 0.25395 0.0107804
774.989 0.249804 0.0108598
775.299 0.26461 0.0115532
775.609 0.251748 0.0111432
775.919 0.26057 0.0112438
776.23 0.24465 0.0109081
776.54 0.253267 0.0110045
776.85 0.244915 0.0109353
777.16 0.240748 0.0105198
777.47 0.210052 0.0093158
777.78 0.208006 0.00886177
778.089 0.184918 0.00793553
778.399 0.184681 0.0078802
778.709 0.191472 0.00839394
779.019 0.21366 0.00944943
779.328 0.243858 0.0106413
779.638 0.237705 0.0103673
779.947 0.193697 0.0085311
780.257 0.177232 0.00744421
780.566 0.163309 0.0068784
780.875 0.174297 0.00726844
781.185 0.191375 0.00809925
781.494 0.185399 0.00810345
781.803 0.201261 0.0086686
782.112 0.219398 0.00918321
782.421 0.197436 0.00859703
782.73 0.200955 0.00844491
783.039 0.20774 0.00869524
783.348 0.223454 0.00973789
783.656 0.252569 0.0109217
783.965 0.267373 0.0114057
784.274 0.228036 0.0101331
784.582 0.222601 0.00970069
784.891 0.2233 0.00965863
785.199 0.22719 0.00988999
785.508 0.236268 0.0103634
785.816 0.264442 0.0111633
786.124 0.238971 0.0103778
786.432 0.221623 0.00950322
786.741 0.206287 0.00881811
787.049 0.210826 0.00886193
787.357 0.205029 0.00887297
787.665 0.206008 0.00884058
787.973 0.206048 0.00892183
788.281 0.211291 0.00922275
788.588 0.231222 0.0101616
788.896 0.265592 0.011568
789.204 0.287302 0.0125203
789.511 0.277038 0.0123279
789.819 0.281097 0.0126442
790.126 0.298933 0.0130447
790.434 0.29363 0.0129255
790.741 0.298252 0.0129939
791.049 0.28833 0.0127625
791.356 0.291633 0.013252
791.663 0.310041 0.0139103
791.97 0.316642 0.0140941
792.277 0.302074 0.0135104
792.584 0.273207 0.0121711
792.891 0.228286 0.00984035
793.198 0.193802 0.00841625
793.505 0.182508 0.00800752
793.812 0.199824 0.00861576
794.119 0.202833 0.00887995
794.425 0.221375 0.0095525
794.732 0.247127 0.0105529
795.038 0.295235 0.0127431
795.345 0.334377 0.0145835
795.651 0.351769 0.01576
795.958 0.360842 0.0159944
796.264 0.31229 0.0138849
796.57 0.30757 0.0132755
796.876 0.294808 0.0128855
797.183 0.298845 0.0132133
797.489 0.330707 0.0144704
797.795 0.324405 0.01446
798.101 0.31937 0.0142839
798.406 0.330461 0.014607
798.712 0.337844 0.0152056
799.018 0.364705 0.0160453
799.324 0.351726 0.0157986
799.629 0.375014 0.0163868
799.935 0.37503 0.0165087
800.24 0.378733 0.0169055
800.546 0.363565 0.0165692
800.851 0.396611 0.0174634
801.157 0.412812 0.0185797
801.462 0.393042 0.0183052
801.767 0.400697 0.0185705
802.072 0.382172 0.0174326
802.377 0.354939 0.0161665
802.682 0.336518 0.0154878
802.987 0.370852 0.0167103
803.292 0.397692 0.0177468
803.597 0.39924 0.0179327
803.902 0.401553 0.0179393
804.207 0.385993 0.0174783
804.511 0.357263 0.0165575
804.816 0.313097 0.0145639
805.12 0.306567 0.0134654
805.425 0.261401 0.0117113
805.729 0.259922 0.0117696
806.034 0.288258 0.0128743
806.338 0.325154 0.0144527
806.642 0.33502 0.0150439
806.946 0.329779 0.0147748
807.251 0.334534 0.0150177
807.555 0.324339 0.0145518
807.859 0.315059 0.0142332
808.162 0.3423 0.0152663
808.466 0.365793 0.0163187
808.77 0.376074 0.0169848
809.074 0.410613 0.0183546
809.378 0.40154 0.0181823
809.681 0.41662 0.0183747
809.985 0.419052 0.0187264
810.288 0.418741 0.0189282
810.592 0.439017 0.0192357
810.895 0.442336 0.0197668
811.198 0.45253 0.0208774
811.502 0.477883 0.0217663
811.805 0.517866 0.0232811
812.108 0.468808 0.0211424
812.411 0.421827 0.019461
812.714 0.372407 0.0170374
813.017 0.364023 0.0159411
813.32 0.365114 0.0159413
813.623 0.376362 0.0166962
813.926 0.415467 0.0188129
814.228 0.46216 0.020903
814.531 0.485988 0.0221224
814.833 0.474044 0.0216809
815.136 0.488085 0.0221334
815.438 0.498413 0.0226215
815.741 0.441609 0.0204105
816.043 0.47115 0.0208258
816.345 0.444218 0.0200858
816.648 0.441803 0.0201943
816.95 0.470859 0.0211678
817.252 0.473618 0.0217066
817.554 0.478481 0.0218644
817.856 0.482868 0.0224335
818.158 0.502129 0.0230752
818.46 0.517796 0.0240267
818.761 0.539152 0.0244278
819.063 0.535152 0.0239146
819.365 0.468875 0.0217235
819.666 0.443003 0.0200598
819.968 0.433044 0.0191787
820.269 0.395443 0.0181291
820.571 0.4234 0.0192508
820.872 0.438645 0.0203353
821.173 0.501367 0.0226043
821.475 0.530098 0.0241373
821.776 0.528626 0.0239789
822.077 0.548414 0.0242813
822.378 0.535374 0.0241584
822.679 0.545057 0.0247748
822.98 0.547834 0.0246072
823.281 0.54383 0.0253122
823.581 0.564037 0.0255181
823.882 0.564448 0.0258541
824.183 0.575111 0.0258324
824.483 0.50064 0.0232449
824.784 0.463174 0.0214398
825.084 0.480514 0.0222289
825.385 0.513261 0.0232751
825.685 0.525575 0.0240591
825.985 0.522461 0.0237826
826.286 0.54137 0.0238767
826.586 0.472667 0.0218726
826.886 0.481637 0.0221202
827.186 0.505076 0.0229846
827.486 0.543701 0.0246483
827.786 0.555169 0.0252865
828.086 0.54727 0.0248536
828.386 0.526202 0.0240521
828.685 0.541671 0.024268
828.985 0.526429 0.024639
829.285 0.566904 0.0257452
829.584 0.571668 0.0262709
829.884 0.595229 0.0272155
830.183 0.676878 0.0305349
830.482 0.6251 0.0290236
830.782 0.646244 0.0296358
831.081 0.662436 0.0311405
831.38 0.608612 0.0288834
831.679 0.618027 0.029172
831.978 0.679191 0.0306303
832.277 0.632445 0.0286048
832.576 0.604989 0.0274508
832.875 0.572479 0.0266868
833.174 0.57926 0.0266759
833.472 0.609296 0.0275657
833.771 0.629616 0.0284029
834.07 0.583769 0.0266993
834.368 0.636576 0.0281536
834.667 0.61817 0.0284762
834.965 0.62652 0.0290983
835.263 0.607043 0.028681
835.562 0.636468 0.0293812
835.86 0.64669 0.0293429
836.158 0.657238 0.0299178
836.456 0.642641 0.0303629
836.754 0.685215 0.0312649
837.052 0.716924 0.0329956
837.35 0.705965 0.0321076
837.648 0.681845 0.0319728
837.946 0.722502 0.0331926
838.243 0.716858 0.0330722
838.541 0.674754 0.0312433
838.839 0.687441 0.0315819
839.136 0.675535 0.0312413
839.434 0.639386 0.0302091
839.731 0.702475 0.0325168
840.028 0.652305 0.0306162
840.326 0.705597 0.0322426
840.623 0.702223 0.0321361
840.92 0.689003 0.0321385
841.217 0.728689 0.033979
841.514 0.722293 0.0340186
841.811 0.725569 0.0329702
842.108 0.758947 0.0347112
842.405 0.774429 0.0353252
842.701 0.771436 0.0354194
842.998 0.682613 0.0322923
843.295 0.748103 0.0345449
843.591 0.788659 0.0355465
843.888 0.754529 0.0343668
844.184 0.734098 0.0340947
844.481 0.666722 0.0319595
844.777 0.712795 0.0332072
845.073 0.720456 0.0336368
845.369 0.746361 0.0345797
845.665 0.779569 0.0358571
845.962 0.722725 0.0338477
846.258 0.796798 0.0362282
846.553 0.791149 0.0361519
846.849 0.798107 0.0363731
847.145 0.744888 0.0339976
847.441 0.727111 0.033791
847.737 0.720807 0.0333653
848.032 0.794579 0.0357003
848.328 0.752755 0.0349078
848.623 0.776284 0.0359225
848.919 0.741632 0.0343293
849.214 0.697474 0.0329118
849.509 0.747952 0.0345904
849.805 0.794795 0.0363725
850.1 0.818884 0.037745
850.395 0.855154 0.0384441
850.69 0.844717 0.0384746
850.985 0.727532 0.0344392
851.28 0.76097 0.0350756
851.575 0.796598 0.0363255
851.869 0.769219 0.0355739
852.164 0.763683 0.0349176
852.459 0.726647 0.0331261
852.753 0.667817 0.031315
853.048 0.639652 0.0290574
853.342 0.658128 0.0292695
853.637 0.629556 0.0291414
853.931 0.628477 0.0288041
854.225 0.615543 0.0283808
854.52 0.654274 0.0303503
854.814 0.679136 0.0310244
855.108 0.610931 0.0284706
855.402 0.635061 0.0295585
855.696 0.682261 0.0315143
855.99 0.730898 0.0331443
856.283 0.673061 0.031108
856.577 0.692233 0.0322692
856.871 0.717475 0.0325926
857.164 0.720274 0.0330113
857.458 0.735924 0.0344764
857.751 0.719024 0.0334872
858.045 0.712488 0.0329302
858.338 0.797948 0.0354186
858.632 0.697111 0.0323472
858.925 0.691104 0.0330528
859.218 0.70747 0.0332994
859.511 0.791598 0.036698
859.804 0.747446 0.0353032
860.097 0.733481 0.0340455
860.39 0.796181 0.0365117
860.683 0.753642 0.0353725
860.976 0.806453 0.036884
861.268 0.797495 0.0361117
861.561 0.803597 0.0372884
861.854 0.883425 0.0402615
862.146 0.760749 0.0360346
862.439 0.792808 0.036587
862.731 0.749893 0.0347117
863.023 0.816267 0.0373884
863.316 0.727086 0.0346502
863.608 0.773552 0.0359271
863.9 0.813414 0.0368646
864.192 0.747721 0.0345063
864.484 0.79481 0.0364274
864.776 0.834532 0.0376577
865.068 0.736124 0.0351489
865.36 0.771614 0.0358921
865.651 0.831145 0.0382294
865.943 0.773294 0.0361934
866.235 0.805435 0.0371251
866.526 0.836119 0.0388451
866.818 0.803454 0.0368015
867.109 0.798362 0.0364598
867.4 0.801401 0.0372322
867.692 0.838963 0.0383028
867.983 0.822798 0.0375648
868.274 0.862031 0.0389323
868.565 0.806144 0.0371688
868.856 0.792089 0.0370844
869.147 0.785834 0.0368376
869.438 0.840586 0.0379967
869.729 0.812212 0.0375734
870.02 0.882836 0.0407174
870.31 0.825132 0.0381364
870.601 0.804914 0.0371236
870.892 0.812758 0.036921
871.182 0.740319 0.035089
871.473 0.817202 0.0376675
871.763 0.761579 0.0354911
872.053 0.788279 0.0365332
872.343 0.816502 0.0371241
872.634 0.758232 0.0361346
872.924 0.785203 0.0360409
873.214 0.7991 0.0371025
873.504 0.837772 0.0384996
873.794 0.830043 0.039279
874.084 0.800587 0.0384644
874.373 0.834577 0.0382841
874.663 0.760363 0.035677
874.953 0.762071 0.0369052
875.242 0.798966 0.0372791
875.532 0.819391 0.0374424
875.821 0.824204 0.0377857
876.111 0.796493 0.0370042
876.4 0.812542 0.0378426
876.689 0.822508 0.0378209
876.978 0.812742 0.0376096
877.268 0.801258 0.0374093
877.557 0.801592 0.0378489
877.846 0.842085 0.0386631
878.134 0.810751 0.0382813
878.423 0.8109 0.0382884
878.712 0.811049 0.0382954
