E_ph QE QRefl LGRefl30 LGRefl45 LGRefl60 LGRefl90 QAbs QAbs(70 MRad) QAbs(170 MRad) CathIndR CathIndI 
1.55 0.00107604 0.0665276 0.511127 0.527083 0.548095 0.860025 159.211 0 134.919 2.93405 0.7544
1.58 0.00107604 0.0665942 0.497439 0.518861 0.545211 0.859265 152.516 0 134.919 2.81602 0.515705
1.61 0.00107604 0.0665942 0.497439 0.518861 0.545211 0.859265 148.197 0 134.919 2.81602 0.515705
1.64 0.00113934 0.0666609 0.521007 0.536997 0.572615 0.856978 145.778 0 132.166 2.65292 0.162711
1.67 0.00136922 0.0667276 0.552496 0.56013 0.60553 0.856817 144.863 0 132.166 2.64155 0.158592
1.7 0.00136922 0.0667276 0.552496 0.56013 0.60553 0.856817 145.128 0 132.166 2.64155 0.158592
1.73 0.00172166 0.0667944 0.563539 0.567377 0.616469 0.856242 146.306 0 139.782 2.65721 0.219961
1.76 0.00172166 0.0667944 0.563539 0.567377 0.616469 0.856242 148.176 0 139.782 2.65721 0.219961
1.79 0.00172166 0.0668613 0.561875 0.56218 0.615408 0.858205 150.557 0 137.612 2.63667 0.257276
1.82 0.00172166 0.0669282 0.566276 0.565664 0.620294 0.859658 153.302 0 137.612 2.64609 0.275079
1.85 0.00172166 0.0669282 0.566276 0.565664 0.620294 0.859658 156.289 0 137.612 2.64609 0.275079
1.88 0.00183132 0.0669952 0.56326 0.562911 0.61851 0.859789 159.42 0 128.567 2.6679 0.291109
1.91 0.00183132 0.0669952 0.56326 0.562911 0.61851 0.859789 162.615 0 128.567 2.6679 0.291109
1.94 0.0019489 0.0670623 0.564369 0.560714 0.618743 0.857942 165.81 0 128.567 2.67284 0.326428
1.97 0.00266535 0.0671294 0.55803 0.553496 0.614502 0.855567 168.955 0 121.065 2.71082 0.334684
2 0.00266535 0.0671294 0.55803 0.553496 0.614502 0.855567 172.008 0 121.065 2.71082 0.334684
2.03 0.00510642 0.0671966 0.567279 0.561822 0.623784 0.859769 174.939 0 125.592 2.76661 0.334581
2.07 0.0105398 0.0672638 0.595864 0.590371 0.653922 0.871112 178.616 0 125.592 2.81675 0.387799
2.1 0.0105398 0.0672638 0.595864 0.590371 0.653922 0.871112 181.179 0 125.592 2.81675 0.387799
2.14 0.0185402 0.0673642 0 0 0 0 184.314 0 131.984 2.85521 0.446565
2.18 0.02978 0.0674833 0.574722 0.569411 0.632606 0.858763 187.113 0 131.984 2.87959 0.534811
2.21 0.0450236 0.0676066 0.569865 0.564002 0.627334 0.854593 188.988 0 137.287 2.90428 0.630064
2.25 0.0642201 0.067714 0.571718 0.565225 0.629245 0.853701 191.186 0 137.287 2.93699 0.764394
2.3 0.0851865 0.067825 0.574691 0.567005 0.632268 0.852432 193.46 0 142.801 2.9565 0.878021
2.34 0.0851865 0.067825 0.574691 0.567005 0.632268 0.852432 194.909 0 142.801 2.9565 0.878021
2.38 0.104685 0.0679326 0.575857 0.568571 0.633843 0.852172 196.044 0 148.145 2.90113 0.909927
2.43 0.12228 0.0680383 0.576632 0.569286 0.636116 0.852283 197.041 0 148.521 2.84162 0.936687
2.48 0.138587 0.0681427 0.579164 0.572035 0.640182 0.852278 197.6 0 148.521 2.79294 0.983838
2.53 0.154289 0.0682951 0.581576 0.57453 0.644609 0.853468 197.752 0 158.588 2.74303 1.04718
2.58 0.170402 0.0684247 0.587407 0.582225 0.654995 0.859177 197.53 0 158.588 2.69754 1.09369
2.64 0.199926 0.0686607 0.584787 0.579933 0.653769 0.857136 196.815 0 159.949 2.60172 1.09389
2.7 0.213576 0.0688338 0.586237 0.581982 0.657056 0.858318 195.662 0 155.324 2.54236 1.1005
2.76 0.226643 0.0689556 0.588738 0.584645 0.661587 0.8595 194.121 0 168.686 2.41995 1.135
2.82 0.2377 0.069111 0.589203 0.586918 0.665362 0.862381 192.24 0 168.686 2.30035 1.17249
2.88 0.256041 0.0693846 0.594895 0.594881 0.676001 0.868739 190.062 0 149.847 2.17216 1.21127
2.95 0.264033 0.0695288 0.597129 0.59754 0.680841 0.871324 187.201 0 152.211 2.14272 1.21611
3.02 0.270802 0.0696879 0.599716 0.601925 0.687173 0.874461 184.047 0 150.435 2.10729 1.22038
3.1 0.282018 0.0700464 0.607968 0.611445 0.699203 0.88072 180.153 0 134.874 1.97172 1.31025
3.18 0.289768 0.0703539 0.616221 0.621413 0.712618 0.889998 176.012 0 139.694 1.81652 1.43464
3.26 0.292443 0.0705222 0.622137 0.627628 0.7203 0.893384 171.682 0 136.07 1.78331 1.44733
3.35 0.296216 0.0709254 0.632727 0.638181 0.733082 0.900523 166.647 0 132.17 1.6935 1.36138
3.44 0.29766 0.0713142 0.644604 0.64974 0.746254 0.905238 161.497 0 121.145 1.6106 1.27959
3.54 0.298454 0.0717876 0.65758 0.661983 0.760548 0.91156 155.699 0 83.0344 1.58495 1.19726
3.65 0.298446 0.072067 0.671433 0.674839 0.774598 0.916138 149.294 0 58.232 1.56542 1.11272
3.76 0.297468 0.0725936 0.693297 0.693166 0.797456 0.920179 142.918 0 45.0774 1.49069 0.975759
3.87 0.295776 0.0730113 0.704405 0.705927 0.806276 0.921057 136.616 0 32.5663 1.42804 0.895303
4 0.290902 0.0735292 0.722697 0.722972 0.823316 0.921745 129.313 0 22.067 1.35671 0.803612
4.13 0.286475 0.0739077 0.732411 0.732164 0.832353 0.922544 122.207 0 13.9318 1.35129 0.749369
4.28 0.274917 0.0750508 0.755868 0.756901 0.848305 0.915298 114.291 0 9.45705 1.33575 0.638899
4.43 0.263661 0.0759965 0.76345 0.764443 0.852657 0.91164 106.706 0 8.3976 1.32944 0.629366
4.59 0.252352 0.0766319 0.763723 0.766128 0.855218 0.910258 98.9965 0 6.52032 1.30712 0.610593
4.77 0.241387 0.0776936 0.754823 0.758734 0.854465 0.910275 90.8029 0 5.4129 1.27539 0.584887
4.96 0.240115 0.0789382 0.73666 0.742646 0.843812 0.913603 82.7004 0 4.72908 1.28025 0.58498
5.17 0.249086 0.0802176 0.719652 0.727951 0.825868 0.91734 74.3789 0 3.76007 1.28025 0.58498
5.39 0.265845 0.0818538 0.673167 0.683008 0.769523 0.914991 66.3417 0 2.93654 1.28025 0.58498
5.64 0.282768 0.0836815 0.648959 0.65999 0.727183 0.897918 58.0003 0 2.29729 1.28025 0.58498
5.9 0.292666 0.0856745 0.67749 0.682932 0.735056 0.863888 50.1491 0 2.37719 1.28025 0.58498
6.2 0.297091 0.088007 0.744749 0.736583 0.772896 0.829012 42.036 0 2.57308 1.28025 0.58498
