178.41 0.497693 0.109126
178.791 0.500844 0.109817
179.172 0.503973 0.110503
179.553 0.0297153 0.0297153
179.934 1.00045 1.00045
180.316 0.832646 0.832646
180.697 0.423409 0.423409
181.078 0.6912 0.6912
181.459 0.453938 0.453938
181.84 0.496532 0.496532
182.221 1.33321 1.33321
182.602 0.201927 0.201927
182.983 3.50403 0.84761
183.364 0.0705323 0.0471264
183.744 0.694739 0.0933819
184.125 0.746523 0.0839692
184.506 0.354501 0.0474018
184.887 0.54217 0.0522745
185.268 0.428509 0.0400091
185.648 0.48038 0.0410072
186.029 0.663068 0.0459534
186.41 0.609033 0.0428896
186.791 0.620524 0.0416056
187.171 0.55682 0.0337108
187.552 0.510344 0.0262576
187.932 0.587219 0.0286797
188.313 0.529256 0.02543
188.694 0.552904 0.0259771
189.074 0.557725 0.0251539
189.455 0.511983 0.0234316
189.835 0.64001 0.0269376
190.216 0.588445 0.0251491
190.596 0.52583 0.0227515
190.977 0.51659 0.0223756
191.357 0.550881 0.0231745
191.737 0.540434 0.0226669
192.118 0.567155 0.0231067
192.498 0.534261 0.0217309
192.878 0.554461 0.0223082
193.258 0.557334 0.02198
193.639 0.52157 0.0209993
194.019 0.555655 0.0218657
194.399 0.563342 0.0218264
194.779 0.514681 0.0200264
195.159 0.564099 0.0215734
195.54 0.532111 0.020325
195.92 0.533053 0.0204031
196.3 0.51536 0.019771
196.68 0.567754 0.0208553
197.06 0.531674 0.0200613
197.44 0.540414 0.0200314
197.82 0.51191 0.0193429
198.2 0.539311 0.0198445
198.58 0.496342 0.0185351
198.959 0.495521 0.0184863
199.339 0.506718 0.0187751
199.719 0.523243 0.0187133
200.099 0.51987 0.0186977
200.479 0.515796 0.0185716
200.858 0.536279 0.0186576
201.238 0.545396 0.0185216
201.618 0.55753 0.0189367
201.998 0.542731 0.0182363
202.377 0.551185 0.0183774
202.757 0.527538 0.0177427
203.136 0.55826 0.0181336
203.516 0.529828 0.0174028
203.896 0.525039 0.0171106
204.275 0.490925 0.016219
204.655 0.512655 0.0166055
205.034 0.511334 0.0163891
205.414 0.511745 0.0161904
205.793 0.508137 0.0159886
206.172 0.517439 0.016149
206.552 0.530367 0.0160707
206.931 0.523001 0.0157141
207.31 0.537515 0.015759
207.69 0.556302 0.015904
208.069 0.561181 0.0157621
208.448 0.573049 0.0157273
208.827 0.567796 0.0155651
209.207 0.58304 0.0157314
209.586 0.559248 0.015004
209.965 0.571069 0.0151138
210.344 0.566169 0.0148294
210.723 0.540036 0.0143052
211.102 0.528686 0.0139092
211.481 0.522208 0.0137507
211.86 0.519115 0.0135735
212.239 0.524349 0.0135039
212.618 0.507973 0.0130992
212.997 0.494735 0.0127165
213.376 0.516974 0.0129528
213.755 0.518329 0.0127876
214.134 0.535394 0.0128203
214.513 0.538326 0.0126473
214.891 0.549533 0.0126929
215.27 0.544851 0.0124011
215.649 0.576895 0.0126557
216.028 0.578123 0.0124504
216.406 0.574948 0.0122868
216.785 0.577368 0.0121122
217.164 0.591158 0.0121333
217.542 0.576528 0.011731
217.921 0.573945 0.0115549
218.3 0.560825 0.0113816
218.678 0.558404 0.0111784
219.057 0.544773 0.0108445
219.435 0.529726 0.010518
219.814 0.533299 0.0104756
220.192 0.517727 0.0101551
220.57 0.513757 0.00999752
220.949 0.511011 0.00980347
221.327 0.506671 0.00959943
221.705 0.516868 0.00959628
222.084 0.503441 0.00926535
222.462 0.514393 0.009254
222.84 0.535649 0.00936531
223.218 0.536179 0.00913664
223.597 0.549892 0.00915925
223.975 0.56459 0.00911377
224.353 0.583511 0.00916346
224.731 0.580238 0.00899047
225.109 0.595634 0.00892498
225.487 0.591878 0.00877032
225.865 0.596315 0.00866851
226.243 0.590639 0.00851763
226.621 0.584333 0.00836046
226.999 0.587137 0.00820882
227.377 0.583798 0.00810597
227.755 0.574787 0.00793822
228.133 0.571237 0.00781317
228.511 0.56081 0.0076494
228.889 0.545831 0.00740225
229.266 0.545886 0.00733237
229.644 0.53682 0.00712808
230.022 0.522178 0.00693919
230.4 0.524117 0.00688654
230.777 0.522413 0.00680992
231.155 0.522537 0.0067222
231.533 0.527124 0.00665604
231.91 0.535609 0.00661858
232.288 0.541963 0.00659464
232.665 0.55083 0.00656278
233.043 0.569699 0.00661123
233.42 0.576944 0.00656321
233.798 0.597243 0.00662885
234.175 0.607558 0.00659876
234.553 0.615421 0.00657061
234.93 0.628788 0.00657506
235.307 0.642763 0.00659387
235.685 0.648391 0.00656861
236.062 0.645078 0.00647526
236.439 0.654905 0.00649212
236.816 0.653491 0.0064058
237.194 0.647077 0.0063068
237.571 0.639166 0.00621355
237.948 0.638092 0.00617553
238.325 0.635763 0.00609602
238.702 0.630554 0.00603515
239.079 0.623974 0.00594401
239.456 0.614813 0.0058608
239.833 0.615016 0.00582397
240.21 0.606248 0.00572889
240.587 0.601939 0.00568206
240.964 0.600933 0.00563099
241.341 0.593962 0.00555093
241.718 0.590942 0.0054844
242.095 0.595029 0.00550168
242.472 0.597045 0.00546731
242.849 0.601486 0.00544664
243.225 0.605847 0.0054187
243.602 0.609443 0.00540739
243.979 0.628374 0.00547176
244.356 0.634839 0.00547726
244.732 0.643959 0.00546028
245.109 0.653437 0.00546181
245.486 0.666961 0.00551036
245.862 0.6785 0.00553037
246.239 0.676899 0.00546754
246.615 0.688956 0.00550602
246.992 0.688892 0.00546544
247.368 0.699529 0.00550744
247.745 0.694907 0.00544293
248.121 0.700092 0.00542596
248.497 0.694852 0.00539688
248.874 0.695451 0.0053665
249.25 0.691729 0.00530502
249.626 0.692754 0.00530017
250.003 0.680494 0.00522223
250.379 0.67443 0.00514829
250.755 0.668754 0.00513102
251.131 0.666754 0.00508739
251.507 0.658554 0.00504927
251.884 0.655661 0.00500358
252.26 0.653057 0.0049949
252.636 0.64367 0.00491373
253.012 0.639124 0.0048785
253.388 0.642124 0.00487521
253.764 0.638868 0.00484294
254.14 0.636554 0.00482266
254.516 0.637556 0.00481988
254.892 0.635576 0.00478804
255.268 0.641915 0.00480675
255.643 0.64412 0.00479478
256.019 0.656572 0.00483732
256.395 0.65926 0.0048371
256.771 0.666236 0.00482717
257.147 0.679748 0.00487034
257.522 0.684333 0.00487899
257.898 0.695621 0.00491098
258.274 0.699491 0.00491189
258.649 0.711675 0.00495145
259.025 0.716161 0.00493975
259.4 0.717333 0.00494111
259.776 0.7272 0.00495961
260.151 0.733595 0.00499812
260.527 0.732881 0.00497342
260.902 0.735735 0.00496955
261.278 0.734015 0.00495325
261.653 0.735033 0.00495655
262.028 0.733563 0.00495635
262.404 0.728846 0.00491774
262.779 0.722688 0.00488466
263.154 0.719812 0.00486634
263.53 0.721039 0.0048572
263.905 0.713236 0.00484022
264.28 0.707736 0.00481902
264.655 0.701663 0.00478435
265.03 0.698228 0.00478735
265.405 0.694306 0.00475799
265.781 0.693715 0.00476161
266.156 0.685402 0.00472792
266.531 0.677607 0.00467614
266.906 0.679798 0.00470957
267.281 0.675453 0.00467127
267.655 0.672315 0.00467782
268.03 0.673047 0.00468297
268.405 0.670827 0.00466902
268.78 0.675842 0.00468633
269.155 0.678378 0.00468467
269.53 0.676615 0.00469472
269.904 0.682068 0.00470828
270.279 0.691601 0.00474408
270.654 0.693555 0.00473727
271.029 0.699496 0.00476653
271.403 0.705937 0.00477489
271.778 0.717498 0.00482751
272.152 0.720772 0.00484311
272.527 0.730881 0.00487268
272.901 0.742211 0.00489109
273.276 0.741374 0.00487718
273.65 0.750691 0.00492316
274.025 0.755766 0.00492694
274.399 0.762931 0.00497396
274.774 0.765324 0.00497024
275.148 0.76622 0.00495742
275.522 0.772258 0.00499024
275.897 0.770854 0.004983
276.271 0.764798 0.00496834
276.645 0.770784 0.0049733
277.019 0.770317 0.00495832
277.393 0.762059 0.00491836
277.768 0.76534 0.00495226
278.142 0.759833 0.00492945
278.516 0.757105 0.00492927
278.89 0.7574 0.00492051
279.264 0.754444 0.00492665
279.638 0.746912 0.00487829
280.012 0.746951 0.00488699
280.386 0.741653 0.00489509
280.76 0.735602 0.00485655
281.133 0.736516 0.00486848
281.507 0.727072 0.00483328
281.881 0.727227 0.00482274
282.255 0.719442 0.00480358
282.629 0.720607 0.00482142
283.002 0.711111 0.00479213
283.376 0.708534 0.00477035
283.75 0.708272 0.00478566
284.123 0.70218 0.00474841
284.497 0.700666 0.00475194
284.87 0.70294 0.00476451
285.244 0.700963 0.00474905
285.618 0.707015 0.00478175
285.991 0.705885 0.0047981
286.364 0.711274 0.00481459
286.738 0.714946 0.0048261
287.111 0.723845 0.0048581
287.485 0.727139 0.0048719
287.858 0.735364 0.00491767
288.231 0.733767 0.00490371
288.605 0.746669 0.0049602
288.978 0.750239 0.00496144
289.351 0.762471 0.00502773
289.724 0.764531 0.00503434
290.097 0.768911 0.00505477
290.47 0.781372 0.00511203
290.843 0.78139 0.00511029
291.217 0.781101 0.00511036
291.59 0.790464 0.00517651
291.963 0.793499 0.00517501
292.336 0.792268 0.00518751
292.708 0.798997 0.00521942
293.081 0.80294 0.00525637
293.454 0.802593 0.00523208
293.827 0.801873 0.00524527
294.2 0.803971 0.00528638
294.573 0.799461 0.00525471
294.945 0.802039 0.00529427
295.318 0.803562 0.00529725
295.691 0.804073 0.00531184
296.064 0.802434 0.00531615
296.436 0.789961 0.00527096
296.809 0.790615 0.00525897
297.181 0.787763 0.00527765
297.554 0.786185 0.00528042
297.926 0.786291 0.00528497
298.299 0.77966 0.00526825
298.671 0.777841 0.00523919
299.044 0.774658 0.0052571
299.416 0.771839 0.00525547
299.788 0.762783 0.00521644
300.161 0.76281 0.00523948
300.533 0.759785 0.00522179
300.905 0.754826 0.00518491
301.278 0.752862 0.00518904
301.65 0.751866 0.00517979
302.022 0.743208 0.00516111
302.394 0.745378 0.00517698
302.766 0.744106 0.00516527
303.138 0.744202 0.0051859
303.51 0.741674 0.00516361
303.882 0.7368 0.00514015
304.254 0.74229 0.0051694
304.626 0.741337 0.00515056
304.998 0.745167 0.00516231
305.37 0.746232 0.00519487
305.742 0.74423 0.00516846
306.114 0.747229 0.00517663
306.485 0.752675 0.00519662
306.857 0.758449 0.00521279
307.229 0.760888 0.00523941
307.601 0.766396 0.0052569
307.972 0.767949 0.00525681
308.344 0.771836 0.00526349
308.716 0.77834 0.00530742
309.087 0.78554 0.0053252
309.459 0.785481 0.00533309
309.83 0.790855 0.005352
310.202 0.794924 0.00535703
310.573 0.803741 0.0053898
310.945 0.804867 0.00538983
311.316 0.810467 0.00543443
311.687 0.81147 0.00541599
312.059 0.814993 0.00544677
312.43 0.813103 0.00543057
312.801 0.82145 0.00547763
313.172 0.816194 0.00546343
313.544 0.822314 0.00548953
313.915 0.822975 0.00545683
314.286 0.819684 0.00546956
314.657 0.818269 0.00545273
315.028 0.821927 0.00547645
315.399 0.81636 0.00545606
315.77 0.818097 0.00545414
316.141 0.815199 0.00546712
316.512 0.816316 0.00547005
316.883 0.814385 0.00547461
317.254 0.811708 0.00546011
317.625 0.809363 0.0054858
317.996 0.80808 0.00545144
318.366 0.804729 0.00545363
318.737 0.800048 0.00543227
319.108 0.80323 0.00546186
319.478 0.795586 0.00543761
319.849 0.796008 0.00543647
320.22 0.792375 0.00542938
320.59 0.785327 0.0054021
320.961 0.779326 0.00539067
321.331 0.781381 0.00539847
321.702 0.775661 0.00540593
322.072 0.775236 0.00542079
322.443 0.770616 0.0053939
322.813 0.764237 0.00536157
323.184 0.766038 0.00538294
323.554 0.766699 0.00540236
323.924 0.760587 0.00537801
324.295 0.760333 0.0054032
324.665 0.754875 0.00538769
325.035 0.755375 0.00538242
325.405 0.751602 0.00539106
325.775 0.756459 0.00543475
326.145 0.751079 0.0054102
326.515 0.753015 0.00542717
326.886 0.755395 0.00546322
327.256 0.756045 0.00547078
327.626 0.754921 0.00550052
327.995 0.755027 0.00551446
328.365 0.756752 0.00552848
328.735 0.760143 0.0055687
329.105 0.761811 0.0056352
329.475 0.766274 0.00569607
329.845 0.779523 0.00582819
330.215 0.784017 0.00582304
330.584 0.786269 0.00577519
330.954 0.78359 0.0056291
331.324 0.779418 0.00545604
331.693 0.781156 0.00536838
332.063 0.781762 0.00531262
332.432 0.789672 0.0053119
332.802 0.800798 0.0053931
333.171 0.810558 0.00549707
333.541 0.815765 0.00561758
333.91 0.815365 0.00564473
334.28 0.817527 0.00568459
334.649 0.824423 0.00572507
335.018 0.827742 0.00575614
335.388 0.831855 0.00578904
335.757 0.83133 0.00578804
336.126 0.832057 0.00581138
336.495 0.831814 0.00579089
336.865 0.831492 0.00581374
337.234 0.840861 0.00587946
337.603 0.83204 0.00583661
337.972 0.836171 0.00586456
338.341 0.835321 0.00585198
338.71 0.836298 0.00585142
339.079 0.835541 0.00586998
339.448 0.836302 0.00586339
339.817 0.835343 0.00587451
340.186 0.83457 0.00587551
340.554 0.833824 0.00586519
340.923 0.835918 0.00588482
341.292 0.828094 0.00586274
341.661 0.830467 0.00587849
342.029 0.826036 0.00585264
342.398 0.81992 0.00583877
342.767 0.822722 0.00587123
343.135 0.825321 0.00587609
343.504 0.820519 0.00587724
343.872 0.820442 0.0058551
344.241 0.816063 0.00585312
344.609 0.818989 0.00588691
344.978 0.8138 0.0058623
345.346 0.811643 0.00583251
345.715 0.80618 0.00583532
346.083 0.804156 0.00584098
346.451 0.802741 0.00582658
346.82 0.798792 0.0058317
347.188 0.793529 0.00580147
347.556 0.795264 0.00583777
347.924 0.792391 0.00582016
348.292 0.78399 0.00580239
348.66 0.782778 0.00579279
349.028 0.782533 0.00579917
349.396 0.781051 0.00581651
349.764 0.780054 0.00580547
350.132 0.771943 0.00577223
350.5 0.770897 0.00577775
350.868 0.771575 0.00579078
351.236 0.765408 0.005763
351.604 0.76735 0.00579273
351.972 0.770845 0.00581249
352.34 0.764444 0.00579672
352.707 0.768116 0.00581318
353.075 0.767859 0.00581374
353.443 0.765278 0.0058172
353.81 0.766461 0.00583616
354.178 0.766928 0.00584123
354.545 0.768711 0.00583368
354.913 0.773321 0.00587603
355.28 0.77085 0.00586744
355.648 0.770957 0.00585544
356.015 0.77388 0.0058768
356.383 0.772367 0.00586435
356.75 0.776344 0.00589442
357.117 0.779496 0.00590964
357.485 0.782442 0.00592496
357.852 0.789858 0.00599408
358.219 0.790616 0.00596719
358.586 0.792742 0.00597421
358.954 0.802011 0.00603429
359.321 0.796677 0.00599966
359.688 0.807018 0.00606819
360.055 0.808071 0.00606351
360.422 0.814685 0.0060971
360.789 0.813675 0.00610382
361.156 0.817803 0.00611389
361.523 0.820696 0.00614948
361.89 0.826252 0.00616279
362.256 0.820296 0.00611597
362.623 0.830437 0.00621494
362.99 0.830816 0.0061866
363.357 0.828136 0.00620184
363.724 0.835068 0.00623043
364.09 0.832644 0.00620884
364.457 0.842179 0.00629092
364.823 0.835275 0.00622483
365.19 0.835523 0.00623502
365.557 0.840645 0.00624439
365.923 0.839751 0.00626175
366.29 0.842603 0.00629209
366.656 0.841712 0.0062629
367.022 0.844267 0.00626456
367.389 0.842587 0.00628635
367.755 0.842224 0.00631491
368.121 0.846155 0.00632707
368.488 0.84182 0.00630231
368.854 0.843387 0.00633212
369.22 0.843025 0.0063606
369.586 0.840108 0.0063712
369.952 0.840086 0.00638498
370.318 0.829641 0.00634817
370.684 0.836105 0.00639143
371.051 0.834076 0.00638543
371.416 0.838077 0.00644029
371.782 0.837149 0.00641747
372.148 0.835137 0.00642295
372.514 0.830271 0.00641797
372.88 0.832722 0.00644632
373.246 0.82965 0.0064285
373.612 0.829191 0.00642371
373.977 0.823845 0.00638851
374.343 0.821145 0.00635788
374.709 0.824347 0.00634959
375.074 0.814626 0.00633095
375.44 0.815942 0.0063632
375.806 0.82091 0.00641777
376.171 0.809958 0.00634259
376.537 0.807176 0.0063259
376.902 0.809662 0.00634678
377.268 0.808921 0.00631783
377.633 0.803668 0.00628574
377.998 0.800028 0.00624747
378.364 0.803653 0.00623454
378.729 0.797683 0.00622179
379.094 0.799331 0.00625547
379.459 0.7978 0.00633319
379.825 0.786502 0.00626032
380.19 0.788384 0.00627753
380.555 0.785163 0.00630871
380.92 0.796074 0.00643178
381.285 0.782251 0.00636363
381.65 0.776347 0.00629024
382.015 0.777416 0.00630384
382.38 0.782853 0.00635042
382.745 0.778259 0.00637059
383.11 0.777132 0.00638318
383.474 0.77298 0.00634731
383.839 0.775755 0.00637016
384.204 0.775563 0.00638993
384.569 0.770781 0.00637799
384.933 0.775751 0.00641715
385.298 0.767746 0.0063939
385.663 0.766698 0.00637141
386.027 0.769842 0.00637126
386.392 0.76911 0.00634105
386.756 0.770885 0.00631644
387.121 0.779636 0.00635037
387.485 0.779162 0.00632893
387.849 0.782815 0.00631405
388.214 0.783862 0.00638838
388.578 0.785286 0.00642634
388.942 0.786148 0.00646262
389.307 0.787081 0.00646056
389.671 0.791104 0.0065009
390.035 0.792613 0.00647745
390.399 0.792622 0.00646228
390.763 0.792927 0.00642541
391.127 0.798773 0.0064258
391.492 0.805977 0.00636594
391.856 0.804104 0.00628525
392.219 0.808191 0.00625419
392.583 0.812295 0.00630576
392.947 0.820269 0.00647337
393.311 0.814558 0.00651033
393.675 0.815808 0.00653495
394.039 0.826417 0.00661803
394.403 0.825974 0.00661955
394.766 0.824585 0.00663195
395.13 0.822529 0.0066412
395.494 0.827975 0.00666051
395.857 0.829507 0.00663755
396.221 0.828312 0.00660273
396.584 0.835324 0.00658095
396.948 0.831846 0.00649634
397.311 0.832559 0.00640341
397.675 0.839073 0.00639369
398.038 0.840214 0.00640115
398.401 0.83651 0.00647781
398.765 0.837042 0.00658007
399.128 0.846492 0.00671165
399.491 0.846371 0.00676223
399.854 0.842188 0.0067551
400.218 0.847107 0.0067945
400.581 0.839246 0.00678217
400.944 0.842172 0.00682725
401.307 0.840441 0.00690231
401.67 0.837711 0.00687107
402.033 0.84307 0.00691311
402.396 0.840164 0.00690503
402.759 0.845981 0.00693733
403.122 0.84117 0.00688383
403.485 0.848137 0.0069105
403.847 0.842196 0.00682896
404.21 0.84041 0.00678646
404.573 0.847874 0.0068091
404.936 0.833714 0.00671873
405.298 0.840986 0.00682205
405.661 0.839615 0.00691205
406.023 0.839179 0.00700824
406.386 0.840362 0.007038
406.749 0.837163 0.00705672
407.111 0.831991 0.00702586
407.473 0.826437 0.00689033
407.836 0.832359 0.00690489
408.198 0.830605 0.00685561
408.561 0.82451 0.00685007
408.923 0.828283 0.00687586
409.285 0.823728 0.00686959
409.647 0.822406 0.00692423
410.009 0.820022 0.00697958
410.372 0.82048 0.00697135
410.734 0.81619 0.00698806
411.096 0.813402 0.00696388
411.458 0.813369 0.00696205
411.82 0.815166 0.00692402
412.182 0.808488 0.00684326
412.544 0.809404 0.00686246
412.906 0.80486 0.00683106
413.267 0.808538 0.00687113
413.629 0.800604 0.00689115
413.991 0.797193 0.00690877
414.353 0.803055 0.00695322
414.714 0.799252 0.00700981
415.076 0.798128 0.00698748
415.438 0.793356 0.00695897
415.799 0.78535 0.00689614
416.161 0.789613 0.00697547
416.522 0.782985 0.00697471
416.884 0.780781 0.00696922
417.245 0.780321 0.00699288
417.607 0.774592 0.00694997
417.968 0.77277 0.00693398
418.329 0.776043 0.00693995
418.691 0.770967 0.00691493
419.052 0.775663 0.00693112
419.413 0.765228 0.0068224
419.774 0.767987 0.00681343
420.135 0.767796 0.00666091
420.497 0.764905 0.00654345
420.858 0.762914 0.00644477
421.219 0.763704 0.00646988
421.58 0.765145 0.00655855
421.941 0.768208 0.00668705
422.302 0.764994 0.00676255
422.662 0.763222 0.00678378
423.023 0.756696 0.00678452
423.384 0.759573 0.00682019
423.745 0.761128 0.00678598
424.106 0.758035 0.00676837
424.466 0.768039 0.00679963
424.827 0.769522 0.00690015
425.187 0.764726 0.00696566
425.548 0.764302 0.00702952
425.909 0.77016 0.00709372
426.269 0.769756 0.00704185
426.63 0.768176 0.00698693
426.99 0.773697 0.00695443
427.35 0.7752 0.00699226
427.711 0.771739 0.00692718
428.071 0.770341 0.00686297
428.431 0.767802 0.00672075
428.792 0.778258 0.00653478
429.152 0.781106 0.00636676
429.512 0.783213 0.0063634
429.872 0.788759 0.00643021
430.232 0.795674 0.00657238
430.592 0.798057 0.00676899
430.952 0.800961 0.00698153
431.312 0.807472 0.00718423
431.672 0.803546 0.00724928
432.032 0.796842 0.00719692
432.392 0.806777 0.00714372
432.752 0.804421 0.00678235
433.111 0.805448 0.00663514
433.471 0.817104 0.00678755
433.831 0.823591 0.00708132
434.19 0.817931 0.00705787
434.55 0.819663 0.00706405
434.91 0.824106 0.0071658
435.269 0.820836 0.00705307
435.629 0.82532 0.00705672
435.988 0.826772 0.00703269
436.348 0.830257 0.00715529
436.707 0.833291 0.00727742
437.066 0.834023 0.00727665
437.426 0.827976 0.00716416
437.785 0.833321 0.0071671
438.144 0.837821 0.00717748
438.503 0.840878 0.00728544
438.862 0.840725 0.00729828
439.222 0.847542 0.00738628
439.581 0.842235 0.00739472
439.94 0.838014 0.00727282
440.299 0.841583 0.00704261
440.658 0.840976 0.00686088
441.017 0.850383 0.00690138
441.376 0.850628 0.00698293
441.734 0.850198 0.00705287
442.093 0.842735 0.00701879
442.452 0.843365 0.00697099
442.811 0.849956 0.00696742
443.169 0.850029 0.00696511
443.528 0.851455 0.00711553
443.887 0.847983 0.00710556
444.245 0.854257 0.00716303
444.604 0.84606 0.00718792
444.962 0.842268 0.00720592
445.321 0.84251 0.00721368
445.679 0.843636 0.00718056
446.038 0.845557 0.00716248
446.396 0.846003 0.00726307
446.754 0.84892 0.00737513
447.112 0.850301 0.00741846
447.471 0.83924 0.0073785
447.829 0.840414 0.00742228
448.187 0.836329 0.00739106
448.545 0.841513 0.00739124
448.903 0.838024 0.00739501
449.261 0.840249 0.00742636
449.619 0.839347 0.00749266
449.977 0.848173 0.00756864
450.335 0.844063 0.007633
450.693 0.842004 0.00764257
451.051 0.83806 0.00760954
451.409 0.838952 0.00764345
451.766 0.837004 0.0076443
452.124 0.841679 0.00777316
452.482 0.829444 0.0077929
452.839 0.835579 0.00790901
453.197 0.828499 0.00788934
453.555 0.829014 0.00792442
453.912 0.828628 0.00790177
454.27 0.821387 0.00774307
454.627 0.830527 0.00769403
454.984 0.818628 0.00765676
455.342 0.826515 0.0078115
455.699 0.822 0.00787706
456.056 0.819626 0.00781899
456.414 0.818541 0.00774396
456.771 0.817939 0.00759956
457.128 0.809316 0.00753047
457.485 0.810176 0.00750835
457.842 0.810785 0.00755765
458.199 0.810048 0.00754548
458.556 0.808711 0.00746651
458.913 0.806057 0.00745457
459.27 0.806689 0.00741524
459.627 0.804682 0.00751376
459.984 0.791678 0.00739846
460.341 0.801027 0.00743244
460.697 0.792138 0.00747915
461.054 0.79731 0.00772457
461.411 0.791609 0.00785546
461.767 0.786486 0.00792234
462.124 0.788676 0.00791352
462.481 0.791583 0.00783327
462.837 0.782309 0.00766637
463.194 0.781428 0.00750168
463.55 0.775621 0.00752181
463.907 0.774477 0.00731895
464.263 0.774819 0.00721978
464.619 0.776719 0.00709178
464.976 0.77756 0.00699736
465.332 0.768878 0.00695646
465.688 0.779266 0.0072182
466.044 0.774818 0.00745598
466.4 0.774807 0.00757193
466.756 0.76963 0.00759611
467.112 0.774765 0.00762134
467.468 0.761903 0.00754665
467.824 0.773775 0.00768323
468.18 0.766134 0.00774506
468.536 0.763858 0.00774
468.892 0.763438 0.00786132
469.248 0.763091 0.00789439
469.604 0.765135 0.0079525
469.959 0.760067 0.00792332
470.315 0.765933 0.00794955
470.671 0.759639 0.0079089
471.026 0.766017 0.00787502
471.382 0.755242 0.00774462
471.737 0.764042 0.00772694
472.093 0.757855 0.00757554
472.448 0.757858 0.00743013
472.804 0.758914 0.0073719
473.159 0.758609 0.00730991
473.514 0.764583 0.00737593
473.87 0.757507 0.00723712
474.225 0.750005 0.00699541
474.58 0.761733 0.00691089
474.935 0.767391 0.0069955
475.29 0.773831 0.00711951
475.645 0.768513 0.0071022
476 0.763768 0.00708936
476.355 0.766472 0.00716584
476.71 0.766488 0.00716171
477.065 0.763577 0.00693988
477.42 0.770966 0.00688141
477.775 0.770129 0.00688596
478.13 0.778789 0.00698685
478.485 0.779023 0.00693728
478.839 0.772705 0.00682643
479.194 0.782867 0.00669509
479.549 0.782086 0.00660968
479.903 0.791274 0.00666612
480.258 0.787774 0.0067037
480.612 0.79294 0.00663793
480.967 0.791574 0.00647887
481.321 0.800589 0.00653655
481.675 0.797948 0.00665148
482.03 0.802917 0.00678985
482.384 0.805029 0.00682733
482.738 0.799589 0.00673934
483.093 0.808734 0.00672828
483.447 0.801955 0.0065545
483.801 0.802276 0.00635112
484.155 0.809686 0.00629897
484.509 0.75889 0.00531013
484.863 0.781719 0.00367336
485.217 0.816196 0.00341139
485.571 0.846234 0.00356333
485.925 0.86537 0.00459018
486.279 0.843024 0.00525341
486.632 0.838628 0.00566712
486.986 0.836385 0.00611777
487.34 0.834494 0.00652338
487.694 0.83545 0.00670932
488.047 0.830214 0.00672608
488.401 0.839033 0.00677029
488.754 0.838479 0.00681102
489.108 0.841284 0.00693375
489.461 0.834935 0.00694098
489.815 0.841035 0.00703896
490.168 0.835882 0.00693995
490.522 0.834255 0.00690369
490.875 0.840436 0.00693964
491.228 0.845258 0.00700738
491.581 0.841069 0.00694203
491.935 0.84566 0.0069867
492.288 0.846115 0.00701737
492.641 0.846227 0.00696807
492.994 0.843791 0.00695282
493.347 0.837847 0.00683208
493.7 0.846917 0.00687421
494.053 0.848935 0.00690595
494.406 0.848026 0.00701388
494.759 0.855425 0.00718805
495.111 0.844172 0.00691763
495.464 0.838098 0.0065902
495.817 0.846959 0.00650527
496.169 0.854121 0.00671603
496.522 0.859754 0.00704232
496.875 0.849877 0.00723559
497.227 0.854193 0.00732561
497.58 0.853082 0.00730809
497.932 0.850045 0.00720943
498.285 0.842234 0.00711071
498.637 0.840616 0.00692695
498.989 0.848528 0.00688199
499.342 0.85366 0.00695395
499.694 0.854475 0.00711108
500.046 0.841009 0.00711541
500.398 0.845246 0.00695864
500.751 0.845614 0.00689667
501.103 0.843277 0.00686517
501.455 0.842364 0.00687199
501.807 0.843119 0.00688539
502.159 0.844844 0.00689615
502.511 0.846982 0.00688773
502.862 0.847785 0.00692068
503.214 0.845088 0.00700411
503.566 0.844452 0.00714339
503.918 0.843243 0.00721551
504.27 0.8434 0.00720854
504.621 0.849645 0.00725284
504.973 0.843284 0.00726641
505.324 0.841962 0.00721381
505.676 0.836893 0.00706676
506.027 0.839138 0.00709533
506.379 0.839331 0.00733263
506.73 0.834824 0.00742442
507.082 0.835604 0.00737517
507.433 0.833493 0.00722942
507.784 0.833971 0.00717104
508.136 0.837721 0.00731254
508.487 0.837383 0.0073861
508.838 0.835081 0.0074451
509.189 0.832997 0.00742763
509.54 0.823704 0.00728735
509.891 0.82782 0.00739005
510.242 0.82642 0.00739203
510.593 0.825164 0.00743341
510.944 0.828407 0.00748964
511.295 0.826956 0.00763892
511.646 0.829255 0.00773424
511.996 0.821594 0.00761913
512.347 0.81912 0.00755042
512.698 0.821584 0.00758676
513.049 0.816447 0.00760959
513.399 0.819324 0.00765835
513.75 0.815676 0.00761844
514.1 0.812476 0.00774774
514.451 0.80875 0.00789069
514.801 0.803044 0.00782828
515.152 0.803879 0.00776312
515.502 0.805252 0.00764932
515.852 0.806501 0.00761416
516.202 0.80334 0.00758904
516.553 0.811073 0.00773695
516.903 0.804748 0.00782427
517.253 0.809586 0.00796614
517.603 0.793563 0.00788548
517.953 0.796532 0.00786182
518.303 0.79272 0.00765891
518.653 0.797203 0.0076176
519.003 0.793651 0.00765899
519.353 0.795798 0.00794366
519.703 0.788767 0.0080762
520.052 0.783725 0.00809163
520.402 0.78878 0.00807297
520.752 0.789959 0.00798653
521.102 0.786918 0.00810033
521.451 0.788425 0.00816581
521.801 0.785566 0.00812768
522.15 0.771549 0.00792136
522.5 0.774832 0.00792531
522.849 0.774519 0.00789882
523.199 0.772925 0.00781616
523.548 0.768338 0.00771801
523.897 0.774812 0.00784007
524.246 0.771177 0.00795185
524.596 0.779893 0.00810983
524.945 0.766429 0.00799266
525.294 0.768054 0.0080002
525.643 0.768497 0.00798468
525.992 0.764535 0.00795046
526.341 0.765295 0.00790481
526.69 0.76837 0.00798302
527.039 0.760339 0.00801859
527.388 0.759227 0.00806877
527.737 0.749694 0.007774
528.086 0.751673 0.00749786
528.434 0.752498 0.00736468
528.783 0.769328 0.00765006
529.132 0.759535 0.0077459
529.48 0.75948 0.00784528
529.829 0.760035 0.00789139
530.177 0.763019 0.00798802
530.526 0.754348 0.00796202
530.874 0.751864 0.00787312
531.223 0.750879 0.0078566
531.571 0.757299 0.00795807
531.919 0.751503 0.00784965
532.268 0.746532 0.00758473
532.616 0.744453 0.00733204
532.964 0.749094 0.00724576
533.312 0.753602 0.00727129
533.66 0.748992 0.00728173
534.008 0.750989 0.00727484
534.356 0.753741 0.00729297
534.704 0.757127 0.00737576
535.052 0.758922 0.00748382
535.4 0.756343 0.00762902
535.748 0.762025 0.00783994
536.095 0.756627 0.00801005
536.443 0.758822 0.00803166
536.791 0.753391 0.0078336
537.139 0.751763 0.00764496
537.486 0.752219 0.00747041
537.834 0.760575 0.00747199
538.181 0.761305 0.00743266
538.529 0.764273 0.00748908
538.876 0.764747 0.00747198
539.223 0.769386 0.00762134
539.571 0.774616 0.00781079
539.918 0.771537 0.00776762
540.265 0.76542 0.00758424
540.613 0.765836 0.00745582
540.96 0.770901 0.00757306
541.307 0.76838 0.00757446
541.654 0.766243 0.00756202
542.001 0.78476 0.00767667
542.348 0.776022 0.00763239
542.695 0.776967 0.00764669
543.042 0.782515 0.00755617
543.388 0.780647 0.00745171
543.735 0.787145 0.00747227
544.082 0.790116 0.00747496
544.429 0.792735 0.0075218
544.775 0.79834 0.00771457
545.122 0.805393 0.00797831
545.469 0.794534 0.00805391
545.815 0.791277 0.00799087
546.162 0.799241 0.00796707
546.508 0.798153 0.00779818
546.854 0.797039 0.00750391
547.201 0.792437 0.00720827
547.547 0.809155 0.00726281
547.893 0.812514 0.00744127
548.24 0.82471 0.00789842
548.586 0.814417 0.00817538
548.932 0.817327 0.00831182
549.278 0.810628 0.00828356
549.624 0.818868 0.00828108
549.97 0.824316 0.00838634
550.316 0.823254 0.00854826
550.662 0.827087 0.0086563
551.008 0.808607 0.00811622
551.353 0.819238 0.00773292
551.699 0.827716 0.0076009
552.045 0.835453 0.00784199
552.391 0.830563 0.00798105
552.736 0.831845 0.00802367
553.082 0.825774 0.00800608
553.427 0.838035 0.00820785
553.773 0.836565 0.00847216
554.118 0.830005 0.0084394
554.464 0.831214 0.00822884
554.809 0.824596 0.0078705
555.154 0.837662 0.00782577
555.5 0.843529 0.00787093
555.845 0.845896 0.00818844
556.19 0.848035 0.00842123
556.535 0.842754 0.00858349
556.88 0.843582 0.00844922
557.225 0.843422 0.00841711
557.57 0.848987 0.00860963
557.915 0.857174 0.00888558
558.26 0.846547 0.00893915
558.605 0.844901 0.00889878
558.95 0.841061 0.00868276
559.295 0.834979 0.00818995
559.639 0.843546 0.00792203
559.984 0.838661 0.00759716
560.329 0.840485 0.00757733
560.673 0.858513 0.00768474
561.018 0.85666 0.00790172
561.362 0.850387 0.00808261
561.707 0.855538 0.00831028
562.051 0.849925 0.00818201
562.395 0.84316 0.00804173
562.74 0.852053 0.00792362
563.084 0.846145 0.00779853
563.428 0.853208 0.00766749
563.772 0.852494 0.0076998
564.117 0.848396 0.0076251
564.461 0.851972 0.00761697
564.805 0.849177 0.00767071
565.149 0.855289 0.00766277
565.493 0.855086 0.0076736
565.836 0.854659 0.0075243
566.18 0.852692 0.0074058
566.524 0.837708 0.00684506
566.868 0.849171 0.00670695
567.212 0.851345 0.00660122
567.555 0.847167 0.00650179
567.899 0.846679 0.00619875
568.242 0.846111 0.00594363
568.586 0.839623 0.00554065
568.929 0.837874 0.00518082
569.273 0.842157 0.00491071
569.616 0.856689 0.00495989
569.96 0.848035 0.0048351
570.303 0.84677 0.00468136
570.646 0.848086 0.0046268
570.989 0.843981 0.00447264
571.333 0.855114 0.00455809
571.676 0.860312 0.0047428
572.019 0.853705 0.00510876
572.362 0.834212 0.00476506
572.705 0.832036 0.00441695
573.048 0.842622 0.00423091
573.391 0.841597 0.00409036
573.733 0.84636 0.00404494
574.076 0.845169 0.00399741
574.419 0.854542 0.00414203
574.762 0.85163 0.00435528
575.104 0.859098 0.00468252
575.447 0.834493 0.00455266
575.789 0.828611 0.00426421
576.132 0.837963 0.00405116
576.474 0.83429 0.00399703
576.817 0.827758 0.003683
577.159 0.838434 0.00350465
577.501 0.853493 0.00356389
577.844 0.856859 0.00382182
578.186 0.850508 0.00427091
578.528 0.837503 0.00441123
578.87 0.835535 0.00442528
579.212 0.824589 0.00424956
579.554 0.831825 0.00413179
579.896 0.832594 0.00415887
580.238 0.812524 0.00387161
580.58 0.826885 0.00343159
580.922 0.857082 0.00335767
581.264 0.896391 0.00343372
581.606 0.850067 0.00349104
581.947 0.844428 0.00369331
582.289 0.843069 0.00409993
582.631 0.836094 0.00452883
582.972 0.829093 0.00481225
583.314 0.819635 0.00473198
583.655 0.808629 0.00454358
583.997 0.803074 0.00413316
584.338 0.809327 0.00385922
584.679 0.816598 0.00371935
585.021 0.827177 0.00384627
585.362 0.826338 0.00413071
585.703 0.825384 0.00444034
586.044 0.804314 0.00439965
586.385 0.800243 0.00415267
586.726 0.805151 0.00397833
587.067 0.819738 0.00417175
587.408 0.81819 0.00440678
587.749 0.814996 0.00460669
588.09 0.812149 0.00479032
588.431 0.819071 0.00509726
588.772 0.8018 0.0052451
589.113 0.797224 0.0051398
589.453 0.795016 0.00510484
589.794 0.803563 0.00530796
590.134 0.807014 0.00560318
590.475 0.799271 0.00570583
590.815 0.791866 0.00562679
591.156 0.796854 0.00565252
591.496 0.775004 0.00540455
591.837 0.768483 0.00462984
592.177 0.774233 0.00422146
592.517 0.785456 0.00407083
592.857 0.796143 0.00432116
593.198 0.798309 0.00460382
593.538 0.795427 0.00506952
593.878 0.786269 0.00520131
594.218 0.76995 0.00498102
594.558 0.778947 0.00482382
594.898 0.786017 0.00498213
595.237 0.790517 0.00530614
595.577 0.783023 0.00562206
595.917 0.775969 0.00587619
596.257 0.767975 0.0056009
596.596 0.761389 0.00543667
596.936 0.778728 0.00540698
597.276 0.775303 0.00560597
597.615 0.755822 0.00543698
597.955 0.746021 0.0047507
598.294 0.756326 0.00448782
598.633 0.767882 0.00453697
598.973 0.765499 0.00470068
599.312 0.753735 0.00465019
599.651 0.765433 0.00472328
599.991 0.759514 0.00480775
600.33 0.75952 0.00488206
600.669 0.757237 0.00501443
601.008 0.761614 0.00520273
601.347 0.752001 0.00534598
601.686 0.747999 0.00517601
602.025 0.745625 0.00520228
602.364 0.740225 0.00492516
602.702 0.737608 0.00484591
603.041 0.746105 0.00490601
603.38 0.752097 0.00516129
603.719 0.751332 0.00539366
604.057 0.7444 0.0055196
604.396 0.741306 0.00549942
604.734 0.727026 0.00520155
605.073 0.735768 0.00484103
605.411 0.738717 0.0048978
605.75 0.750621 0.00511736
606.088 0.741513 0.00535246
606.426 0.732175 0.00518826
606.764 0.732849 0.0051193
607.103 0.749086 0.00533972
607.441 0.735699 0.00547443
607.779 0.732506 0.00559497
608.117 0.736438 0.00557158
608.455 0.73818 0.00581477
608.793 0.724762 0.00581724
609.131 0.718266 0.00540276
609.469 0.727254 0.00530528
609.806 0.736227 0.00540968
610.144 0.738899 0.00584509
610.482 0.730587 0.00587251
610.819 0.729132 0.00585381
611.157 0.732034 0.00589632
611.495 0.734645 0.00611384
611.832 0.727467 0.00610208
612.17 0.727208 0.00605661
612.507 0.729784 0.00599957
612.844 0.725923 0.00604653
613.182 0.730595 0.00607998
613.519 0.725327 0.00602071
613.856 0.72988 0.00602384
614.193 0.72522 0.00592886
614.53 0.722844 0.00579582
614.867 0.731851 0.00582551
615.205 0.7365 0.0061366
615.541 0.733174 0.00634399
615.878 0.725975 0.0065808
616.215 0.730184 0.00653249
616.552 0.731222 0.00660392
616.889 0.726687 0.00643226
617.226 0.73091 0.00638476
617.562 0.742776 0.00664099
617.899 0.74023 0.00702997
618.235 0.742814 0.00740507
618.572 0.742969 0.00768021
618.908 0.733114 0.00736437
619.245 0.731276 0.00705496
619.581 0.734189 0.00694506
619.918 0.76443 0.00767538
620.254 0.760775 0.00863772
620.59 0.738564 0.00863882
620.926 0.730649 0.00801155
621.262 0.735561 0.00759197
621.599 0.748946 0.00769555
621.935 0.745938 0.00758341
622.271 0.739057 0.00726533
622.606 0.74775 0.00715003
622.942 0.756965 0.0073723
623.278 0.750594 0.0075552
623.614 0.73949 0.00714665
623.95 0.75419 0.00718844
624.285 0.759863 0.00734992
624.621 0.761175 0.00775591
624.957 0.758133 0.00798115
625.292 0.766783 0.00826927
625.628 0.760369 0.00848375
625.963 0.759549 0.00853547
626.299 0.764291 0.00838579
626.634 0.756569 0.00821242
626.969 0.774804 0.00846451
627.304 0.778908 0.00919942
627.64 0.782939 0.00989293
627.975 0.761434 0.0095609
628.31 0.756935 0.00901067
628.645 0.778469 0.00892893
628.98 0.777677 0.0091205
629.315 0.786383 0.00934717
629.65 0.783496 0.00940445
629.985 0.786077 0.00939344
630.319 0.790816 0.00983373
630.654 0.788238 0.00992956
630.989 0.787666 0.00987733
631.323 0.781878 0.0100114
631.658 0.795752 0.0105115
631.993 0.800658 0.0110004
632.327 0.789766 0.0109669
632.662 0.802399 0.0109944
632.996 0.792319 0.0106828
633.33 0.789353 0.010505
633.665 0.812589 0.0110318
633.999 0.802768 0.011298
634.333 0.802318 0.0112926
634.667 0.797034 0.0112942
635.001 0.803657 0.0110648
635.335 0.797079 0.0106001
635.669 0.80174 0.0102365
636.003 0.818319 0.0104858
636.337 0.825097 0.0110554
636.671 0.832075 0.011682
637.005 0.825138 0.0119491
637.339 0.808043 0.0117724
637.672 0.806908 0.0113346
638.006 0.823171 0.0111543
638.339 0.823649 0.0113203
638.673 0.82616 0.0116985
639.006 0.830646 0.0120987
639.34 0.816712 0.0119901
639.673 0.823963 0.0122151
640.007 0.829088 0.0122222
640.34 0.83481 0.0124783
640.673 0.826645 0.0125117
641.006 0.827644 0.0127033
641.34 0.831712 0.0128731
641.673 0.829998 0.0131669
642.006 0.828062 0.0133782
642.339 0.835976 0.0132042
642.672 0.832261 0.0130939
643.004 0.827446 0.0131305
643.337 0.847763 0.0137188
643.67 0.832471 0.0135909
644.003 0.829004 0.0134296
644.336 0.838178 0.0134471
644.668 0.823444 0.0133045
645.001 0.845819 0.0137172
645.333 0.851801 0.0141041
645.666 0.8449 0.0143367
645.998 0.844318 0.014659
646.331 0.853543 0.0149628
646.663 0.842531 0.014713
646.995 0.832184 0.0137307
647.327 0.826341 0.0125651
647.66 0.834928 0.011939
647.992 0.83264 0.0117405
648.324 0.847913 0.0118039
648.656 0.849234 0.0119774
648.988 0.855914 0.0125031
649.32 0.860147 0.0134074
649.652 0.858137 0.01402
649.983 0.847877 0.0142361
650.315 0.850852 0.0143529
650.647 0.839774 0.013932
650.979 0.840674 0.0133037
651.31 0.83675 0.0127621
651.642 0.838676 0.0124899
651.973 0.858011 0.0126246
652.305 0.845407 0.012484
652.636 0.859207 0.0127599
652.967 0.842623 0.0129217
653.299 0.86021 0.0133602
653.63 0.84839 0.0131181
653.961 0.833827 0.0120811
654.292 0.7694 0.00890743
654.623 0.712957 0.00310788
654.955 0.895861 0.00341985
655.286 0.895806 0.00341964
655.616 0.89575 0.00341942
655.947 0.895694 0.00341921
656.278 0.895636 0.00341899
656.609 0.913547 0.00361351
656.94 0.885818 0.00470846
657.27 0.877399 0.00549381
657.601 0.888428 0.00637619
657.932 0.90085 0.00767966
658.262 0.897305 0.00933661
658.593 0.89026 0.0111558
658.923 0.878582 0.0129583
659.254 0.865258 0.0142051
659.584 0.864944 0.0150793
659.914 0.861563 0.0157598
660.244 0.872869 0.016259
660.575 0.844072 0.0158717
660.905 0.863612 0.0160782
661.235 0.860146 0.0158213
661.565 0.856316 0.0156725
661.895 0.850302 0.0155282
662.225 0.846779 0.0157401
662.555 0.846731 0.0159582
662.884 0.836889 0.0156879
663.214 0.849623 0.0155887
663.544 0.845867 0.0153924
663.873 0.849152 0.0151937
664.203 0.858134 0.0151076
664.533 0.8451 0.0145863
664.862 0.842059 0.0144588
665.192 0.851498 0.0149578
665.521 0.853292 0.0157864
665.85 0.837725 0.0161064
666.18 0.853291 0.016925
666.509 0.853709 0.0168286
666.838 0.842933 0.0163267
667.167 0.842718 0.0161149
667.496 0.849709 0.0164605
667.825 0.843459 0.0164824
668.154 0.830387 0.0163269
668.483 0.852743 0.0164329
668.812 0.854495 0.0161432
669.141 0.858157 0.0160164
669.47 0.839485 0.0156462
669.798 0.861575 0.0160129
670.127 0.838692 0.0158136
670.456 0.818496 0.0147386
670.784 0.817732 0.0132141
671.113 0.822758 0.012167
671.441 0.839676 0.0117451
671.77 0.850567 0.0120173
672.098 0.840418 0.0124154
672.426 0.868726 0.0140337
672.755 0.840153 0.014674
673.083 0.840065 0.0148806
673.411 0.830391 0.0147651
673.739 0.842507 0.0150901
674.067 0.84514 0.0159119
674.395 0.841654 0.0158772
674.723 0.824397 0.0153045
675.051 0.843353 0.0152555
675.379 0.831005 0.0151309
675.706 0.842355 0.0154014
676.034 0.835756 0.0156871
676.362 0.826587 0.0156761
676.689 0.813602 0.014609
677.017 0.825037 0.0137453
677.344 0.820035 0.0131639
677.672 0.842279 0.0135699
677.999 0.825663 0.013599
678.327 0.813078 0.0132259
678.654 0.821743 0.0127176
678.981 0.816348 0.0122945
679.308 0.826122 0.0124665
679.636 0.839817 0.0131569
679.963 0.846694 0.0138719
680.29 0.819279 0.0136825
680.617 0.817625 0.0134142
680.944 0.822566 0.0132551
681.271 0.842639 0.0138024
681.597 0.839054 0.0147045
681.924 0.835411 0.015627
682.251 0.815935 0.015383
682.578 0.816518 0.0145798
682.904 0.790221 0.0133837
683.231 0.804801 0.0129693
683.557 0.803395 0.0126678
683.884 0.811283 0.0123667
684.21 0.80148 0.0120039
684.536 0.794995 0.0115646
684.863 0.806108 0.0114701
685.189 0.805601 0.01166
685.515 0.821175 0.0124094
685.841 0.81416 0.0127609
686.167 0.792649 0.0126037
686.493 0.800369 0.0125136
686.819 0.80364 0.0126103
687.145 0.804008 0.0131639
687.471 0.810036 0.0142091
687.797 0.794844 0.0145474
688.123 0.798908 0.0144958
688.448 0.791898 0.0139587
688.774 0.787589 0.0135023
689.1 0.801016 0.0138474
689.425 0.795962 0.0143828
689.751 0.801839 0.0146694
690.076 0.781355 0.0136744
690.402 0.788626 0.0128351
690.727 0.781952 0.0123862
691.052 0.791149 0.0127854
691.377 0.783793 0.0131078
691.703 0.801812 0.0135933
692.028 0.780056 0.0134152
692.353 0.780407 0.0131345
692.678 0.794107 0.0133512
693.003 0.798473 0.0138968
693.328 0.800965 0.0149461
693.652 0.785097 0.0154653
693.977 0.781786 0.0150639
694.302 0.764307 0.0140441
694.627 0.782091 0.014008
694.951 0.787431 0.0145611
695.276 0.787642 0.0159647
695.6 0.786517 0.0162216
695.925 0.751809 0.0139194
696.249 0.758246 0.012326
696.574 0.763397 0.0117213
696.898 0.782086 0.0124039
697.222 0.77545 0.0130551
697.546 0.767412 0.0135098
697.871 0.762065 0.0137463
698.195 0.762445 0.0138505
698.519 0.762897 0.0142052
698.843 0.769331 0.0146732
699.167 0.764225 0.015174
699.491 0.777176 0.0158848
699.814 0.762595 0.0158623
700.138 0.758989 0.0158731
700.462 0.776128 0.0163167
700.786 0.75047 0.0158317
701.109 0.74788 0.0154148
701.433 0.757422 0.0149756
701.756 0.761506 0.0144798
702.08 0.755346 0.0144224
702.403 0.756583 0.0147282
702.726 0.758536 0.015373
703.05 0.754962 0.0157111
703.373 0.753399 0.0158778
703.696 0.750953 0.0158654
704.019 0.749618 0.0164043
704.342 0.758803 0.0171065
704.665 0.763991 0.0178736
704.988 0.749662 0.0175894
705.311 0.728436 0.0162732
705.634 0.721191 0.014538
705.957 0.735524 0.0132972
706.28 0.727751 0.012253
706.602 0.739307 0.0122218
706.925 0.749855 0.0125676
707.247 0.742736 0.0130062
707.57 0.738111 0.0134769
707.892 0.738028 0.013936
708.215 0.742069 0.014657
708.537 0.720536 0.0147983
708.859 0.727949 0.0149593
709.182 0.72686 0.0147933
709.504 0.729538 0.0144305
709.826 0.727764 0.014232
710.148 0.732949 0.0143402
710.47 0.73476 0.014766
710.792 0.73201 0.015283
711.114 0.740643 0.0158882
711.436 0.735824 0.0161888
711.758 0.716503 0.0157163
712.079 0.731536 0.0156988
712.401 0.719725 0.0148032
712.723 0.711312 0.0141822
713.044 0.693622 0.0131943
713.366 0.719342 0.0132871
713.687 0.724982 0.0134474
714.009 0.705216 0.0136227
714.33 0.724538 0.0141177
714.652 0.714283 0.0144158
714.973 0.722791 0.0150039
715.294 0.711907 0.0156563
715.615 0.75431 0.0171463
715.936 0.722975 0.0170326
716.257 0.719055 0.0171498
716.578 0.742384 0.0175429
716.899 0.744096 0.0171716
717.22 0.725599 0.0158629
717.541 0.706997 0.0152385
717.862 0.719985 0.0153262
718.182 0.713008 0.0152217
718.503 0.707684 0.0148352
718.824 0.733921 0.0153229
719.144 0.718783 0.0154064
719.465 0.709716 0.0156586
719.785 0.699316 0.0152228
720.105 0.709436 0.0151312
720.426 0.713924 0.0149907
720.746 0.727167 0.0153857
721.066 0.704437 0.0151706
721.386 0.710063 0.0153871
721.706 0.722265 0.0159701
722.026 0.73236 0.016508
722.346 0.734703 0.0166719
722.666 0.724622 0.0163405
722.986 0.717939 0.0158615
723.306 0.709819 0.0158948
723.626 0.736595 0.0165128
723.946 0.702073 0.016089
724.265 0.714992 0.0153683
724.585 0.699457 0.014399
724.904 0.709447 0.0143937
725.224 0.720377 0.0145429
725.543 0.718859 0.0145245
725.863 0.711126 0.0145846
726.182 0.730951 0.0153868
726.501 0.701258 0.0153084
726.82 0.714375 0.0155527
727.14 0.7034 0.014835
727.459 0.706965 0.014424
727.778 0.701968 0.0142876
728.097 0.720228 0.0146701
728.416 0.703071 0.0143305
728.734 0.69923 0.013837
729.053 0.715788 0.0138626
729.372 0.712688 0.013804
729.691 0.704154 0.0133753
730.009 0.704335 0.012734
730.328 0.715375 0.0124557
730.647 0.718794 0.0124997
730.965 0.723658 0.0129814
731.283 0.725063 0.0134821
731.602 0.710942 0.0135056
731.92 0.706318 0.0132224
732.238 0.704365 0.0128861
732.557 0.714108 0.0128561
732.875 0.706639 0.0124786
733.193 0.706353 0.0117322
733.511 0.717326 0.0115527
733.829 0.720332 0.0119241
734.147 0.735708 0.0128433
734.465 0.719297 0.0132769
734.782 0.732561 0.0133866
735.1 0.712624 0.0128333
735.418 0.716705 0.0128595
735.735 0.735838 0.0130692
736.053 0.718684 0.0127728
736.371 0.724479 0.0129567
736.688 0.734559 0.013522
737.005 0.741093 0.0144094
737.323 0.722164 0.0147681
737.64 0.731095 0.0148761
737.957 0.724752 0.0140427
738.274 0.720653 0.0128523
738.592 0.732833 0.012645
738.909 0.74352 0.0130577
739.226 0.741711 0.0142049
739.543 0.759155 0.0154906
739.86 0.756594 0.0163635
740.176 0.770446 0.0169414
740.493 0.746017 0.017174
740.81 0.73888 0.0171455
741.127 0.742107 0.0170014
741.443 0.734089 0.016022
741.76 0.754649 0.0157065
742.076 0.748996 0.015786
742.393 0.766265 0.0168235
742.709 0.791018 0.0180392
743.025 0.764714 0.0180635
743.342 0.75038 0.017729
743.658 0.764078 0.0175458
743.974 0.760426 0.0170197
744.29 0.759092 0.0169875
744.606 0.748734 0.0170515
744.922 0.745344 0.0170433
745.238 0.758066 0.0172404
745.554 0.767493 0.017767
745.87 0.774625 0.0180373
746.186 0.760348 0.0171341
746.501 0.763533 0.0165383
746.817 0.765985 0.0168286
747.132 0.791935 0.0183671
747.448 0.773689 0.0188675
747.763 0.751744 0.0183202
748.079 0.748333 0.017518
748.394 0.77058 0.0165717
748.71 0.758675 0.0153083
749.025 0.757807 0.0144045
749.34 0.761922 0.0142558
749.655 0.776557 0.0147069
749.97 0.780953 0.0152794
750.285 0.769034 0.0152093
750.6 0.775496 0.0149466
750.915 0.761254 0.0144406
751.23 0.775308 0.0148603
751.545 0.796608 0.015682
751.859 0.790282 0.016208
752.174 0.783713 0.016329
752.489 0.785724 0.0155268
752.803 0.771561 0.0144626
753.118 0.774263 0.0143792
753.432 0.779701 0.0149136
753.747 0.791154 0.0155796
754.061 0.772692 0.014875
754.375 0.756006 0.0140977
754.689 0.773243 0.0138137
755.004 0.791157 0.0139503
755.318 0.781428 0.013562
755.632 0.762139 0.0127403
755.946 0.779193 0.0126493
756.26 0.769666 0.0120097
756.573 0.776775 0.0115436
756.887 0.779192 0.0112096
757.201 0.784648 0.0114875
757.515 0.796462 0.0126778
757.828 0.798925 0.0136177
758.142 0.781878 0.013427
758.455 0.773571 0.0124033
758.769 0.782881 0.0118165
759.082 0.777793 0.0114577
759.396 0.785351 0.0113402
759.709 0.782954 0.011235
760.022 0.790364 0.0113877
760.335 0.811134 0.0121427
760.648 0.7988 0.0129514
760.962 0.80749 0.013977
761.275 0.80859 0.0146794
761.587 0.790294 0.0147013
761.9 0.802682 0.0148536
762.213 0.781883 0.0141812
762.526 0.797711 0.0138072
762.839 0.791798 0.0137009
763.151 0.794414 0.0133271
763.464 0.793127 0.0125949
763.776 0.7905 0.0116797
764.089 0.798437 0.0114903
764.401 0.803601 0.0119369
764.714 0.808577 0.012678
765.026 0.817386 0.0136055
765.338 0.81336 0.0144511
765.65 0.825612 0.0156708
765.962 0.802593 0.016169
766.275 0.801717 0.0167383
766.587 0.788701 0.0166567
766.898 0.805718 0.0162951
767.21 0.800654 0.0152837
767.522 0.797077 0.014149
767.834 0.805795 0.0137049
768.146 0.795666 0.0137169
768.457 0.835664 0.0149165
768.769 0.814398 0.0155095
769.08 0.807416 0.0155126
769.392 0.805131 0.0149306
769.703 0.797397 0.0140898
770.015 0.814565 0.0136973
770.326 0.81017 0.0136868
770.637 0.836844 0.0144134
770.948 0.826976 0.0153742
771.26 0.821429 0.0162851
771.571 0.795242 0.016199
771.882 0.799399 0.0158466
772.193 0.816923 0.0161817
772.504 0.8268 0.0166866
772.814 0.812367 0.0168704
773.125 0.822392 0.0173255
773.436 0.812594 0.0177167
773.747 0.797988 0.0179519
774.057 0.819844 0.0185854
774.368 0.821894 0.0189013
774.678 0.844665 0.0196608
774.989 0.810593 0.0195625
775.299 0.838901 0.0205709
775.609 0.827459 0.0202023
775.919 0.821661 0.0199663
776.23 0.856744 0.0204127
776.54 0.824562 0.0198561
776.85 0.828779 0.0201161
777.16 0.819627 0.0194105
777.47 0.803273 0.0182175
777.78 0.817067 0.0175635
778.089 0.809045 0.0165986
778.399 0.798549 0.0163861
778.709 0.832173 0.0174993
779.019 0.827286 0.018594
779.328 0.831461 0.0196493
779.638 0.820079 0.0192564
779.947 0.773756 0.0170508
780.257 0.779132 0.0156082
780.566 0.809962 0.0153184
780.875 0.810449 0.0156732
781.185 0.831677 0.0168841
781.494 0.807645 0.0169132
781.803 0.824911 0.0175498
782.112 0.813731 0.0176856
782.421 0.818659 0.017506
782.73 0.807476 0.0169282
783.039 0.808038 0.0171489
783.348 0.841468 0.0188968
783.656 0.827869 0.0197733
783.965 0.811484 0.0198702
784.274 0.806257 0.0190537
784.582 0.817094 0.0185855
784.891 0.81992 0.0185079
785.199 0.836569 0.0189781
785.508 0.830401 0.0194287
785.816 0.825149 0.0197193
786.124 0.807213 0.0190733
786.432 0.808479 0.0181509
786.741 0.829156 0.017679
787.049 0.832495 0.0176099
787.357 0.814732 0.0176876
787.665 0.810425 0.0175346
787.973 0.842263 0.0180382
788.281 0.83761 0.0183629
788.588 0.828724 0.0192376
788.896 0.829643 0.0204454
789.204 0.856056 0.0216121
789.511 0.827411 0.0213049
789.819 0.830147 0.0217291
790.126 0.808688 0.0214554
790.434 0.840022 0.0218621
790.741 0.857007 0.0220262
791.049 0.838604 0.0217655
791.356 0.83845 0.0224698
791.663 0.802132 0.0223743
791.97 0.842204 0.022986
792.277 0.797481 0.0219518
792.584 0.827506 0.0211821
792.891 0.790344 0.0183096
793.198 0.812672 0.0172344
793.505 0.821744 0.0169912
793.812 0.821052 0.0174644
794.119 0.808018 0.0177236
794.425 0.826391 0.0184563
794.732 0.826722 0.0193015
795.038 0.832045 0.0213926
795.345 0.817309 0.0228002
795.651 0.8389 0.0243378
795.958 0.843312 0.0244513
796.264 0.802283 0.022255
796.57 0.802489 0.0214436
796.876 0.840009 0.0217507
797.183 0.817047 0.021848
797.489 0.84362 0.0231117
797.795 0.824068 0.0230466
798.101 0.821094 0.0229033
798.406 0.820058 0.0230104
798.712 0.824449 0.0237534
799.018 0.817874 0.0240281
799.324 0.818384 0.0240987
799.629 0.822571 0.0242693
799.935 0.821735 0.0244368
800.24 0.840564 0.0251853
800.546 0.852391 0.0253706
800.851 0.815198 0.0250367
801.157 0.798438 0.0258394
801.462 0.80848 0.0262536
801.767 0.838507 0.0268639
802.072 0.808762 0.0253597
802.377 0.824144 0.0246344
802.682 0.807828 0.0239964
802.987 0.862847 0.0254889
803.292 0.83647 0.0257379
803.597 0.816748 0.0256492
803.902 0.841534 0.0259699
804.207 0.820786 0.0254873
804.511 0.821957 0.0251146
804.816 0.786228 0.0230788
805.12 0.8056 0.021828
805.425 0.773026 0.0201395
805.729 0.82037 0.0209096
806.034 0.809953 0.0215806
806.338 0.807094 0.0227702
806.642 0.823299 0.0235833
806.946 0.808772 0.0231378
807.251 0.817837 0.023481
807.555 0.802288 0.0228867
807.859 0.786901 0.022494
808.162 0.834002 0.0238295
808.466 0.85943 0.0250134
808.77 0.825758 0.0251681
809.074 0.855956 0.0265004
809.378 0.835758 0.0262315
809.681 0.853906 0.026306
809.985 0.820949 0.0262106
810.288 0.870216 0.0272866
810.592 0.81709 0.0262423
810.895 0.831716 0.027105
811.198 0.869143 0.0289334
811.502 0.842013 0.0288924
811.805 0.852857 0.0298767
812.108 0.803346 0.0276763
812.411 0.810678 0.0269787
812.714 0.829198 0.0254228
813.017 0.800368 0.0236374
813.32 0.804249 0.0236594
813.623 0.807957 0.024463
813.926 0.830908 0.026605
814.228 0.841113 0.0281994
814.531 0.824004 0.028806
814.833 0.780289 0.0278161
815.136 0.816463 0.0286265
815.438 0.834614 0.0292732
815.741 0.769507 0.0269427
816.043 0.817935 0.0274398
816.345 0.806208 0.0270591
816.648 0.82981 0.027676
816.95 0.831854 0.0281355
817.252 0.842696 0.0289544
817.554 0.802571 0.028317
817.856 0.798645 0.0288509
818.158 0.788898 0.0289234
818.46 0.844857 0.0306907
818.761 0.845274 0.0305863
819.063 0.788995 0.0290376
819.365 0.807634 0.0285107
819.666 0.766852 0.0263924
819.968 0.8134 0.0262848
820.269 0.81208 0.0259797
820.571 0.811298 0.026648
820.872 0.798288 0.0274331
821.173 0.788412 0.0283459
821.475 0.847462 0.030519
821.776 0.819033 0.0298474
822.077 0.824405 0.0297707
822.378 0.796209 0.0294614
822.679 0.824388 0.0304688
822.98 0.825714 0.0302101
823.281 0.831496 0.0312989
823.581 0.83309 0.0310128
823.882 0.846175 0.0316553
824.183 0.828106 0.0309978
824.483 0.805965 0.0294932
824.784 0.79636 0.0281127
825.084 0.819942 0.0290373
825.385 0.798036 0.0290224
825.685 0.857939 0.0307391
825.985 0.809673 0.0296066
826.286 0.786102 0.0287718
826.586 0.803045 0.0285098
826.886 0.811771 0.0287175
827.186 0.805635 0.0290287
827.486 0.844879 0.0307259
827.786 0.816116 0.0306585
828.086 0.837142 0.0307389
828.386 0.811669 0.0298721
828.685 0.803939 0.029565
828.985 0.85597 0.0314183
829.285 0.797724 0.03054
829.584 0.805951 0.031193
829.884 0.809222 0.0317327
830.183 0.858346 0.0343853
830.482 0.83361 0.0335165
830.782 0.791051 0.0327884
831.081 0.837546 0.0350153
831.38 0.799022 0.0330947
831.679 0.82489 0.0337024
831.978 0.876423 0.0347946
832.277 0.827428 0.0327185
832.576 0.817754 0.0319148
832.875 0.832594 0.0321835
833.174 0.768973 0.0307353
833.472 0.817379 0.0319277
833.771 0.84449 0.0328944
834.07 0.802753 0.0313091
834.368 0.823471 0.0320208
834.667 0.837458 0.0331444
834.965 0.830656 0.0335051
835.263 0.812936 0.0331905
835.562 0.852463 0.0340032
835.86 0.793065 0.0324945
836.158 0.783429 0.0326639
836.456 0.806955 0.0340239
836.754 0.791935 0.0336115
837.052 0.835268 0.035615
837.35 0.77835 0.0337134
837.648 0.814019 0.0349345
837.946 0.846096 0.0359196
838.243 0.794673 0.0348209
838.541 0.799414 0.0340071
838.839 0.815731 0.0344028
839.136 0.859386 0.035237
839.434 0.835225 0.034527
839.731 0.87012 0.0361894
840.028 0.847002 0.0348874
840.326 0.848379 0.0353546
840.623 0.819743 0.0347212
840.92 0.792261 0.0344627
841.217 0.867915 0.0370833
841.514 0.843116 0.0367539
841.811 0.816403 0.0349731
842.108 0.848898 0.0367107
842.405 0.824155 0.0364417
842.701 0.891713 0.0380806
842.998 0.770086 0.0342989
843.295 0.878301 0.0374305
843.591 0.865803 0.0372444
843.888 0.849888 0.0364739
844.184 0.843154 0.0365396
844.481 0.813119 0.0352943
844.777 0.828111 0.0357926
845.073 0.812594 0.035723
845.369 0.8517 0.0369394
845.665 0.866948 0.0378133
845.962 0.82337 0.0361277
846.258 0.817734 0.0367011
846.553 0.875863 0.0380382
846.849 0.876068 0.0381083
847.145 0.813892 0.0355374
847.441 0.829028 0.0360815
847.737 0.835482 0.0359215
848.032 0.816314 0.0361853
848.328 0.818333 0.0363966
848.623 0.89218 0.0385108
848.919 0.821323 0.0361266
849.214 0.777143 0.0347407
849.509 0.828625 0.036408
849.805 0.825389 0.0370659
850.1 0.826174 0.0379126
850.395 0.925132 0.0399861
850.69 0.882885 0.0393342
850.985 0.763984 0.0352914
851.28 0.801243 0.0359918
851.575 0.871669 0.0379986
851.869 0.868522 0.0378004
852.164 0.892171 0.0377409
852.459 0.815217 0.0350869
852.753 0.848049 0.0352885
853.048 0.793735 0.0323685
853.342 0.835111 0.032971
853.637 0.820685 0.0332722
853.931 0.811778 0.0327362
854.225 0.791307 0.0321787
854.52 0.835032 0.0342875
854.814 0.867886 0.0350716
855.108 0.765873 0.0318771
855.402 0.762583 0.0323906
855.696 0.829139 0.0347413
855.99 0.847577 0.035692
856.283 0.813229 0.0341941
856.577 0.846585 0.035686
856.871 0.823603 0.0349201
857.164 0.846334 0.0357836
857.458 0.861372 0.0372993
857.751 0.837943 0.0361505
858.045 0.820747 0.0353435
858.338 0.827284 0.0360637
858.632 0.812821 0.0349288
858.925 0.797317 0.0355019
859.218 0.837215 0.0362244
859.511 0.90635 0.039268
859.804 0.902968 0.0388026
860.097 0.81812 0.0359562
860.39 0.873019 0.038233
860.683 0.83833 0.037307
860.976 0.884339 0.038624
861.268 0.815008 0.036506
861.561 0.896754 0.0393905
861.854 0.920801 0.0411043
862.146 0.843958 0.0379542
862.439 0.868383 0.0382912
862.731 0.772131 0.0352226
863.023 0.884169 0.0389124
863.316 0.888616 0.0383063
863.608 0.827415 0.0371569
863.9 0.868281 0.0380876
864.192 0.797309 0.0356322
864.484 0.906935 0.0389121
864.776 0.875876 0.0385792
865.068 0.846036 0.0376817
865.36 0.82741 0.0371672
865.651 0.901868 0.0398227
865.943 0.86355 0.0382473
866.235 0.859698 0.0383553
866.526 0.861096 0.0394211
866.818 0.82439 0.0372779
867.109 0.789271 0.0362516
867.4 0.864123 0.0386618
867.692 0.882506 0.0392842
867.983 0.876204 0.0387648
868.274 0.906306 0.0399196
868.565 0.906175 0.0394075
868.856 0.882617 0.0391463
869.147 0.865597 0.038662
869.438 0.85412 0.0383014
869.729 0.80173 0.0373302
870.02 0.933353 0.0418662
870.31 0.867029 0.0390927
870.601 0.783922 0.0366363
870.892 0.789327 0.036385
871.182 0.831774 0.0371932
871.473 0.871772 0.0389048
871.763 0.799504 0.036364
872.053 0.81989 0.0372585
872.343 0.878162 0.0385003
872.634 0.84609 0.0381707
872.924 0.825005 0.036943
873.214 0.836138 0.0379526
873.504 0.866274 0.0391491
873.794 0.970732 0.0424776
874.084 0.885449 0.0404517
874.373 0.848925 0.0386118
874.663 0.844331 0.0375953
874.953 0.864426 0.0393055
875.242 0.875848 0.0390316
875.532 0.865877 0.0384899
875.821 0.860461 0.0386078
876.111 0.850543 0.0382391
876.4 0.862454 0.0389876
876.689 0.852994 0.0385155
876.978 0.874856 0.0390203
877.268 0.858651 0.0387259
877.557 0.915074 0.0404393
877.846 0.847002 0.0387759
878.134 0.904002 0.0404229
878.423 0.904168 0.0404304
878.712 0.904334 0.0404378
