178.41 0.630251 0.122802
178.791 0.634242 0.12358
179.172 0.638204 0.124352
179.553 0.441351 0.441351
179.934 0.617925 0.617925
180.316 0.652941 0.652941
180.697 0.260022 0.260022
181.078 0.960713 0.960713
181.459 0.562143 0.562143
181.84 0.640434 0.640434
182.221 0.359577 0.359577
182.602 0.180614 0.180614
182.983 1.65257 0.582094
183.364 0.379741 0.109349
183.744 0.531315 0.0816635
184.125 0.426814 0.0634918
184.506 0.521579 0.0574971
184.887 0.571504 0.05367
185.268 0.606771 0.0476093
185.648 0.5736 0.0448097
186.029 0.540009 0.0414705
186.41 0.556025 0.0409807
186.791 0.671658 0.0432859
187.171 0.491981 0.0316873
187.552 0.553481 0.0273448
187.932 0.542425 0.0275641
188.313 0.529391 0.0254333
188.694 0.540223 0.0256775
189.074 0.539495 0.0247394
189.455 0.504187 0.0232525
189.835 0.577777 0.0255944
190.216 0.558393 0.0244985
190.596 0.541847 0.0230954
190.977 0.508178 0.0221926
191.357 0.567561 0.0235227
191.737 0.545919 0.0227817
192.118 0.586453 0.0234965
192.498 0.516327 0.021363
192.878 0.553294 0.0222847
193.258 0.54688 0.0217728
193.639 0.521427 0.0209964
194.019 0.568415 0.0221153
194.399 0.570378 0.0219623
194.779 0.515211 0.0200367
195.159 0.559982 0.0214946
195.54 0.525388 0.0201962
195.92 0.54176 0.0205691
196.3 0.523598 0.0199284
196.68 0.54206 0.0203779
197.06 0.527473 0.0199819
197.44 0.536085 0.019951
197.82 0.503096 0.0191756
198.2 0.526174 0.0196013
198.58 0.511092 0.0188085
198.959 0.519384 0.0189261
199.339 0.519776 0.0190154
199.719 0.51991 0.0186536
200.099 0.558316 0.0193767
200.479 0.522677 0.0186951
200.858 0.537999 0.0186875
201.238 0.535169 0.0183471
201.618 0.539443 0.018627
201.998 0.545911 0.0182896
202.377 0.550211 0.0183612
202.757 0.538882 0.0179325
203.136 0.540053 0.0178355
203.516 0.516515 0.0171827
203.896 0.507642 0.0168247
204.275 0.51485 0.0166095
204.655 0.531362 0.0169057
205.034 0.50917 0.0163544
205.414 0.511509 0.0161867
205.793 0.520377 0.0161801
206.172 0.538067 0.0164678
206.552 0.528643 0.0160446
206.931 0.536731 0.015919
207.31 0.538346 0.0157712
207.69 0.548559 0.0157929
208.069 0.553278 0.0156508
208.448 0.555538 0.0154852
208.827 0.558631 0.015439
209.207 0.556189 0.0153649
209.586 0.541576 0.0147651
209.965 0.550157 0.0148345
210.344 0.5438 0.0145335
210.723 0.530415 0.0141772
211.102 0.519091 0.0137824
211.481 0.530861 0.0138642
211.86 0.521738 0.0136077
212.239 0.517282 0.0134126
212.618 0.522086 0.0132799
212.997 0.518439 0.0130176
213.376 0.525986 0.0130652
213.755 0.535008 0.0129917
214.134 0.539877 0.0128739
214.513 0.546221 0.0127397
214.891 0.548093 0.0126763
215.27 0.559322 0.0125648
215.649 0.576925 0.012656
216.028 0.568258 0.0123437
216.406 0.571627 0.0122512
216.785 0.56895 0.0120236
217.164 0.574166 0.0119577
217.542 0.560516 0.011567
217.921 0.548056 0.0112913
218.3 0.558871 0.0113617
218.678 0.551568 0.0111097
219.057 0.536751 0.0107644
219.435 0.526059 0.0104815
219.814 0.527645 0.0104199
220.192 0.513464 0.0101132
220.57 0.529961 0.010154
220.949 0.527127 0.00995686
221.327 0.520291 0.0097276
221.705 0.537477 0.00978572
222.084 0.531094 0.00951641
222.462 0.530277 0.00939579
222.84 0.547345 0.009467
223.218 0.552158 0.00927178
223.597 0.558504 0.0092307
223.975 0.562449 0.00909647
224.353 0.574092 0.0090892
224.731 0.583153 0.00901303
225.109 0.575553 0.00877324
225.487 0.580935 0.00868887
225.865 0.581964 0.00856356
226.243 0.5797 0.00843838
226.621 0.578665 0.00831981
226.999 0.566712 0.00806477
227.377 0.571798 0.00802222
227.755 0.564718 0.00786839
228.133 0.553151 0.00768849
228.511 0.55269 0.00759382
228.889 0.544263 0.00739161
229.266 0.536976 0.00727228
229.644 0.528042 0.00706956
230.022 0.528463 0.00698083
230.4 0.528858 0.00691762
230.777 0.531908 0.00687153
231.155 0.536164 0.00680929
231.533 0.543817 0.00676062
231.91 0.549614 0.00670455
232.288 0.557488 0.00668843
232.665 0.565444 0.00664927
233.043 0.579944 0.00667041
233.42 0.583524 0.00660054
233.798 0.597404 0.00662974
234.175 0.604931 0.00658448
234.553 0.609738 0.0065402
234.93 0.620241 0.00653022
235.307 0.629561 0.00652581
235.685 0.635427 0.00650262
236.062 0.638229 0.00644079
236.439 0.639938 0.00641751
236.816 0.640099 0.00633982
237.194 0.637459 0.00625976
237.571 0.632506 0.0061811
237.948 0.632101 0.00614647
238.325 0.623991 0.00603932
238.702 0.618395 0.00597668
239.079 0.617347 0.00591237
239.456 0.608032 0.0058284
239.833 0.610598 0.00580301
240.21 0.604001 0.00571826
240.587 0.605563 0.00569914
240.964 0.604414 0.00564727
241.341 0.602819 0.00559217
241.718 0.600358 0.00552792
242.095 0.606991 0.00555671
242.472 0.607616 0.0055155
242.849 0.612319 0.00549547
243.225 0.616948 0.00546812
243.602 0.624073 0.00547191
243.979 0.628773 0.00547349
244.356 0.637662 0.00548943
244.732 0.643442 0.00545809
245.109 0.653978 0.00546407
245.486 0.659644 0.00548005
245.862 0.666651 0.00548187
246.239 0.6645 0.00541723
246.615 0.678083 0.0054624
246.992 0.673715 0.0054049
247.368 0.680576 0.00543231
247.745 0.683633 0.0053986
248.121 0.685856 0.00537051
248.497 0.686549 0.00536454
248.874 0.682607 0.00531672
249.25 0.681133 0.00526423
249.626 0.681071 0.00525529
250.003 0.674469 0.00519907
250.379 0.669759 0.00513043
250.755 0.669567 0.00513414
251.131 0.663312 0.00507424
251.507 0.657782 0.00504631
251.884 0.654985 0.005001
252.26 0.652428 0.0049925
252.636 0.650322 0.00493906
253.012 0.641494 0.00488754
253.388 0.64832 0.00489868
253.764 0.641521 0.00485299
254.14 0.645258 0.00485552
254.516 0.646856 0.0048549
254.892 0.648341 0.00483588
255.268 0.654344 0.00485306
255.643 0.65372 0.00483038
256.019 0.665475 0.00487001
256.395 0.665946 0.00486157
256.771 0.669693 0.00483968
257.147 0.67629 0.00485793
257.522 0.682086 0.00487097
257.898 0.691616 0.00489683
258.274 0.69449 0.0048943
258.649 0.698307 0.00490472
259.025 0.702693 0.00489308
259.4 0.709442 0.00491386
259.776 0.710894 0.00490369
260.151 0.720885 0.00495463
260.527 0.719382 0.00492741
260.902 0.719195 0.00491337
261.278 0.71918 0.00490294
261.653 0.721109 0.00490938
262.028 0.723271 0.00492146
262.404 0.72155 0.00489306
262.779 0.71662 0.0048641
263.154 0.714177 0.00484725
263.53 0.713603 0.00483209
263.905 0.711094 0.00483294
264.28 0.705314 0.00481077
264.655 0.702531 0.00478731
265.03 0.698167 0.00478714
265.405 0.698545 0.00477249
265.781 0.691968 0.00475561
266.156 0.691606 0.00474927
266.531 0.686805 0.00470777
266.906 0.690615 0.00474689
267.281 0.681711 0.00469285
267.655 0.683347 0.00471605
268.03 0.680937 0.00471034
268.405 0.681514 0.00470607
268.78 0.688603 0.00473037
269.155 0.684699 0.00470645
269.53 0.690952 0.0047442
269.904 0.693848 0.00474876
270.279 0.697871 0.00476554
270.654 0.699255 0.0047567
271.029 0.70399 0.00478182
271.403 0.709992 0.00478858
271.778 0.713251 0.0048132
272.152 0.719689 0.00483947
272.527 0.724888 0.00485266
272.901 0.733014 0.00486069
273.276 0.731227 0.00484369
273.65 0.739895 0.00488763
274.025 0.741101 0.00487891
274.399 0.747425 0.00492316
274.774 0.750547 0.00492202
275.148 0.745965 0.00489145
275.522 0.756144 0.0049379
275.897 0.754527 0.00492995
276.271 0.752993 0.00492985
276.645 0.760465 0.0049399
277.019 0.753891 0.00490517
277.393 0.750791 0.00488186
277.768 0.751583 0.00490755
278.142 0.751832 0.00490343
278.516 0.749627 0.00490487
278.89 0.747214 0.00488731
279.264 0.746386 0.00490027
279.638 0.744351 0.00486992
280.012 0.7442 0.00487798
280.386 0.742925 0.00489928
280.76 0.736108 0.00485822
281.133 0.738581 0.00487529
281.507 0.732816 0.00485234
281.881 0.727874 0.00482488
282.255 0.728758 0.00483458
282.629 0.727602 0.00484476
283.002 0.720755 0.00482452
283.376 0.717825 0.00480152
283.75 0.718175 0.004819
284.123 0.716365 0.00479614
284.497 0.713678 0.00479585
284.87 0.715891 0.0048082
285.244 0.718305 0.00480743
285.618 0.721699 0.00483115
285.991 0.721632 0.00485132
286.364 0.725271 0.00486173
286.738 0.729233 0.00487409
287.111 0.733612 0.00489077
287.485 0.734016 0.00489488
287.858 0.739217 0.00493054
288.231 0.736996 0.00491448
288.605 0.749972 0.00497115
288.978 0.748897 0.00495701
289.351 0.754053 0.0049999
289.724 0.753918 0.00499927
290.097 0.761257 0.00502955
290.47 0.768334 0.0050692
290.843 0.768172 0.00506689
291.217 0.768329 0.00506841
291.59 0.773679 0.00512126
291.963 0.776764 0.00512014
292.336 0.776567 0.00513585
292.708 0.782693 0.00516589
293.081 0.788344 0.00520837
293.454 0.7861 0.00517804
293.827 0.784549 0.0051883
294.2 0.785719 0.00522602
294.573 0.785911 0.00520999
294.945 0.784836 0.00523719
295.318 0.789107 0.00524939
295.691 0.790658 0.00526735
296.064 0.791078 0.00527841
296.436 0.782298 0.00524533
296.809 0.781113 0.00522727
297.181 0.784355 0.00526622
297.554 0.780903 0.00526265
297.926 0.78012 0.00526419
298.299 0.775704 0.00525487
298.671 0.775167 0.00523018
299.044 0.773838 0.00525432
299.416 0.772097 0.00525635
299.788 0.763278 0.00521813
300.161 0.764687 0.00524592
300.533 0.768427 0.0052514
300.905 0.764173 0.00521692
301.278 0.764049 0.00522745
301.65 0.75776 0.00520005
302.022 0.753691 0.00519738
302.394 0.752609 0.00520203
302.766 0.754109 0.00519987
303.138 0.753859 0.00521944
303.51 0.755953 0.00521307
303.882 0.756683 0.00520905
304.254 0.760631 0.00523287
304.626 0.754301 0.0051954
304.998 0.757858 0.00520608
305.37 0.75889 0.00523875
305.742 0.761942 0.0052296
306.114 0.756608 0.00520902
306.485 0.764956 0.00523884
306.857 0.766382 0.00523998
307.229 0.764907 0.00525323
307.601 0.771528 0.00527447
307.972 0.771046 0.0052674
308.344 0.771689 0.00526299
308.716 0.77781 0.00530561
309.087 0.780322 0.00530749
309.459 0.782301 0.00532228
309.83 0.785389 0.00533348
310.202 0.786586 0.00532886
310.573 0.791748 0.00534944
310.945 0.788531 0.00533486
311.316 0.796855 0.0053886
311.687 0.794249 0.00535821
312.059 0.800913 0.00539951
312.43 0.799778 0.00538589
312.801 0.803548 0.00541761
313.172 0.802147 0.00541621
313.544 0.80069 0.00541687
313.915 0.797942 0.0053732
314.286 0.807046 0.00542723
314.657 0.802182 0.00539886
315.028 0.804339 0.00541754
315.399 0.801307 0.00540552
315.77 0.801097 0.00539717
316.141 0.799594 0.00541454
316.512 0.805962 0.00543525
316.883 0.801088 0.00542974
317.254 0.805635 0.00543964
317.625 0.800181 0.0054546
317.996 0.799415 0.00542213
318.366 0.799224 0.00543494
318.737 0.793992 0.00541167
319.108 0.793566 0.0054289
319.478 0.792778 0.00542801
319.849 0.789883 0.00541552
320.22 0.794014 0.005435
320.59 0.784747 0.0054001
320.961 0.783205 0.00540407
321.331 0.78461 0.00540962
321.702 0.781461 0.0054261
322.072 0.78164 0.00544313
322.443 0.776142 0.00541321
322.813 0.775364 0.00540046
323.184 0.771528 0.00540219
323.554 0.774228 0.00542882
323.924 0.770708 0.00541367
324.295 0.772152 0.00544503
324.665 0.769031 0.00543797
325.035 0.766228 0.00542095
325.405 0.766516 0.00544428
325.775 0.773566 0.00549585
326.145 0.769047 0.00547454
326.515 0.769136 0.00548495
326.886 0.77382 0.00552944
327.256 0.774964 0.0055388
327.626 0.768962 0.00555143
327.995 0.770052 0.00556906
328.365 0.775896 0.00559797
328.735 0.77429 0.00562027
329.105 0.776388 0.00568886
329.475 0.779791 0.00574609
329.845 0.789065 0.00586375
330.215 0.792374 0.00585399
330.584 0.794804 0.00580645
330.954 0.79492 0.00566964
331.324 0.781882 0.00546466
331.693 0.785944 0.00538481
332.063 0.784903 0.00532328
332.432 0.793955 0.00532629
332.802 0.795282 0.00537449
333.171 0.80083 0.00546398
333.541 0.810171 0.00559829
333.91 0.805199 0.00560943
334.28 0.811566 0.00566383
334.649 0.812388 0.00568313
335.018 0.811462 0.00569925
335.388 0.813171 0.00572366
335.757 0.813512 0.00572568
336.126 0.812012 0.00574095
336.495 0.812809 0.00572435
336.865 0.817804 0.00576569
337.234 0.821103 0.00580998
337.603 0.816832 0.00578303
337.972 0.821094 0.00581145
338.341 0.820002 0.00579808
338.71 0.816903 0.00578317
339.079 0.820941 0.00581847
339.448 0.820941 0.00580929
339.817 0.820076 0.00582058
340.186 0.818591 0.00581899
340.554 0.816975 0.00580562
340.923 0.820678 0.00583093
341.292 0.816907 0.005823
341.661 0.816528 0.00582895
342.029 0.812502 0.0058045
342.398 0.811698 0.00580942
342.767 0.808372 0.0058198
343.135 0.812795 0.00583133
343.504 0.808315 0.00583337
343.872 0.810574 0.00581978
344.241 0.813309 0.00584324
344.609 0.811075 0.0058584
344.978 0.807066 0.00583799
345.346 0.803526 0.00580327
345.715 0.805892 0.00583428
346.083 0.800627 0.00582815
346.451 0.796535 0.00580401
346.82 0.80038 0.00583749
347.188 0.789812 0.00578786
347.556 0.796081 0.00584077
347.924 0.79719 0.00583776
348.292 0.789184 0.00582158
348.66 0.788533 0.00581404
349.028 0.78665 0.0058144
349.396 0.785928 0.00583464
349.764 0.790077 0.00584265
350.132 0.780447 0.00580394
350.5 0.783202 0.00582367
350.868 0.781652 0.00582847
351.236 0.778128 0.00581069
351.604 0.782611 0.00585005
351.972 0.7843 0.005863
352.34 0.78107 0.00585942
352.707 0.782278 0.00586653
353.075 0.782572 0.00586918
353.443 0.783819 0.00588725
353.81 0.778051 0.00588012
354.178 0.784861 0.00590912
354.545 0.77834 0.00587011
354.913 0.790245 0.00593998
355.28 0.786491 0.00592667
355.648 0.78542 0.00591011
356.015 0.79008 0.00593799
356.383 0.790046 0.00593109
356.75 0.784686 0.005926
357.117 0.789218 0.00594638
357.485 0.792986 0.00596474
357.852 0.803605 0.00604602
358.219 0.796349 0.00598878
358.586 0.798572 0.00599613
358.954 0.804213 0.00604257
359.321 0.795945 0.0059969
359.688 0.807935 0.00607164
360.055 0.805143 0.00605252
360.422 0.810915 0.00608297
360.789 0.808671 0.00608502
361.156 0.814457 0.00610137
361.523 0.815546 0.00613016
361.89 0.813309 0.00611433
362.256 0.810812 0.00608051
362.623 0.818842 0.0061714
362.99 0.816675 0.00613373
363.357 0.821662 0.00617755
363.724 0.823517 0.00618718
364.09 0.820922 0.00616498
364.457 0.828807 0.00624078
364.823 0.827963 0.00619753
365.19 0.821606 0.00618287
365.557 0.826672 0.00619228
365.923 0.824379 0.00620417
366.29 0.830242 0.00624577
366.656 0.825475 0.0062022
367.022 0.825985 0.00619636
367.389 0.824481 0.00621844
367.755 0.825014 0.00625006
368.121 0.823938 0.00624345
368.488 0.827587 0.00624881
368.854 0.828091 0.00627444
369.22 0.825538 0.00629428
369.586 0.822541 0.00630424
369.952 0.821334 0.00631332
370.318 0.819925 0.00631089
370.684 0.819962 0.00632943
371.051 0.822882 0.00634244
371.416 0.822734 0.00638106
371.782 0.817528 0.00634182
372.148 0.819772 0.0063636
372.514 0.817487 0.00636838
372.88 0.823916 0.00641215
373.246 0.813997 0.00636757
373.612 0.820409 0.0063896
373.977 0.819213 0.00637053
374.343 0.815946 0.00633772
374.709 0.810235 0.00629501
375.074 0.8085 0.0063071
375.44 0.810992 0.00634387
375.806 0.814137 0.00639124
376.171 0.806406 0.00632866
376.537 0.806874 0.00632471
376.902 0.801551 0.00631491
377.268 0.805453 0.00630427
377.633 0.802893 0.00628271
377.998 0.801736 0.00625414
378.364 0.806089 0.00624398
378.729 0.80204 0.00623876
379.094 0.80409 0.00627407
379.459 0.799838 0.00634128
379.825 0.793618 0.00628858
380.19 0.795808 0.00630702
380.555 0.791074 0.00633241
380.92 0.794503 0.00642543
381.285 0.794191 0.00641202
381.65 0.78635 0.00633063
382.015 0.787436 0.00634433
382.38 0.792248 0.00638841
382.745 0.789582 0.00641676
383.11 0.787764 0.0064267
383.474 0.785429 0.00639822
383.839 0.786649 0.00641473
384.204 0.787095 0.00643726
384.569 0.788576 0.0064512
384.933 0.791098 0.00648031
385.298 0.787081 0.00647391
385.663 0.785048 0.00644721
386.027 0.785587 0.00643608
386.392 0.789581 0.00642488
386.756 0.787956 0.006386
387.121 0.790141 0.00639301
387.485 0.793394 0.00638647
387.849 0.793071 0.00635528
388.214 0.794138 0.00643012
388.578 0.79957 0.00648452
388.942 0.795071 0.00649919
389.307 0.79617 0.00649775
389.671 0.802775 0.00654867
390.035 0.799008 0.00650353
390.399 0.800008 0.00649232
390.763 0.803599 0.00646851
391.127 0.807703 0.00646162
391.492 0.806668 0.00636867
391.856 0.803002 0.00628094
392.219 0.812124 0.00626939
392.583 0.811463 0.00630253
392.947 0.817879 0.00646393
393.311 0.811203 0.00649691
393.675 0.819142 0.00654829
394.039 0.822011 0.00660037
394.403 0.817344 0.00658488
394.766 0.8239 0.0066292
395.13 0.817534 0.00662101
395.494 0.822759 0.0066395
395.857 0.820064 0.00659966
396.221 0.820187 0.00657027
396.584 0.82603 0.00654424
396.948 0.82095 0.00645365
397.311 0.825325 0.00637553
397.675 0.82938 0.00635665
398.038 0.82787 0.00635395
398.401 0.825285 0.0064342
398.765 0.830145 0.00655291
399.128 0.830233 0.00664688
399.491 0.829018 0.00669255
399.854 0.823121 0.0066782
400.218 0.837903 0.00675749
400.581 0.829449 0.00674247
400.944 0.831339 0.0067832
401.307 0.828934 0.0068549
401.67 0.831286 0.00684467
402.033 0.829191 0.00685597
402.396 0.823987 0.00683823
402.759 0.825017 0.00685084
403.122 0.824038 0.00681337
403.485 0.832804 0.00684775
403.847 0.821928 0.00674628
404.21 0.825721 0.00672689
404.573 0.829907 0.00673656
404.936 0.82715 0.00669223
405.298 0.818082 0.0067285
405.661 0.818721 0.0068255
406.023 0.824189 0.00694536
406.386 0.827986 0.00698598
406.749 0.817387 0.00697287
407.111 0.814786 0.00695284
407.473 0.809001 0.00681725
407.836 0.819889 0.00685297
408.198 0.8154 0.00679257
408.561 0.813936 0.006806
408.923 0.811909 0.00680755
409.285 0.812493 0.00682258
409.647 0.810843 0.00687538
410.009 0.812997 0.00694961
410.372 0.803793 0.0069001
410.734 0.809095 0.00695762
411.096 0.8056 0.0069304
411.458 0.803242 0.00691858
411.82 0.809772 0.00690107
412.182 0.798006 0.00679876
412.544 0.801333 0.00682816
412.906 0.804489 0.00682948
413.267 0.798988 0.00683043
413.629 0.794873 0.00686644
413.991 0.797064 0.00690821
414.353 0.797309 0.0069283
414.714 0.796911 0.00699953
415.076 0.790376 0.00695346
415.438 0.789376 0.00694149
415.799 0.793869 0.00693344
416.161 0.788891 0.00697227
416.522 0.787805 0.00699615
416.884 0.784325 0.00698502
417.245 0.783909 0.00700893
417.607 0.779498 0.00697195
417.968 0.779356 0.00696346
418.329 0.778783 0.00695219
418.691 0.78195 0.00696401
419.052 0.778117 0.00694207
419.413 0.771172 0.00684884
419.774 0.774802 0.00684359
420.135 0.778781 0.00670839
420.497 0.770136 0.00656578
420.858 0.772223 0.00648397
421.219 0.774435 0.00651518
421.58 0.77784 0.00661274
421.941 0.784879 0.00675922
422.302 0.778277 0.00682101
422.662 0.775553 0.00683837
423.023 0.772456 0.00685481
423.384 0.775765 0.0068925
423.745 0.771711 0.00683299
424.106 0.774899 0.00684324
424.466 0.778408 0.00684538
424.827 0.7797 0.00694563
425.187 0.784684 0.00705597
425.548 0.781501 0.00710817
425.909 0.778735 0.0071331
426.269 0.779406 0.00708586
426.63 0.773858 0.00701272
426.99 0.785037 0.00700521
427.35 0.78258 0.00702547
427.711 0.778258 0.00695638
428.071 0.780282 0.00690711
428.431 0.780178 0.0067747
428.792 0.788659 0.0065783
429.152 0.790278 0.00640403
429.512 0.792296 0.00640019
429.872 0.795169 0.00645628
430.232 0.804662 0.00660939
430.592 0.809112 0.00681571
430.952 0.801975 0.00698595
431.312 0.805114 0.00717374
431.672 0.798226 0.00722524
432.032 0.798176 0.00720295
432.392 0.803124 0.00712752
432.752 0.800925 0.0067676
433.111 0.811431 0.00665974
433.471 0.819683 0.00679825
433.831 0.817327 0.00705434
434.19 0.81664 0.00705229
434.55 0.814848 0.00704328
434.91 0.817233 0.00713586
435.269 0.816439 0.00703415
435.629 0.819208 0.00703054
435.988 0.819189 0.00700037
436.348 0.824282 0.00712949
436.707 0.826883 0.00724938
437.066 0.821134 0.0072202
437.426 0.821781 0.00713731
437.785 0.825898 0.00713511
438.144 0.829743 0.00714279
438.503 0.829247 0.00723488
438.862 0.833293 0.00726595
439.222 0.835688 0.00733444
439.581 0.828993 0.00733636
439.94 0.823545 0.00720976
440.299 0.828577 0.00698798
440.658 0.831295 0.00682128
441.017 0.835599 0.00684113
441.376 0.839492 0.00693707
441.734 0.83305 0.00698138
442.093 0.827871 0.00695661
442.452 0.832882 0.00692753
442.811 0.836044 0.00691016
443.169 0.830693 0.00688543
443.528 0.841008 0.00707174
443.887 0.828352 0.00702283
444.245 0.833882 0.00707709
444.604 0.832467 0.00712995
444.962 0.832255 0.00716296
445.321 0.833066 0.00717313
445.679 0.830028 0.00712241
446.038 0.826695 0.00708214
446.396 0.827491 0.00718317
446.754 0.837318 0.00732456
447.112 0.835974 0.00735569
447.471 0.826202 0.00732096
447.829 0.825369 0.00735554
448.187 0.823867 0.00733578
448.545 0.823178 0.00731028
448.903 0.825461 0.00733937
449.261 0.822011 0.00734531
449.619 0.825322 0.00742979
449.977 0.824852 0.00746386
450.335 0.826321 0.00755235
450.693 0.827757 0.00757763
451.051 0.827638 0.00756208
451.409 0.819168 0.00755279
451.766 0.822741 0.00757889
452.124 0.825318 0.00769724
452.482 0.814649 0.00772308
452.839 0.824829 0.00785797
453.197 0.812086 0.0078108
453.555 0.817833 0.0078708
453.912 0.809612 0.00781057
454.27 0.805556 0.00766808
454.627 0.813263 0.00761364
454.984 0.8064 0.00759935
455.342 0.808564 0.00772621
455.699 0.812101 0.00782949
456.056 0.802679 0.00773774
456.414 0.809268 0.00769997
456.771 0.802673 0.00752831
457.128 0.793329 0.00745573
457.485 0.802082 0.00747075
457.842 0.802511 0.00751899
458.199 0.800993 0.00750318
458.556 0.802056 0.00743573
458.913 0.791547 0.00738716
459.27 0.800889 0.00738854
459.627 0.796263 0.00747435
459.984 0.791089 0.00739571
460.341 0.792181 0.00739129
460.697 0.788167 0.00746038
461.054 0.79179 0.00769778
461.411 0.794823 0.00787139
461.767 0.786045 0.00792011
462.124 0.787425 0.00790724
462.481 0.780835 0.00777991
462.837 0.782623 0.00766791
463.194 0.78938 0.00753976
463.55 0.780382 0.00754486
463.907 0.780186 0.00734587
464.263 0.776324 0.00722679
464.619 0.775663 0.00708696
464.976 0.779883 0.0070078
465.332 0.777832 0.00699685
465.688 0.782401 0.00723271
466.044 0.779077 0.00747644
466.4 0.777361 0.0075844
466.756 0.779375 0.00764404
467.112 0.773987 0.00761752
467.468 0.774829 0.00761039
467.824 0.772983 0.00767929
468.18 0.777189 0.00780073
468.536 0.767946 0.00776068
468.892 0.771034 0.00790033
469.248 0.775037 0.00795595
469.604 0.773368 0.00799518
469.959 0.770124 0.00797556
470.315 0.769442 0.00796774
470.671 0.771441 0.00797011
471.026 0.773196 0.00791183
471.382 0.764787 0.00779341
471.737 0.774255 0.00777841
472.093 0.767716 0.00762466
472.448 0.764478 0.00746251
472.804 0.767126 0.00741168
473.159 0.768592 0.00735785
473.514 0.776479 0.0074331
473.87 0.770297 0.00729796
474.225 0.76738 0.00707598
474.58 0.774085 0.00696669
474.935 0.777679 0.00704224
475.29 0.777991 0.00713863
475.645 0.774576 0.00713016
476 0.773478 0.00713428
476.355 0.777589 0.00721762
476.71 0.773323 0.00719357
477.065 0.768722 0.00696322
477.42 0.77992 0.00692126
477.775 0.779478 0.00692763
478.13 0.782126 0.00700181
478.485 0.786597 0.00697092
478.839 0.778333 0.00685125
479.194 0.786255 0.00670955
479.549 0.791192 0.00664805
479.903 0.792556 0.00667152
480.258 0.789107 0.00670937
480.612 0.791766 0.00663302
480.967 0.798668 0.00650784
481.321 0.802853 0.00654578
481.675 0.805187 0.00668158
482.03 0.801 0.00678174
482.384 0.805281 0.0068284
482.738 0.805128 0.00676264
483.093 0.802901 0.00670397
483.447 0.800933 0.00655032
483.801 0.804613 0.00636037
484.155 0.81264 0.00631044
484.509 0.756911 0.0053032
484.863 0.781359 0.00367251
485.217 0.813246 0.00340522
485.571 0.846277 0.00356342
485.925 0.857416 0.00456904
486.279 0.836752 0.00523384
486.632 0.830197 0.00563856
486.986 0.832264 0.00610268
487.34 0.829899 0.0065054
487.694 0.830058 0.00668763
488.047 0.821516 0.00669075
488.401 0.830561 0.00673603
488.754 0.825829 0.00675945
489.108 0.831545 0.0068935
489.461 0.829628 0.00691889
489.815 0.828917 0.00698806
490.168 0.83126 0.00692073
490.522 0.834574 0.00690501
490.875 0.835142 0.00691775
491.228 0.835627 0.00696734
491.581 0.83459 0.00691524
491.935 0.83513 0.00694306
492.288 0.840706 0.00699491
492.641 0.840556 0.00694468
492.994 0.837642 0.00692744
493.347 0.833207 0.00681313
493.7 0.839134 0.00684255
494.053 0.835026 0.00684914
494.406 0.836704 0.0069669
494.759 0.843538 0.00713793
495.111 0.83449 0.00687785
495.464 0.837525 0.00658794
495.817 0.837481 0.00646876
496.169 0.84471 0.00667893
496.522 0.848853 0.00699753
496.875 0.835097 0.00717239
497.227 0.843718 0.00728056
497.58 0.838975 0.00724741
497.932 0.839115 0.00716293
498.285 0.830412 0.00706063
498.637 0.827074 0.00687093
498.989 0.832309 0.0068159
499.342 0.835172 0.00687824
499.694 0.836989 0.00703795
500.046 0.833202 0.00708231
500.398 0.827712 0.00688608
500.751 0.834163 0.00684981
501.103 0.826597 0.00679694
501.455 0.831077 0.00682579
501.807 0.832833 0.00684326
502.159 0.83062 0.00683786
502.511 0.83204 0.00682671
502.862 0.832567 0.00685828
503.214 0.833958 0.00695783
503.566 0.828104 0.00707391
503.918 0.827289 0.00714693
504.27 0.829629 0.00714945
504.621 0.832427 0.00717897
504.973 0.832806 0.00722112
505.324 0.825616 0.00714345
505.676 0.825546 0.00701868
506.027 0.828688 0.00705101
506.379 0.823683 0.00726395
506.73 0.823363 0.00737328
507.082 0.820059 0.00730625
507.433 0.820867 0.00717446
507.784 0.816513 0.00709558
508.136 0.818072 0.00722627
508.487 0.821841 0.00731723
508.838 0.813536 0.00734843
509.189 0.82153 0.00737633
509.54 0.814176 0.00724508
509.891 0.819603 0.00735329
510.242 0.815701 0.00734394
510.593 0.814128 0.00738354
510.944 0.810763 0.00740946
511.295 0.819911 0.00760631
511.646 0.81312 0.00765863
511.996 0.805409 0.00754371
512.347 0.80564 0.00748804
512.698 0.811328 0.00753926
513.049 0.807794 0.00756916
513.399 0.801092 0.00757266
513.75 0.803168 0.0075598
514.1 0.802456 0.00769982
514.451 0.808209 0.00788805
514.801 0.799823 0.00781257
515.152 0.798753 0.00773833
515.502 0.792873 0.0075903
515.852 0.797295 0.00757058
516.202 0.794886 0.007549
516.553 0.801251 0.00768996
516.903 0.792986 0.00776688
517.253 0.797986 0.00790886
517.603 0.794231 0.00788879
517.953 0.786412 0.00781172
518.303 0.785098 0.00762199
518.653 0.78631 0.00756538
519.003 0.786961 0.00762664
519.353 0.782902 0.00787903
519.703 0.785952 0.00806178
520.052 0.778408 0.00806413
520.402 0.783422 0.0080455
520.752 0.782434 0.0079484
521.102 0.791294 0.00812283
521.451 0.781125 0.00812792
521.801 0.778892 0.00809309
522.15 0.771307 0.00792012
522.5 0.767661 0.00788855
522.849 0.772832 0.00789022
523.199 0.767666 0.00778952
523.548 0.765329 0.00770288
523.897 0.773661 0.00783424
524.246 0.768404 0.00793754
524.596 0.766855 0.00804176
524.945 0.763091 0.00797523
525.294 0.770549 0.00801319
525.643 0.769594 0.00799038
525.992 0.765563 0.00795581
526.341 0.760455 0.00787977
526.69 0.770256 0.00799282
527.039 0.764227 0.00803906
527.388 0.761116 0.00807881
527.737 0.759419 0.00782426
528.086 0.755925 0.00751903
528.434 0.764518 0.00742327
528.783 0.776041 0.00768337
529.132 0.765862 0.0077781
529.48 0.765776 0.00787773
529.829 0.764616 0.00791514
530.177 0.766301 0.00800518
530.526 0.762326 0.00800402
530.874 0.759873 0.00791495
531.223 0.757658 0.00789199
531.571 0.765233 0.00799964
531.919 0.752883 0.00785685
532.268 0.751675 0.00761081
532.616 0.756911 0.00739314
532.964 0.765199 0.00732324
533.312 0.75966 0.00730046
533.66 0.756048 0.00731595
534.008 0.762902 0.00733231
534.356 0.760034 0.00732335
534.704 0.767767 0.0074274
535.052 0.76279 0.00750287
535.4 0.763286 0.00766395
535.748 0.762385 0.00784179
536.095 0.762189 0.00803943
536.443 0.764113 0.00805961
536.791 0.761756 0.00787697
537.139 0.761514 0.00769438
537.486 0.759749 0.00750771
537.834 0.764383 0.00749067
538.181 0.765917 0.00745514
538.529 0.777654 0.00755436
538.876 0.774447 0.00751922
539.223 0.773771 0.00764302
539.571 0.781137 0.0078436
539.918 0.776609 0.00779311
540.265 0.771319 0.00761341
540.613 0.771335 0.00748254
540.96 0.778347 0.00760955
541.307 0.77479 0.00760598
541.654 0.774669 0.00760349
542.001 0.786911 0.00768719
542.348 0.788569 0.00769384
542.695 0.777436 0.007649
543.042 0.783878 0.00756275
543.388 0.781503 0.0074558
543.735 0.789493 0.0074834
544.082 0.787144 0.00746088
544.429 0.79305 0.0075233
544.775 0.799979 0.00772249
545.122 0.801544 0.00795923
545.469 0.799667 0.00807988
545.815 0.789239 0.00798057
546.162 0.798295 0.00796236
546.508 0.798568 0.00780021
546.854 0.793158 0.00748562
547.201 0.798118 0.00723406
547.547 0.810951 0.00727087
547.893 0.813432 0.00744548
548.24 0.81785 0.0078655
548.586 0.8114 0.00816023
548.932 0.814734 0.00829862
549.278 0.809811 0.00827939
549.624 0.824132 0.00830766
549.97 0.814431 0.00833591
550.316 0.811317 0.00848606
550.662 0.823923 0.00863973
551.008 0.806551 0.0081059
551.353 0.813559 0.00770608
551.699 0.817064 0.00755183
552.045 0.83518 0.0078407
552.391 0.826805 0.00796297
552.736 0.824643 0.00798886
553.082 0.818446 0.00797047
553.427 0.831111 0.00817387
553.773 0.82322 0.00840432
554.118 0.817971 0.008378
554.464 0.823 0.00818808
554.809 0.815229 0.00782567
555.154 0.829611 0.00778807
555.5 0.832538 0.00781949
555.845 0.834981 0.00813544
556.19 0.832648 0.00834448
556.535 0.840205 0.0085705
556.88 0.837657 0.0084195
557.225 0.840208 0.00840106
557.57 0.840064 0.00856426
557.915 0.846189 0.00882846
558.26 0.841348 0.00891166
558.605 0.837371 0.00885904
558.95 0.827679 0.00861341
559.295 0.826357 0.00814755
559.639 0.833384 0.00787416
559.984 0.831602 0.00756512
560.329 0.835859 0.00755644
560.673 0.844153 0.0076202
561.018 0.847523 0.00785947
561.362 0.842433 0.00804472
561.707 0.849273 0.0082798
562.051 0.836059 0.00811499
562.395 0.835508 0.00800516
562.74 0.843646 0.00788443
563.084 0.834462 0.0077445
563.428 0.84163 0.00761529
563.772 0.848784 0.00768303
564.117 0.839317 0.00758419
564.461 0.838666 0.00755726
564.805 0.836722 0.00761425
565.149 0.843292 0.00760883
565.493 0.84258 0.00761728
565.836 0.844659 0.00748015
566.18 0.837493 0.0073395
566.524 0.829189 0.00681017
566.868 0.83419 0.00664752
567.212 0.839712 0.00655597
567.555 0.837356 0.00646403
567.899 0.835149 0.0061564
568.242 0.834544 0.00590286
568.586 0.828607 0.00550418
568.929 0.826162 0.00514448
569.273 0.831451 0.0048794
569.616 0.841982 0.00491713
569.96 0.837427 0.00480476
570.303 0.834368 0.00464694
570.646 0.835714 0.00459293
570.989 0.829284 0.00443353
571.333 0.841043 0.00452043
571.676 0.84271 0.00469403
572.019 0.841332 0.00507161
572.362 0.822896 0.00473263
572.705 0.822663 0.004392
573.048 0.828433 0.00419514
573.391 0.82818 0.00405763
573.733 0.830202 0.00400614
574.076 0.832366 0.00396702
574.419 0.84384 0.00411601
574.762 0.838746 0.00432221
575.104 0.847343 0.00465037
575.447 0.819894 0.00451266
575.789 0.817025 0.0042343
576.132 0.822956 0.00401472
576.474 0.820634 0.00396418
576.817 0.817912 0.00366103
577.159 0.826516 0.00347965
577.501 0.840814 0.00353732
577.844 0.844469 0.00379409
578.186 0.837375 0.0042378
578.528 0.824211 0.00437609
578.87 0.823925 0.00439442
579.212 0.814214 0.00422274
579.554 0.819608 0.00410134
579.896 0.817191 0.00412023
580.238 0.80002 0.0038417
580.58 0.814111 0.00340498
580.922 0.843174 0.00333032
581.264 0.881054 0.00340422
581.606 0.835435 0.00346087
581.947 0.830886 0.00366358
582.289 0.829921 0.00406784
582.631 0.823322 0.0044941
582.972 0.815269 0.00477197
583.314 0.806724 0.00469456
583.655 0.796304 0.00450882
583.997 0.790407 0.00410043
584.338 0.793802 0.00382203
584.679 0.802661 0.00368748
585.021 0.811114 0.00380874
585.362 0.811921 0.00409452
585.703 0.807556 0.00439213
586.044 0.79042 0.00436148
586.385 0.790908 0.00412838
586.726 0.792337 0.00394654
587.067 0.804173 0.00413195
587.408 0.802696 0.00436485
587.749 0.799807 0.00456356
588.09 0.796668 0.00474445
588.431 0.804765 0.00505255
588.772 0.792794 0.00521556
589.113 0.78273 0.00509287
589.453 0.783654 0.00506823
589.794 0.792112 0.00527001
590.134 0.795056 0.00556151
590.475 0.783092 0.00564779
590.815 0.777919 0.00557702
591.156 0.781162 0.00559659
591.496 0.764937 0.00536933
591.837 0.75819 0.00459872
592.177 0.763626 0.00419244
592.517 0.778184 0.00405194
592.857 0.783291 0.00428614
593.198 0.786276 0.00456899
593.538 0.786496 0.00504097
593.878 0.772592 0.00515587
594.218 0.761999 0.00495523
594.558 0.768377 0.00479097
594.898 0.77501 0.00494712
595.237 0.778637 0.00526612
595.577 0.776965 0.00560027
595.917 0.768022 0.00584602
596.257 0.755445 0.00555502
596.596 0.752775 0.00540583
596.936 0.765352 0.00536034
597.276 0.763505 0.00556315
597.615 0.749269 0.00541336
597.955 0.739699 0.00473053
598.294 0.750557 0.00447068
598.633 0.764966 0.00452835
598.973 0.758656 0.00467962
599.312 0.749907 0.00463836
599.651 0.758961 0.00470327
599.991 0.754035 0.00479038
600.33 0.759338 0.00488147
600.669 0.754624 0.00500577
601.008 0.755995 0.00518351
601.347 0.751566 0.00534443
601.686 0.74288 0.00515827
602.025 0.746431 0.00520509
602.364 0.74121 0.00492843
602.702 0.738955 0.00485033
603.041 0.74553 0.00490412
603.38 0.750247 0.00515494
603.719 0.752737 0.0053987
604.057 0.744595 0.00552033
604.396 0.742457 0.00550369
604.734 0.727469 0.00520314
605.073 0.738304 0.00484936
605.411 0.738935 0.00489852
605.75 0.748388 0.00510974
606.088 0.742364 0.00535553
606.426 0.735045 0.00519842
606.764 0.736588 0.00513234
607.103 0.747526 0.00533415
607.441 0.738226 0.00548382
607.779 0.738606 0.00561821
608.117 0.73489 0.00556573
608.455 0.742193 0.00583056
608.793 0.732468 0.00584808
609.131 0.722845 0.00541996
609.469 0.733694 0.00532872
609.806 0.739249 0.00542077
610.144 0.738364 0.00584298
610.482 0.72658 0.00585638
610.819 0.740412 0.00589892
611.157 0.734659 0.00590688
611.495 0.736008 0.00611951
611.832 0.730999 0.00611687
612.17 0.729856 0.00606763
612.507 0.730206 0.00600131
612.844 0.731079 0.00606797
613.182 0.732215 0.00608672
613.519 0.732707 0.00605127
613.856 0.731359 0.00602994
614.193 0.728325 0.00594154
614.53 0.729116 0.00582091
614.867 0.744478 0.00587555
615.205 0.739936 0.0061509
615.541 0.738284 0.00636606
615.878 0.733607 0.00661531
616.215 0.734751 0.00655288
616.552 0.734175 0.00661724
616.889 0.73901 0.00648658
617.226 0.74022 0.0064253
617.562 0.749447 0.00667074
617.899 0.742135 0.00703901
618.235 0.746237 0.0074221
618.572 0.740364 0.00766673
618.908 0.736113 0.00737942
619.245 0.736529 0.00708025
619.581 0.741112 0.00697773
619.918 0.759939 0.0076528
620.254 0.759483 0.00863038
620.59 0.743834 0.00866958
620.926 0.735508 0.00803814
621.262 0.747764 0.00765468
621.599 0.758047 0.00774216
621.935 0.744047 0.00757379
622.271 0.747462 0.00730653
622.606 0.751873 0.00716972
622.942 0.7601 0.00738755
623.278 0.75541 0.0075794
623.614 0.743785 0.00716738
623.95 0.757469 0.00720405
624.285 0.755399 0.0073283
624.621 0.763574 0.00776812
624.957 0.760631 0.00799429
625.292 0.765548 0.0082626
625.628 0.764534 0.00850696
625.963 0.752896 0.008498
626.299 0.764849 0.00838885
626.634 0.761723 0.00824034
626.969 0.772801 0.00845356
627.304 0.780541 0.00920906
627.64 0.782654 0.00989113
627.975 0.756595 0.00953047
628.31 0.756777 0.00900974
628.645 0.779548 0.00893512
628.98 0.780934 0.00913958
629.315 0.786511 0.00934793
629.65 0.780662 0.00938743
629.985 0.782731 0.00937343
630.319 0.782763 0.00978354
630.654 0.783392 0.00989899
630.989 0.789183 0.00988684
631.323 0.786099 0.0100384
631.658 0.792998 0.0104933
631.993 0.797648 0.0109797
632.327 0.791166 0.0109767
632.662 0.795818 0.0109492
632.996 0.794021 0.0106943
633.33 0.782412 0.0104587
633.665 0.80118 0.010954
633.999 0.800613 0.0112828
634.333 0.792543 0.0112236
634.667 0.799924 0.0113147
635.001 0.799644 0.0110371
635.335 0.793868 0.0105787
635.669 0.802238 0.0102397
636.003 0.808227 0.0104209
636.337 0.810594 0.0109578
636.671 0.827219 0.0116479
637.005 0.813485 0.0118645
637.339 0.815756 0.0118285
637.672 0.804496 0.0113177
638.006 0.808111 0.0110518
638.339 0.811488 0.0112364
638.673 0.81903 0.0116479
639.006 0.816024 0.0119917
639.34 0.811901 0.0119547
639.673 0.813789 0.0121394
640.007 0.803197 0.0120299
640.34 0.823365 0.0123924
640.673 0.820942 0.0124685
641.006 0.827295 0.0127006
641.34 0.82009 0.0127829
641.673 0.823224 0.0131131
642.006 0.821392 0.0133242
642.339 0.816943 0.0130531
642.672 0.828878 0.0130673
643.004 0.820349 0.013074
643.337 0.833792 0.0136053
643.67 0.825196 0.0135313
644.003 0.826072 0.0134058
644.336 0.823909 0.0133322
644.668 0.819498 0.0132726
645.001 0.833451 0.0136165
645.333 0.835676 0.01397
645.666 0.846187 0.0143476
645.998 0.838571 0.014609
646.331 0.841086 0.0148532
646.663 0.831175 0.0146135
646.995 0.824377 0.0136661
647.327 0.820687 0.0125221
647.66 0.831145 0.0119119
647.992 0.825385 0.0116893
648.324 0.827969 0.0116643
648.656 0.838526 0.0119016
648.988 0.84901 0.0124526
649.32 0.862772 0.0134279
649.652 0.849816 0.0139519
649.983 0.842951 0.0141946
650.315 0.84606 0.0143124
650.647 0.823812 0.013799
650.979 0.839041 0.0132907
651.31 0.839767 0.0127851
651.642 0.830327 0.0124276
651.973 0.841431 0.012502
652.305 0.844436 0.0124768
652.636 0.855193 0.01273
652.967 0.84425 0.0129341
653.299 0.847934 0.0132645
653.63 0.83453 0.0130105
653.961 0.819452 0.0119765
654.292 0.766528 0.00889079
654.623 0.707991 0.00309704
654.955 0.895955 0.00342003
655.286 0.8959 0.00341982
655.616 0.895844 0.0034196
655.947 0.895787 0.00341939
656.278 0.89573 0.00341917
656.609 0.89078 0.0035682
656.94 0.876846 0.00468455
657.27 0.87335 0.00548112
657.601 0.879465 0.00634395
657.932 0.896056 0.0076592
658.262 0.897015 0.0093351
658.593 0.890902 0.0111598
658.923 0.863063 0.0128433
659.254 0.855006 0.0141207
659.584 0.862817 0.0150608
659.914 0.853604 0.0156869
660.244 0.847344 0.0160196
660.575 0.840494 0.015838
660.905 0.84217 0.0158773
661.235 0.837718 0.0156137
661.565 0.838787 0.0155112
661.895 0.844495 0.0154751
662.225 0.837083 0.0156497
662.555 0.840806 0.0159022
662.884 0.830208 0.0156251
663.214 0.841174 0.015511
663.544 0.852119 0.0154492
663.873 0.824519 0.0149717
664.203 0.84346 0.0149778
664.533 0.829098 0.0144476
664.862 0.833003 0.0143808
665.192 0.84175 0.0148719
665.521 0.84442 0.0157042
665.85 0.840657 0.0161346
666.18 0.840726 0.0167999
666.509 0.84999 0.0167919
666.838 0.828848 0.0161897
667.167 0.827137 0.0159653
667.496 0.840781 0.0163738
667.825 0.850329 0.0165494
668.154 0.838123 0.0164028
668.483 0.852167 0.0164273
668.812 0.847651 0.0160784
669.141 0.848415 0.0159252
669.47 0.84248 0.015674
669.798 0.857355 0.0159736
670.127 0.821255 0.0156484
670.456 0.808196 0.0146456
670.784 0.803718 0.0131004
671.113 0.815849 0.0121158
671.441 0.826985 0.011656
671.77 0.84872 0.0120043
672.098 0.834906 0.0123746
672.426 0.854648 0.0139195
672.755 0.839692 0.0146699
673.083 0.826598 0.0147608
673.411 0.828046 0.0147443
673.739 0.827501 0.0149551
674.067 0.834874 0.015815
674.395 0.83073 0.0157739
674.723 0.817092 0.0152365
675.051 0.824461 0.0150837
675.379 0.82393 0.0150663
675.706 0.816876 0.0151667
676.034 0.83757 0.0157042
676.362 0.824084 0.0156523
676.689 0.809389 0.0145711
677.017 0.810278 0.0136218
677.344 0.819543 0.0131599
677.672 0.825556 0.0134345
677.999 0.810754 0.0134756
678.327 0.804154 0.0131532
678.654 0.811221 0.0126359
678.981 0.816868 0.0122984
679.308 0.818631 0.0124098
679.636 0.827949 0.0130636
679.963 0.828853 0.013725
680.29 0.801871 0.0135364
680.617 0.802981 0.0132936
680.944 0.807447 0.0131327
681.271 0.823291 0.013643
681.597 0.832243 0.0146447
681.924 0.810684 0.015394
682.251 0.797298 0.0152063
682.578 0.795858 0.0143942
682.904 0.78598 0.0133477
683.231 0.793981 0.0128818
683.557 0.790531 0.012566
683.884 0.794089 0.0122349
684.21 0.787441 0.0118983
684.536 0.789452 0.0115242
684.863 0.792819 0.0113752
685.189 0.797232 0.0115993
685.515 0.806873 0.0123008
685.841 0.797656 0.0126309
686.167 0.78256 0.0125232
686.493 0.797213 0.0124889
686.819 0.794443 0.0125379
687.145 0.797349 0.0131093
687.471 0.799221 0.0141139
687.797 0.782962 0.0144383
688.123 0.784868 0.0143679
688.448 0.789636 0.0139387
688.774 0.77946 0.0134324
689.1 0.792015 0.0137694
689.425 0.793855 0.0143637
689.751 0.798331 0.0146372
690.076 0.776798 0.0136345
690.402 0.762406 0.01262
690.727 0.767875 0.0122742
691.052 0.789374 0.0127711
691.377 0.776053 0.0130429
691.703 0.780836 0.0134143
692.028 0.775357 0.0133747
692.353 0.765123 0.0130053
692.678 0.782688 0.0132549
693.003 0.800614 0.0139154
693.328 0.800995 0.0149464
693.652 0.775214 0.0153677
693.977 0.74982 0.0147527
694.302 0.757179 0.0139785
694.627 0.772771 0.0139243
694.951 0.780212 0.0144942
695.276 0.79447 0.0160338
695.6 0.778035 0.0161339
695.925 0.745111 0.0138573
696.249 0.754674 0.012297
696.574 0.753831 0.0116476
696.898 0.776133 0.0123566
697.222 0.757794 0.0129057
697.546 0.766202 0.0134992
697.871 0.765083 0.0137735
698.195 0.748737 0.0137254
698.519 0.750058 0.0140851
698.843 0.766435 0.0146456
699.167 0.76459 0.0151777
699.491 0.762036 0.0157294
699.814 0.750024 0.015731
700.138 0.760682 0.0158908
700.462 0.767518 0.016226
700.786 0.732735 0.0156435
701.109 0.754679 0.0154847
701.433 0.752714 0.0149289
701.756 0.745088 0.0143229
702.08 0.747264 0.014345
702.403 0.754559 0.0147085
702.726 0.7559 0.0153463
703.05 0.745765 0.0156151
703.373 0.751304 0.0158557
703.696 0.74189 0.0157693
704.019 0.756235 0.0164766
704.342 0.763562 0.0171601
704.665 0.761821 0.0178482
704.988 0.743385 0.0175156
705.311 0.746954 0.0164787
705.634 0.717258 0.0144983
705.957 0.721509 0.0131699
706.28 0.720235 0.0121896
706.602 0.732565 0.012166
706.925 0.73363 0.0124309
707.247 0.729989 0.0128941
707.57 0.729969 0.0134024
707.892 0.728431 0.0138451
708.215 0.744975 0.0146857
708.537 0.734854 0.0149446
708.859 0.727644 0.0149561
709.182 0.73097 0.0148351
709.504 0.731379 0.0144487
709.826 0.731861 0.014272
710.148 0.730349 0.0143148
710.47 0.732169 0.01474
710.792 0.739461 0.0153606
711.114 0.731703 0.015792
711.436 0.737444 0.0162066
711.758 0.722856 0.0157858
712.079 0.735495 0.0157412
712.401 0.728006 0.0148881
712.723 0.714855 0.0142175
713.044 0.698551 0.0132411
713.366 0.720447 0.0132973
713.687 0.717951 0.0133821
714.009 0.719084 0.013756
714.33 0.712434 0.0139993
714.652 0.71536 0.0144266
714.973 0.718773 0.0149621
715.294 0.730483 0.0158592
715.615 0.73331 0.016906
715.936 0.72324 0.0170357
716.257 0.729587 0.0172749
716.578 0.750053 0.0176332
716.899 0.751416 0.0172559
717.22 0.726601 0.0158738
717.541 0.711225 0.015284
717.862 0.730327 0.0154359
718.182 0.712323 0.0152144
718.503 0.715036 0.0149121
718.824 0.723236 0.0152109
719.144 0.718268 0.0154009
719.465 0.71522 0.0157192
719.785 0.717737 0.015422
720.105 0.715375 0.0151943
720.426 0.719971 0.015054
720.746 0.739017 0.0155105
721.066 0.718512 0.0153214
721.386 0.707786 0.0153624
721.706 0.719263 0.0159369
722.026 0.719671 0.0163644
722.346 0.720958 0.0165153
722.666 0.717488 0.0162599
722.986 0.715059 0.0158297
723.306 0.71767 0.0159824
723.626 0.723361 0.0163638
723.946 0.72334 0.0163308
724.265 0.706872 0.0152808
724.585 0.705963 0.0144658
724.904 0.72392 0.0145398
725.224 0.716434 0.014503
725.543 0.708996 0.0144245
725.863 0.711984 0.0145934
726.182 0.73341 0.0154126
726.501 0.723081 0.0155448
726.82 0.716854 0.0155796
727.14 0.715649 0.0149637
727.459 0.718139 0.0145375
727.778 0.702 0.0142879
728.097 0.714972 0.0146165
728.416 0.71158 0.014417
728.734 0.710213 0.0139452
729.053 0.714706 0.0138521
729.372 0.71323 0.0138092
729.691 0.717038 0.0134971
730.009 0.718745 0.0128636
730.328 0.717711 0.012476
730.647 0.722737 0.012534
730.965 0.722023 0.0129667
731.283 0.734936 0.0135736
731.602 0.716969 0.0135628
731.92 0.717429 0.013326
732.238 0.708981 0.0129283
732.557 0.723012 0.012936
732.875 0.707145 0.0124831
733.193 0.705578 0.0117257
733.511 0.707848 0.0114762
733.829 0.719546 0.0119176
734.147 0.73322 0.0128216
734.465 0.721005 0.0132927
734.782 0.735741 0.0134156
735.1 0.714676 0.0128518
735.418 0.718814 0.0128784
735.735 0.734337 0.0130559
736.053 0.718334 0.0127697
736.371 0.719108 0.0129086
736.688 0.725292 0.0134364
737.005 0.739888 0.0143977
737.323 0.735305 0.0149019
737.64 0.724684 0.0148108
737.957 0.714209 0.0139402
738.274 0.720614 0.012852
738.592 0.736909 0.0126801
738.909 0.750443 0.0131184
739.226 0.757237 0.0143528
739.543 0.74398 0.015335
739.86 0.759185 0.0163915
740.176 0.753623 0.0167554
740.493 0.725478 0.016936
740.81 0.744903 0.0172153
741.127 0.738356 0.0169584
741.443 0.73277 0.0160076
741.76 0.735584 0.0155068
742.076 0.739816 0.015689
742.393 0.768252 0.0168453
742.709 0.760604 0.017689
743.025 0.765593 0.0180739
743.342 0.768979 0.0179474
743.658 0.759521 0.0174934
743.974 0.769466 0.0171206
744.29 0.754378 0.0169347
744.606 0.763249 0.017216
744.922 0.749725 0.0170933
745.238 0.754509 0.0171999
745.554 0.759749 0.0176771
745.87 0.759228 0.0178572
746.186 0.760498 0.0171358
746.501 0.767448 0.0165806
746.817 0.788908 0.0170786
747.132 0.784749 0.0182836
747.448 0.798898 0.0191725
747.763 0.750422 0.0183041
748.079 0.774981 0.0178271
748.394 0.777733 0.0166484
748.71 0.757171 0.0152931
749.025 0.762509 0.0144491
749.34 0.761218 0.0142492
749.655 0.784707 0.0147839
749.97 0.78329 0.0153023
750.285 0.762176 0.0151413
750.6 0.769816 0.0148917
750.915 0.773715 0.0145583
751.23 0.783568 0.0149393
751.545 0.805666 0.0157709
751.859 0.774316 0.0160435
752.174 0.777249 0.0162615
752.489 0.768735 0.015358
752.803 0.765852 0.014409
753.118 0.767907 0.0143201
753.432 0.782873 0.0149439
753.747 0.779674 0.0154662
754.061 0.769173 0.0148411
754.375 0.769032 0.0142186
754.689 0.761166 0.0137054
755.004 0.787885 0.0139215
755.318 0.773411 0.0134923
755.632 0.762742 0.0127454
755.946 0.771962 0.0125905
756.26 0.762026 0.01195
756.573 0.777578 0.0115495
756.887 0.776309 0.0111888
757.201 0.773718 0.0114072
757.515 0.802339 0.0127245
757.828 0.798444 0.0136136
758.142 0.786747 0.0134688
758.455 0.767709 0.0123562
758.769 0.779628 0.0117919
759.082 0.773767 0.011428
759.396 0.782027 0.0113161
759.709 0.790236 0.0112872
760.022 0.788047 0.011371
760.335 0.800666 0.0120641
760.648 0.803157 0.0129867
760.962 0.800443 0.0139159
761.275 0.795971 0.0145645
761.587 0.786566 0.0146666
761.9 0.805353 0.0148783
762.213 0.784589 0.0142057
762.526 0.798521 0.0138142
762.839 0.788716 0.0136742
763.151 0.794864 0.0133309
763.464 0.783711 0.0125199
763.776 0.780203 0.0116034
764.089 0.788866 0.0114212
764.401 0.793924 0.0118648
764.714 0.793521 0.0125594
765.026 0.801001 0.0134685
765.338 0.805583 0.0143818
765.65 0.797396 0.0154007
765.962 0.80488 0.016192
766.275 0.80214 0.0167428
766.587 0.796827 0.0167423
766.898 0.794371 0.01618
767.21 0.794501 0.0152248
767.522 0.795249 0.0141327
767.834 0.796089 0.0136221
768.146 0.789749 0.0136658
768.457 0.824678 0.0148181
768.769 0.799063 0.0153628
769.08 0.802358 0.015464
769.392 0.801282 0.0148948
769.703 0.793879 0.0140586
770.015 0.797258 0.013551
770.326 0.806855 0.0136588
770.637 0.814556 0.0142201
770.948 0.818998 0.0152999
771.26 0.808098 0.0161524
771.571 0.803029 0.0162781
771.882 0.792758 0.0157807
772.193 0.813862 0.0161514
772.504 0.816787 0.0165853
772.814 0.810272 0.0168486
773.125 0.814344 0.0172405
773.436 0.811458 0.0177043
773.747 0.796575 0.017936
774.057 0.822705 0.0186178
774.368 0.822789 0.0189115
774.678 0.821641 0.019391
774.989 0.805376 0.0194994
775.299 0.832621 0.0204937
775.609 0.803137 0.0199032
775.919 0.821845 0.0199685
776.23 0.808902 0.0198346
776.54 0.808338 0.0196598
776.85 0.830605 0.0201383
777.16 0.798018 0.0191529
777.47 0.81894 0.0183943
777.78 0.816165 0.0175538
778.089 0.803617 0.0165429
778.399 0.79756 0.016376
778.709 0.82365 0.0174094
779.019 0.835694 0.0186882
779.328 0.814944 0.0194532
779.638 0.811054 0.0191501
779.947 0.798408 0.0173203
780.257 0.792803 0.0157446
780.566 0.809357 0.0153127
780.875 0.796534 0.0155381
781.185 0.823848 0.0168045
781.494 0.826017 0.0171045
781.803 0.829608 0.0175997
782.112 0.808973 0.0176338
782.421 0.821706 0.0175385
782.73 0.802993 0.0168811
783.039 0.818461 0.0172592
783.348 0.836795 0.0188443
783.656 0.823312 0.0197188
783.965 0.806784 0.0198126
784.274 0.782077 0.0187658
784.582 0.823372 0.0186568
784.891 0.822518 0.0185372
785.199 0.821049 0.0188012
785.508 0.828678 0.0194086
785.816 0.818495 0.0196396
786.124 0.836638 0.0194178
786.432 0.812937 0.0182009
786.741 0.821149 0.0175934
787.049 0.817569 0.0174513
787.357 0.831071 0.0178641
787.665 0.820566 0.0176439
787.973 0.834595 0.0179559
788.281 0.814398 0.0181066
788.588 0.82119 0.01915
788.896 0.809575 0.0201966
789.204 0.836436 0.021363
789.511 0.827471 0.0213057
789.819 0.831006 0.0217403
790.126 0.815769 0.0215491
790.434 0.82384 0.0216505
790.741 0.844242 0.0218616
791.049 0.808624 0.0213729
791.356 0.835313 0.0224278
791.663 0.80255 0.0223802
791.97 0.821865 0.0227067
792.277 0.812454 0.022157
792.584 0.811186 0.0209721
792.891 0.788618 0.0182896
793.198 0.786368 0.0169532
793.505 0.817601 0.0169484
793.812 0.802143 0.0172622
794.119 0.798023 0.0176137
794.425 0.808559 0.0182561
794.732 0.80794 0.019081
795.038 0.828722 0.0213498
795.345 0.830584 0.0229846
795.651 0.816758 0.0240145
795.958 0.818286 0.0240858
796.264 0.786763 0.0220387
796.57 0.799177 0.0213993
796.876 0.808859 0.0213436
797.183 0.805491 0.0216929
797.489 0.817932 0.0227571
797.795 0.822508 0.0230248
798.101 0.813274 0.0227939
798.406 0.813963 0.0229247
798.712 0.8151 0.0236184
799.018 0.836998 0.0243074
799.324 0.818263 0.0240969
799.629 0.797681 0.0238993
799.935 0.811394 0.0242826
800.24 0.835976 0.0251165
800.546 0.832085 0.0250666
800.851 0.807924 0.0249248
801.157 0.840475 0.0265109
801.462 0.823229 0.026492
801.767 0.848301 0.0270203
802.072 0.821613 0.0255603
802.377 0.801237 0.0242896
802.682 0.816524 0.0241252
802.987 0.836893 0.0251026
803.292 0.799985 0.0251703
803.597 0.801637 0.0254108
803.902 0.821763 0.025663
804.207 0.805044 0.0252417
804.511 0.806057 0.0248705
804.816 0.78973 0.0231301
805.12 0.800359 0.0217569
805.425 0.799067 0.0204759
805.729 0.795236 0.0205868
806.034 0.811948 0.0216071
806.338 0.810768 0.022822
806.642 0.815787 0.0234754
806.946 0.821858 0.0233243
807.251 0.81659 0.0234631
807.555 0.817389 0.023101
807.859 0.783538 0.0224459
808.162 0.829107 0.0237595
808.466 0.830245 0.024585
808.77 0.804257 0.0248382
809.074 0.826239 0.0260364
809.378 0.803377 0.0257184
809.681 0.818629 0.0257569
809.985 0.839435 0.0265041
810.288 0.877301 0.0273975
810.592 0.811485 0.0261522
810.895 0.791949 0.026449
811.198 0.830655 0.0282855
811.502 0.806005 0.0282678
811.805 0.839377 0.0296396
812.108 0.765216 0.0270115
812.411 0.81382 0.0270309
812.714 0.836081 0.0255281
813.017 0.786309 0.0234288
813.32 0.80276 0.0236375
813.623 0.798662 0.0243219
813.926 0.822841 0.0264756
814.228 0.823878 0.027909
814.531 0.853117 0.0293105
814.833 0.774796 0.027718
815.136 0.79389 0.028228
815.438 0.819644 0.0290095
815.741 0.791449 0.0273242
816.043 0.802977 0.0271877
816.345 0.789906 0.0267842
816.648 0.829911 0.0276777
816.95 0.802953 0.0276424
817.252 0.800107 0.0282132
817.554 0.842465 0.0290122
817.856 0.81407 0.0291282
818.158 0.773416 0.0286382
818.46 0.816294 0.0301674
818.761 0.831948 0.0303443
819.063 0.807847 0.0293825
819.365 0.812294 0.0285929
819.666 0.785155 0.0267055
819.968 0.825708 0.026483
820.269 0.795075 0.0257062
820.571 0.803744 0.0265236
820.872 0.820744 0.0278162
821.173 0.807531 0.0286875
821.475 0.836087 0.0303135
821.776 0.800096 0.0295003
822.077 0.793228 0.0292023
822.378 0.831148 0.0301008
822.679 0.794264 0.0299069
822.98 0.779259 0.029348
823.281 0.824628 0.0311693
823.581 0.81852 0.0307404
823.882 0.837258 0.0314881
824.183 0.832179 0.031074
824.483 0.813714 0.0296347
824.784 0.785532 0.027921
825.084 0.815695 0.028962
825.385 0.795175 0.0289703
825.685 0.839701 0.0304106
825.985 0.798782 0.0294068
826.286 0.787703 0.0288011
826.586 0.792862 0.0283284
826.886 0.813609 0.02875
827.186 0.802497 0.0289721
827.486 0.842476 0.0306822
827.786 0.831227 0.0309411
828.086 0.787784 0.0298189
828.386 0.809614 0.0298342
828.685 0.830489 0.0300492
828.985 0.8349 0.0310293
829.285 0.832917 0.0312063
829.584 0.820777 0.0314786
829.884 0.798446 0.0315207
830.183 0.856556 0.0343494
830.482 0.791391 0.0326567
830.782 0.810445 0.0331879
831.081 0.838117 0.0350272
831.38 0.811989 0.0333621
831.679 0.811781 0.0334335
831.978 0.842925 0.0341232
832.277 0.834531 0.0328586
832.576 0.800964 0.0315854
832.875 0.827805 0.0320908
833.174 0.766331 0.0306825
833.472 0.822106 0.0320198
833.771 0.858763 0.0331712
834.07 0.818432 0.0316134
834.368 0.795767 0.0314776
834.667 0.811236 0.0326214
834.965 0.872889 0.0343463
835.263 0.83726 0.0336834
835.562 0.80921 0.0331293
835.86 0.794716 0.0325283
836.158 0.781263 0.0326187
836.456 0.825404 0.0344106
836.754 0.822007 0.0342437
837.052 0.847067 0.0358656
837.35 0.819091 0.0345845
837.648 0.829057 0.0352557
837.946 0.864853 0.0363156
838.243 0.807382 0.0350983
838.541 0.819247 0.0344264
838.839 0.83275 0.0347598
839.136 0.8403 0.0348435
839.434 0.826889 0.0343543
839.731 0.865168 0.0360863
840.028 0.830864 0.0345534
840.326 0.775876 0.0338102
840.623 0.797404 0.0342448
840.92 0.792846 0.0344755
841.217 0.838888 0.0364579
841.514 0.864185 0.0372103
841.811 0.813602 0.0349131
842.108 0.830625 0.0363134
842.405 0.811087 0.0361517
842.701 0.865156 0.0375093
842.998 0.783682 0.0346004
843.295 0.840942 0.0366258
843.591 0.891405 0.0377911
843.888 0.822542 0.0358823
844.184 0.873842 0.0371986
844.481 0.787642 0.034737
844.777 0.801084 0.0352037
845.073 0.837706 0.0362708
845.369 0.813249 0.0360959
845.665 0.864788 0.0377662
845.962 0.817251 0.0359932
846.258 0.869308 0.0378407
846.553 0.851678 0.0375094
846.849 0.854617 0.0376388
847.145 0.787218 0.0349502
847.441 0.828306 0.0360658
847.737 0.839157 0.0360004
848.032 0.827863 0.0364404
848.328 0.83274 0.0367156
848.623 0.851354 0.0376194
848.919 0.816095 0.0360115
849.214 0.79053 0.0350386
849.509 0.806581 0.0359205
849.805 0.87609 0.0381874
850.1 0.845625 0.0383563
850.395 0.888077 0.0391771
850.69 0.876121 0.0391833
850.985 0.816902 0.0364932
851.28 0.795455 0.0358615
851.575 0.815945 0.036764
851.869 0.862632 0.037672
852.164 0.886919 0.0376296
852.459 0.83722 0.0355572
852.753 0.877329 0.0358926
853.048 0.8051 0.0325994
853.342 0.81129 0.0324974
853.637 0.860573 0.0340712
853.931 0.783883 0.0321688
854.225 0.819991 0.0327567
854.52 0.889813 0.0353943
854.814 0.843155 0.0345683
855.108 0.763763 0.0318331
855.402 0.802494 0.0332274
855.696 0.802893 0.034187
855.99 0.867762 0.0361145
856.283 0.813387 0.0341974
856.577 0.849308 0.0357433
856.871 0.835521 0.0351718
857.164 0.839631 0.0356416
857.458 0.877119 0.0376387
857.751 0.861993 0.0366656
858.045 0.826956 0.035477
858.338 0.827457 0.0360675
858.632 0.790862 0.0344537
858.925 0.803324 0.0356354
859.218 0.806276 0.0355488
859.511 0.91666 0.0394907
859.804 0.868635 0.0380578
860.097 0.836672 0.0363616
860.39 0.845659 0.0376291
860.683 0.842746 0.0374052
860.976 0.866356 0.0382293
861.268 0.824476 0.0367174
861.561 0.89203 0.0392866
861.854 0.948068 0.0417085
862.146 0.833973 0.037729
862.439 0.856108 0.0380196
862.731 0.828367 0.0364828
863.023 0.859594 0.0383679
863.316 0.816669 0.0367229
863.608 0.888653 0.0385074
863.9 0.855667 0.03781
864.192 0.809682 0.0359076
864.484 0.791104 0.0363423
864.776 0.882333 0.0387212
865.068 0.817169 0.0370333
865.36 0.834222 0.0373199
865.651 0.844702 0.0385399
865.943 0.851252 0.0379739
866.235 0.832216 0.0377373
866.526 0.893057 0.040146
866.818 0.837015 0.0375623
867.109 0.852293 0.0376712
867.4 0.85646 0.03849
867.692 0.899066 0.0396511
867.983 0.890988 0.0390904
868.274 0.905005 0.0398909
868.565 0.867479 0.0385569
868.856 0.84883 0.0383897
869.147 0.876562 0.0389061
869.438 0.847972 0.0381632
869.729 0.876402 0.0390299
870.02 0.928752 0.0417629
870.31 0.904714 0.0399332
870.601 0.850184 0.0381532
870.892 0.821395 0.0371167
871.182 0.809771 0.036698
871.473 0.85276 0.0384783
871.763 0.80344 0.0364534
872.053 0.828238 0.0374477
872.343 0.857283 0.0380399
872.634 0.881461 0.0389604
872.924 0.797031 0.0363113
873.214 0.881789 0.0389749
873.504 0.887045 0.0396156
873.794 0.894486 0.0407753
874.084 0.921301 0.0412625
874.373 0.852104 0.0386841
874.663 0.799869 0.0365921
874.953 0.885926 0.0397913
875.242 0.823735 0.0378526
875.532 0.820452 0.0374667
875.821 0.863596 0.0386781
876.111 0.836584 0.037924
876.4 0.854647 0.0388107
876.689 0.823082 0.0378341
876.978 0.887874 0.0393096
877.268 0.860327 0.0387637
877.557 0.884353 0.0397547
877.846 0.863316 0.0391475
878.134 0.90111 0.0403582
878.423 0.901275 0.0403656
878.712 0.901441 0.0403731
