178.41 0.783627 0.136932
178.791 0.788589 0.137799
179.172 0.793515 0.138659
179.553 0.46408 0.46408
179.934 0.91384 0.91384
180.316 0.524911 0.524911
180.697 0.39435 0.39435
181.078 0.565855 0.565855
181.459 0.62013 0.62013
181.84 0.652953 0.652953
182.221 3.16037 3.16037
182.602 0.309812 0.309812
182.983 1.09283 0.473357
183.364 0.806398 0.159347
183.744 0.608257 0.0873767
184.125 0.816227 0.0878018
184.506 0.453695 0.0536252
184.887 0.490206 0.0497063
185.268 0.459215 0.0414178
185.648 0.548081 0.0438016
186.029 0.557652 0.0421425
186.41 0.625252 0.043457
186.791 0.604484 0.0410644
187.171 0.52186 0.0326353
187.552 0.477637 0.0254023
187.932 0.533446 0.027335
188.313 0.492062 0.0245202
188.694 0.496701 0.0246214
189.074 0.479096 0.0233135
189.455 0.469013 0.0224267
189.835 0.54221 0.0247941
190.216 0.525912 0.0237753
190.596 0.475527 0.0216359
190.977 0.483561 0.0216484
191.357 0.526235 0.0226502
191.737 0.51371 0.0220994
192.118 0.5327 0.0223938
192.498 0.488882 0.0207875
192.878 0.499746 0.0211789
193.258 0.506225 0.0209479
193.639 0.485841 0.0202673
194.019 0.490545 0.0205447
194.399 0.490506 0.0203666
194.779 0.473608 0.0192107
195.159 0.515949 0.0206322
195.54 0.484614 0.0193967
195.92 0.479081 0.0193427
196.3 0.446816 0.0184093
196.68 0.476461 0.0191051
197.06 0.472722 0.0189165
197.44 0.472943 0.0187393
197.82 0.481681 0.0187631
198.2 0.464487 0.0184165
198.58 0.440879 0.0174688
198.959 0.45588 0.0177314
199.339 0.453152 0.017755
199.719 0.444102 0.0172401
200.099 0.430248 0.0170098
200.479 0.442582 0.0172031
200.858 0.417316 0.0164586
201.238 0.42948 0.0164359
201.618 0.447544 0.0169663
201.998 0.433648 0.0163009
202.377 0.433117 0.0162907
202.757 0.427381 0.0159699
203.136 0.417354 0.015679
203.516 0.418918 0.0154745
203.896 0.396837 0.0148756
204.275 0.395879 0.0145645
204.655 0.386433 0.014417
205.034 0.375618 0.0140467
205.414 0.393641 0.0141998
205.793 0.383487 0.0138898
206.172 0.377351 0.0137908
206.552 0.380827 0.0136179
206.931 0.368576 0.0131917
207.31 0.367336 0.0130276
207.69 0.370866 0.0129855
208.069 0.373362 0.0128567
208.448 0.379732 0.0128026
208.827 0.369603 0.0125581
209.207 0.36887 0.0125128
209.586 0.351749 0.0118993
209.965 0.356753 0.0119458
210.344 0.348943 0.011642
210.723 0.335932 0.0112825
211.102 0.34144 0.0111779
211.481 0.339786 0.0110919
211.86 0.334557 0.0108967
212.239 0.339593 0.0108675
212.618 0.329368 0.0105479
212.997 0.317236 0.010183
213.376 0.317991 0.0101586
213.755 0.323609 0.0101041
214.134 0.316283 0.00985373
214.513 0.317168 0.00970776
214.891 0.318969 0.00967029
215.27 0.307009 0.00930891
215.649 0.315801 0.00936362
216.028 0.316671 0.00921458
216.406 0.321098 0.00918209
216.785 0.303596 0.00878306
217.164 0.311184 0.00880314
217.542 0.309795 0.0085993
217.921 0.305047 0.0084239
218.3 0.312216 0.00849214
218.678 0.312694 0.00836497
219.057 0.307644 0.00814941
219.435 0.300481 0.00792163
219.814 0.304825 0.00791987
220.192 0.303269 0.0077723
220.57 0.304087 0.00769152
220.949 0.303744 0.0075582
221.327 0.298957 0.00737373
221.705 0.299879 0.00730948
222.084 0.292244 0.00705927
222.462 0.295998 0.00701983
222.84 0.298933 0.00699631
223.218 0.297581 0.00680667
223.597 0.304029 0.0068105
223.975 0.299844 0.0066417
224.353 0.308552 0.00666345
224.731 0.309655 0.00656778
225.109 0.313306 0.00647294
225.487 0.317755 0.00642607
225.865 0.31615 0.00631179
226.243 0.322608 0.00629499
226.621 0.325732 0.00624209
226.999 0.334204 0.00619322
227.377 0.338155 0.00616924
227.755 0.339879 0.00610425
228.133 0.34666 0.00608655
228.511 0.348382 0.00602903
228.889 0.345763 0.00589147
229.266 0.349114 0.00586377
229.644 0.351683 0.00576945
230.022 0.349554 0.00567749
230.4 0.353363 0.00565455
230.777 0.353964 0.0056055
231.155 0.359432 0.00557521
231.533 0.35746 0.00548117
231.91 0.364422 0.00545937
232.288 0.364295 0.0054067
232.665 0.367008 0.00535694
233.043 0.371423 0.00533819
233.42 0.376302 0.00530051
233.798 0.38007 0.00528803
234.175 0.382658 0.0052369
234.553 0.391325 0.00523948
234.93 0.395391 0.00521388
235.307 0.404628 0.0052317
235.685 0.411316 0.0052317
236.062 0.417522 0.00520943
236.439 0.425413 0.00523242
236.816 0.429492 0.00519315
237.194 0.435948 0.00517665
237.571 0.439826 0.00515435
237.948 0.449717 0.00518445
238.325 0.448418 0.00511965
238.702 0.459051 0.00514941
239.079 0.462977 0.00512008
239.456 0.463884 0.00509085
239.833 0.469605 0.00508911
240.21 0.474013 0.00506571
240.587 0.477385 0.00506016
240.964 0.476538 0.00501442
241.341 0.478538 0.00498247
241.718 0.476773 0.00492621
242.095 0.476854 0.00492515
242.472 0.476087 0.00488217
242.849 0.478863 0.00485984
243.225 0.477541 0.00481082
243.602 0.474377 0.00477071
243.979 0.475909 0.00476189
244.356 0.48019 0.00476363
244.732 0.475094 0.00469003
245.109 0.477153 0.00466728
245.486 0.483634 0.00469232
245.862 0.478352 0.00464358
246.239 0.480707 0.00460755
246.615 0.484345 0.00461657
246.992 0.481956 0.00457145
247.368 0.493243 0.00462463
247.745 0.49129 0.00457655
248.121 0.497338 0.00457325
248.497 0.494874 0.00455453
248.874 0.501092 0.0045553
249.25 0.502631 0.00452214
249.626 0.507752 0.0045376
250.003 0.510764 0.00452433
250.379 0.515102 0.00449926
250.755 0.520697 0.00452755
251.131 0.522824 0.00450495
251.507 0.524486 0.00450609
251.884 0.529187 0.00449516
252.26 0.534662 0.00451951
252.636 0.531814 0.00446642
253.012 0.53435 0.00446074
253.388 0.541218 0.00447579
253.764 0.537274 0.00444122
254.14 0.536588 0.00442782
254.516 0.540872 0.0044394
254.892 0.537246 0.00440211
255.268 0.541231 0.00441371
255.643 0.535026 0.00436991
256.019 0.538075 0.0043791
256.395 0.53418 0.00435412
256.771 0.532354 0.00431498
257.147 0.533627 0.00431523
257.522 0.527335 0.00428292
257.898 0.528716 0.00428147
258.274 0.526568 0.00426172
258.649 0.528562 0.00426716
259.025 0.524482 0.00422732
259.4 0.520182 0.00420767
259.776 0.523323 0.00420732
260.151 0.526535 0.0042344
260.527 0.526162 0.00421404
260.902 0.523197 0.00419072
261.278 0.525405 0.00419068
261.653 0.526296 0.00419412
262.028 0.532297 0.00422202
262.404 0.52983 0.00419291
262.779 0.532986 0.00419485
263.154 0.536834 0.00420255
263.53 0.538198 0.0041964
263.905 0.539695 0.00421039
264.28 0.541616 0.0042157
264.655 0.544521 0.00421469
265.03 0.548326 0.00424244
265.405 0.554143 0.00425069
265.781 0.556066 0.00426311
266.156 0.560769 0.00427651
266.531 0.56174 0.00425762
266.906 0.56864 0.00430735
267.281 0.569324 0.00428861
267.655 0.568821 0.00430274
268.03 0.573921 0.00432439
268.405 0.570766 0.00430675
268.78 0.575129 0.00432308
269.155 0.574761 0.00431208
269.53 0.580125 0.0043471
269.904 0.579369 0.00433936
270.279 0.578041 0.00433714
270.654 0.577538 0.00432293
271.029 0.573506 0.00431597
271.403 0.573251 0.00430282
271.778 0.573089 0.00431444
272.152 0.56889 0.00430268
272.527 0.568383 0.004297
272.901 0.568577 0.00428091
273.276 0.564537 0.00425595
273.65 0.566145 0.0042754
274.025 0.558573 0.00423569
274.399 0.565117 0.00428084
274.774 0.560202 0.00425233
275.148 0.556466 0.00422472
275.522 0.554731 0.00422942
275.897 0.553485 0.00422238
276.271 0.550193 0.00421401
276.645 0.549503 0.00419917
277.019 0.549385 0.00418734
277.393 0.545756 0.00416222
277.768 0.549047 0.00419451
278.142 0.545794 0.00417786
278.516 0.548046 0.00419385
278.89 0.548218 0.00418624
279.264 0.553832 0.00422112
279.638 0.548905 0.00418197
280.012 0.557877 0.00422342
280.386 0.554703 0.00423341
280.76 0.559901 0.00423703
281.133 0.565128 0.00426457
281.507 0.565833 0.00426381
281.881 0.567694 0.00426104
282.255 0.572579 0.00428534
282.629 0.572276 0.00429663
283.002 0.576857 0.00431613
283.376 0.577945 0.00430837
283.75 0.584341 0.00434686
284.123 0.582347 0.0043243
284.497 0.587652 0.00435186
284.87 0.592454 0.00437407
285.244 0.595122 0.00437584
285.618 0.601261 0.00440965
285.991 0.602778 0.00443385
286.364 0.603535 0.00443498
286.738 0.605383 0.00444094
287.111 0.612541 0.00446901
287.485 0.609847 0.0044617
287.858 0.610065 0.00447915
288.231 0.609913 0.00447074
288.605 0.61332 0.0044955
288.978 0.613555 0.00448678
289.351 0.615752 0.00451818
289.724 0.608181 0.00449016
290.097 0.612437 0.00451122
290.47 0.614232 0.00453242
290.843 0.612473 0.00452434
291.217 0.610177 0.00451675
291.59 0.611912 0.0045545
291.963 0.609524 0.00453558
292.336 0.60713 0.00454113
292.708 0.603057 0.0045345
293.081 0.607372 0.00457163
293.454 0.605763 0.00454546
293.827 0.60198 0.00454471
294.2 0.60192 0.00457412
294.573 0.599615 0.00455079
294.945 0.596819 0.00456699
295.318 0.597766 0.00456884
295.691 0.598018 0.00458094
296.064 0.596641 0.00458405
296.436 0.591789 0.00456216
296.809 0.588284 0.0045364
297.181 0.588173 0.00456032
297.554 0.589392 0.00457202
297.926 0.585684 0.00456123
298.299 0.58794 0.00457489
298.671 0.583382 0.00453728
299.044 0.586504 0.00457433
299.416 0.588441 0.00458881
299.788 0.583326 0.00456172
300.161 0.587222 0.00459707
300.533 0.588369 0.00459514
300.905 0.592879 0.00459516
301.278 0.591192 0.00459826
301.65 0.593437 0.00460181
302.022 0.59048 0.00460035
302.394 0.595959 0.0046291
302.766 0.594137 0.0046155
303.138 0.599675 0.00465518
303.51 0.603044 0.00465609
303.882 0.603254 0.00465105
304.254 0.608512 0.00468045
304.626 0.606118 0.00465721
304.998 0.612011 0.0046784
305.37 0.612914 0.00470801
305.742 0.613664 0.00469324
306.114 0.613952 0.00469232
306.485 0.621853 0.00472347
306.857 0.62078 0.00471602
307.229 0.625466 0.00475033
307.601 0.623233 0.00474054
307.972 0.623117 0.00473523
308.344 0.62576 0.00473931
308.716 0.629761 0.00477405
309.087 0.632994 0.00478026
309.459 0.632 0.00478376
309.83 0.634592 0.00479419
310.202 0.631254 0.00477379
310.573 0.637304 0.00479941
310.945 0.630143 0.00476906
311.316 0.635728 0.00481307
311.687 0.634891 0.00479061
312.059 0.633705 0.00480292
312.43 0.632767 0.00479065
312.801 0.637068 0.00482386
313.172 0.634842 0.00481839
313.544 0.632765 0.00481546
313.915 0.632337 0.00478323
314.286 0.630869 0.00479842
314.657 0.623461 0.0047596
315.028 0.629255 0.00479177
315.399 0.626078 0.00477807
315.77 0.628068 0.00477889
316.141 0.623749 0.00478225
316.512 0.625268 0.00478736
316.883 0.622379 0.00478593
317.254 0.618446 0.00476598
317.625 0.619795 0.00480057
317.996 0.615884 0.00475919
318.366 0.615094 0.00476795
318.737 0.612403 0.00475272
319.108 0.612823 0.00477077
319.478 0.611224 0.00476611
319.849 0.608519 0.0047533
320.22 0.608979 0.00475977
320.59 0.604259 0.00473859
320.961 0.603944 0.00474549
321.331 0.602724 0.00474132
321.702 0.602361 0.0047639
322.072 0.601402 0.0047745
322.443 0.601812 0.00476666
322.813 0.598555 0.00474493
323.184 0.594152 0.00474071
323.554 0.599662 0.00477776
323.924 0.594756 0.00475573
324.295 0.599797 0.004799
324.665 0.595493 0.00478523
325.035 0.593317 0.00477024
325.405 0.595624 0.00479917
325.775 0.602537 0.00485041
326.145 0.599341 0.0048329
326.515 0.596517 0.0048304
326.886 0.601531 0.00487518
327.256 0.600344 0.00487501
327.626 0.598207 0.00489642
327.995 0.592332 0.00488432
328.365 0.588583 0.00487566
328.735 0.582432 0.00487448
329.105 0.590395 0.00496086
329.475 0.606777 0.00506871
329.845 0.63714 0.0052691
330.215 0.655772 0.00532554
330.584 0.662184 0.00529993
330.954 0.654495 0.00514455
331.324 0.635621 0.0049271
331.693 0.623078 0.00479453
332.063 0.612657 0.00470306
332.432 0.610713 0.00467138
332.802 0.612847 0.00471795
333.171 0.6138 0.00478357
333.541 0.624021 0.00491322
333.91 0.625996 0.00494599
334.28 0.625794 0.00497352
334.649 0.63149 0.00501059
335.018 0.637541 0.0050517
335.388 0.640143 0.00507833
335.757 0.640935 0.0050822
336.126 0.639555 0.00509497
336.495 0.638082 0.0050719
336.865 0.637948 0.00509236
337.234 0.642099 0.00513779
337.603 0.642533 0.00512905
337.972 0.642268 0.0051398
338.341 0.640443 0.00512409
338.71 0.638981 0.00511476
339.079 0.641381 0.00514293
339.448 0.641645 0.00513588
339.817 0.642851 0.00515341
340.186 0.641487 0.0051512
340.554 0.639479 0.00513639
340.923 0.641845 0.00515664
341.292 0.636279 0.00513907
341.661 0.636757 0.00514744
342.029 0.634318 0.00512869
342.398 0.631256 0.00512316
342.767 0.632305 0.00514714
343.135 0.634492 0.00515217
343.504 0.630324 0.00515123
343.872 0.6271 0.00511893
344.241 0.629872 0.00514224
344.609 0.628208 0.00515584
344.978 0.627412 0.00514737
345.346 0.622546 0.00510809
345.715 0.62236 0.00512708
346.083 0.617079 0.00511666
346.451 0.620214 0.00512149
346.82 0.622041 0.00514621
347.188 0.616086 0.00511184
347.556 0.616441 0.00513969
347.924 0.615035 0.00512761
348.292 0.612078 0.0051269
348.66 0.606011 0.00509693
349.028 0.608567 0.00511409
349.396 0.605873 0.00512287
349.764 0.606226 0.00511791
350.132 0.601059 0.00509342
350.5 0.601162 0.00510218
350.868 0.601935 0.00511473
351.236 0.598915 0.00509782
351.604 0.597943 0.00511348
351.972 0.601823 0.00513586
352.34 0.596367 0.00511996
352.707 0.598719 0.0051323
353.075 0.596026 0.0051221
353.443 0.598404 0.00514401
353.81 0.592808 0.00513262
354.178 0.594289 0.00514192
354.545 0.591603 0.00511772
354.913 0.592705 0.00514427
355.28 0.592116 0.00514242
355.648 0.588254 0.00511478
356.015 0.588167 0.00512336
356.383 0.590264 0.00512662
356.75 0.58662 0.0051238
357.117 0.589608 0.00513968
357.485 0.593565 0.00516052
357.852 0.594898 0.00520199
358.219 0.593313 0.00516927
358.586 0.589578 0.00515211
358.954 0.590875 0.00517946
359.321 0.593092 0.00517662
359.688 0.594536 0.00520843
360.055 0.593416 0.00519612
360.422 0.596936 0.00521906
360.789 0.600249 0.00524254
361.156 0.598812 0.00523165
361.523 0.598579 0.0052518
361.89 0.600615 0.00525435
362.256 0.59852 0.00522419
362.623 0.609158 0.00532291
362.99 0.605283 0.00528055
363.357 0.61047 0.00532479
363.724 0.609946 0.00532479
364.09 0.609512 0.00531217
364.457 0.620429 0.00539955
364.823 0.61659 0.00534825
365.19 0.617446 0.00535992
365.557 0.61981 0.00536183
365.923 0.624732 0.00540092
366.29 0.621586 0.00540423
366.656 0.62229 0.00538505
367.022 0.627749 0.00540187
367.389 0.629577 0.00543395
367.755 0.628818 0.00545652
368.121 0.628737 0.00545396
368.488 0.630161 0.00545276
368.854 0.631664 0.00547998
369.22 0.636008 0.00552471
369.586 0.635122 0.00553965
369.952 0.632882 0.00554191
370.318 0.630713 0.00553502
370.684 0.636936 0.00557848
371.051 0.635495 0.0055737
371.416 0.639397 0.00562534
371.782 0.634652 0.00558767
372.148 0.639725 0.0056215
372.514 0.633488 0.00560606
372.88 0.638331 0.00564398
373.246 0.635104 0.00562451
373.612 0.639275 0.0056403
373.977 0.637139 0.00561816
374.343 0.640946 0.00561711
374.709 0.638524 0.0055883
375.074 0.632479 0.00557844
375.44 0.632483 0.00560235
375.806 0.636848 0.00565268
376.171 0.627176 0.00558123
376.537 0.625755 0.00556981
376.902 0.630288 0.00559978
377.268 0.632853 0.00558813
377.633 0.629608 0.00556356
377.998 0.629982 0.0055439
378.364 0.626562 0.00550493
378.729 0.631476 0.00553578
379.094 0.631395 0.00555965
379.459 0.635115 0.0056507
379.825 0.622876 0.00557119
380.19 0.619849 0.00556625
380.555 0.623622 0.0056224
380.92 0.626356 0.00570512
381.285 0.61952 0.00566317
381.65 0.611948 0.00558465
382.015 0.615855 0.00561071
382.38 0.61814 0.00564295
382.745 0.615837 0.00566696
383.11 0.612954 0.00566897
383.474 0.612399 0.00564967
383.839 0.609634 0.00564706
384.204 0.612709 0.00567956
384.569 0.605031 0.00565077
384.933 0.612389 0.00570157
385.298 0.603225 0.00566757
385.663 0.601109 0.00564157
386.027 0.597034 0.00561079
386.392 0.596733 0.00558544
386.756 0.597341 0.00556018
387.121 0.595793 0.00555138
387.485 0.597718 0.00554325
387.849 0.596722 0.00551271
388.214 0.596399 0.00557236
388.578 0.601721 0.00562532
388.942 0.594289 0.00561895
389.307 0.59003 0.00559368
389.671 0.59258 0.00562639
390.035 0.588013 0.00557913
390.399 0.586339 0.00555811
390.763 0.580978 0.00550002
391.127 0.585895 0.00550333
391.492 0.5764 0.00538348
391.856 0.57776 0.0053277
392.219 0.58052 0.00530057
392.583 0.583059 0.0053424
392.947 0.590886 0.00549419
393.311 0.584676 0.00551568
393.675 0.583874 0.00552851
394.039 0.584347 0.00556499
394.403 0.584685 0.00556937
394.766 0.579354 0.00555899
395.13 0.584482 0.00559831
395.494 0.579359 0.0055715
395.857 0.576483 0.00553339
396.221 0.574258 0.00549769
396.584 0.576289 0.00546615
396.948 0.576833 0.00540969
397.311 0.568962 0.00529353
397.675 0.576942 0.00530173
398.038 0.576406 0.00530185
398.401 0.585057 0.00541741
398.765 0.586146 0.0055063
399.128 0.589877 0.00560272
399.491 0.58568 0.00562522
399.854 0.586164 0.00563556
400.218 0.587471 0.00565825
400.581 0.586835 0.0056713
400.944 0.59106 0.00571954
401.307 0.590294 0.00578462
401.67 0.589325 0.00576308
402.033 0.589601 0.00578124
402.396 0.591677 0.00579463
402.759 0.594947 0.0058177
403.122 0.59566 0.00579279
403.485 0.592913 0.00577793
403.847 0.593312 0.00573178
404.21 0.595198 0.00571121
404.573 0.60178 0.00573644
404.936 0.599784 0.00569871
405.298 0.609933 0.0058098
405.661 0.611676 0.00589966
406.023 0.610495 0.00597754
406.386 0.609441 0.00599352
406.749 0.615272 0.00604967
407.111 0.609758 0.00601477
407.473 0.595809 0.00585044
407.836 0.607725 0.00590004
408.198 0.61289 0.00588898
408.561 0.61512 0.00591666
408.923 0.611753 0.00590916
409.285 0.618941 0.00595475
409.647 0.621781 0.0060207
410.009 0.620339 0.00607059
410.372 0.618019 0.0060504
410.734 0.618985 0.00608557
411.096 0.618304 0.00607155
411.458 0.618919 0.0060731
411.82 0.617947 0.00602852
412.182 0.616734 0.00597689
412.544 0.622266 0.00601707
412.906 0.618767 0.00598951
413.267 0.627391 0.00605267
413.629 0.62557 0.00609145
413.991 0.628779 0.00613576
414.353 0.627182 0.00614484
414.714 0.629545 0.00622125
415.076 0.624469 0.00618073
415.438 0.621191 0.00615777
415.799 0.620373 0.00612916
416.161 0.624485 0.00620336
416.522 0.626984 0.00624134
416.884 0.62 0.00621034
417.245 0.623702 0.00625184
417.607 0.622943 0.00623262
417.968 0.61146 0.00616795
418.329 0.617303 0.00618961
418.691 0.61883 0.0061952
419.052 0.624524 0.0062193
419.413 0.614394 0.00611315
419.774 0.615273 0.00609849
420.135 0.611458 0.00594421
420.497 0.608311 0.00583534
420.858 0.608472 0.00575559
421.219 0.621138 0.00583482
421.58 0.628209 0.00594276
421.941 0.627659 0.00604445
422.302 0.621798 0.00609686
422.662 0.625577 0.00614168
423.023 0.615126 0.00611703
423.384 0.616267 0.00614323
423.745 0.609363 0.00607186
424.106 0.605154 0.00604745
424.466 0.612035 0.00606991
424.827 0.62081 0.00619765
425.187 0.616674 0.00625514
425.548 0.613587 0.00629841
425.909 0.611852 0.00632276
426.269 0.608137 0.00625909
426.63 0.598596 0.00616769
426.99 0.607914 0.00616449
427.35 0.609441 0.00619978
427.711 0.596525 0.00609026
428.071 0.59456 0.00602932
428.431 0.589365 0.00588824
428.792 0.584872 0.00566499
429.152 0.588305 0.00552541
429.512 0.592719 0.00553571
429.872 0.601651 0.00561597
430.232 0.605043 0.00573123
430.592 0.611861 0.00592698
430.952 0.607201 0.0060787
431.312 0.60727 0.00623029
431.672 0.594327 0.00623451
432.032 0.583919 0.0061608
432.392 0.582455 0.00606986
432.752 0.565683 0.00568755
433.111 0.573875 0.00560067
433.471 0.595423 0.00579411
433.831 0.602829 0.00605837
434.19 0.581992 0.00595352
434.55 0.58489 0.00596724
434.91 0.582327 0.00602361
435.269 0.578646 0.00592184
435.629 0.577044 0.0059006
435.988 0.576626 0.00587321
436.348 0.58701 0.0060165
436.707 0.585293 0.0060991
437.066 0.575453 0.00604432
437.426 0.566056 0.00592361
437.785 0.571263 0.00593411
438.144 0.571786 0.00592943
438.503 0.577653 0.00603841
438.862 0.568795 0.00600304
439.222 0.576647 0.00609256
439.581 0.57087 0.00608799
439.94 0.558993 0.00593992
440.299 0.549206 0.00568922
440.658 0.555201 0.0055746
441.017 0.564486 0.00562283
441.376 0.573121 0.0057318
441.734 0.57633 0.00580686
442.093 0.560859 0.0057259
442.452 0.554978 0.0056549
442.811 0.559362 0.00565223
443.169 0.564876 0.0056779
443.528 0.568037 0.00581185
443.887 0.563721 0.00579344
444.245 0.5687 0.00584446
444.604 0.563736 0.00586733
444.962 0.563004 0.00589142
445.321 0.560985 0.00588633
445.679 0.558205 0.00584087
446.038 0.559695 0.0058273
446.396 0.565623 0.00593879
446.754 0.568092 0.00603317
447.112 0.570394 0.00607595
447.471 0.563845 0.0060479
447.829 0.563726 0.0060789
448.187 0.560812 0.00605238
448.545 0.563008 0.00604567
448.903 0.562773 0.00606006
449.261 0.561859 0.00607275
449.619 0.571548 0.00618289
449.977 0.569822 0.00620362
450.335 0.575868 0.00630477
450.693 0.57189 0.00629852
451.051 0.565126 0.00624875
451.409 0.568537 0.00629216
451.766 0.569154 0.0063036
452.124 0.57789 0.00644091
452.482 0.578013 0.0065054
452.839 0.579515 0.00658659
453.197 0.575394 0.00657472
453.555 0.580261 0.00662976
453.912 0.573267 0.00657238
454.27 0.56733 0.00643512
454.627 0.569266 0.00636992
454.984 0.576482 0.00642531
455.342 0.591704 0.00660939
455.699 0.589076 0.00666828
456.056 0.577343 0.00656236
456.414 0.581599 0.00652761
456.771 0.580496 0.00640217
457.128 0.58335 0.00639334
457.485 0.58481 0.00637914
457.842 0.59249 0.00646063
458.199 0.58604 0.00641793
458.556 0.58764 0.00636469
458.913 0.586922 0.00636106
459.27 0.594867 0.00636769
459.627 0.595393 0.00646319
459.984 0.593165 0.00640405
460.341 0.595652 0.00640921
460.697 0.598001 0.00649835
461.054 0.612161 0.00676852
461.411 0.607103 0.00687935
461.767 0.604072 0.00694308
462.124 0.591519 0.00685338
462.481 0.594568 0.00678884
462.837 0.59089 0.00666276
463.194 0.599482 0.00657056
463.55 0.60141 0.00662343
463.907 0.592821 0.00640333
464.263 0.592483 0.00631338
464.619 0.593347 0.00619837
464.976 0.598621 0.00613964
465.332 0.60225 0.0061567
465.688 0.622468 0.00645126
466.044 0.615124 0.00664334
466.4 0.615311 0.00674773
466.756 0.607149 0.0067468
467.112 0.609748 0.00676117
467.468 0.603947 0.00671898
467.824 0.614975 0.0068496
468.18 0.613633 0.00693149
468.536 0.608267 0.00690688
468.892 0.612211 0.00703978
469.248 0.609551 0.00705562
469.604 0.606126 0.00707809
469.959 0.611548 0.00710717
470.315 0.613498 0.00711465
470.671 0.607065 0.00707018
471.026 0.605282 0.00700021
471.382 0.603892 0.00692527
471.737 0.60273 0.00686294
472.093 0.603133 0.00675813
472.448 0.600857 0.00661589
472.804 0.602977 0.00657103
473.159 0.604274 0.00652409
473.514 0.61472 0.00661368
473.87 0.604902 0.00646718
474.225 0.594518 0.00622822
474.58 0.59671 0.00611666
474.935 0.617996 0.00627774
475.29 0.62222 0.0063841
475.645 0.6081 0.00631764
476 0.607331 0.00632178
476.355 0.611333 0.00639967
476.71 0.602927 0.00635179
477.065 0.589808 0.00609931
477.42 0.593118 0.00603574
477.775 0.600593 0.00608097
478.13 0.610113 0.0061841
478.485 0.598248 0.00607931
478.839 0.592349 0.0059769
479.194 0.587824 0.00580144
479.549 0.597475 0.00577714
479.903 0.607538 0.00584113
480.258 0.605305 0.00587626
480.612 0.59378 0.00574415
480.967 0.588842 0.00558796
481.321 0.601276 0.00566475
481.675 0.611101 0.00582086
482.03 0.61007 0.00591854
482.384 0.601377 0.0059009
482.738 0.589035 0.00578435
483.093 0.591638 0.00575478
483.447 0.585601 0.005601
483.801 0.57708 0.0053865
484.155 0.58614 0.00535934
484.509 0.496803 0.00429643
484.863 0.471342 0.00285237
485.217 0.544666 0.00278676
485.571 0.636467 0.00309029
485.925 0.759327 0.00429975
486.279 0.692705 0.00476207
486.632 0.610646 0.00483584
486.986 0.607881 0.00521554
487.34 0.613669 0.00559407
487.694 0.599748 0.00568463
488.047 0.584737 0.00564479
488.401 0.587585 0.00566569
488.754 0.588507 0.00570613
489.108 0.589749 0.00580538
489.461 0.588462 0.00582712
489.815 0.587535 0.00588326
490.168 0.57824 0.00577216
490.522 0.577829 0.00574555
490.875 0.580987 0.00576989
491.228 0.581506 0.00581217
491.581 0.574931 0.00573957
491.935 0.581242 0.00579232
492.288 0.580804 0.00581399
492.641 0.576263 0.00575015
492.994 0.57058 0.00571745
493.347 0.566737 0.00561903
493.7 0.572548 0.00565208
494.053 0.569901 0.0056583
494.406 0.582746 0.00581425
494.759 0.576364 0.00590022
495.111 0.557584 0.00562209
495.464 0.544138 0.00531013
495.817 0.557112 0.005276
496.169 0.580088 0.00553478
496.522 0.5893 0.00583038
496.875 0.579346 0.00597399
497.227 0.568869 0.00597823
497.58 0.558027 0.00591066
497.932 0.559183 0.00584732
498.285 0.552944 0.00576152
498.637 0.552956 0.00561809
498.989 0.555021 0.0055659
499.342 0.561804 0.00564133
499.694 0.56593 0.00578719
500.046 0.555752 0.00578416
500.398 0.545239 0.0055889
500.751 0.551176 0.00556799
501.103 0.546307 0.00552567
501.455 0.553714 0.00557154
501.807 0.548854 0.00555536
502.159 0.54838 0.00555597
502.511 0.545646 0.00552834
502.862 0.554381 0.00559641
503.214 0.54723 0.0056362
503.566 0.553944 0.00578562
503.918 0.550613 0.00583061
504.27 0.551196 0.00582752
504.621 0.550264 0.0058368
504.973 0.547747 0.0058563
505.324 0.542658 0.00579138
505.676 0.532706 0.00563805
506.027 0.545883 0.00572276
506.379 0.559196 0.00598515
506.73 0.545668 0.00600246
507.082 0.537883 0.00591719
507.433 0.532991 0.00578113
507.784 0.537733 0.00575824
508.136 0.545571 0.00590126
508.487 0.54583 0.00596323
508.838 0.539104 0.00598194
509.189 0.536734 0.00596222
509.54 0.529158 0.00584086
509.891 0.542208 0.00598084
510.242 0.538441 0.00596668
510.593 0.54342 0.00603234
510.944 0.537177 0.00603112
511.295 0.542569 0.00618754
511.646 0.541008 0.00624706
511.996 0.532668 0.00613486
512.347 0.532256 0.00608636
512.698 0.540747 0.00615499
513.049 0.54327 0.00620734
513.399 0.54257 0.00623211
513.75 0.533146 0.00615928
514.1 0.545424 0.006348
514.451 0.553155 0.00652577
514.801 0.532223 0.006373
515.152 0.540483 0.00636549
515.502 0.530458 0.00620844
515.852 0.54206 0.00624228
516.202 0.542105 0.00623417
516.553 0.550748 0.00637553
516.903 0.55039 0.00647067
517.253 0.55104 0.00657216
517.603 0.538808 0.00649762
517.953 0.541508 0.00648223
518.303 0.535857 0.00629697
518.653 0.54192 0.0062806
519.003 0.553656 0.006397
519.353 0.562231 0.00667693
519.703 0.555538 0.00677781
520.052 0.546953 0.00675972
520.402 0.550105 0.00674184
520.752 0.544936 0.00663329
521.102 0.560133 0.00683414
521.451 0.558587 0.00687329
521.801 0.554444 0.00682817
522.15 0.54641 0.00666618
522.5 0.558679 0.00672967
522.849 0.551049 0.00666256
523.199 0.553616 0.00661499
523.548 0.552047 0.0065421
523.897 0.564326 0.00669093
524.246 0.564489 0.00680329
524.596 0.5693 0.00692891
524.945 0.557616 0.00681746
525.294 0.561937 0.00684304
525.643 0.561661 0.00682611
525.992 0.5622 0.00681772
526.341 0.562354 0.00677613
526.69 0.56719 0.00685877
527.039 0.577188 0.00698639
527.388 0.569774 0.00698994
527.737 0.557607 0.0067045
528.086 0.556135 0.0064493
528.434 0.566152 0.00638804
528.783 0.585052 0.00667124
529.132 0.582544 0.00678364
529.48 0.578948 0.00684968
529.829 0.577979 0.00688165
530.177 0.581128 0.00697119
530.526 0.575117 0.0069521
530.874 0.571674 0.00686517
531.223 0.569699 0.00684341
531.571 0.582759 0.00698101
531.919 0.576609 0.00687584
532.268 0.561935 0.0065805
532.616 0.566908 0.00639827
532.964 0.578584 0.00636794
533.312 0.583095 0.00639603
533.66 0.579188 0.00640333
534.008 0.574251 0.00636147
534.356 0.585151 0.0064258
534.704 0.591269 0.00651801
535.052 0.587328 0.00658363
535.4 0.592328 0.00675135
535.748 0.588074 0.00688722
536.095 0.58825 0.00706277
536.443 0.579 0.00701576
536.791 0.573862 0.00683683
537.139 0.575359 0.00668812
537.486 0.577853 0.00654758
537.834 0.590459 0.00658355
538.181 0.583567 0.00650744
538.529 0.587566 0.00656648
538.876 0.587009 0.00654635
539.223 0.593286 0.00669254
539.571 0.594494 0.00684266
539.918 0.581097 0.00674115
540.265 0.576494 0.00658202
540.613 0.581209 0.00649522
540.96 0.595653 0.00665685
541.307 0.585708 0.00661308
541.654 0.576552 0.00655955
542.001 0.586661 0.00663741
542.348 0.589588 0.0066527
542.695 0.586632 0.00664439
543.042 0.582908 0.00652162
543.388 0.582854 0.00643885
543.735 0.591188 0.00647571
544.082 0.585594 0.00643519
544.429 0.59555 0.00651954
544.775 0.599259 0.00668383
545.122 0.598236 0.00687612
545.469 0.591823 0.00695098
545.815 0.582119 0.00685387
546.162 0.583822 0.00680927
546.508 0.579694 0.00664584
546.854 0.573354 0.00636442
547.201 0.578056 0.0061565
547.547 0.592716 0.00621602
547.893 0.603219 0.00641164
548.24 0.618017 0.00683738
548.586 0.600698 0.00702123
548.932 0.593953 0.00708556
549.278 0.57804 0.00699496
549.624 0.586416 0.00700782
549.97 0.599838 0.00715389
550.316 0.594953 0.00726695
550.662 0.590558 0.00731456
551.008 0.558022 0.00674234
551.353 0.570655 0.00645395
551.699 0.589726 0.00641578
552.045 0.609823 0.00669988
552.391 0.594621 0.00675295
552.736 0.587413 0.00674254
553.082 0.579474 0.00670666
553.427 0.593606 0.00690792
553.773 0.597429 0.00715958
554.118 0.586417 0.00709373
554.464 0.572726 0.00683055
554.809 0.566993 0.00652636
555.154 0.589668 0.00656594
555.5 0.593433 0.00660179
555.845 0.603794 0.0069181
556.19 0.599255 0.00707904
556.535 0.591046 0.00718827
556.88 0.580389 0.0070083
557.225 0.587012 0.00702205
557.57 0.595724 0.00721201
557.915 0.59959 0.00743153
558.26 0.587672 0.00744798
558.605 0.5847 0.00740277
558.95 0.566517 0.00712608
559.295 0.567064 0.00674931
559.639 0.573702 0.00653318
559.984 0.580423 0.0063202
560.329 0.58486 0.00632087
560.673 0.588981 0.00636512
561.018 0.586928 0.00654049
561.362 0.59107 0.00673849
561.707 0.585594 0.00687534
562.051 0.573959 0.00672373
562.395 0.566258 0.00659025
562.74 0.580138 0.00653817
563.084 0.574077 0.00642355
563.428 0.575837 0.00629906
563.772 0.582611 0.00636536
564.117 0.576553 0.00628587
564.461 0.580015 0.00628477
564.805 0.577064 0.00632337
565.149 0.576077 0.00628882
565.493 0.579771 0.00631863
565.836 0.576763 0.00618114
566.18 0.567952 0.0060441
566.524 0.554943 0.00557128
566.868 0.568207 0.00548631
567.212 0.574012 0.00542041
567.555 0.567099 0.00531959
567.899 0.555674 0.00502175
568.242 0.562047 0.00484423
568.586 0.549423 0.004482
568.929 0.546984 0.00418597
569.273 0.559379 0.00400222
569.616 0.575053 0.00406363
569.96 0.561506 0.00393437
570.303 0.553168 0.0037837
570.646 0.562581 0.00376837
570.989 0.556533 0.00363198
571.333 0.572233 0.0037287
571.676 0.577287 0.00388511
572.019 0.577739 0.0042027
572.362 0.527451 0.00378897
572.705 0.531211 0.00352927
573.048 0.554281 0.00343149
573.391 0.552762 0.00331496
573.733 0.555277 0.00327634
574.076 0.556009 0.00324226
574.419 0.571393 0.00338699
574.762 0.566806 0.0035531
575.104 0.573385 0.00382544
575.447 0.52766 0.00362019
575.789 0.524015 0.00339106
576.132 0.545871 0.00326973
576.474 0.545574 0.00323226
576.817 0.536552 0.00296521
577.159 0.546303 0.00282896
577.501 0.579618 0.00293694
577.844 0.584807 0.00315735
578.186 0.570967 0.00349934
578.528 0.533671 0.0035213
578.87 0.535153 0.00354158
579.212 0.524969 0.00339072
579.554 0.543784 0.00334069
579.896 0.542187 0.00335609
580.238 0.517606 0.0030901
580.58 0.525312 0.00273515
580.922 0.572361 0.00274386
581.264 0.621116 0.00285826
581.606 0.583599 0.00289258
581.947 0.563832 0.00301793
582.289 0.557664 0.0033345
582.631 0.542396 0.00364768
582.972 0.527385 0.00383805
583.314 0.51743 0.00375974
583.655 0.511811 0.00361475
583.997 0.506087 0.00328108
584.338 0.521685 0.00309843
584.679 0.532045 0.00300218
585.021 0.556391 0.0031545
585.362 0.549689 0.00336903
585.703 0.54166 0.00359709
586.044 0.505086 0.00348648
586.385 0.506851 0.00330489
586.726 0.516387 0.00318603
587.067 0.548064 0.00341111
587.408 0.539654 0.00357892
587.749 0.532479 0.0037236
588.09 0.526662 0.00385756
588.431 0.534103 0.00411612
588.772 0.518595 0.00421827
589.113 0.510829 0.00411428
589.453 0.518149 0.00412118
589.794 0.535081 0.0043314
590.134 0.533327 0.00455502
590.475 0.519089 0.00459826
590.815 0.509276 0.00451244
591.156 0.523239 0.00458039
591.496 0.497763 0.0043313
591.837 0.482022 0.00366675
592.177 0.499069 0.00338928
592.517 0.526384 0.00333252
592.857 0.53871 0.00355453
593.198 0.535411 0.00377031
593.538 0.530273 0.0041392
593.878 0.509149 0.00418552
594.218 0.48568 0.00395605
594.558 0.507824 0.00389487
594.898 0.526869 0.00407897
595.237 0.536006 0.00436926
595.577 0.52392 0.00459876
595.917 0.513305 0.00477927
596.257 0.495647 0.00449957
596.596 0.497215 0.00439341
596.936 0.522756 0.00443008
597.276 0.521866 0.00459933
597.615 0.501367 0.00442818
597.955 0.475536 0.00379292
598.294 0.504993 0.00366711
598.633 0.526072 0.00375527
598.973 0.519752 0.00387335
599.312 0.500087 0.00378777
599.651 0.517384 0.00388326
599.991 0.512083 0.0039477
600.33 0.509533 0.0039987
600.669 0.513381 0.00412882
601.008 0.515005 0.00427829
601.347 0.507374 0.00439119
601.686 0.493848 0.00420573
602.025 0.50735 0.00429129
602.364 0.496468 0.00403352
602.702 0.505084 0.00401
603.041 0.517711 0.0040867
603.38 0.522924 0.00430369
603.719 0.519361 0.00448438
604.057 0.507111 0.00455571
604.396 0.503825 0.00453376
604.734 0.4833 0.00424099
605.073 0.504482 0.00400857
605.411 0.520551 0.00411144
605.75 0.530868 0.00430357
606.088 0.51697 0.00446917
606.426 0.500314 0.0042888
606.764 0.50724 0.00425902
607.103 0.527807 0.00448219
607.441 0.514948 0.00458005
607.779 0.513132 0.00468281
608.117 0.511593 0.0046438
608.455 0.52668 0.00491162
608.793 0.504916 0.00485544
609.131 0.490902 0.00446654
609.469 0.514148 0.00446076
609.806 0.53328 0.00460409
610.144 0.528015 0.00494108
610.482 0.508196 0.00489783
610.819 0.512702 0.00490872
611.157 0.520381 0.00497137
611.495 0.524781 0.00516731
611.832 0.515658 0.0051375
612.17 0.509666 0.00507041
612.507 0.519279 0.00506085
612.844 0.523427 0.0051344
613.182 0.526598 0.00516183
613.519 0.519457 0.00509513
613.856 0.522622 0.00509731
614.193 0.511624 0.0049798
614.53 0.518332 0.00490791
614.867 0.529016 0.00495287
615.205 0.541013 0.00525951
615.541 0.531162 0.00539974
615.878 0.518435 0.00556116
616.215 0.522343 0.0055251
616.552 0.52567 0.0055993
616.889 0.520729 0.00544498
617.226 0.535057 0.00546276
617.562 0.547939 0.00570387
617.899 0.546636 0.00604114
618.235 0.540838 0.00631862
618.572 0.525089 0.0064566
618.908 0.517572 0.00618779
619.245 0.526883 0.0059884
619.581 0.540833 0.00596079
619.918 0.577544 0.0066715
620.254 0.56428 0.00743906
620.59 0.523689 0.0072744
620.926 0.513542 0.00671661
621.262 0.529333 0.00644035
621.599 0.557827 0.00664147
621.935 0.535539 0.00642553
622.271 0.537879 0.0061981
622.606 0.544543 0.00610163
622.942 0.566032 0.00637508
623.278 0.548958 0.0064612
623.614 0.528092 0.00603936
623.95 0.548149 0.00612835
624.285 0.557532 0.00629579
624.621 0.561755 0.00666291
624.957 0.544013 0.00676079
625.292 0.555867 0.00704071
625.628 0.550064 0.00721577
625.963 0.540669 0.00720137
626.299 0.539828 0.00704761
626.634 0.549027 0.0069959
626.969 0.567909 0.00724678
627.304 0.580573 0.00794229
627.64 0.564397 0.00839949
627.975 0.536861 0.00802811
628.31 0.527199 0.00751995
628.645 0.570472 0.00764356
628.98 0.568875 0.00780059
629.315 0.577355 0.00800912
629.65 0.558296 0.00793866
629.985 0.559582 0.00792545
630.319 0.578591 0.00841137
630.654 0.557719 0.00835236
630.989 0.557041 0.00830639
631.323 0.562061 0.00848827
631.658 0.583197 0.00899876
631.993 0.569089 0.00927416
632.327 0.559977 0.00923467
632.662 0.567401 0.00924533
632.996 0.560855 0.00898798
633.33 0.567641 0.00890834
633.665 0.588941 0.00939173
633.999 0.573243 0.00954719
634.333 0.567212 0.00949492
634.667 0.558233 0.00945206
635.001 0.566744 0.0092918
635.335 0.55429 0.00883947
635.669 0.564593 0.00859017
636.003 0.579228 0.00882195
636.337 0.598963 0.0094194
636.671 0.584766 0.00979324
637.005 0.56927 0.00992505
637.339 0.56378 0.00983341
637.672 0.55835 0.00942864
638.006 0.575985 0.00933049
638.339 0.587323 0.00955925
638.673 0.585063 0.00984461
639.006 0.586957 0.0101703
639.34 0.573752 0.0100496
639.673 0.574243 0.0101974
640.007 0.577572 0.0102012
640.34 0.575884 0.010364
640.673 0.578935 0.0104706
641.006 0.58287 0.0106605
641.34 0.581687 0.0107657
641.673 0.594877 0.011147
642.006 0.580822 0.0112044
642.339 0.571087 0.0109136
642.672 0.582449 0.0109539
643.004 0.589174 0.0110798
643.337 0.591939 0.0114635
643.67 0.571861 0.0112644
644.003 0.582357 0.0112559
644.336 0.581823 0.0112036
644.668 0.588677 0.0112492
645.001 0.591379 0.0114699
645.333 0.602601 0.0118629
645.666 0.585409 0.0119337
645.998 0.592455 0.0122794
646.331 0.594189 0.0124843
646.663 0.581524 0.0122234
646.995 0.568891 0.0113527
647.327 0.561983 0.0103621
647.66 0.587378 0.0100139
647.992 0.587081 0.00985843
648.324 0.588437 0.00983335
648.656 0.590551 0.00998796
648.988 0.594972 0.0104244
649.32 0.604088 0.0112359
649.652 0.584155 0.0115674
649.983 0.575655 0.0117302
650.315 0.580752 0.0118579
650.647 0.569422 0.0114723
650.979 0.57839 0.0110349
651.31 0.575842 0.0105871
651.642 0.582452 0.0104086
651.973 0.587069 0.0104428
652.305 0.583729 0.0103735
652.636 0.589745 0.0105713
652.967 0.580886 0.0107287
653.299 0.578803 0.0109591
653.63 0.569978 0.0107523
653.961 0.541503 0.00973574
654.292 0.452901 0.00683404
654.623 0.344902 0.00216163
654.955 0.899654 0.00342708
655.286 0.899598 0.00342687
655.616 0.899542 0.00342665
655.947 0.899486 0.00342644
656.278 0.899428 0.00342622
656.609 0.413605 0.0024314
656.94 0.366738 0.00302959
657.27 0.332973 0.00338439
657.601 0.351815 0.00401243
657.932 0.394839 0.00508424
658.262 0.444415 0.00657073
658.593 0.494073 0.00831068
658.923 0.538953 0.0101492
659.254 0.555191 0.0113787
659.584 0.576075 0.0123063
659.914 0.589077 0.0130315
660.244 0.585279 0.0133138
660.575 0.580484 0.0131622
660.905 0.592948 0.0133225
661.235 0.586171 0.0130608
661.565 0.58964 0.0130051
661.895 0.601031 0.0130552
662.225 0.597372 0.0132204
662.555 0.599367 0.0134263
662.884 0.574849 0.0130019
663.214 0.588902 0.0129783
663.544 0.600579 0.01297
663.873 0.588793 0.0126518
664.203 0.597711 0.0126085
664.533 0.59086 0.0121965
664.862 0.593241 0.012136
665.192 0.6022 0.012579
665.521 0.616745 0.0134211
665.85 0.595335 0.0135778
666.18 0.593695 0.0141177
666.509 0.589067 0.013979
666.838 0.582072 0.0135672
667.167 0.607772 0.0136854
667.496 0.608327 0.0139276
667.825 0.603796 0.0139455
668.154 0.604114 0.0139259
668.483 0.601133 0.0137971
668.812 0.605062 0.0135842
669.141 0.600777 0.013401
669.47 0.615715 0.0133996
669.798 0.607474 0.0134458
670.127 0.594615 0.0133152
670.456 0.55558 0.0121429
670.784 0.566351 0.010997
671.113 0.56436 0.0100769
671.441 0.585168 0.00980486
671.77 0.600739 0.0100994
672.098 0.599278 0.010484
672.426 0.617271 0.0118295
672.755 0.583061 0.0122243
673.083 0.573001 0.0122897
673.411 0.565621 0.0121859
673.739 0.579594 0.012516
674.067 0.598851 0.0133942
674.395 0.587723 0.0132677
674.723 0.570943 0.0127364
675.051 0.599276 0.0128598
675.379 0.591486 0.0127654
675.706 0.591366 0.0129045
676.034 0.588833 0.0131674
676.362 0.591303 0.0132586
676.689 0.576857 0.0123012
677.017 0.579024 0.0115151
677.344 0.575784 0.0110306
677.672 0.598401 0.0114379
677.999 0.58505 0.0114472
678.327 0.575239 0.0111246
678.654 0.564817 0.0105436
678.981 0.57808 0.0103458
679.308 0.585533 0.0104954
679.636 0.593935 0.0110645
679.963 0.590512 0.0115847
680.29 0.558595 0.0112979
680.617 0.567332 0.011174
680.944 0.565584 0.0109912
681.271 0.596588 0.0116137
681.597 0.598313 0.0124171
681.924 0.599919 0.0132426
682.251 0.57087 0.0128672
682.578 0.560954 0.0120846
682.904 0.550855 0.0111743
683.231 0.568145 0.0108969
683.557 0.562879 0.0106034
683.884 0.572114 0.010385
684.21 0.568886 0.0101132
684.536 0.565659 0.00975493
684.863 0.573013 0.00967062
685.189 0.572209 0.00982688
685.515 0.587734 0.0104984
685.841 0.566652 0.0106459
686.167 0.551133 0.0105096
686.493 0.56628 0.0105257
686.819 0.573268 0.0106506
687.145 0.585599 0.0112345
687.471 0.589999 0.0121266
687.797 0.569259 0.0123112
688.123 0.557174 0.0121057
688.448 0.546596 0.0115969
688.774 0.569889 0.0114856
689.1 0.582072 0.0118042
689.425 0.59204 0.0124043
689.751 0.577516 0.0124494
690.076 0.54821 0.011454
690.402 0.549447 0.0107134
690.727 0.564695 0.0105258
691.052 0.57964 0.0109437
691.377 0.57422 0.0112194
691.703 0.570663 0.0114678
692.028 0.554479 0.0113104
692.353 0.55699 0.0110963
692.678 0.563296 0.0112447
693.003 0.590708 0.0119528
693.328 0.58221 0.0127427
693.652 0.570842 0.0131873
693.977 0.541384 0.0125357
694.302 0.541081 0.0118166
694.627 0.567588 0.0119334
694.951 0.581154 0.0125093
695.276 0.599854 0.0139322
695.6 0.562937 0.0137237
695.925 0.51272 0.0114949
696.249 0.525372 0.0102601
696.574 0.561039 0.0100484
696.898 0.597536 0.0108421
697.222 0.572409 0.0112165
697.546 0.558969 0.01153
697.871 0.543767 0.0116117
698.195 0.553997 0.0118063
698.519 0.569335 0.0122715
698.843 0.577695 0.0127151
699.167 0.56455 0.0130419
699.491 0.572914 0.0136385
699.814 0.561419 0.0136102
700.138 0.557906 0.013609
700.462 0.57421 0.0140347
700.786 0.561671 0.0136962
701.109 0.549925 0.0132182
701.433 0.565449 0.0129393
701.756 0.554581 0.0123569
702.08 0.567374 0.0124997
702.403 0.569456 0.0127777
702.726 0.569833 0.0133243
703.05 0.553597 0.0134537
703.373 0.554532 0.013622
703.696 0.559863 0.0136989
704.019 0.58077 0.0144391
704.342 0.577335 0.0149214
704.665 0.58771 0.0156765
704.988 0.556918 0.0151605
705.311 0.545252 0.0140791
705.634 0.524654 0.0123999
705.957 0.53777 0.01137
706.28 0.541035 0.0105649
706.602 0.565474 0.0106888
706.925 0.556688 0.0108285
707.247 0.556685 0.01126
707.57 0.541535 0.0115437
707.892 0.543645 0.0119608
708.215 0.557285 0.0127017
708.537 0.533932 0.0127387
708.859 0.537142 0.01285
709.182 0.542527 0.0127806
709.504 0.540021 0.0124154
709.826 0.545207 0.0123183
710.148 0.549534 0.012417
710.47 0.565865 0.0129583
710.792 0.545336 0.0131911
711.114 0.560156 0.0138173
711.436 0.550033 0.0139966
711.758 0.532565 0.0135496
712.079 0.540236 0.0134909
712.401 0.543205 0.0128604
712.723 0.543615 0.0123982
713.044 0.520045 0.0114247
713.366 0.548689 0.0116045
713.687 0.541877 0.0116259
714.009 0.539699 0.0119173
714.33 0.545599 0.0122509
714.652 0.532203 0.0124435
714.973 0.552021 0.0131122
715.294 0.551165 0.0137758
715.615 0.547361 0.0146061
715.936 0.547118 0.014817
716.257 0.553226 0.0150428
716.578 0.55615 0.0151838
716.899 0.55729 0.0148606
717.22 0.534 0.0136083
717.541 0.544208 0.0133696
717.862 0.553582 0.0134389
718.182 0.534168 0.0131752
718.503 0.523615 0.0127609
718.824 0.556309 0.0133405
719.144 0.553876 0.0135241
719.465 0.542414 0.0136892
719.785 0.523691 0.0131733
720.105 0.534001 0.0131276
720.426 0.535331 0.0129809
720.746 0.533929 0.0131838
721.066 0.529287 0.0131501
721.386 0.53469 0.0133524
721.706 0.544135 0.0138616
722.026 0.549664 0.0143015
722.346 0.531938 0.014186
722.666 0.532972 0.014014
722.986 0.536276 0.0137087
723.306 0.540305 0.0138676
723.626 0.552101 0.014296
723.946 0.535759 0.0140547
724.265 0.517707 0.0130773
724.585 0.525451 0.0124801
724.904 0.533132 0.0124776
725.224 0.531811 0.0124954
725.543 0.528153 0.0124497
725.863 0.531072 0.0126037
726.182 0.550767 0.0133563
726.501 0.534575 0.0133658
726.82 0.513523 0.0131863
727.14 0.515877 0.0127046
727.459 0.520775 0.0123797
727.778 0.529357 0.0124072
728.097 0.524115 0.0125144
728.416 0.509891 0.012204
728.734 0.512086 0.0118414
729.053 0.520923 0.011826
729.372 0.519589 0.0117865
729.691 0.499105 0.0112607
730.009 0.504551 0.0107777
730.328 0.504966 0.0104649
730.647 0.526857 0.0107015
730.965 0.527638 0.0110846
731.283 0.528413 0.0115095
731.602 0.510935 0.0114494
731.92 0.505248 0.0111831
732.238 0.497632 0.0108312
732.557 0.518459 0.0109543
732.875 0.495398 0.0104483
733.193 0.483889 0.00971047
733.511 0.512341 0.00976352
733.829 0.522117 0.0101518
734.147 0.51888 0.0107859
734.465 0.504108 0.0111149
734.782 0.504213 0.011106
735.1 0.500408 0.010754
735.418 0.496581 0.010704
735.735 0.503631 0.0108122
736.053 0.489758 0.0105441
736.371 0.497042 0.010732
736.688 0.5188 0.0113639
737.005 0.519439 0.0120636
737.323 0.51742 0.0125005
737.64 0.503819 0.0123492
737.957 0.493627 0.0115893
738.274 0.493059 0.0106309
738.592 0.513706 0.010587
738.909 0.526205 0.010985
739.226 0.524973 0.0119506
739.543 0.514369 0.0127509
739.86 0.527039 0.0136574
740.176 0.526505 0.0140049
740.493 0.529418 0.0144676
740.81 0.529081 0.0145086
741.127 0.511189 0.0141105
741.443 0.505098 0.0132901
741.76 0.52621 0.0131155
742.076 0.535473 0.0133475
742.393 0.558428 0.0143618
742.709 0.559059 0.0151654
743.025 0.537364 0.0151421
743.342 0.540937 0.0150528
743.658 0.545853 0.0148301
743.974 0.528461 0.0141883
744.29 0.543999 0.0143807
744.606 0.540676 0.01449
744.922 0.531366 0.0143904
745.238 0.541086 0.0145655
745.554 0.546946 0.0149985
745.87 0.540267 0.0150637
746.186 0.53683 0.014397
746.501 0.524444 0.0137065
746.817 0.549146 0.0142489
747.132 0.560384 0.0154504
747.448 0.539404 0.0157539
747.763 0.535576 0.0154635
748.079 0.51646 0.0145531
748.394 0.532319 0.0137735
748.71 0.524377 0.0127268
749.025 0.517241 0.0119005
749.34 0.528659 0.0118747
749.655 0.536321 0.0122221
749.97 0.536345 0.0126624
750.285 0.507038 0.0123497
750.6 0.504558 0.0120561
750.915 0.519695 0.0119315
751.23 0.532279 0.0123129
751.545 0.537355 0.0128798
751.859 0.523198 0.0131878
752.174 0.514466 0.01323
752.489 0.50727 0.0124757
752.803 0.510467 0.0117637
753.118 0.517993 0.0117612
753.432 0.519978 0.012179
753.747 0.530596 0.0127588
754.061 0.498199 0.0119442
754.375 0.493914 0.0113949
754.689 0.493503 0.0110357
755.004 0.516578 0.0112725
755.318 0.508404 0.0109392
755.632 0.497835 0.0102969
755.946 0.505892 0.0101923
756.26 0.491972 0.00960177
756.573 0.49884 0.00925068
756.887 0.498879 0.00896942
757.201 0.5076 0.00923947
757.515 0.518435 0.0102284
757.828 0.509082 0.0108704
758.142 0.486978 0.0105966
758.455 0.48796 0.00985095
758.769 0.497303 0.00941785
759.082 0.489963 0.0090938
759.396 0.495345 0.00900619
759.709 0.493394 0.00891873
760.022 0.508662 0.0091356
760.335 0.513793 0.00966411
760.648 0.509782 0.0103464
760.962 0.493961 0.0109318
761.275 0.493794 0.0114714
761.587 0.501248 0.0117082
761.9 0.50777 0.0118139
762.213 0.495263 0.0112865
762.526 0.505323 0.0109892
762.839 0.510958 0.0110062
763.151 0.505537 0.0106314
763.464 0.492627 0.00992619
763.776 0.497728 0.00926779
764.089 0.523227 0.00930154
764.401 0.514584 0.00955213
764.714 0.512437 0.0100928
765.026 0.503035 0.0106733
765.338 0.508529 0.0114266
765.65 0.510681 0.0123247
765.962 0.491382 0.0126516
766.275 0.505361 0.0132893
766.587 0.492446 0.0131617
766.898 0.508016 0.0129391
767.21 0.501068 0.0120907
767.522 0.51315 0.0113526
767.834 0.525245 0.0110648
768.146 0.520414 0.0110934
768.457 0.527796 0.0118545
768.769 0.51914 0.0123829
769.08 0.506718 0.0122891
769.392 0.506088 0.0118374
769.703 0.508454 0.011251
770.015 0.506373 0.0107996
770.326 0.527816 0.0110473
770.637 0.520988 0.0113725
770.948 0.523149 0.0122281
771.26 0.508609 0.0128144
771.571 0.510869 0.0129835
771.882 0.493634 0.0124525
772.193 0.536543 0.013114
772.504 0.527517 0.0133287
772.814 0.524089 0.0135503
773.125 0.523736 0.0138262
773.436 0.529586 0.0143025
773.747 0.524704 0.0145569
774.057 0.534038 0.015
774.368 0.560358 0.0156069
774.678 0.561439 0.0160292
774.989 0.537282 0.0159266
775.299 0.56398 0.0168667
775.609 0.547172 0.0164282
775.919 0.550785 0.0163472
776.23 0.559092 0.0164899
776.54 0.530571 0.0159277
776.85 0.557576 0.0164997
777.16 0.529335 0.0155989
777.47 0.531574 0.0148197
777.78 0.540148 0.0142803
778.089 0.535803 0.0135079
778.399 0.529508 0.0133433
778.709 0.555207 0.0142936
779.019 0.544967 0.0150914
779.328 0.540337 0.0158401
779.638 0.52754 0.0154445
779.947 0.505986 0.0137884
780.257 0.517378 0.012719
780.566 0.523978 0.0123208
780.875 0.521755 0.0125756
781.185 0.534996 0.0135418
781.494 0.51695 0.0135313
781.803 0.532507 0.0141004
782.112 0.52214 0.0141668
782.421 0.517432 0.0139175
782.73 0.51201 0.0134798
783.039 0.52468 0.0138188
783.348 0.548141 0.0152516
783.656 0.534812 0.0158927
783.965 0.519356 0.0158963
784.274 0.530662 0.0154579
784.582 0.527539 0.0149337
784.891 0.536343 0.014969
785.199 0.544262 0.0153075
785.508 0.536098 0.0156107
785.816 0.537357 0.0159132
786.124 0.515041 0.0152354
786.432 0.524411 0.0146184
786.741 0.530532 0.0141415
787.049 0.531899 0.014076
787.357 0.526465 0.0142182
787.665 0.505679 0.0138508
787.973 0.52748 0.0142749
788.281 0.522355 0.0145011
788.588 0.508968 0.0150762
788.896 0.534415 0.0164092
789.204 0.542619 0.0172065
789.511 0.531496 0.0170754
789.819 0.55393 0.0177497
790.126 0.541239 0.0175525
790.434 0.560075 0.0178513
790.741 0.545282 0.0175695
791.049 0.569921 0.0179431
791.356 0.566448 0.0184689
791.663 0.561909 0.0187267
791.97 0.571377 0.0189329
792.277 0.559041 0.0183795
792.584 0.536628 0.0170577
792.891 0.515862 0.0147924
793.198 0.523729 0.0138354
793.505 0.523199 0.0135578
793.812 0.530961 0.0140443
794.119 0.504877 0.0140099
794.425 0.525136 0.0147126
794.732 0.521833 0.0153348
795.038 0.53956 0.017227
795.345 0.529943 0.0183594
795.651 0.532236 0.0193856
795.958 0.565452 0.0200219
796.264 0.530565 0.0180981
796.57 0.557256 0.0178692
796.876 0.581517 0.0180973
797.183 0.57261 0.0182901
797.489 0.562565 0.0188731
797.795 0.552302 0.0188675
798.101 0.558065 0.0188818
798.406 0.583682 0.0194129
798.712 0.573293 0.0198076
799.018 0.568813 0.0200383
799.324 0.575812 0.0202141
799.629 0.574955 0.0202902
799.935 0.582286 0.0205706
800.24 0.596545 0.021217
800.546 0.579245 0.0209142
800.851 0.580926 0.0211352
801.157 0.607887 0.0225462
801.462 0.617087 0.0229365
801.767 0.602763 0.0227766
802.072 0.591535 0.0216882
802.377 0.593544 0.0209058
802.682 0.611206 0.0208728
802.987 0.623302 0.0216637
803.292 0.626952 0.0222826
803.597 0.576197 0.0215434
803.902 0.590299 0.0217506
804.207 0.583829 0.0214957
804.511 0.607064 0.0215833
804.816 0.567113 0.0196008
805.12 0.55535 0.0181233
805.425 0.522985 0.0165652
805.729 0.561226 0.0172946
806.034 0.553688 0.0178429
806.338 0.547754 0.0187585
806.642 0.568945 0.0196047
806.946 0.53731 0.0188591
807.251 0.544375 0.0191572
807.555 0.543968 0.0188453
807.859 0.54463 0.0187136
808.162 0.583239 0.0199276
808.466 0.563992 0.020263
808.77 0.589717 0.0212689
809.074 0.595257 0.0220993
809.378 0.594312 0.0221203
809.681 0.593004 0.021922
809.985 0.605724 0.0225142
810.288 0.613014 0.0229019
810.592 0.604808 0.0225775
810.895 0.61939 0.0233907
811.198 0.638587 0.0248007
811.502 0.603404 0.0244584
811.805 0.640865 0.0258987
812.108 0.608674 0.0240906
812.411 0.613559 0.0234707
812.714 0.619268 0.0219702
813.017 0.575913 0.0200508
813.32 0.558675 0.0197191
813.623 0.57025 0.0205517
813.926 0.591787 0.0224528
814.228 0.593091 0.0236796
814.531 0.665086 0.0258796
814.833 0.584429 0.0240732
815.136 0.586146 0.0242551
815.438 0.614145 0.0251109
815.741 0.597667 0.0237446
816.043 0.61527 0.0237987
816.345 0.625522 0.0238348
816.648 0.622436 0.0239696
816.95 0.595634 0.0238079
817.252 0.637061 0.025175
817.554 0.618845 0.0248655
817.856 0.612793 0.025272
818.158 0.64151 0.026082
818.46 0.652028 0.0269617
818.761 0.655131 0.0269273
819.063 0.62864 0.0259194
819.365 0.625694 0.0250947
819.666 0.601717 0.0233786
819.968 0.59391 0.0224602
820.269 0.603001 0.0223869
820.571 0.607804 0.0230651
820.872 0.636242 0.0244909
821.173 0.629226 0.0253231
821.475 0.640905 0.0265404
821.776 0.641997 0.0264255
822.077 0.622658 0.0258728
822.378 0.646818 0.026554
822.679 0.636902 0.0267809
822.98 0.646415 0.0267296
823.281 0.66499 0.0279902
823.581 0.645093 0.0272901
823.882 0.657351 0.0279007
824.183 0.695703 0.0284119
824.483 0.629979 0.0260752
824.784 0.602619 0.0244551
825.084 0.633446 0.0255223
825.385 0.650767 0.026208
825.685 0.653166 0.0268209
825.985 0.647262 0.0264712
826.286 0.617369 0.0254976
826.586 0.604571 0.024737
826.886 0.631851 0.0253359
827.186 0.639284 0.0258586
827.486 0.659209 0.0271406
827.786 0.67162 0.0278123
828.086 0.641877 0.0269162
828.386 0.646398 0.0266579
828.685 0.614006 0.0258376
828.985 0.662034 0.0276309
829.285 0.678818 0.0281721
829.584 0.667743 0.0283927
829.884 0.685445 0.0292052
830.183 0.744704 0.0320283
830.482 0.711345 0.0309611
830.782 0.711628 0.0310989
831.081 0.73746 0.0328566
831.38 0.671872 0.0303474
831.679 0.729604 0.0316961
831.978 0.71548 0.0314379
832.277 0.689914 0.0298762
832.576 0.685389 0.0292179
832.875 0.662336 0.0287048
833.174 0.656838 0.0284061
833.472 0.691557 0.0293676
833.771 0.718858 0.0303491
834.07 0.645631 0.0280784
834.368 0.680567 0.0291101
834.667 0.687615 0.0300332
834.965 0.710323 0.0309833
835.263 0.704556 0.0308989
835.562 0.691345 0.0306217
835.86 0.709985 0.0307454
836.158 0.682582 0.0304891
836.456 0.723492 0.0322164
836.754 0.721478 0.0320815
837.052 0.803347 0.0349278
837.35 0.685083 0.0316291
837.648 0.745069 0.0334222
837.946 0.7842 0.0345808
838.243 0.721878 0.0331878
838.541 0.7058 0.031954
838.839 0.749032 0.0329663
839.136 0.747515 0.0328636
839.434 0.719428 0.0320443
839.731 0.750986 0.0336208
840.028 0.756098 0.0329621
840.326 0.747647 0.0331894
840.623 0.737107 0.0329246
840.92 0.791766 0.034452
841.217 0.760442 0.0347114
841.514 0.819403 0.0362334
841.811 0.705418 0.0325091
842.108 0.76417 0.0348305
842.405 0.791171 0.035705
842.701 0.79248 0.0358993
842.998 0.716267 0.0330787
843.295 0.788652 0.0354688
843.591 0.849813 0.0368989
843.888 0.781453 0.0349746
844.184 0.790977 0.0353909
844.481 0.739599 0.0336609
844.777 0.754766 0.0341708
845.073 0.746573 0.0342411
845.369 0.839347 0.0366706
845.665 0.82057 0.036788
845.962 0.784628 0.0352675
846.258 0.791956 0.036118
846.553 0.807372 0.0365207
846.849 0.834145 0.0371853
847.145 0.742949 0.0339533
847.441 0.767485 0.0347165
847.737 0.738166 0.0337647
848.032 0.808053 0.0360018
848.328 0.80263 0.0360457
848.623 0.803928 0.0365565
848.919 0.753629 0.0346058
849.214 0.729481 0.0336585
849.509 0.801334 0.0358035
849.805 0.81114 0.0367446
850.1 0.824121 0.0378655
850.395 0.77306 0.0365522
850.69 0.831101 0.0381633
850.985 0.762061 0.035247
851.28 0.77135 0.035314
851.575 0.787007 0.0361062
851.869 0.78725 0.0359884
852.164 0.767131 0.0349964
852.459 0.732054 0.0332491
852.753 0.759724 0.0334004
853.048 0.666092 0.0296519
853.342 0.682718 0.0298113
853.637 0.677632 0.0302337
853.931 0.650061 0.0292945
854.225 0.646215 0.0290793
854.52 0.744378 0.0323728
854.814 0.717586 0.0318905
855.108 0.673661 0.0298965
855.402 0.68137 0.0306173
855.696 0.711026 0.0321718
855.99 0.745658 0.0334773
856.283 0.7349 0.0325056
856.577 0.770605 0.0340469
856.871 0.783242 0.0340537
857.164 0.734708 0.0333404
857.458 0.729318 0.0343213
857.751 0.755144 0.034318
858.045 0.730021 0.0333329
858.338 0.731761 0.0339179
858.632 0.75784 0.0337268
858.925 0.733548 0.0340526
859.218 0.767798 0.0346902
859.511 0.81989 0.0373481
859.804 0.808774 0.036723
860.097 0.751701 0.0344658
860.39 0.807869 0.0367787
860.683 0.780786 0.0360039
860.976 0.824453 0.0372933
861.268 0.774112 0.0355783
861.561 0.817145 0.0376014
861.854 0.876452 0.0401023
862.146 0.779951 0.0364866
862.439 0.823284 0.0372836
862.731 0.744703 0.0345914
863.023 0.854953 0.0382641
863.316 0.812194 0.0366221
863.608 0.819756 0.0369845
863.9 0.77056 0.0358804
864.192 0.764266 0.034886
864.484 0.793207 0.0363906
864.776 0.833377 0.0376316
865.068 0.812621 0.0369301
865.36 0.7828 0.0361513
865.651 0.839919 0.0384307
865.943 0.824063 0.0373626
866.235 0.790188 0.036772
866.526 0.828232 0.0386615
866.818 0.753507 0.0356393
867.109 0.739569 0.0350917
867.4 0.815447 0.0375571
867.692 0.809497 0.0376242
867.983 0.784656 0.0366838
868.274 0.84538 0.0385544
868.565 0.825406 0.0376103
868.856 0.786968 0.0369644
869.147 0.798388 0.0371307
869.438 0.830641 0.0377713
869.729 0.806093 0.0374316
870.02 0.899156 0.041092
870.31 0.861935 0.0389777
870.601 0.796473 0.0369284
870.892 0.799709 0.0366235
871.182 0.810935 0.0367243
871.473 0.762807 0.0363923
871.763 0.731824 0.0347908
872.053 0.859188 0.038141
872.343 0.80148 0.036781
872.634 0.807413 0.0372881
872.924 0.765782 0.0355924
873.214 0.792071 0.036939
873.504 0.820008 0.0380893
873.794 0.861493 0.0400163
874.084 0.878537 0.0402935
874.373 0.854316 0.0387343
874.663 0.805779 0.036727
874.953 0.819209 0.0382637
875.242 0.801731 0.0373436
875.532 0.809981 0.0372268
875.821 0.830891 0.0379386
876.111 0.814853 0.0374282
876.4 0.842856 0.0385421
876.689 0.83416 0.0380879
876.978 0.812063 0.0375939
877.268 0.823876 0.0379336
877.557 0.81764 0.0382259
877.846 0.822239 0.0382048
878.134 0.837231 0.0389015
878.423 0.837385 0.0389086
878.712 0.837539 0.0389158
