178.41 1.08057 0.160796
178.791 1.08741 0.161814
179.172 1.0942 0.162825
179.553 0.380337 0.380337
179.934 1.01516 1.01516
180.316 0.70794 0.70794
180.697 0.552255 0.552255
181.078 0.835101 0.835101
181.459 0.606235 0.606235
181.84 0.399853 0.399853
182.221 2.05687 2.05687
182.602 0.457687 0.457687
182.983 1.11948 0.479095
183.364 0.405875 0.113049
183.744 0.380443 0.069103
184.125 0.488489 0.0679244
184.506 0.642577 0.0638188
184.887 0.633145 0.0564903
185.268 0.524663 0.044271
185.648 0.579481 0.0450389
186.029 0.584372 0.0431403
186.41 0.626491 0.0435
186.791 0.656482 0.0427941
187.171 0.604006 0.0351101
187.552 0.526191 0.0266622
187.932 0.566643 0.0281727
188.313 0.539068 0.0256647
188.694 0.516265 0.0251017
189.074 0.531735 0.0245608
189.455 0.500809 0.0231744
189.835 0.579341 0.0256291
190.216 0.555008 0.0244241
190.596 0.522277 0.0226745
190.977 0.512549 0.0222879
191.357 0.567805 0.0235278
191.737 0.538894 0.0226346
192.118 0.554427 0.0228459
192.498 0.502273 0.0210703
192.878 0.554281 0.0223046
193.258 0.544149 0.0217184
193.639 0.504636 0.0206556
194.019 0.547197 0.0216986
194.399 0.530133 0.0211733
194.779 0.502611 0.0197901
195.159 0.526097 0.0208341
195.54 0.519216 0.0200772
195.92 0.550788 0.0207398
196.3 0.537736 0.0201957
196.68 0.507142 0.0197106
197.06 0.509457 0.0196377
197.44 0.501826 0.019303
197.82 0.5099 0.0193048
198.2 0.526153 0.0196009
198.58 0.504614 0.0186889
198.959 0.51137 0.0187796
199.339 0.511295 0.0188597
199.719 0.527452 0.0187884
200.099 0.517644 0.0186576
200.479 0.531343 0.0188494
200.858 0.527159 0.0184983
201.238 0.51277 0.017959
201.618 0.535243 0.0185543
201.998 0.503692 0.0175682
202.377 0.520971 0.0178666
202.757 0.499288 0.0172611
203.136 0.502974 0.0172123
203.516 0.505208 0.0169936
203.896 0.495987 0.0166305
204.275 0.492174 0.0162396
204.655 0.503904 0.0164631
205.034 0.492418 0.0160831
205.414 0.513368 0.0162161
205.793 0.500098 0.0158617
206.172 0.521874 0.0162181
206.552 0.523968 0.0159735
206.931 0.527156 0.0157764
207.31 0.518585 0.0154791
207.69 0.5359 0.0156097
208.069 0.539962 0.0154613
208.448 0.538203 0.0152417
208.827 0.541495 0.0152004
209.207 0.545815 0.015221
209.586 0.517854 0.0144381
209.965 0.529845 0.0145581
210.344 0.534105 0.0144033
210.723 0.520741 0.0140473
211.102 0.51949 0.0137877
211.481 0.517164 0.0136842
211.86 0.512485 0.0134865
212.239 0.526515 0.0135318
212.618 0.514046 0.0131773
212.997 0.516694 0.0129957
213.376 0.517724 0.0129621
213.755 0.52998 0.0129305
214.134 0.534731 0.0128124
214.513 0.539009 0.0126553
214.891 0.545718 0.0126488
215.27 0.539926 0.012345
215.649 0.544672 0.0122972
216.028 0.546738 0.0121077
216.406 0.553047 0.0120505
216.785 0.541822 0.0117335
217.164 0.54284 0.0116269
217.542 0.539365 0.0113466
217.921 0.530346 0.0111073
218.3 0.533821 0.0111042
218.678 0.533503 0.0109263
219.057 0.520342 0.0105985
219.435 0.516884 0.0103897
219.814 0.517305 0.0103173
220.192 0.510161 0.0100807
220.57 0.509749 0.00995845
220.949 0.517705 0.00986747
221.327 0.520586 0.00973036
221.705 0.516736 0.00959506
222.084 0.516602 0.00938567
222.462 0.52585 0.00935649
222.84 0.537139 0.00937832
223.218 0.534068 0.00911864
223.597 0.542007 0.00909336
223.975 0.546574 0.00896718
224.353 0.553087 0.00892137
224.731 0.559245 0.00882633
225.109 0.558238 0.00864027
225.487 0.556283 0.00850251
225.865 0.56014 0.00840145
226.243 0.548094 0.00820512
226.621 0.550117 0.00811199
226.999 0.542436 0.00789015
227.377 0.540962 0.00780292
227.755 0.532676 0.0076419
228.133 0.536105 0.0075691
228.511 0.538441 0.00749529
228.889 0.528026 0.00728052
229.266 0.524626 0.00718817
229.644 0.522192 0.00703029
230.022 0.524318 0.0069534
230.4 0.529 0.00691855
230.777 0.529106 0.0068534
231.155 0.535201 0.00680317
231.533 0.542617 0.00675315
231.91 0.54449 0.00667322
232.288 0.552492 0.00665839
232.665 0.556226 0.00659485
233.043 0.57195 0.00662428
233.42 0.579828 0.0065796
233.798 0.589087 0.00658343
234.175 0.591946 0.00651343
234.553 0.600903 0.00649265
234.93 0.603799 0.00644308
235.307 0.605924 0.00640213
235.685 0.611242 0.00637767
236.062 0.611065 0.00630223
236.439 0.614307 0.00628768
236.816 0.613865 0.00620855
237.194 0.608256 0.00611469
237.571 0.604649 0.00604344
237.948 0.605703 0.00601675
238.325 0.601237 0.00592818
238.702 0.600732 0.00589071
239.079 0.596118 0.00580982
239.456 0.596077 0.00577081
239.833 0.5979 0.00574235
240.21 0.594776 0.00567443
240.587 0.59918 0.00566902
240.964 0.598502 0.00561959
241.341 0.600127 0.00557966
241.718 0.597307 0.00551385
242.095 0.60307 0.00553873
242.472 0.603471 0.00549665
242.849 0.609646 0.00548346
243.225 0.613607 0.00545329
243.602 0.61549 0.00543415
243.979 0.62699 0.00546573
244.356 0.635198 0.00547881
244.732 0.637685 0.00543362
245.109 0.643887 0.00542175
245.486 0.653441 0.00545422
245.862 0.654628 0.00543221
246.239 0.657176 0.00538729
246.615 0.659299 0.00538621
246.992 0.656983 0.00533737
247.368 0.662581 0.00536002
247.745 0.660813 0.00530773
248.121 0.660192 0.00526907
248.497 0.660599 0.00526218
248.874 0.660165 0.00522859
249.25 0.650988 0.00514643
249.626 0.654309 0.00515101
250.003 0.651878 0.00511125
250.379 0.64424 0.00503174
250.755 0.644528 0.00503723
251.131 0.641561 0.00499035
251.507 0.639469 0.00497557
251.884 0.640739 0.00494631
252.26 0.640783 0.00494774
252.636 0.639508 0.00489782
253.012 0.638464 0.00487598
253.388 0.641203 0.00487171
253.764 0.642753 0.00485765
254.14 0.642415 0.00484481
254.516 0.645802 0.00485095
254.892 0.646755 0.00482997
255.268 0.652212 0.00484515
255.643 0.65217 0.00482465
256.019 0.657708 0.0048415
256.395 0.660662 0.00484224
256.771 0.664834 0.00482209
257.147 0.672647 0.00484483
257.522 0.678644 0.00485867
257.898 0.685475 0.00487503
258.274 0.687635 0.00487008
258.649 0.69147 0.00488065
259.025 0.693002 0.00485922
259.4 0.691992 0.00485304
259.776 0.696164 0.00485262
260.151 0.704711 0.00489874
260.527 0.6989 0.00485676
260.902 0.697432 0.00483846
261.278 0.698069 0.00483044
261.653 0.696149 0.00482366
262.028 0.692881 0.00481696
262.404 0.69586 0.00480517
262.779 0.688438 0.0047675
263.154 0.687784 0.00475684
263.53 0.684133 0.00473125
263.905 0.682344 0.00473424
264.28 0.681807 0.00472992
264.655 0.681855 0.00471634
265.03 0.676439 0.00471206
265.405 0.680154 0.00470925
265.781 0.677722 0.0047064
266.156 0.679074 0.00470604
266.531 0.671107 0.00465366
266.906 0.680169 0.00471085
267.281 0.678321 0.00468117
267.655 0.675029 0.00468726
268.03 0.679151 0.00470416
268.405 0.677345 0.00469165
268.78 0.684451 0.00471608
269.155 0.685072 0.00470773
269.53 0.690519 0.00474271
269.904 0.693831 0.0047487
270.279 0.697142 0.00476305
270.654 0.699564 0.00475775
271.029 0.703008 0.00477848
271.403 0.705423 0.00477315
271.778 0.713562 0.00481425
272.152 0.714975 0.00482359
272.527 0.721649 0.00484181
272.901 0.728655 0.00484621
273.276 0.726824 0.00482909
273.65 0.730845 0.00485765
274.025 0.731074 0.00484579
274.399 0.736649 0.00488754
274.774 0.736431 0.00487551
275.148 0.734747 0.00485454
275.522 0.737238 0.00487578
275.897 0.734512 0.00486412
276.271 0.736565 0.00487577
276.645 0.733069 0.0048501
277.019 0.729642 0.00482564
277.393 0.726814 0.00480328
277.768 0.728447 0.00483142
278.142 0.723845 0.0048113
278.516 0.721571 0.00481221
278.89 0.721489 0.00480244
279.264 0.72198 0.00481949
279.638 0.714144 0.00477008
280.012 0.7138 0.00477731
280.386 0.711925 0.00479598
280.76 0.711869 0.00477756
281.133 0.710001 0.00478004
281.507 0.707191 0.00476674
281.881 0.709299 0.00476292
282.255 0.707067 0.00476209
282.629 0.705024 0.004769
283.002 0.701535 0.00475976
283.376 0.706494 0.00476348
283.75 0.704066 0.00477143
284.123 0.706022 0.00476139
284.497 0.706596 0.004772
284.87 0.711118 0.00479214
285.244 0.707246 0.00477028
285.618 0.714759 0.00480787
285.991 0.715057 0.00482917
286.364 0.720022 0.0048441
286.738 0.723905 0.00485625
287.111 0.730946 0.00488188
287.485 0.732485 0.00488978
287.858 0.737723 0.00492555
288.231 0.738628 0.00491992
288.605 0.74672 0.00496037
288.978 0.749452 0.00495884
289.351 0.754736 0.00500216
289.724 0.755267 0.00500375
290.097 0.759609 0.0050241
290.47 0.767914 0.00506781
290.843 0.765038 0.00505654
291.217 0.760878 0.00504377
291.59 0.769984 0.00510902
291.963 0.770435 0.00509924
292.336 0.769314 0.00511181
292.708 0.775295 0.00514142
293.081 0.773757 0.00515996
293.454 0.773493 0.00513635
293.827 0.768101 0.00513363
294.2 0.774208 0.0051876
294.573 0.76648 0.00514518
294.945 0.769788 0.00518674
295.318 0.76555 0.00517044
295.691 0.763805 0.00517713
296.064 0.765856 0.00519358
296.436 0.759933 0.00516981
296.809 0.755338 0.00514031
297.181 0.75692 0.0051733
297.554 0.753947 0.00517102
297.926 0.754403 0.00517669
298.299 0.751879 0.00517354
298.671 0.750322 0.00514568
299.044 0.751054 0.00517639
299.416 0.746094 0.00516708
299.788 0.740587 0.00513998
300.161 0.744102 0.00517483
300.533 0.74314 0.00516427
300.905 0.740304 0.00513479
301.278 0.744692 0.00516081
301.65 0.743574 0.00515115
302.022 0.739343 0.00514767
302.394 0.737799 0.00515059
302.766 0.741562 0.00515643
303.138 0.743991 0.00518517
303.51 0.746951 0.00518194
303.882 0.743933 0.00516497
304.254 0.746964 0.00518565
304.626 0.743538 0.0051582
304.998 0.75125 0.00518334
305.37 0.747719 0.00520005
305.742 0.750592 0.0051905
306.114 0.748721 0.0051818
306.485 0.759553 0.0052203
306.857 0.761612 0.00522365
307.229 0.762016 0.00524329
307.601 0.766966 0.00525885
307.972 0.766803 0.00525289
308.344 0.766064 0.00524377
308.716 0.776564 0.00530136
309.087 0.776589 0.00529478
309.459 0.781704 0.00532025
309.83 0.784854 0.00533166
310.202 0.784041 0.00532023
310.573 0.786466 0.00533157
310.945 0.788424 0.00533449
311.316 0.791718 0.0053712
311.687 0.79408 0.00535764
312.059 0.791661 0.00536824
312.43 0.790124 0.00535328
312.801 0.796901 0.00539516
313.172 0.794972 0.00539194
313.544 0.791636 0.00538616
313.915 0.787166 0.00533679
314.286 0.791158 0.00537354
314.657 0.78821 0.00535164
315.028 0.787718 0.00536127
315.399 0.784177 0.00534743
315.77 0.787936 0.00535266
316.141 0.782665 0.00535692
316.512 0.784557 0.00536259
316.883 0.77783 0.00535034
317.254 0.774902 0.00533488
317.625 0.781082 0.00538911
317.996 0.777358 0.0053468
318.366 0.773767 0.00534768
318.737 0.77317 0.00534024
319.108 0.772962 0.00535796
319.478 0.767475 0.00534068
319.849 0.761929 0.00531882
320.22 0.762066 0.00532453
320.59 0.759305 0.00531185
320.961 0.756316 0.00531049
321.331 0.758632 0.00531931
321.702 0.757082 0.00534079
322.072 0.759143 0.00536423
322.443 0.752655 0.00533067
322.813 0.753353 0.00532325
323.184 0.752217 0.00533416
323.554 0.750821 0.00534613
323.924 0.75189 0.00534717
324.295 0.753893 0.00538027
324.665 0.755947 0.00539151
325.035 0.752782 0.00537318
325.405 0.752081 0.00539277
325.775 0.758144 0.0054408
326.145 0.755571 0.00542636
326.515 0.754954 0.00543415
326.886 0.762782 0.00548986
327.256 0.760619 0.0054873
327.626 0.763464 0.00553155
327.995 0.760904 0.00553588
328.365 0.764287 0.00555594
328.735 0.767947 0.00559721
329.105 0.769236 0.00566259
329.475 0.776084 0.00573241
329.845 0.787924 0.00585951
330.215 0.791519 0.00585083
330.584 0.797959 0.00581797
330.954 0.792331 0.0056604
331.324 0.782557 0.00546701
331.693 0.774578 0.00534573
332.063 0.779831 0.00530605
332.432 0.785946 0.00529935
332.802 0.793595 0.00536879
333.171 0.806771 0.00548421
333.541 0.806634 0.00558605
333.91 0.810461 0.00562773
334.28 0.806026 0.00564447
334.649 0.809885 0.00567436
335.018 0.810949 0.00569745
335.388 0.815795 0.00573289
335.757 0.813293 0.0057249
336.126 0.811921 0.00574063
336.495 0.811093 0.00571831
336.865 0.815684 0.00575821
337.234 0.814004 0.0057848
337.603 0.813628 0.00577167
337.972 0.812037 0.00577931
338.341 0.811751 0.00576883
338.71 0.805913 0.00574414
339.079 0.80773 0.00577146
339.448 0.811535 0.00577591
339.817 0.808223 0.00577836
340.186 0.80774 0.0057803
340.554 0.8007 0.00574751
340.923 0.802133 0.00576467
341.292 0.797649 0.00575396
341.661 0.797446 0.00576043
342.029 0.797833 0.00575187
342.398 0.790722 0.00573386
342.767 0.790437 0.00575488
343.135 0.795056 0.00576735
343.504 0.789639 0.00576558
343.872 0.785691 0.00572976
344.241 0.785525 0.00574256
344.609 0.78643 0.0057687
344.978 0.785445 0.00575926
345.346 0.777576 0.00570879
345.715 0.777696 0.00573131
346.083 0.776376 0.00573921
346.451 0.774914 0.0057247
346.82 0.773036 0.00573691
347.188 0.768987 0.00571105
347.556 0.776869 0.00576986
347.924 0.772152 0.00574535
348.292 0.766806 0.00573845
348.66 0.76445 0.00572457
349.028 0.765281 0.00573489
349.396 0.765111 0.00575685
349.764 0.767239 0.00575759
350.132 0.763442 0.00574036
350.5 0.761522 0.00574251
350.868 0.761489 0.00575281
351.236 0.760909 0.00574604
351.604 0.763086 0.00577662
351.972 0.767654 0.00580045
352.34 0.763404 0.00579278
352.707 0.762574 0.00579217
353.075 0.766176 0.00580737
353.443 0.765685 0.00581875
353.81 0.768199 0.00584278
354.178 0.769966 0.00585278
354.545 0.769841 0.00583797
354.913 0.77776 0.00589287
355.28 0.775412 0.00588478
355.648 0.777642 0.00588077
356.015 0.778482 0.00589425
356.383 0.779609 0.00589178
356.75 0.777353 0.00589825
357.117 0.781669 0.00591787
357.485 0.790447 0.00595519
357.852 0.797301 0.00602226
358.219 0.795557 0.00598581
358.586 0.792622 0.00597376
358.954 0.800546 0.00602878
359.321 0.794348 0.00599088
359.688 0.805365 0.00606197
360.055 0.803491 0.0060463
360.422 0.807534 0.00607028
360.789 0.809563 0.00608838
361.156 0.81335 0.00609722
361.523 0.810276 0.00611032
361.89 0.811015 0.0061057
362.256 0.813816 0.00609177
362.623 0.819564 0.00617412
362.99 0.81102 0.00611245
363.357 0.821718 0.00617776
363.724 0.820819 0.00617704
364.09 0.816211 0.00614727
364.457 0.82111 0.00621173
364.823 0.819772 0.0061668
365.19 0.823144 0.00618866
365.557 0.824518 0.0061842
365.923 0.82161 0.00619375
366.29 0.824404 0.00622377
366.656 0.820962 0.00618522
367.022 0.822036 0.00618153
367.389 0.820958 0.00620514
367.755 0.821725 0.00623759
368.121 0.818698 0.00622357
368.488 0.81356 0.00619562
368.854 0.82258 0.00625352
369.22 0.817906 0.00626512
369.586 0.810095 0.00625636
369.952 0.810272 0.00627066
370.318 0.806012 0.00625711
370.684 0.812172 0.00629929
371.051 0.803866 0.00626873
371.416 0.811896 0.0063389
371.782 0.804878 0.00629257
372.148 0.808011 0.00631778
372.514 0.800076 0.00630019
372.88 0.806577 0.00634432
373.246 0.797472 0.00630261
373.612 0.802586 0.00631982
373.977 0.799163 0.00629209
374.343 0.794878 0.00625537
374.709 0.798699 0.00625004
375.074 0.789717 0.0062334
375.44 0.791168 0.00626585
375.806 0.79172 0.00630264
376.171 0.783192 0.00623691
376.537 0.786056 0.00624259
376.902 0.78113 0.00623395
377.268 0.783291 0.00621694
377.633 0.781191 0.00619721
377.998 0.77735 0.00615829
378.364 0.782626 0.00615243
378.729 0.77809 0.0061449
379.094 0.782972 0.00619113
379.459 0.778002 0.00625412
379.825 0.773276 0.00620746
380.19 0.771329 0.00620926
380.555 0.772426 0.00625733
380.92 0.776736 0.00635318
381.285 0.769908 0.00631323
381.65 0.762934 0.00623566
382.015 0.764076 0.00624952
382.38 0.771909 0.00630588
382.745 0.769105 0.00633301
383.11 0.7702 0.00635465
383.474 0.773022 0.00634749
383.839 0.770586 0.0063489
384.204 0.775186 0.00638837
384.569 0.773981 0.00639122
384.933 0.771876 0.0064011
385.298 0.771004 0.00640745
385.663 0.775085 0.00640616
386.027 0.770687 0.00637475
386.392 0.776291 0.00637058
386.756 0.770708 0.00631572
387.121 0.779074 0.00634808
387.485 0.784255 0.00634958
387.849 0.783135 0.00631534
388.214 0.78507 0.0063933
388.578 0.786887 0.00643289
388.942 0.786073 0.00646231
389.307 0.788392 0.00646594
389.671 0.7918 0.00650376
390.035 0.791431 0.00647262
390.399 0.793399 0.00646545
390.763 0.79521 0.00643466
391.127 0.804543 0.00644897
391.492 0.804484 0.00636004
391.856 0.799859 0.00626863
392.219 0.800944 0.00622609
392.583 0.809862 0.00629631
392.947 0.816636 0.00645902
393.311 0.815893 0.00651566
393.675 0.810258 0.00651269
394.039 0.820812 0.00659555
394.403 0.816394 0.00658105
394.766 0.814246 0.00659025
395.13 0.816706 0.00661765
395.494 0.818948 0.0066241
395.857 0.815495 0.00658125
396.221 0.820395 0.0065711
396.584 0.824845 0.00653955
396.948 0.8193 0.00644717
397.311 0.821361 0.0063602
397.675 0.825522 0.00634185
398.038 0.825251 0.00634389
398.401 0.823904 0.00642881
398.765 0.82795 0.00654424
399.128 0.82575 0.00662891
399.491 0.829003 0.00669248
399.854 0.82223 0.00667458
400.218 0.819534 0.00668301
400.581 0.821168 0.00670873
400.944 0.827259 0.00676653
401.307 0.825766 0.00684179
401.67 0.822393 0.00680796
402.033 0.821231 0.00682299
402.396 0.822783 0.00683323
402.759 0.823071 0.00684275
403.122 0.818039 0.00678853
403.485 0.819723 0.00679376
403.847 0.816629 0.0067245
404.21 0.814914 0.00668272
404.573 0.823102 0.00670889
404.936 0.818057 0.00665535
405.298 0.814923 0.0067155
405.661 0.813721 0.00680463
406.023 0.812308 0.00689512
406.386 0.809649 0.00690819
406.749 0.811742 0.00694875
407.111 0.804417 0.00690845
407.473 0.797138 0.00676709
407.836 0.808058 0.00680334
408.198 0.802375 0.0067381
408.561 0.800091 0.00674787
408.923 0.798674 0.00675184
409.285 0.795067 0.00674902
409.647 0.798241 0.00682174
410.009 0.796554 0.00687898
410.372 0.794072 0.00685825
410.734 0.787944 0.00686608
411.096 0.785809 0.00684474
411.458 0.788764 0.00685595
411.82 0.785512 0.00679691
412.182 0.784244 0.00673988
412.544 0.78251 0.00674748
412.906 0.780179 0.0067255
413.267 0.775625 0.00672982
413.629 0.775977 0.00678433
413.991 0.772131 0.00679931
414.353 0.780217 0.00685364
414.714 0.774421 0.00690006
415.076 0.768315 0.00685573
415.438 0.770375 0.00685744
415.799 0.768429 0.00682145
416.161 0.7665 0.00687262
416.522 0.764369 0.0068913
416.884 0.762748 0.00688827
417.245 0.767377 0.00693463
417.607 0.758784 0.00687869
417.968 0.758111 0.0068679
418.329 0.762492 0.0068791
418.691 0.762048 0.00687481
419.052 0.758597 0.00685445
419.413 0.754972 0.00677652
419.774 0.756812 0.00676367
420.135 0.754186 0.00660161
420.497 0.755377 0.00650257
420.858 0.759815 0.00643167
421.219 0.762242 0.00646369
421.58 0.762671 0.00654794
421.941 0.768825 0.00668974
422.302 0.761391 0.00674661
422.662 0.764591 0.00678987
423.023 0.758478 0.00679251
423.384 0.759438 0.00681959
423.745 0.76031 0.00678233
424.106 0.763865 0.00679434
424.466 0.762638 0.00677568
424.827 0.77336 0.00691733
425.187 0.768253 0.0069817
425.548 0.769845 0.00705496
425.909 0.768463 0.0070859
426.269 0.773306 0.00705808
426.63 0.766096 0.00697746
426.99 0.778771 0.0069772
427.35 0.776444 0.00699787
427.711 0.775485 0.00694398
428.071 0.777512 0.00689484
428.431 0.77786 0.00676462
428.792 0.781467 0.00654824
429.152 0.782905 0.00637409
429.512 0.788502 0.00638485
429.872 0.790603 0.00643772
430.232 0.800414 0.00659192
430.592 0.802324 0.00678706
430.952 0.799363 0.00697456
431.312 0.805932 0.00717738
431.672 0.80294 0.00724655
432.032 0.799599 0.00720937
432.392 0.80247 0.00712462
432.752 0.798894 0.00675901
433.111 0.80379 0.00662831
433.471 0.816981 0.00678704
433.831 0.815754 0.00704755
434.19 0.815173 0.00704596
434.55 0.816647 0.00705104
434.91 0.815542 0.00712847
435.269 0.813264 0.00702046
435.629 0.822968 0.00704666
435.988 0.823019 0.00701671
436.348 0.827448 0.00714317
436.707 0.826625 0.00724826
437.066 0.822456 0.00722601
437.426 0.818887 0.00712473
437.785 0.826931 0.00713957
438.144 0.826922 0.00713064
438.503 0.831684 0.0072455
438.862 0.832703 0.00726338
439.222 0.830787 0.00731291
439.581 0.828094 0.00733238
439.94 0.824843 0.00721544
440.299 0.823891 0.0069682
440.658 0.825521 0.00679755
441.017 0.836713 0.00684569
441.376 0.836075 0.00692294
441.734 0.832157 0.00697764
442.093 0.82803 0.00695728
442.452 0.827963 0.00690705
442.811 0.834689 0.00690456
443.169 0.828856 0.00687781
443.528 0.840397 0.00706918
443.887 0.828082 0.00702168
444.245 0.838055 0.00709478
444.604 0.833978 0.00713641
444.962 0.826831 0.00713958
445.321 0.830665 0.00716279
445.679 0.825418 0.00710261
446.038 0.827635 0.00708617
446.396 0.828303 0.00718669
446.754 0.826857 0.00727866
447.112 0.831321 0.00733519
447.471 0.824064 0.00731148
447.829 0.819444 0.00732909
448.187 0.819049 0.0073143
448.545 0.819469 0.00729379
448.903 0.814554 0.00729072
449.261 0.812504 0.00730272
449.619 0.81667 0.00739075
449.977 0.812462 0.00740759
450.335 0.820234 0.00752448
450.693 0.816711 0.00752691
451.051 0.810176 0.00748188
451.409 0.813654 0.00752732
451.766 0.80877 0.00751426
452.124 0.81049 0.00762778
452.482 0.807099 0.00768721
452.839 0.809777 0.00778594
453.197 0.803118 0.00776755
453.555 0.809118 0.00782875
453.912 0.800498 0.00776648
454.27 0.795223 0.00761875
454.627 0.794518 0.00752538
454.984 0.789385 0.00751876
455.342 0.798558 0.00767826
455.699 0.79482 0.00774574
456.056 0.787959 0.00766646
456.414 0.799996 0.00765573
456.771 0.785533 0.00744749
457.128 0.786291 0.00742258
457.485 0.787659 0.00740327
457.842 0.784983 0.00743643
458.199 0.780063 0.00740451
458.556 0.781226 0.00733854
458.913 0.774998 0.00730953
459.27 0.77991 0.00729113
459.627 0.784322 0.00741809
459.984 0.766662 0.00728063
460.341 0.772444 0.00729863
460.697 0.770589 0.00737672
461.054 0.776831 0.00762472
461.411 0.772856 0.00776186
461.767 0.77046 0.00784121
462.124 0.764881 0.00779323
462.481 0.765107 0.00770115
462.837 0.756397 0.00753834
463.194 0.766113 0.00742781
463.55 0.760531 0.00744828
463.907 0.756322 0.00723265
464.263 0.762057 0.00716008
464.619 0.760085 0.00701543
464.976 0.754421 0.00689246
465.332 0.756242 0.00689906
465.688 0.764493 0.00714946
466.044 0.754674 0.00735842
466.4 0.75835 0.00749109
466.756 0.752413 0.00751066
467.112 0.760891 0.0075528
467.468 0.754555 0.00751016
467.824 0.755068 0.00758978
468.18 0.758996 0.00770889
468.536 0.755982 0.0077
468.892 0.758494 0.00783582
469.248 0.753225 0.00784319
469.604 0.757335 0.00791186
469.959 0.754311 0.00789326
470.315 0.75558 0.00789563
470.671 0.753626 0.00787754
471.026 0.754103 0.00781353
471.382 0.749967 0.00771752
471.737 0.757158 0.00769205
472.093 0.753637 0.00755443
472.448 0.751061 0.00739674
472.804 0.757971 0.00736732
473.159 0.755208 0.0072935
473.514 0.763339 0.00736993
473.87 0.757987 0.00723941
474.225 0.75802 0.00703269
474.58 0.759728 0.00690179
474.935 0.77166 0.00701494
475.29 0.776053 0.00712973
475.645 0.769995 0.00710904
476 0.767769 0.0071079
476.355 0.769598 0.00718044
476.71 0.768425 0.00717075
477.065 0.767066 0.00695572
477.42 0.773104 0.00689094
477.775 0.780205 0.00693086
478.13 0.782345 0.00700279
478.485 0.780085 0.006942
478.839 0.778392 0.00685151
479.194 0.780922 0.00668676
479.549 0.783389 0.00661518
479.903 0.791951 0.00666897
480.258 0.784239 0.00668864
480.612 0.789739 0.00662452
480.967 0.793756 0.0064878
481.321 0.803223 0.00654729
481.675 0.800027 0.00666014
482.03 0.802175 0.00678671
482.384 0.804179 0.00682372
482.738 0.796939 0.00672816
483.093 0.80385 0.00670793
483.447 0.804986 0.00656688
483.801 0.800582 0.00634441
484.155 0.806352 0.00628598
484.509 0.757997 0.00530701
484.863 0.773671 0.0036544
485.217 0.809999 0.00339842
485.571 0.844917 0.00356056
485.925 0.870526 0.00460384
486.279 0.844384 0.00525765
486.632 0.835734 0.00565733
486.986 0.833807 0.00610833
487.34 0.829594 0.0065042
487.694 0.825999 0.00667126
488.047 0.826273 0.0067101
488.401 0.830084 0.00673409
488.754 0.831737 0.00678358
489.108 0.830104 0.00688752
489.461 0.829296 0.0069175
489.815 0.832978 0.00700516
490.168 0.832293 0.00692503
490.522 0.828418 0.0068795
490.875 0.833083 0.00690921
491.228 0.833363 0.0069579
491.581 0.834531 0.006915
491.935 0.833804 0.00693754
492.288 0.834852 0.00697051
492.641 0.836034 0.00692597
492.994 0.832269 0.00690519
493.347 0.831416 0.00680581
493.7 0.836452 0.00683161
494.053 0.836899 0.00685681
494.406 0.843401 0.00699473
494.759 0.838221 0.0071154
495.111 0.833584 0.00687412
495.464 0.82557 0.00654076
495.817 0.832149 0.00644814
496.169 0.842127 0.00666871
496.522 0.842353 0.00697069
496.875 0.8342 0.00716854
497.227 0.839496 0.00726232
497.58 0.834625 0.0072286
497.932 0.837231 0.00715488
498.285 0.824597 0.00703587
498.637 0.829834 0.00688239
498.989 0.836699 0.00683385
499.342 0.834042 0.00687358
499.694 0.839293 0.00704763
500.046 0.823817 0.00704231
500.398 0.82854 0.00688952
500.751 0.826706 0.00681913
501.103 0.83016 0.00681157
501.455 0.829888 0.00682091
501.807 0.826667 0.00681788
502.159 0.827954 0.00682687
502.511 0.826052 0.0068021
502.862 0.826257 0.00683224
503.214 0.832232 0.00695063
503.566 0.830477 0.00708403
503.918 0.823309 0.00712972
504.27 0.823821 0.00712438
504.621 0.829027 0.0071643
504.973 0.818211 0.00715757
505.324 0.819865 0.00711852
505.676 0.813225 0.00696611
506.027 0.827471 0.00704583
506.379 0.82183 0.00725578
506.73 0.817157 0.00734544
507.082 0.814699 0.00728233
507.433 0.813655 0.00714287
507.784 0.810555 0.00706965
508.136 0.813128 0.0072044
508.487 0.807537 0.00725327
508.838 0.809702 0.00733109
509.189 0.802844 0.00729196
509.54 0.799663 0.00718022
509.891 0.807332 0.00729803
510.242 0.804431 0.00729303
510.593 0.799591 0.00731732
510.944 0.803013 0.00737396
511.295 0.809727 0.00755892
511.646 0.805707 0.00762365
511.996 0.793244 0.00748652
512.347 0.794711 0.00743707
512.698 0.797984 0.007477
513.049 0.795762 0.00751258
513.399 0.794587 0.00754185
513.75 0.788108 0.00748859
514.1 0.795689 0.00766728
514.451 0.789903 0.00779821
514.801 0.781831 0.00772419
515.152 0.79075 0.00769947
515.502 0.776569 0.00751185
515.852 0.784821 0.00751112
516.202 0.782573 0.0074903
516.553 0.786752 0.00762007
516.903 0.780619 0.00770608
517.253 0.777299 0.00780568
517.603 0.770075 0.0077679
517.953 0.770952 0.00773455
518.303 0.76963 0.00754654
518.653 0.774841 0.00751
519.003 0.772722 0.00755733
519.353 0.771465 0.00782127
519.703 0.766741 0.00796264
520.052 0.760821 0.00797251
520.402 0.760376 0.00792628
520.752 0.764822 0.00785844
521.102 0.769647 0.00801095
521.451 0.761522 0.00802528
521.801 0.761378 0.00800158
522.15 0.752786 0.00782445
522.5 0.761328 0.00785595
522.849 0.750714 0.00777649
523.199 0.754973 0.00772486
523.548 0.746076 0.00760537
523.897 0.756019 0.00774441
524.246 0.753979 0.00786268
524.596 0.753291 0.00797032
524.945 0.753256 0.00792367
525.294 0.748594 0.0078982
525.643 0.750884 0.00789265
525.992 0.750707 0.00787824
526.341 0.742257 0.00778492
526.69 0.749565 0.00788473
527.039 0.746887 0.00794734
527.388 0.744706 0.00799124
527.737 0.742504 0.00773663
528.086 0.7397 0.0074379
528.434 0.745627 0.00733098
528.783 0.755851 0.00758276
529.132 0.752385 0.00770936
529.48 0.748045 0.007786
529.829 0.747707 0.00782713
530.177 0.754366 0.00794259
530.526 0.74911 0.00793433
530.874 0.743779 0.00783068
531.223 0.74125 0.00780606
531.571 0.754202 0.00794178
531.919 0.74338 0.00780711
532.268 0.741459 0.00755891
532.616 0.745434 0.00733687
532.964 0.748957 0.0072451
533.312 0.751946 0.0072633
533.66 0.747283 0.00727342
534.008 0.748427 0.00726242
534.356 0.756638 0.00730697
534.704 0.7605 0.00739217
535.052 0.760359 0.0074909
535.4 0.756881 0.00763173
535.748 0.755316 0.00780535
536.095 0.757923 0.00801691
536.443 0.752797 0.00799971
536.791 0.752391 0.0078284
537.139 0.757588 0.00767452
537.486 0.758157 0.00749984
537.834 0.761816 0.00747808
538.181 0.762457 0.00743828
538.529 0.761041 0.00747323
538.876 0.763152 0.00746419
539.223 0.772766 0.00763806
539.571 0.776578 0.00782067
539.918 0.770882 0.00776432
540.265 0.768381 0.00759889
540.613 0.76303 0.00744215
540.96 0.780526 0.00762019
541.307 0.777282 0.00761821
541.654 0.772687 0.00759375
542.001 0.782256 0.00766442
542.348 0.781313 0.00765837
542.695 0.7835 0.00767877
543.042 0.778341 0.007536
543.388 0.77626 0.00743074
543.735 0.787726 0.00747502
544.082 0.783318 0.00744273
544.429 0.795077 0.00753291
544.775 0.799294 0.00771918
545.122 0.804449 0.00797364
545.469 0.791128 0.00803663
545.815 0.795106 0.00801018
546.162 0.798212 0.00796194
546.508 0.795186 0.00778367
546.854 0.793568 0.00748755
547.201 0.795899 0.007224
547.547 0.802031 0.00723077
547.893 0.814136 0.0074487
548.24 0.823946 0.00789476
548.586 0.811419 0.00816032
548.932 0.814558 0.00829773
549.278 0.804356 0.00825145
549.624 0.814432 0.00825862
549.97 0.819333 0.00836095
550.316 0.81657 0.00851349
550.662 0.821984 0.00862955
551.008 0.805652 0.00810138
551.353 0.813742 0.00770694
551.699 0.823893 0.00758333
552.045 0.839244 0.00785976
552.391 0.818294 0.00792188
552.736 0.823754 0.00798455
553.082 0.822201 0.00798874
553.427 0.83357 0.00818595
553.773 0.834659 0.0084625
554.118 0.824619 0.00841198
554.464 0.819936 0.00817282
554.809 0.819199 0.0078447
555.154 0.831332 0.00779615
555.5 0.830749 0.00781108
555.845 0.836979 0.00814516
556.19 0.837138 0.00836696
556.535 0.833047 0.00853392
556.88 0.839214 0.00842732
557.225 0.84856 0.00844271
557.57 0.836477 0.00854596
557.915 0.842464 0.008809
558.26 0.848086 0.00894728
558.605 0.84126 0.00887959
558.95 0.834638 0.00864955
559.295 0.827667 0.00815401
559.639 0.826452 0.00784135
559.984 0.826457 0.00754169
560.329 0.830896 0.00753397
560.673 0.841098 0.0076064
561.018 0.843795 0.00784216
561.362 0.843036 0.0080476
561.707 0.844786 0.0082579
562.051 0.834954 0.00810962
562.395 0.838118 0.00801765
562.74 0.841609 0.00787491
563.084 0.839388 0.00776733
563.428 0.837022 0.00759441
563.772 0.838938 0.00763834
564.117 0.839851 0.0075866
564.461 0.836519 0.00754758
564.805 0.839885 0.00762863
565.149 0.841957 0.00760281
565.493 0.83603 0.00758762
565.836 0.843691 0.00747587
566.18 0.835989 0.00733291
566.524 0.830901 0.0068172
566.868 0.836937 0.00665846
567.212 0.836769 0.00654447
567.555 0.830586 0.00643785
567.899 0.830873 0.00614062
568.242 0.826707 0.00587508
568.586 0.825609 0.00549421
568.929 0.823087 0.0051349
569.273 0.827269 0.00486711
569.616 0.839065 0.00490861
569.96 0.834707 0.00479695
570.303 0.825842 0.00462314
570.646 0.830225 0.00457782
570.989 0.824807 0.00442155
571.333 0.840191 0.00451814
571.676 0.840274 0.00468725
572.019 0.840835 0.00507011
572.362 0.818945 0.00472126
572.705 0.81105 0.00436089
573.048 0.825769 0.00418838
573.391 0.822345 0.00404331
573.733 0.825885 0.00399571
574.076 0.825191 0.00394988
574.419 0.836043 0.00409695
574.762 0.835257 0.00431321
575.104 0.844807 0.00464341
575.447 0.814376 0.00449745
575.789 0.804884 0.00420272
576.132 0.816467 0.00399886
576.474 0.814414 0.00394913
576.817 0.810029 0.00364335
577.159 0.818118 0.00346193
577.501 0.835981 0.00352714
577.844 0.840862 0.00378598
578.186 0.837666 0.00423854
578.528 0.814237 0.00434953
578.87 0.814682 0.00436971
579.212 0.803424 0.00419467
579.554 0.811262 0.0040804
579.896 0.807396 0.00409546
580.238 0.792289 0.0038231
580.58 0.8012 0.00337787
580.922 0.836395 0.0033169
581.264 0.875247 0.00339298
581.606 0.832562 0.00345491
581.947 0.823344 0.00364691
582.289 0.825201 0.00405625
582.631 0.816878 0.00447648
582.972 0.807867 0.00475025
583.314 0.794081 0.00465763
583.655 0.785311 0.00447759
583.997 0.780821 0.00407549
584.338 0.78221 0.00379402
584.679 0.794678 0.00366909
585.021 0.807102 0.00379931
585.362 0.803751 0.00407386
585.703 0.804609 0.0043841
586.044 0.782328 0.0043391
586.385 0.772947 0.00408123
586.726 0.777024 0.00390822
587.067 0.795004 0.00410833
587.408 0.793358 0.00433939
587.749 0.792526 0.00454275
588.09 0.787955 0.00471843
588.431 0.795011 0.00502183
588.772 0.780785 0.00517591
589.113 0.773752 0.00506357
589.453 0.773013 0.0050337
589.794 0.783669 0.00524185
590.134 0.781616 0.0055143
590.475 0.772037 0.00560778
590.815 0.765486 0.00553227
591.156 0.773008 0.0055673
591.496 0.751813 0.00532307
591.837 0.742368 0.00455049
592.177 0.748408 0.00415046
592.517 0.761341 0.00400785
592.857 0.770511 0.00425103
593.198 0.772755 0.00452954
593.538 0.775531 0.00500571
593.878 0.760901 0.00511671
594.218 0.744595 0.00489831
594.558 0.753062 0.00474299
594.898 0.763022 0.00490871
595.237 0.77018 0.00523744
595.577 0.764757 0.00555609
595.917 0.756886 0.00580348
596.257 0.741462 0.00550337
596.596 0.735156 0.00534219
596.936 0.753018 0.00531697
597.276 0.752686 0.0055236
597.615 0.737159 0.00536943
597.955 0.719158 0.00466439
598.294 0.732396 0.00441626
598.633 0.745595 0.00447064
598.973 0.741779 0.00462727
599.312 0.732746 0.00458498
599.651 0.744782 0.00465913
599.991 0.735209 0.0047302
600.33 0.737808 0.00481177
600.669 0.738657 0.00495253
601.008 0.738671 0.00512377
601.347 0.733008 0.00527804
601.686 0.725993 0.0050993
602.025 0.728815 0.0051433
602.364 0.721863 0.00486368
602.702 0.719187 0.00478501
603.041 0.732094 0.00485973
603.38 0.740074 0.00511987
603.719 0.735966 0.00533822
604.057 0.725778 0.00545012
604.396 0.724414 0.00543641
604.734 0.709392 0.00513808
605.073 0.714288 0.00476984
605.411 0.724962 0.00485199
605.75 0.73633 0.00506841
606.088 0.7271 0.00530018
606.426 0.717089 0.00513453
606.764 0.720965 0.00507762
607.103 0.732488 0.00528023
607.441 0.723214 0.00542778
607.779 0.724815 0.00556551
608.117 0.724314 0.00552553
608.455 0.733048 0.00579452
608.793 0.718569 0.00579233
609.131 0.706412 0.005358
609.469 0.715038 0.00526053
609.806 0.730281 0.0053878
610.144 0.733659 0.00582433
610.482 0.721943 0.00583766
610.819 0.725234 0.00583815
611.157 0.723618 0.00586232
611.495 0.728846 0.00608967
611.832 0.720145 0.00607129
612.17 0.7186 0.00602066
612.507 0.72304 0.00597179
612.844 0.725688 0.00604556
613.182 0.721557 0.00604226
613.519 0.723335 0.00601244
613.856 0.720798 0.00598625
614.193 0.720166 0.00590817
614.53 0.724533 0.00580259
614.867 0.729794 0.00581731
615.205 0.733939 0.00612592
615.541 0.734981 0.00635181
615.878 0.729635 0.00659737
616.215 0.728467 0.0065248
616.552 0.728911 0.00659348
616.889 0.724772 0.00642378
617.226 0.731782 0.00638857
617.562 0.742795 0.00664107
617.899 0.740218 0.00702991
618.235 0.747273 0.00742725
618.572 0.733155 0.00762931
618.908 0.730942 0.00735345
619.245 0.731316 0.00705515
619.581 0.734527 0.00694666
619.918 0.762877 0.00766758
620.254 0.770257 0.00869138
620.59 0.741823 0.00865785
620.926 0.726966 0.00799133
621.262 0.738285 0.00760601
621.599 0.75354 0.00771911
621.935 0.743196 0.00756946
622.271 0.745019 0.00729458
622.606 0.74586 0.00714099
622.942 0.759384 0.00738408
623.278 0.74984 0.0075514
623.614 0.738316 0.00714098
623.95 0.74946 0.00716587
624.285 0.763451 0.00736726
624.621 0.761423 0.00775717
624.957 0.762381 0.00800348
625.292 0.774489 0.00831072
625.628 0.767285 0.00852225
625.963 0.757935 0.00852639
626.299 0.76165 0.00837128
626.634 0.755306 0.00820556
626.969 0.773182 0.00845564
627.304 0.786511 0.00924421
627.64 0.784666 0.00990383
627.975 0.756243 0.00952825
628.31 0.752273 0.00898288
628.645 0.775991 0.00891471
628.98 0.776173 0.00911168
629.315 0.794193 0.00939348
629.65 0.776539 0.00936261
629.985 0.783317 0.00937694
630.319 0.788309 0.00981813
630.654 0.784249 0.0099044
630.989 0.782998 0.00984802
631.323 0.788707 0.0100551
631.658 0.808375 0.0105945
631.993 0.802687 0.0110143
632.327 0.790633 0.010973
632.662 0.804862 0.0110113
632.996 0.792407 0.0106834
633.33 0.783189 0.0104639
633.665 0.801896 0.0109589
633.999 0.802225 0.0112942
634.333 0.796711 0.011253
634.667 0.796061 0.0112874
635.001 0.807084 0.0110883
635.335 0.786775 0.0105313
635.669 0.799052 0.0102193
636.003 0.819467 0.0104931
636.337 0.827829 0.0110737
636.671 0.827214 0.0116478
637.005 0.816828 0.0118888
637.339 0.803307 0.0117379
637.672 0.80091 0.0112924
638.006 0.813066 0.0110857
638.339 0.821916 0.0113083
638.673 0.817826 0.0116393
639.006 0.819574 0.0120177
639.34 0.815779 0.0119833
639.673 0.821002 0.0121931
640.007 0.820761 0.0121607
640.34 0.822606 0.0123867
640.673 0.816029 0.0124311
641.006 0.8226 0.0126645
641.34 0.820624 0.012787
641.673 0.820104 0.0130882
642.006 0.82209 0.0133298
642.339 0.826835 0.0131319
642.672 0.831383 0.013087
643.004 0.82057 0.0130758
643.337 0.846995 0.0137126
643.67 0.824586 0.0135263
644.003 0.82382 0.0133876
644.336 0.827419 0.0133605
644.668 0.814646 0.0132333
645.001 0.831388 0.0135997
645.333 0.846416 0.0140594
645.666 0.830584 0.0142147
645.998 0.82569 0.0144963
646.331 0.842513 0.0148658
646.663 0.839952 0.0146905
646.995 0.825541 0.0136758
647.327 0.815985 0.0124861
647.66 0.824589 0.0118649
647.992 0.824758 0.0116848
648.324 0.840234 0.0117504
648.656 0.83911 0.0119058
648.988 0.852491 0.0124781
649.32 0.864065 0.0134379
649.652 0.843517 0.0139001
649.983 0.849849 0.0142526
650.315 0.837601 0.0142407
650.647 0.835639 0.0138977
650.979 0.839891 0.0132975
651.31 0.827775 0.0126935
651.642 0.832776 0.0124459
651.973 0.835773 0.0124599
652.305 0.836588 0.0124187
652.636 0.845743 0.0126595
652.967 0.841246 0.0129111
653.299 0.841467 0.0132138
653.63 0.84226 0.0130706
653.961 0.814175 0.0119379
654.292 0.746893 0.00877618
654.623 0.685409 0.00304725
654.955 0.895898 0.00341992
655.286 0.895843 0.00341971
655.616 0.895787 0.00341949
655.947 0.895731 0.00341928
656.278 0.895673 0.00341906
656.609 0.922423 0.00363102
656.94 0.885437 0.00470744
657.27 0.878152 0.00549617
657.601 0.88121 0.00635024
657.932 0.893449 0.00764804
658.262 0.893888 0.00931882
658.593 0.884772 0.0111213
658.923 0.870725 0.0129002
659.254 0.857663 0.0141426
659.584 0.853032 0.0149751
659.914 0.849796 0.0156518
660.244 0.848915 0.0160344
660.575 0.833671 0.0157736
660.905 0.837552 0.0158338
661.235 0.829872 0.0155404
661.565 0.845473 0.0155729
661.895 0.838883 0.0154236
662.225 0.842218 0.0156976
662.555 0.839558 0.0158904
662.884 0.815883 0.0154897
663.214 0.841008 0.0155095
663.544 0.836744 0.0153092
663.873 0.831816 0.0150378
664.203 0.844325 0.0149855
664.533 0.829091 0.0144475
664.862 0.829807 0.0143532
665.192 0.820377 0.0146819
665.521 0.85869 0.0158363
665.85 0.833228 0.0160631
666.18 0.841642 0.0168091
666.509 0.833596 0.0166292
666.838 0.813666 0.0160407
667.167 0.812611 0.0158244
667.496 0.839454 0.0163609
667.825 0.838154 0.0164305
668.154 0.822531 0.0162495
668.483 0.823619 0.0161498
668.812 0.831527 0.0159247
669.141 0.841337 0.0158586
669.47 0.841672 0.0156665
669.798 0.844751 0.0158557
670.127 0.820671 0.0156428
670.456 0.802801 0.0145966
670.784 0.796456 0.0130411
671.113 0.806781 0.0120483
671.441 0.821964 0.0116206
671.77 0.833152 0.0118937
672.098 0.830999 0.0123456
672.426 0.854704 0.0139199
672.755 0.827067 0.0145592
673.083 0.815179 0.0146585
673.411 0.805526 0.0145424
673.739 0.822382 0.0149088
674.067 0.830332 0.0157719
674.395 0.8158 0.0156315
674.723 0.813648 0.0152044
675.051 0.814229 0.0149898
675.379 0.816588 0.0149991
675.706 0.82259 0.0152197
676.034 0.814969 0.0154908
676.362 0.80558 0.0154756
676.689 0.789602 0.0143919
677.017 0.815264 0.0136637
677.344 0.80766 0.0130642
677.672 0.817826 0.0133715
677.999 0.813368 0.0134973
678.327 0.787999 0.0130204
678.654 0.80088 0.0125551
678.981 0.800226 0.0121725
679.308 0.81365 0.012372
679.636 0.823307 0.0130269
679.963 0.821299 0.0136623
680.29 0.785474 0.0133973
680.617 0.789433 0.0131809
680.944 0.799489 0.0130679
681.271 0.823101 0.0136415
681.597 0.814606 0.0144887
681.924 0.818474 0.0154678
682.251 0.780201 0.0150424
682.578 0.784572 0.0142918
682.904 0.783376 0.0133256
683.231 0.774664 0.0127242
683.557 0.779529 0.0124782
683.884 0.778637 0.0121153
684.21 0.780983 0.0118494
684.536 0.778544 0.0114443
684.863 0.777962 0.0112681
685.189 0.793916 0.0115751
685.515 0.795165 0.0122113
685.841 0.779101 0.0124831
686.167 0.777007 0.0124787
686.493 0.793287 0.0124581
686.819 0.784086 0.0124559
687.145 0.794118 0.0130827
687.471 0.793962 0.0140674
687.797 0.7763 0.0143767
688.123 0.775836 0.014285
688.448 0.764837 0.0137181
688.774 0.767566 0.0133295
689.1 0.775646 0.0136263
689.425 0.77567 0.0141983
689.751 0.779167 0.0144605
690.076 0.756164 0.0134522
690.402 0.752277 0.0125358
690.727 0.75802 0.0121951
691.052 0.772357 0.0126327
691.377 0.772162 0.0130102
691.703 0.762826 0.0132587
692.028 0.755682 0.0132039
692.353 0.758242 0.0129467
692.678 0.767127 0.0131224
693.003 0.791682 0.0138376
693.328 0.775145 0.0147032
693.652 0.763683 0.015253
693.977 0.740282 0.0146586
694.302 0.735123 0.0137734
694.627 0.756184 0.013774
694.951 0.748821 0.0141996
695.276 0.774786 0.0158339
695.6 0.756075 0.0159046
695.925 0.7252 0.0136709
696.249 0.722348 0.0120307
696.574 0.735178 0.0115026
696.898 0.761399 0.0122387
697.222 0.757246 0.012901
697.546 0.746469 0.0133242
697.871 0.738489 0.013532
698.195 0.739476 0.0136403
698.519 0.748088 0.0140666
698.843 0.756486 0.0145502
699.167 0.746365 0.0149957
699.491 0.754929 0.0156558
699.814 0.733382 0.0155555
700.138 0.746972 0.015747
700.462 0.750302 0.016043
700.786 0.741148 0.015733
701.109 0.732344 0.0152539
701.433 0.746004 0.0148623
701.756 0.728698 0.0141645
702.08 0.741721 0.0142917
702.403 0.735656 0.0145231
702.726 0.739007 0.0151739
703.05 0.732808 0.0154789
703.373 0.750273 0.0158448
703.696 0.719204 0.0155264
704.019 0.743964 0.0163423
704.342 0.739528 0.0168879
704.665 0.755051 0.0177687
704.988 0.722779 0.0172712
705.311 0.707241 0.0160347
705.634 0.707206 0.0143964
705.957 0.700782 0.0129794
706.28 0.700137 0.0120183
706.602 0.723206 0.012088
706.925 0.726097 0.0123669
707.247 0.729483 0.0128896
707.57 0.719152 0.0133027
707.892 0.728783 0.0138485
708.215 0.736739 0.0146043
708.537 0.711564 0.0147059
708.859 0.720067 0.014878
709.182 0.705902 0.0145785
709.504 0.709392 0.0142299
709.826 0.705908 0.0140167
710.148 0.713315 0.0141468
710.47 0.720516 0.0146222
710.792 0.731503 0.0152777
711.114 0.723182 0.0156998
711.436 0.719329 0.0160063
711.758 0.698343 0.0155158
712.079 0.707078 0.0154341
712.401 0.710228 0.0147052
712.723 0.716874 0.0142375
713.044 0.690878 0.0131682
713.366 0.706958 0.0131722
713.687 0.712186 0.0133282
714.009 0.707992 0.0136495
714.33 0.711892 0.0139939
714.652 0.709081 0.0143632
714.973 0.724105 0.0150175
715.294 0.719675 0.0157414
715.615 0.733407 0.0169071
715.936 0.710254 0.0168821
716.257 0.714981 0.0171011
716.578 0.72693 0.0173593
716.899 0.721505 0.0169089
717.22 0.708776 0.0156779
717.541 0.705112 0.0152182
717.862 0.713861 0.0152609
718.182 0.68834 0.0149561
718.503 0.69651 0.0147176
718.824 0.710286 0.0150741
719.144 0.716243 0.0153792
719.465 0.715403 0.0157212
719.785 0.685176 0.0150681
720.105 0.703469 0.0150674
720.426 0.696335 0.0148048
720.746 0.713029 0.0152354
721.066 0.690777 0.0150228
721.386 0.701577 0.0152949
721.706 0.715722 0.0158976
722.026 0.70734 0.0162236
722.346 0.725578 0.0165681
722.666 0.719629 0.0162842
722.986 0.695182 0.0156081
723.306 0.703316 0.0158218
723.626 0.712333 0.0162386
723.946 0.710922 0.01619
724.265 0.689539 0.0150923
724.585 0.678153 0.014178
724.904 0.706401 0.0143628
725.224 0.722347 0.0145627
725.543 0.70055 0.0143383
725.863 0.705356 0.0145253
726.182 0.72389 0.0153123
726.501 0.709075 0.0153935
726.82 0.720226 0.0156162
727.14 0.70793 0.0148827
727.459 0.707312 0.0144275
727.778 0.707456 0.0143433
728.097 0.714882 0.0146156
728.416 0.69833 0.0142821
728.734 0.703255 0.0138767
729.053 0.710631 0.0138126
729.372 0.711677 0.0137942
729.691 0.706199 0.0133947
730.009 0.698232 0.0126787
730.328 0.695703 0.0122833
730.647 0.717385 0.0124875
730.965 0.71072 0.0128648
731.283 0.73369 0.0135621
731.602 0.711881 0.0135146
731.92 0.697422 0.0131389
732.238 0.699012 0.0128371
732.557 0.71013 0.0128202
732.875 0.698635 0.0124078
733.193 0.696497 0.01165
733.511 0.70496 0.0114527
733.829 0.724268 0.0119567
734.147 0.736706 0.012852
734.465 0.725975 0.0133384
734.782 0.716937 0.0132431
735.1 0.708082 0.0127924
735.418 0.710526 0.0128039
735.735 0.735474 0.013066
736.053 0.707636 0.0126743
736.371 0.719418 0.0129114
736.688 0.72002 0.0133875
737.005 0.74945 0.0144904
737.323 0.729953 0.0148475
737.64 0.734131 0.014907
737.957 0.714799 0.013946
738.274 0.70384 0.0127015
738.592 0.733206 0.0126482
738.909 0.730802 0.0129456
739.226 0.741956 0.0142072
739.543 0.752625 0.0154238
739.86 0.752202 0.016316
740.176 0.755161 0.0167725
740.493 0.733393 0.0170281
740.81 0.726168 0.0169974
741.127 0.735957 0.0169308
741.443 0.741589 0.0161036
741.76 0.727968 0.0154263
742.076 0.746164 0.0157561
742.393 0.759934 0.0167538
742.709 0.778228 0.0178927
743.025 0.773427 0.0181661
743.342 0.750062 0.0177253
743.658 0.758949 0.0174868
743.974 0.751246 0.0169167
744.29 0.772854 0.0171408
744.606 0.751141 0.0170789
744.922 0.752531 0.0171253
745.238 0.756133 0.0172184
745.554 0.760995 0.0176916
745.87 0.764713 0.0179216
746.186 0.730737 0.0167971
746.501 0.755609 0.0164522
746.817 0.770019 0.0168729
747.132 0.774649 0.0181655
747.448 0.780273 0.0189476
747.763 0.740189 0.0181789
748.079 0.742654 0.0174514
748.394 0.769718 0.0165624
748.71 0.75776 0.015299
749.025 0.747356 0.0143048
749.34 0.758425 0.014223
749.655 0.773513 0.0146781
749.97 0.784354 0.0153126
750.285 0.765403 0.0151733
750.6 0.762902 0.0148247
750.915 0.765119 0.0144772
751.23 0.782856 0.0149325
751.545 0.795185 0.015668
751.859 0.78957 0.0162007
752.174 0.779688 0.016287
752.489 0.77203 0.0153909
752.803 0.765917 0.0144096
753.118 0.772156 0.0143596
753.432 0.772027 0.0148401
753.747 0.771451 0.0153844
754.061 0.769007 0.0148395
754.375 0.753713 0.0140763
754.689 0.764675 0.013737
755.004 0.78101 0.0138606
755.318 0.769288 0.0134563
755.632 0.760124 0.0127235
755.946 0.773854 0.0126059
756.26 0.767348 0.0119916
756.573 0.774017 0.0115231
756.887 0.76877 0.0111343
757.201 0.769142 0.0113734
757.515 0.800636 0.012711
757.828 0.800654 0.0136324
758.142 0.781707 0.0134255
758.455 0.761333 0.0123048
758.769 0.780779 0.0118006
759.082 0.76863 0.01139
759.396 0.77041 0.0112318
759.709 0.783529 0.0112392
760.022 0.793855 0.0114128
760.335 0.798161 0.0120452
760.648 0.81478 0.0130803
760.962 0.805591 0.0139606
761.275 0.800349 0.0146045
761.587 0.790991 0.0147078
761.9 0.795832 0.0147901
762.213 0.791634 0.0142693
762.526 0.794138 0.0137762
762.839 0.796738 0.0137436
763.151 0.783099 0.0132319
763.464 0.774696 0.0124477
763.776 0.779269 0.0115964
764.089 0.79561 0.0114699
764.401 0.79755 0.0118919
764.714 0.811122 0.012698
765.026 0.805252 0.0135042
765.338 0.811692 0.0144362
765.65 0.819907 0.0156165
765.962 0.807476 0.0162181
766.275 0.800774 0.0167285
766.587 0.785612 0.016624
766.898 0.782969 0.0160634
767.21 0.781077 0.0150957
767.522 0.776462 0.0139648
767.834 0.782973 0.0135095
768.146 0.787352 0.0136451
768.457 0.826641 0.0148357
768.769 0.811575 0.0154826
769.08 0.792004 0.0153639
769.392 0.787123 0.0147626
769.703 0.777104 0.0139093
770.015 0.786129 0.0134561
770.326 0.807793 0.0136667
770.637 0.808847 0.0141702
770.948 0.816866 0.0152799
771.26 0.810226 0.0161736
771.571 0.807487 0.0163232
771.882 0.787286 0.0157261
772.193 0.821721 0.0162292
772.504 0.825153 0.01667
772.814 0.818018 0.0169289
773.125 0.816457 0.0172628
773.436 0.808017 0.0176667
773.747 0.797011 0.0179409
774.057 0.812029 0.0184966
774.368 0.817934 0.0188557
774.678 0.809761 0.0192503
774.989 0.784017 0.0192391
775.299 0.806118 0.0201649
775.609 0.813589 0.0200323
775.919 0.818449 0.0199272
776.23 0.809023 0.0198361
776.54 0.806722 0.0196401
776.85 0.799376 0.019756
777.16 0.79223 0.0190833
777.47 0.789052 0.0180555
777.78 0.801912 0.0173999
778.089 0.790512 0.0164074
778.399 0.799688 0.0163978
778.709 0.806509 0.0172273
779.019 0.824181 0.018559
779.328 0.803665 0.0193181
779.638 0.816209 0.0192109
779.947 0.780459 0.0171245
780.257 0.771037 0.0155269
780.566 0.793405 0.015161
780.875 0.798365 0.015556
781.185 0.826491 0.0168314
781.494 0.803555 0.0168703
781.803 0.818937 0.0174862
782.112 0.820054 0.0177541
782.421 0.812875 0.017444
782.73 0.78971 0.0167409
783.039 0.816936 0.0172431
783.348 0.818136 0.018633
783.656 0.803538 0.0194806
783.965 0.807582 0.0198224
784.274 0.806419 0.0190556
784.582 0.797365 0.0183598
784.891 0.809033 0.0183846
785.199 0.817079 0.0187557
785.508 0.811436 0.0192056
785.816 0.811648 0.0195573
786.124 0.816538 0.0191832
786.432 0.812587 0.0181969
786.741 0.795939 0.0173213
787.049 0.813114 0.0174037
787.357 0.812416 0.0176624
787.665 0.802033 0.0174435
787.973 0.815078 0.0177447
788.281 0.813379 0.0180953
788.588 0.806868 0.0189823
788.896 0.82138 0.0203433
789.204 0.826653 0.0212377
789.511 0.801353 0.0209668
789.819 0.822549 0.0216294
790.126 0.796455 0.0212925
790.434 0.819521 0.0215937
790.741 0.806664 0.0213695
791.049 0.8105 0.0213977
791.356 0.822637 0.0222569
791.663 0.800078 0.0223457
791.97 0.798082 0.0223758
792.277 0.782102 0.0217392
792.584 0.783847 0.0206157
792.891 0.779981 0.0181892
793.198 0.786254 0.016952
793.505 0.792984 0.0166913
793.812 0.798937 0.0172276
794.119 0.801032 0.0176468
794.425 0.807747 0.018247
794.732 0.796246 0.0189424
795.038 0.839167 0.0214839
795.345 0.816826 0.0227934
795.651 0.828641 0.0241886
795.958 0.804908 0.0238881
796.264 0.763693 0.0217132
796.57 0.794501 0.0213366
796.876 0.812469 0.0213912
797.183 0.807928 0.0217257
797.489 0.811518 0.0226677
797.795 0.812904 0.02289
798.101 0.802497 0.0226424
798.406 0.789834 0.0225824
798.712 0.817961 0.0236598
799.018 0.794516 0.0236825
799.324 0.808265 0.0239492
799.629 0.816184 0.0241749
799.935 0.79747 0.0240733
800.24 0.819609 0.0248694
800.546 0.806992 0.0246857
800.851 0.802918 0.0248474
801.157 0.809819 0.0260229
801.462 0.792921 0.0259998
801.767 0.822567 0.0266073
802.072 0.796509 0.0251668
802.377 0.799764 0.0242673
802.682 0.813901 0.0240865
802.987 0.838135 0.0251212
803.292 0.797062 0.0251243
803.597 0.784818 0.0251428
803.902 0.804131 0.0253862
804.207 0.793204 0.0250554
804.511 0.798683 0.0247565
804.816 0.754475 0.0226079
805.12 0.779943 0.0214776
805.425 0.767339 0.0200653
805.729 0.796712 0.0206059
806.034 0.809838 0.021579
806.338 0.829314 0.0230815
806.642 0.833594 0.0237303
806.946 0.797108 0.0229704
807.251 0.808614 0.0233482
807.555 0.810958 0.02301
807.859 0.801755 0.0227053
808.162 0.804602 0.0234057
808.466 0.825928 0.024521
808.77 0.812434 0.0249642
809.074 0.827831 0.0260614
809.378 0.817966 0.0259508
809.681 0.78618 0.0252413
809.985 0.808288 0.0260077
810.288 0.834615 0.0267226
810.592 0.797679 0.0259288
810.895 0.810357 0.0267547
811.198 0.811593 0.0279591
811.502 0.812975 0.0283898
811.805 0.81924 0.0292819
812.108 0.751181 0.0267626
812.411 0.791249 0.0266535
812.714 0.800951 0.0249861
813.017 0.788054 0.0234548
813.32 0.800003 0.0235969
813.623 0.800721 0.0243532
813.926 0.806723 0.026215
814.228 0.819312 0.0278315
814.531 0.826924 0.028857
814.833 0.770284 0.0276372
815.136 0.790457 0.0281669
815.438 0.792641 0.0285276
815.741 0.762384 0.0268178
816.043 0.797748 0.027099
816.345 0.786291 0.0267228
816.648 0.790552 0.0270134
816.95 0.802382 0.0276326
817.252 0.808503 0.0283609
817.554 0.774136 0.0278108
817.856 0.779572 0.0285044
818.158 0.805462 0.0292254
818.46 0.844623 0.0306864
818.761 0.813144 0.0299994
819.063 0.778811 0.0288496
819.365 0.783257 0.0280772
819.666 0.777179 0.0265695
819.968 0.790484 0.0259119
820.269 0.778178 0.0254316
820.571 0.775569 0.0260546
820.872 0.767744 0.0269031
821.173 0.818446 0.0288807
821.475 0.831394 0.0302283
821.776 0.749909 0.0285601
822.077 0.794712 0.0292296
822.378 0.788894 0.0293257
822.679 0.845176 0.0308506
822.98 0.813921 0.0299936
823.281 0.792594 0.0305579
823.581 0.80738 0.0305305
823.882 0.811762 0.031005
824.183 0.802266 0.0305104
824.483 0.790186 0.0292031
824.784 0.740347 0.027106
825.084 0.805206 0.0287752
825.385 0.803197 0.0291161
825.685 0.814447 0.0299498
825.985 0.777931 0.0290204
826.286 0.790356 0.0288495
826.586 0.767943 0.0278797
826.886 0.763047 0.0278423
827.186 0.780887 0.0285794
827.486 0.826643 0.0303925
827.786 0.832494 0.0309646
828.086 0.782321 0.0297153
828.386 0.810207 0.0298452
828.685 0.809864 0.0296737
828.985 0.828996 0.0309193
829.285 0.798812 0.0305608
829.584 0.788615 0.0308557
829.884 0.779021 0.031135
830.183 0.860412 0.0344267
830.482 0.797077 0.0327738
830.782 0.810798 0.0331952
831.081 0.858406 0.0354486
831.38 0.784369 0.0327898
831.679 0.827727 0.0337603
831.978 0.819414 0.0336439
832.277 0.822046 0.0326119
832.576 0.789642 0.0313614
832.875 0.814394 0.0318298
833.174 0.794807 0.0312473
833.472 0.790292 0.0313942
833.771 0.841325 0.0328327
834.07 0.797319 0.0312029
834.368 0.759757 0.0307571
834.667 0.787415 0.0321388
834.965 0.800127 0.0328836
835.263 0.815348 0.0332397
835.562 0.788024 0.0326927
835.86 0.779205 0.0322093
836.158 0.791641 0.0328346
836.456 0.783471 0.0335252
836.754 0.78921 0.0335537
837.052 0.817318 0.0352302
837.35 0.790061 0.0339661
837.648 0.850676 0.0357124
837.946 0.828499 0.0355441
838.243 0.864431 0.0363171
838.541 0.784354 0.0336853
838.839 0.800221 0.0340742
839.136 0.817747 0.0343728
839.434 0.832499 0.0344706
839.731 0.805398 0.0348175
840.028 0.816164 0.0342464
840.326 0.845167 0.0352877
840.623 0.85195 0.0353967
840.92 0.814898 0.0349516
841.217 0.835244 0.0363786
841.514 0.842779 0.0367466
841.811 0.762139 0.0337909
842.108 0.837325 0.0364596
842.405 0.844394 0.0368865
842.701 0.879857 0.0378266
842.998 0.807024 0.0351119
843.295 0.851741 0.0368602
843.591 0.845936 0.0368146
843.888 0.794523 0.0352658
844.184 0.842378 0.0365227
844.481 0.785421 0.034688
844.777 0.802786 0.0352411
845.073 0.817164 0.0358233
845.369 0.842728 0.0367443
845.665 0.847437 0.0373854
845.962 0.789779 0.035383
846.258 0.820205 0.0367565
846.553 0.824916 0.0369154
846.849 0.857385 0.0376998
847.145 0.786722 0.0349392
847.441 0.794417 0.0353203
847.737 0.801442 0.0351821
848.032 0.835995 0.0366189
848.328 0.791817 0.0358021
848.623 0.88194 0.0382892
848.919 0.79531 0.0355499
849.214 0.768897 0.0345558
849.509 0.832384 0.0364905
849.805 0.819846 0.0369412
850.1 0.845572 0.0383552
850.395 0.809078 0.037394
850.69 0.875069 0.0391597
850.985 0.802507 0.0361703
851.28 0.8032 0.0360357
851.575 0.79991 0.036401
851.869 0.856052 0.0375281
852.164 0.813079 0.0360292
852.459 0.8239 0.0352732
852.753 0.868122 0.0357037
853.048 0.762424 0.0317237
853.342 0.799821 0.0322669
853.637 0.852884 0.0339187
853.931 0.791685 0.0323285
854.225 0.779177 0.0319311
854.52 0.828753 0.0341583
854.814 0.818608 0.0340614
855.108 0.767106 0.0319027
855.402 0.822718 0.0336435
855.696 0.80285 0.0341861
855.99 0.837898 0.0354876
856.283 0.808858 0.034102
856.577 0.842012 0.0355895
856.871 0.785937 0.0341122
857.164 0.791973 0.0346153
857.458 0.88119 0.0377259
857.751 0.814175 0.0356341
858.045 0.748346 0.0337487
858.338 0.825177 0.0360178
858.632 0.767822 0.0339482
858.925 0.843176 0.0365086
859.218 0.809787 0.0356261
859.511 0.881392 0.0387235
859.804 0.855346 0.0377655
860.097 0.794495 0.0354332
860.39 0.885961 0.0385153
860.683 0.839392 0.0373307
860.976 0.857213 0.0380271
861.268 0.809579 0.0363842
861.561 0.835538 0.0380222
861.854 0.931866 0.0413506
862.146 0.845068 0.0379791
862.439 0.851751 0.0379227
862.731 0.74398 0.0345746
863.023 0.850312 0.0381601
863.316 0.78569 0.0360196
863.608 0.870616 0.0381146
863.9 0.848032 0.0376409
864.192 0.826801 0.0362852
864.484 0.83795 0.0374029
864.776 0.831185 0.0375821
865.068 0.859966 0.0379907
865.36 0.846009 0.0375826
865.651 0.871078 0.039137
865.943 0.836294 0.0376388
866.235 0.814196 0.0373265
866.526 0.870462 0.0396349
866.818 0.849388 0.0378389
867.109 0.816811 0.0368787
867.4 0.850025 0.0383451
867.692 0.857849 0.0387315
867.983 0.820877 0.0375209
868.274 0.895967 0.0396912
868.565 0.834849 0.0378248
868.856 0.900969 0.0395512
869.147 0.84712 0.0382471
869.438 0.85376 0.0382933
869.729 0.878801 0.0390833
870.02 0.955869 0.0423682
870.31 0.856172 0.0388471
870.601 0.813201 0.0373142
870.892 0.815156 0.0369755
871.182 0.855955 0.03773
871.473 0.867483 0.038809
871.763 0.816523 0.036749
872.053 0.823869 0.0373488
872.343 0.832824 0.0374933
872.634 0.835483 0.0379307
872.924 0.789935 0.0361493
873.214 0.852899 0.0383311
873.504 0.875952 0.0393671
873.794 0.853798 0.0398371
874.084 0.900806 0.040801
874.373 0.825638 0.0380786
874.663 0.851579 0.0377563
874.953 0.897025 0.0400398
875.242 0.824657 0.0378737
875.532 0.831077 0.0377085
875.821 0.845372 0.0382678
876.111 0.829208 0.0377565
876.4 0.891077 0.0396292
876.689 0.793917 0.0371578
876.978 0.867582 0.0388578
877.268 0.8335 0.0381545
877.557 0.868573 0.0393985
877.846 0.838091 0.0385714
878.134 0.915931 0.0406888
878.423 0.9161 0.0406963
878.712 0.916268 0.0407037
