178.41 0.517074 0.111231
178.791 0.520348 0.111935
179.172 0.523599 0.112634
179.553 0.450759 0.450759
179.934 0.858183 0.858183
180.316 0.599755 0.599755
180.697 0.306214 0.306214
181.078 0.695606 0.695606
181.459 0.654594 0.654594
181.84 0.433319 0.433319
182.221 0.0285259 0.0285259
182.602 0.353757 0.353757
182.983 1.56236 0.565982
183.364 1.00414 0.177814
183.744 0.629721 0.0889049
184.125 0.643669 0.0779703
184.506 0.278188 0.0419909
184.887 0.559206 0.0530894
185.268 0.521002 0.0441163
185.648 0.431302 0.0388561
186.029 0.549467 0.0418321
186.41 0.540047 0.0403876
186.791 0.608473 0.0411996
187.171 0.476551 0.0311865
187.552 0.333907 0.0212391
187.932 0.407592 0.0238939
188.313 0.384403 0.0216724
188.694 0.383623 0.0216381
189.074 0.357867 0.0201491
189.455 0.366033 0.0198122
189.835 0.424058 0.0219269
190.216 0.396202 0.0206361
190.596 0.395032 0.0197198
190.977 0.371301 0.0189699
191.357 0.380145 0.0192511
191.737 0.389073 0.0192326
192.118 0.38072 0.0189317
192.498 0.368504 0.0180477
192.878 0.361452 0.0180117
193.258 0.385275 0.0182749
193.639 0.363535 0.0175316
194.019 0.375341 0.017971
194.399 0.370338 0.0176969
194.779 0.331952 0.0160831
195.159 0.397611 0.0181122
195.54 0.331168 0.0160344
195.92 0.356628 0.0166886
196.3 0.345513 0.0161885
196.68 0.326134 0.0158064
197.06 0.357709 0.0164552
197.44 0.331905 0.0156984
197.82 0.315924 0.0151955
198.2 0.326823 0.0154482
198.58 0.302136 0.0144612
198.959 0.30692 0.0145489
199.339 0.303857 0.0145389
199.719 0.299736 0.0141634
200.099 0.276929 0.0136466
200.479 0.279356 0.0136675
200.858 0.285189 0.0136059
201.238 0.261339 0.012821
201.618 0.265779 0.0130746
201.998 0.262425 0.0126808
202.377 0.254413 0.0124855
202.757 0.241162 0.0119963
203.136 0.241223 0.01192
203.516 0.236202 0.0116196
203.896 0.225195 0.011206
204.275 0.214875 0.0107302
204.655 0.230203 0.0111274
205.034 0.224522 0.01086
205.414 0.208317 0.0103298
205.793 0.202598 0.0100957
206.172 0.203113 0.0101178
206.552 0.20053 0.0098818
206.931 0.189198 0.00945142
207.31 0.185144 0.00924888
207.69 0.186204 0.00920123
208.069 0.174263 0.00878347
208.448 0.180567 0.00882831
208.827 0.177046 0.0086916
209.207 0.182026 0.00878994
209.586 0.160393 0.00803523
209.965 0.160404 0.00801011
210.344 0.168224 0.00808338
210.723 0.157443 0.00772401
211.102 0.148822 0.00737966
211.481 0.152397 0.00742836
211.86 0.140811 0.00706933
212.239 0.137187 0.00690727
212.618 0.146203 0.00702755
212.997 0.137573 0.00670578
213.376 0.131338 0.00652864
213.755 0.136722 0.00656757
214.134 0.125461 0.00620607
214.513 0.12911 0.00619376
214.891 0.123563 0.00601879
215.27 0.109098 0.00554922
215.649 0.11496 0.00564951
216.028 0.107522 0.00536934
216.406 0.107604 0.00531542
216.785 0.104204 0.00514566
217.164 0.10814 0.00518946
217.542 0.0992468 0.00486726
217.921 0.0977779 0.00476926
218.3 0.0933469 0.00464343
218.678 0.0959003 0.00463249
219.057 0.0876714 0.00435042
219.435 0.0863569 0.00424673
219.814 0.085381 0.00419154
220.192 0.0816885 0.00403381
220.57 0.0780702 0.00389723
220.949 0.0731759 0.00370979
221.327 0.0827953 0.00388048
221.705 0.0729645 0.00360553
222.084 0.0747729 0.00357075
222.462 0.0665241 0.00332791
222.84 0.0666387 0.00330328
223.218 0.0611071 0.00308445
223.597 0.0698423 0.00326423
223.975 0.065011 0.00309261
224.353 0.0618754 0.00298397
224.731 0.0598973 0.00288857
225.109 0.0560591 0.00273804
225.487 0.0557684 0.00269211
225.865 0.0537883 0.00260346
226.243 0.0535823 0.00256548
226.621 0.0485796 0.00241061
226.999 0.0487937 0.00236643
227.377 0.0482661 0.00233074
227.755 0.0461126 0.00224843
228.133 0.0460709 0.00221887
228.511 0.0430255 0.00211876
228.889 0.0401701 0.0020081
229.266 0.0392429 0.00196596
229.644 0.040294 0.00195289
230.022 0.0398855 0.00191782
230.4 0.0403453 0.00191066
230.777 0.0352447 0.00176881
231.155 0.037061 0.00179024
231.533 0.0392875 0.00181714
231.91 0.0335635 0.00165682
232.288 0.0354373 0.00168631
232.665 0.0345527 0.00164369
233.043 0.0324219 0.00157717
233.42 0.0339682 0.00159252
233.798 0.0306112 0.00150073
234.175 0.0299007 0.00146389
234.553 0.0284108 0.00141176
234.93 0.030519 0.00144855
235.307 0.0325801 0.00148454
235.685 0.0294438 0.00139976
236.062 0.028594 0.00136329
236.439 0.0274707 0.00132964
236.816 0.0257512 0.00127161
237.194 0.0263608 0.00127295
237.571 0.0262299 0.00125873
237.948 0.0258853 0.00124382
238.325 0.0241704 0.00118861
238.702 0.0251815 0.00120606
239.079 0.0247488 0.00118379
239.456 0.0243399 0.00116612
239.833 0.0240579 0.00115187
240.21 0.0238461 0.0011362
240.587 0.0227273 0.00110409
240.964 0.0240058 0.00112546
241.341 0.0226152 0.00108315
241.718 0.0220446 0.00105927
242.095 0.0223493 0.00106625
242.472 0.02211 0.00105212
242.849 0.0221032 0.0010441
243.225 0.020646 0.0010003
243.602 0.0217873 0.0010224
243.979 0.0207579 0.00099451
244.356 0.0211242 0.000999131
244.732 0.0200785 0.000964167
245.109 0.0185406 0.000920019
245.486 0.0208031 0.000973182
245.862 0.0188446 0.000921666
246.239 0.0196539 0.000931654
246.615 0.019845 0.000934475
246.992 0.0184718 0.000894962
247.368 0.0198009 0.000926594
247.745 0.0195652 0.000913297
248.121 0.017688 0.000862458
248.497 0.0179046 0.00086632
248.874 0.0174295 0.000849573
249.25 0.0173552 0.000840298
249.626 0.0174819 0.000841967
250.003 0.0171751 0.000829649
250.379 0.0171099 0.000820009
250.755 0.0181568 0.000845456
251.131 0.0171646 0.00081626
251.507 0.0166349 0.000802497
251.884 0.0168735 0.000802682
252.26 0.0162315 0.000787465
252.636 0.0164486 0.000785497
253.012 0.0166246 0.000786809
253.388 0.0164828 0.000781087
253.764 0.0160461 0.000767517
254.14 0.0167787 0.000782977
254.516 0.0164849 0.000775032
254.892 0.0174854 0.000794166
255.268 0.0157422 0.00075274
255.643 0.0166742 0.000771451
256.019 0.0159107 0.000753024
256.395 0.0156734 0.000745826
256.771 0.0163886 0.000757093
257.147 0.015361 0.000732141
257.522 0.0156185 0.000737082
257.898 0.0152423 0.000726955
258.274 0.0162894 0.000749566
258.649 0.0160938 0.000744595
259.025 0.0147856 0.000709772
259.4 0.0140157 0.00069067
259.776 0.015101 0.000714698
260.151 0.0147 0.000707518
260.527 0.0148474 0.000707887
260.902 0.0141757 0.000689809
261.278 0.0151881 0.000712509
261.653 0.0146749 0.000700347
262.028 0.0143325 0.000692794
262.404 0.0150491 0.000706647
262.779 0.0146364 0.000695146
263.154 0.0152665 0.000708701
263.53 0.0148954 0.000698124
263.905 0.0147575 0.000696234
264.28 0.0151987 0.000706198
264.655 0.0149255 0.000697786
265.03 0.0140297 0.000678611
265.405 0.0147604 0.000693739
265.781 0.0143872 0.000685727
266.156 0.0144858 0.000687336
266.531 0.0144708 0.000683352
266.906 0.014696 0.000692454
267.281 0.0145141 0.00068475
267.655 0.0153529 0.000706891
268.03 0.015296 0.000705973
268.405 0.0143789 0.000683571
268.78 0.0137969 0.000669577
269.155 0.0148927 0.000694114
269.53 0.0151344 0.000702137
269.904 0.0148328 0.00069432
270.279 0.014399 0.000684526
270.654 0.0152999 0.00070361
271.029 0.0145651 0.000687807
271.403 0.0148314 0.000692104
271.778 0.0150909 0.000700116
272.152 0.0145563 0.000688256
272.527 0.0144752 0.000685736
272.901 0.0148472 0.000691774
273.276 0.014479 0.000681584
273.65 0.0146618 0.000688029
274.025 0.0146403 0.00068574
274.399 0.014818 0.000693193
274.774 0.0151343 0.000698932
275.148 0.0148838 0.000690932
275.522 0.0153847 0.000704343
275.897 0.0146733 0.000687493
276.271 0.0139053 0.000669929
276.645 0.0137248 0.000663639
277.019 0.0157518 0.000709032
277.393 0.0148203 0.00068589
277.768 0.0148699 0.000690287
278.142 0.0142954 0.000676142
278.516 0.0158488 0.000713186
278.89 0.0142078 0.000673924
279.264 0.014838 0.000690917
279.638 0.0150835 0.00069324
280.012 0.0146829 0.000685174
280.386 0.014956 0.000695133
280.76 0.0145332 0.000682632
281.133 0.0145681 0.000684706
281.507 0.0148002 0.000689585
281.881 0.0148234 0.000688546
282.255 0.0150013 0.000693636
282.629 0.0151892 0.000699991
283.002 0.0140507 0.000673612
283.376 0.0145665 0.000683987
283.75 0.014684 0.000689071
284.123 0.0146546 0.000685981
284.497 0.0150558 0.000696574
284.87 0.014124 0.000675363
285.244 0.0148574 0.000691401
285.618 0.0139332 0.000671272
285.991 0.015523 0.000711524
286.364 0.0150861 0.00070118
286.738 0.0154594 0.000709671
287.111 0.0150839 0.000701294
287.485 0.0157218 0.000716375
287.858 0.0156713 0.000717895
288.231 0.014705 0.00069419
288.605 0.0151038 0.000705468
288.978 0.014881 0.000698754
289.351 0.0157891 0.0007235
289.724 0.0153268 0.000712805
290.097 0.0150807 0.000707903
290.47 0.0160609 0.000732906
290.843 0.0156796 0.000723901
291.217 0.0149456 0.000706894
291.59 0.0165195 0.000748334
291.963 0.0157859 0.000729916
292.336 0.0148265 0.000709648
292.708 0.0157058 0.00073178
293.081 0.0160166 0.000742385
293.454 0.0158952 0.000736308
293.827 0.0153568 0.000725881
294.2 0.016051 0.000746945
294.573 0.0154783 0.00073116
294.945 0.0176849 0.000786157
295.318 0.0155407 0.000736675
295.691 0.016264 0.000755458
296.064 0.0162736 0.000757069
296.436 0.0167895 0.000768433
296.809 0.0163321 0.000755856
297.181 0.0170195 0.00077574
297.554 0.016669 0.000768883
297.926 0.0171896 0.000781418
298.299 0.016226 0.000760011
298.671 0.0162953 0.000758317
299.044 0.0154615 0.000742707
299.416 0.016768 0.000774621
299.788 0.0155109 0.00074386
300.161 0.0157704 0.000753357
300.533 0.0165619 0.000770955
300.905 0.0162844 0.000761559
301.278 0.0175099 0.000791354
301.65 0.0170859 0.000780838
302.022 0.0169978 0.000780521
302.394 0.0171854 0.000786082
302.766 0.0169946 0.000780604
303.138 0.0167898 0.000778936
303.51 0.0162434 0.000764162
303.882 0.0170881 0.000782794
304.254 0.0163888 0.000768116
304.626 0.0154474 0.000743489
304.998 0.0179552 0.000801332
305.37 0.0163917 0.000769927
305.742 0.0169413 0.000779796
306.114 0.0164788 0.000768747
306.485 0.0164047 0.000767187
306.857 0.0159442 0.000755803
307.229 0.0169672 0.000782397
307.601 0.0162721 0.000765992
307.972 0.0166064 0.000773024
308.344 0.0169722 0.000780513
308.716 0.0168045 0.00077985
309.087 0.0167824 0.000778358
309.459 0.0174091 0.000793961
309.83 0.0163445 0.000769404
310.202 0.0169781 0.000782898
310.573 0.0170492 0.000784996
310.945 0.0168 0.000778696
311.316 0.0168267 0.000783042
311.687 0.0169794 0.000783434
312.059 0.0169644 0.000785835
312.43 0.0169645 0.000784409
312.801 0.0172298 0.000793307
313.172 0.0174894 0.000799753
313.544 0.0176607 0.00080449
313.915 0.0165229 0.000773198
314.286 0.0166255 0.000778962
314.657 0.0172943 0.000792715
315.028 0.0168186 0.000783389
315.399 0.0170248 0.000787914
315.77 0.0168425 0.000782577
316.141 0.0168062 0.000784986
316.512 0.0167492 0.000783537
316.883 0.0167856 0.000785972
317.254 0.0173979 0.000799372
317.625 0.0172753 0.000801459
317.996 0.0172536 0.000796569
318.366 0.0176857 0.000808484
318.737 0.0169275 0.000790168
319.108 0.0169183 0.000792682
319.478 0.0174989 0.000806437
319.849 0.0168608 0.00079122
320.22 0.0169468 0.000794016
320.59 0.0179505 0.000816724
320.961 0.0175677 0.000809359
321.331 0.017657 0.000811518
321.702 0.0174833 0.000811607
322.072 0.0186327 0.000840396
322.443 0.0170054 0.000801267
322.813 0.0176363 0.000814483
323.184 0.017864 0.000822023
323.554 0.0184421 0.000837869
323.924 0.0185204 0.000839213
324.295 0.0184824 0.000842419
324.665 0.0185313 0.000844145
325.035 0.0168935 0.000804927
325.405 0.0189972 0.000857086
325.775 0.0180633 0.000839818
326.145 0.0190132 0.000860792
326.515 0.0189168 0.000860191
326.886 0.0183349 0.000851139
327.256 0.0170663 0.000821948
327.626 0.0187232 0.000866249
327.995 0.0176263 0.000842564
328.365 0.0182835 0.000859327
328.735 0.0197295 0.000897147
329.105 0.0198637 0.000909947
329.475 0.0195643 0.000910155
329.845 0.0203073 0.000940687
330.215 0.0201431 0.000933363
330.584 0.0199612 0.000920183
330.954 0.0195796 0.000889808
331.324 0.0181134 0.00083175
331.693 0.01712 0.000794744
332.063 0.0172655 0.000789516
332.432 0.0166824 0.000772068
332.802 0.0169265 0.000784081
333.171 0.0170669 0.000797657
333.541 0.018994 0.000857185
333.91 0.0181784 0.000842841
334.28 0.0186675 0.000858998
334.649 0.0191146 0.000871743
335.018 0.0195178 0.000883892
335.388 0.0191521 0.000878397
335.757 0.0185402 0.000864373
336.126 0.0193072 0.000885242
336.495 0.0185476 0.000864722
336.865 0.0197629 0.000896297
337.234 0.0201617 0.000910415
337.603 0.0198708 0.000901979
337.972 0.0197173 0.000900557
338.341 0.019071 0.000884227
338.71 0.0190684 0.000883565
339.079 0.0195109 0.000896998
339.448 0.0195661 0.000896849
339.817 0.0190652 0.000887482
340.186 0.0199108 0.000907526
340.554 0.019168 0.00088927
340.923 0.0198713 0.000907329
341.292 0.0194025 0.000897407
341.661 0.0205255 0.000924169
342.029 0.0204546 0.000920975
342.398 0.0195187 0.000900868
342.767 0.0196808 0.00090808
343.135 0.019687 0.000907542
343.504 0.0196903 0.000910448
343.872 0.0201132 0.000916751
344.241 0.0199338 0.000914789
344.609 0.0201886 0.000924275
344.978 0.0203395 0.000926786
345.346 0.0202342 0.000920907
345.715 0.0200915 0.000921202
346.083 0.0193021 0.000904936
346.451 0.020741 0.00093657
346.82 0.0197204 0.000916296
347.188 0.019008 0.000897893
347.556 0.0209556 0.000947636
347.924 0.0204321 0.000934592
348.292 0.0200132 0.000927065
348.66 0.0199415 0.000924586
349.028 0.0194549 0.000914386
349.396 0.0198178 0.00092651
349.764 0.0196452 0.000921305
350.132 0.0218171 0.000970399
350.5 0.0202053 0.00093539
350.868 0.0214869 0.000966352
351.236 0.0209234 0.000952836
351.604 0.0213098 0.000965331
351.972 0.0208979 0.00095704
352.34 0.0205099 0.000949493
352.707 0.0206529 0.000953215
353.075 0.0208637 0.00095832
353.443 0.0207201 0.000957195
353.81 0.0207099 0.000959338
354.178 0.0221093 0.000991777
354.545 0.0211342 0.000967285
354.913 0.0216564 0.000983326
355.28 0.0217382 0.000985317
355.648 0.0211545 0.000969943
356.015 0.0209627 0.000967226
356.383 0.0210284 0.000967634
356.75 0.0222663 0.000998246
357.117 0.0214643 0.000980647
357.485 0.0212019 0.000975319
357.852 0.0215858 0.000990906
358.219 0.0209249 0.000970774
358.586 0.0204834 0.000960318
358.954 0.0220475 0.0010005
359.321 0.0217102 0.000990415
359.688 0.0218857 0.000999304
360.055 0.0208293 0.000973501
360.422 0.0199958 0.000955207
360.789 0.022144 0.00100694
361.156 0.022222 0.00100782
361.523 0.0221277 0.00100975
361.89 0.0217477 0.000999833
362.256 0.0217168 0.000995125
362.623 0.0220719 0.00101322
362.99 0.0219136 0.00100475
363.357 0.0227121 0.00102707
363.724 0.0216504 0.00100321
364.09 0.0218522 0.00100584
364.457 0.0212329 0.000998886
364.823 0.0217245 0.00100389
365.19 0.0231888 0.00103872
365.557 0.0211687 0.000990902
365.923 0.0213886 0.000999337
366.29 0.0208565 0.00098993
366.656 0.0231584 0.00103884
367.022 0.022296 0.00101804
367.389 0.0221898 0.00102016
367.755 0.0223613 0.00102897
368.121 0.0225448 0.00103276
368.488 0.0229524 0.00104065
368.854 0.0230594 0.00104703
369.22 0.0217796 0.00102236
369.586 0.0229152 0.00105224
369.952 0.0237173 0.00107283
370.318 0.0232987 0.00106382
370.684 0.0230605 0.00106146
371.051 0.0235034 0.0010719
371.416 0.0240195 0.0010903
371.782 0.0226472 0.00105553
372.148 0.0222638 0.00104871
372.514 0.023458 0.00107878
372.88 0.0233694 0.00107991
373.246 0.0239202 0.00109155
373.612 0.0233185 0.00107723
373.977 0.0223137 0.00105139
374.343 0.0239889 0.0010867
374.709 0.0246243 0.00109742
375.074 0.0233343 0.00107149
375.44 0.0241967 0.00109578
375.806 0.0235534 0.00108708
376.171 0.0233436 0.00107676
376.537 0.0242013 0.00109536
376.902 0.0239199 0.00109089
377.268 0.0234298 0.00107522
377.633 0.0233022 0.00107033
377.998 0.0224869 0.00104741
378.364 0.022732 0.00104855
378.729 0.0233735 0.00106503
379.094 0.023134 0.0010642
379.459 0.0235865 0.00108895
379.825 0.0226569 0.00106254
380.19 0.0238194 0.00109115
380.555 0.023436 0.00108994
380.92 0.0256472 0.00115445
381.285 0.0236405 0.00110627
381.65 0.0240986 0.00110824
382.015 0.0238507 0.00110415
382.38 0.0235975 0.00110254
382.745 0.0229111 0.00109305
383.11 0.0251035 0.00114725
383.474 0.0248518 0.00113811
383.839 0.0251643 0.00114731
384.204 0.0265068 0.00118131
384.569 0.0243108 0.00113271
384.933 0.0244828 0.00114002
385.298 0.0265384 0.00118876
385.663 0.0243294 0.00113498
386.027 0.0252766 0.00115447
386.392 0.0248387 0.00113954
386.756 0.0250594 0.00113884
387.121 0.0239588 0.00111323
387.485 0.0237244 0.00110437
387.849 0.0238206 0.00110143
388.214 0.0243964 0.00112703
388.578 0.0252098 0.00115142
388.942 0.0259045 0.00117312
389.307 0.0254209 0.00116106
389.671 0.0252901 0.00116234
390.035 0.025571 0.00116345
390.399 0.0248531 0.00114431
390.763 0.0249004 0.00113864
391.127 0.0241199 0.00111662
391.492 0.0232182 0.00108048
391.856 0.0230903 0.00106508
392.219 0.0228023 0.00105052
392.583 0.0231739 0.00106507
392.947 0.0231845 0.00108831
393.311 0.0251499 0.00114396
393.675 0.0245589 0.00113384
394.039 0.0244432 0.00113817
394.403 0.0237444 0.00112234
394.766 0.0253421 0.00116264
395.13 0.0241068 0.00113695
395.494 0.025806 0.00117587
395.857 0.0258822 0.00117246
396.221 0.0247972 0.00114243
396.584 0.0262216 0.00116598
396.948 0.0240319 0.00110418
397.311 0.0223512 0.00104919
397.675 0.0236451 0.0010733
398.038 0.0238475 0.00107841
398.401 0.0236339 0.00108883
398.765 0.0238124 0.00110983
399.128 0.0253283 0.00116097
399.491 0.0254547 0.00117272
399.854 0.0261731 0.00119085
400.218 0.0264646 0.00120094
400.581 0.0263821 0.00120248
400.944 0.0279916 0.00124468
401.307 0.0274472 0.00124736
401.67 0.0272242 0.00123867
402.033 0.0270131 0.00123745
402.396 0.0259479 0.00121349
402.759 0.0268667 0.00123629
403.122 0.0258701 0.00120722
403.485 0.02648 0.00122106
403.847 0.0255855 0.00119027
404.21 0.0272656 0.00122238
404.573 0.0252354 0.0011747
404.936 0.0249104 0.00116137
405.298 0.0264814 0.00121057
405.661 0.0262441 0.00122203
406.023 0.0283884 0.001289
406.386 0.0276366 0.00127632
406.749 0.0291219 0.00131616
407.111 0.0288787 0.00130897
407.473 0.0266906 0.00123827
407.836 0.0277183 0.00126004
408.198 0.0249724 0.00118872
408.561 0.0277656 0.00125704
408.923 0.0269081 0.00123931
409.285 0.0263086 0.00122769
409.647 0.0271192 0.00125738
410.009 0.0293372 0.00132016
410.372 0.0268985 0.00126225
410.734 0.0284428 0.00130451
411.096 0.0291724 0.00131882
411.458 0.0293782 0.00132314
411.82 0.0287599 0.00130056
412.182 0.0276844 0.00126632
412.544 0.027247 0.00125909
412.906 0.0276115 0.00126524
413.267 0.027842 0.00127505
413.629 0.0277102 0.00128204
413.991 0.0255063 0.00123579
414.353 0.0293725 0.00132979
414.714 0.0280751 0.00131379
415.076 0.028561 0.00132182
415.438 0.0284122 0.00131693
415.799 0.0292686 0.0013313
416.161 0.0289799 0.00133633
416.522 0.0300298 0.00136592
416.884 0.0282314 0.00132521
417.245 0.0318718 0.00141326
417.607 0.0279458 0.00132009
417.968 0.0281125 0.00132253
418.329 0.0292928 0.00134832
418.691 0.0291325 0.00134418
419.052 0.0303926 0.00137199
419.413 0.0283464 0.00131308
419.774 0.0293538 0.00133205
420.135 0.027012 0.00124936
420.497 0.0269443 0.00122811
420.858 0.0261134 0.00119234
421.219 0.0264923 0.00120502
421.58 0.026917 0.00123012
421.941 0.0264665 0.00124121
422.302 0.0275543 0.00128344
422.662 0.0291607 0.00132601
423.023 0.029022 0.00132868
423.384 0.0283301 0.00131715
423.745 0.0284872 0.00131283
424.106 0.0272549 0.0012834
424.466 0.0288743 0.00131841
424.827 0.0292383 0.00134501
425.187 0.0306848 0.00139531
425.548 0.0312123 0.00142055
425.909 0.0308945 0.00142077
426.269 0.031484 0.00142415
426.63 0.0304275 0.00139056
426.99 0.0289542 0.00134534
427.35 0.0310032 0.00139834
427.711 0.0302649 0.0013718
428.071 0.0282685 0.00131469
428.431 0.0270987 0.0012626
428.792 0.0258204 0.00119028
429.152 0.0244644 0.00112676
429.512 0.0237421 0.00110792
429.872 0.0250693 0.00114637
430.232 0.025177 0.00116911
430.592 0.0261696 0.00122576
430.952 0.0294302 0.00133826
431.312 0.0311851 0.00141186
431.672 0.0292162 0.0013823
432.032 0.0300156 0.0013968
432.392 0.0282756 0.00133738
432.752 0.0259194 0.00121745
433.111 0.0253487 0.00117709
433.471 0.0278442 0.00125297
433.831 0.0291004 0.00133109
434.19 0.0285033 0.00131754
434.55 0.0282165 0.00131065
434.91 0.0303635 0.00137546
435.269 0.0296019 0.0013394
435.629 0.0290607 0.00132417
435.988 0.0278786 0.00129141
436.348 0.029193 0.00134171
436.707 0.0304485 0.00139111
437.066 0.0310102 0.00140312
437.426 0.0283958 0.00132673
437.785 0.0285167 0.00132583
438.144 0.0276083 0.00130291
438.503 0.0305452 0.00138855
438.862 0.0277993 0.00132712
439.222 0.0300355 0.00139047
439.581 0.0314911 0.00142988
439.94 0.0305612 0.00138887
440.299 0.0270139 0.00126177
440.658 0.0256719 0.00119872
441.017 0.0258795 0.00120395
441.376 0.025543 0.00121005
441.734 0.0292251 0.00130763
442.093 0.0261476 0.00123632
442.452 0.0282915 0.00127678
442.811 0.0272654 0.0012479
443.169 0.0270344 0.00124214
443.528 0.0267498 0.00126121
443.887 0.0284911 0.00130244
444.245 0.0287412 0.00131388
444.604 0.0281469 0.00131105
444.962 0.0294653 0.00134778
445.321 0.0286611 0.0013305
445.679 0.028673 0.00132379
446.038 0.0281024 0.00130576
446.396 0.0305101 0.00137929
446.754 0.0301686 0.00139032
447.112 0.0292254 0.00137533
447.471 0.0316862 0.00143371
447.829 0.0301955 0.0014069
448.187 0.0295507 0.00138932
448.545 0.0304757 0.00140658
448.903 0.0307258 0.001416
449.261 0.0310728 0.00142811
449.619 0.0318347 0.0014592
449.977 0.0309191 0.00144507
450.335 0.0327758 0.00150413
450.693 0.0315996 0.00148055
451.051 0.0318469 0.00148339
451.409 0.0322155 0.0014978
451.766 0.0327934 0.0015131
452.124 0.0352477 0.0015907
452.482 0.0344119 0.0015873
452.839 0.0331239 0.0015747
453.197 0.0355653 0.00163459
453.555 0.0350859 0.00163024
453.912 0.0341965 0.00160522
454.27 0.0349284 0.00159672
454.627 0.0341684 0.00156059
454.984 0.0351629 0.00158688
455.342 0.0348252 0.00160345
455.699 0.0335279 0.00159086
456.056 0.0354814 0.00162683
456.414 0.0353905 0.00161022
456.771 0.0330461 0.00152752
457.128 0.0314806 0.0014852
457.485 0.0300582 0.00144623
457.842 0.032971 0.00152405
458.199 0.0333931 0.001532
458.556 0.0333586 0.00151644
458.913 0.0317764 0.0014801
459.27 0.0335066 0.00151125
459.627 0.0318408 0.00149464
459.984 0.0313781 0.00147293
460.341 0.031532 0.00147463
460.697 0.0335307 0.00153877
461.054 0.0346432 0.00161016
461.411 0.035156 0.00165545
461.767 0.0385262 0.00175342
462.124 0.0382885 0.00174363
462.481 0.0367409 0.0016876
462.837 0.0347985 0.00161689
463.194 0.035789 0.00160542
463.55 0.0351741 0.0016018
463.907 0.0322138 0.00149267
464.263 0.031676 0.00145979
464.619 0.0300471 0.00139484
464.976 0.0286312 0.00134272
465.332 0.0280984 0.00132984
465.688 0.0316713 0.00145519
466.044 0.0340882 0.00156389
466.4 0.0341493 0.00158965
466.756 0.0340883 0.00159865
467.112 0.0363639 0.00165113
467.468 0.036172 0.00164434
467.824 0.0349046 0.00163184
468.18 0.0388438 0.00174395
468.536 0.0376845 0.00171916
468.892 0.03807 0.0017555
469.248 0.0368322 0.00173438
469.604 0.0378395 0.00176851
469.959 0.0407193 0.00183392
470.315 0.0396688 0.00180914
470.671 0.0376265 0.00176019
471.026 0.0381656 0.0017578
471.382 0.0385435 0.00174958
471.737 0.0377922 0.0017185
472.093 0.0375037 0.00168522
472.448 0.0331835 0.00155476
472.804 0.0341438 0.00156365
473.159 0.0319668 0.00150056
473.514 0.0353615 0.00158625
473.87 0.0327521 0.00150484
474.225 0.0297776 0.00139388
474.58 0.0294688 0.0013593
474.935 0.0308771 0.00140323
475.29 0.0299312 0.0014002
475.645 0.0318729 0.00144637
476 0.0317873 0.00144628
476.355 0.0320768 0.00146593
476.71 0.0313748 0.00144895
477.065 0.0292153 0.00135747
477.42 0.0278749 0.00130848
477.775 0.0282561 0.00131898
478.13 0.0287491 0.00134241
478.485 0.0299471 0.00136016
478.839 0.0286016 0.00131335
479.194 0.0275117 0.00125508
479.549 0.0277287 0.00124457
479.903 0.0256141 0.00119936
480.258 0.0260673 0.00121944
480.612 0.0251551 0.0011823
480.967 0.0251492 0.00115482
481.321 0.0270067 0.00120055
481.675 0.0270976 0.00122573
482.03 0.0263021 0.00122891
482.384 0.0263591 0.00123541
482.738 0.025472 0.00120286
483.093 0.0265791 0.00121975
483.447 0.0243271 0.00114159
483.801 0.0238448 0.00109493
484.155 0.0230039 0.00106172
484.509 0.0178852 0.000815197
484.863 0.00813738 0.000374783
485.217 0.00695635 0.000314938
485.571 0.00738433 0.000332864
485.925 0.0108562 0.000514123
486.279 0.0157398 0.000717829
486.632 0.0180317 0.000830991
486.986 0.0207526 0.000963666
487.34 0.0234467 0.00109346
487.694 0.0242998 0.00114425
488.047 0.0247144 0.00116049
488.401 0.0254748 0.0011797
488.754 0.0269296 0.00122062
489.108 0.0254321 0.00120556
489.461 0.0270546 0.00124944
489.815 0.0266853 0.00125383
490.168 0.0274412 0.00125743
490.522 0.0269322 0.00124042
490.875 0.0275823 0.00125719
491.228 0.0272211 0.00125752
491.581 0.0271256 0.0012467
491.935 0.0279817 0.0012709
492.288 0.0277338 0.00127047
492.641 0.0281882 0.00127175
492.994 0.026602 0.00123453
493.347 0.0268009 0.00122193
493.7 0.0276336 0.00124171
494.053 0.0255748 0.00119865
494.406 0.0276276 0.00126597
494.759 0.0276 0.00129114
495.111 0.0264338 0.00122411
495.464 0.024694 0.00113122
495.817 0.0222215 0.00105371
496.169 0.0239208 0.00112393
496.522 0.02883 0.00128959
496.875 0.0291449 0.00133991
497.227 0.0304192 0.00138242
497.58 0.0301711 0.00137437
497.932 0.0289288 0.00132998
498.285 0.0289655 0.00131867
498.637 0.0266822 0.00123411
498.989 0.0280712 0.00125173
499.342 0.0252414 0.00119576
499.694 0.0276973 0.00128028
500.046 0.0289949 0.00132117
500.398 0.0278037 0.00126207
500.751 0.027602 0.00124602
501.103 0.026062 0.0012069
501.455 0.0257603 0.00120173
501.807 0.0251354 0.00118885
502.159 0.0264888 0.0012211
502.511 0.0260712 0.00120842
502.862 0.026168 0.00121588
503.214 0.0274154 0.00126153
503.566 0.0280582 0.00130211
503.918 0.0282131 0.00131982
504.27 0.0282408 0.00131908
504.621 0.0289057 0.00133777
504.973 0.0282022 0.00132885
505.324 0.029155 0.00134238
505.676 0.0294511 0.00132567
506.027 0.0284872 0.00130732
506.379 0.0297084 0.00137953
506.73 0.0297219 0.00140089
507.082 0.0304655 0.00140824
507.433 0.0300949 0.00137372
507.784 0.0305908 0.00137342
508.136 0.0306712 0.00139921
508.487 0.0321913 0.00144818
508.838 0.0309147 0.00143248
509.189 0.0312786 0.0014393
509.54 0.030869 0.00141074
509.891 0.0301835 0.00141112
510.242 0.0312638 0.00143775
510.593 0.0336772 0.00150171
510.944 0.033536 0.00150694
511.295 0.0322236 0.00150792
511.646 0.0338834 0.00156339
511.996 0.034171 0.00155384
512.347 0.0320393 0.00149327
512.698 0.0316552 0.0014892
513.049 0.0334153 0.00153947
513.399 0.0353302 0.0015903
513.75 0.0322929 0.00151586
514.1 0.0348295 0.00160414
514.451 0.0362715 0.00167106
514.801 0.0352821 0.00164087
515.152 0.035704 0.00163606
515.502 0.0355744 0.00160778
515.852 0.0324597 0.00152754
516.202 0.0343264 0.00156874
516.553 0.0336827 0.00157668
516.903 0.0348047 0.00162717
517.253 0.0361073 0.00168234
517.603 0.0359382 0.00167809
517.953 0.0352592 0.00165408
518.303 0.0338129 0.00158179
518.653 0.0343762 0.00158184
519.003 0.0353682 0.00161683
519.353 0.0353325 0.00167381
519.703 0.0386314 0.00178732
520.052 0.0384121 0.00179138
520.402 0.0402879 0.00182449
520.752 0.0380185 0.00175208
521.102 0.0410827 0.00185084
521.451 0.0396061 0.00183021
521.801 0.0396188 0.00182527
522.15 0.0371161 0.0017374
522.5 0.0395031 0.00178948
522.849 0.0374041 0.00173583
523.199 0.0378224 0.00172902
523.548 0.0378685 0.00171344
523.897 0.0382313 0.00174153
524.246 0.0370014 0.00174181
524.596 0.0412153 0.00186433
524.945 0.0403343 0.00183355
525.294 0.04023 0.00183097
525.643 0.0387095 0.00179203
525.992 0.0386708 0.00178807
526.341 0.0376576 0.00175349
526.69 0.0399705 0.00182076
527.039 0.0398172 0.00183497
527.388 0.0365303 0.0017699
527.737 0.0396495 0.00178781
528.086 0.0353003 0.00162484
528.434 0.0329771 0.00154173
528.783 0.0356453 0.00164669
529.132 0.0355807 0.00167651
529.48 0.0373993 0.00174093
529.829 0.0376028 0.00175528
530.177 0.0381653 0.00178651
530.526 0.0400945 0.00183561
530.874 0.0381638 0.00177379
531.223 0.0381005 0.00176976
531.571 0.0398986 0.00182664
531.919 0.0373964 0.00175105
532.268 0.0376178 0.0017026
532.616 0.0334481 0.00155415
532.964 0.0342132 0.00154851
533.312 0.0332334 0.00152696
533.66 0.0327907 0.0015236
534.008 0.0326621 0.00151715
534.356 0.0323842 0.00151168
534.704 0.0343831 0.00157179
535.052 0.03345 0.00157117
535.4 0.034726 0.00163469
535.748 0.036926 0.00172581
536.095 0.0409628 0.00186376
536.443 0.0409443 0.00186566
536.791 0.0373808 0.00174492
537.139 0.0365181 0.00168496
537.486 0.035143 0.0016147
537.834 0.0339179 0.0015779
538.181 0.0350121 0.00159395
538.529 0.033096 0.00155845
538.876 0.0348096 0.00159414
539.223 0.0362753 0.00165487
539.571 0.0379779 0.00172949
539.918 0.0377763 0.00171878
540.265 0.0340403 0.00159941
540.613 0.0346927 0.00158689
540.96 0.0339948 0.0015903
541.307 0.0369794 0.00166166
541.654 0.034822 0.00161206
542.001 0.0357849 0.00163929
542.348 0.0374328 0.00167629
542.695 0.0373566 0.0016767
543.042 0.0342524 0.00158089
543.388 0.0335531 0.00154488
543.735 0.0335805 0.00154336
544.082 0.0345214 0.00156245
544.429 0.0331592 0.00153837
544.775 0.0350375 0.00161616
545.122 0.0369895 0.0017098
545.469 0.0394368 0.00179433
545.815 0.0373782 0.00173676
546.162 0.0364029 0.00170031
546.508 0.0352693 0.00163926
546.854 0.0331647 0.00153068
547.201 0.02998 0.00140205
547.547 0.0306945 0.00141455
547.893 0.0307927 0.00144863
548.24 0.0338359 0.00159985
548.586 0.0387817 0.00178401
548.932 0.0422221 0.00188916
549.278 0.0417776 0.00188052
549.624 0.0389323 0.00180566
549.97 0.0377516 0.00179471
550.316 0.0402566 0.00189029
550.662 0.0429918 0.00197356
551.008 0.0376417 0.00175114
551.353 0.0336852 0.00156805
551.699 0.0325479 0.00150725
552.045 0.0353904 0.00161402
552.391 0.0358494 0.00165811
552.736 0.0369019 0.00168996
553.082 0.0353361 0.00165615
553.427 0.037167 0.00172853
553.773 0.0369893 0.00178149
554.118 0.0378469 0.00180213
554.464 0.0362766 0.00171908
554.809 0.0347744 0.00161626
555.154 0.0337198 0.00157013
555.5 0.0344978 0.00159174
555.845 0.0355451 0.00167854
556.19 0.039043 0.00180693
556.535 0.0422053 0.00192087
556.88 0.0409753 0.00186215
557.225 0.0395281 0.00182219
557.57 0.0404912 0.00188024
557.915 0.0464276 0.00206794
558.26 0.0435352 0.00202717
558.605 0.0449018 0.00205144
558.95 0.0420533 0.00194153
559.295 0.0364794 0.00171186
559.639 0.0351153 0.00161633
559.984 0.0332051 0.00151168
560.329 0.0304784 0.00144294
560.673 0.0339503 0.00152819
561.018 0.0343176 0.00158153
561.362 0.0363246 0.00167049
561.707 0.0359463 0.00170343
562.051 0.0367743 0.00170193
562.395 0.0361574 0.0016653
562.74 0.0357617 0.0016233
563.084 0.0345771 0.00157647
563.428 0.0331675 0.00151176
563.772 0.034758 0.00155475
564.117 0.0333962 0.00151285
564.461 0.0305954 0.00144344
564.805 0.0323704 0.00149765
565.149 0.0317993 0.00147754
565.493 0.0329326 0.00150594
565.836 0.0317357 0.00144992
566.18 0.0297381 0.00138303
566.524 0.0266059 0.00121989
566.868 0.0244465 0.00113798
567.212 0.023389 0.00109415
567.555 0.0231699 0.00107525
567.899 0.0210593 0.000977613
568.242 0.0194693 0.000901599
568.586 0.0168316 0.000784477
568.929 0.0152109 0.00069805
569.273 0.0125564 0.000599626
569.616 0.0134396 0.000621231
569.96 0.0130976 0.000600888
570.303 0.0119585 0.000556323
570.646 0.0108535 0.000523415
570.989 0.0116245 0.00052491
571.333 0.0111987 0.00052162
571.676 0.0124152 0.000569749
572.019 0.0142649 0.000660384
572.362 0.0126845 0.00058758
572.705 0.0107279 0.000501543
573.048 0.0099787 0.00046042
573.391 0.00914626 0.000426414
573.733 0.00889932 0.000414775
574.076 0.00863939 0.000404156
574.419 0.00925958 0.000431164
574.762 0.010026 0.000472557
575.104 0.0118144 0.000549116
575.447 0.0113917 0.000531923
575.789 0.0103017 0.000475463
576.132 0.00957747 0.000433104
576.474 0.00914696 0.000418521
576.817 0.00764143 0.000353865
577.159 0.0067106 0.000313538
577.501 0.00696903 0.00032204
577.844 0.00812788 0.000372224
578.186 0.0102078 0.000467894
578.528 0.0109137 0.000503562
578.87 0.0105702 0.000497737
579.212 0.0108711 0.000487936
579.554 0.0103039 0.000459857
579.896 0.00985224 0.000452404
580.238 0.00925678 0.000413241
580.58 0.00683889 0.00031208
580.922 0.00627939 0.000287399
581.264 0.00645455 0.000291373
581.606 0.00667329 0.000309313
581.947 0.00779847 0.000354927
582.289 0.00900318 0.000423685
582.631 0.0112652 0.000525686
582.972 0.0119862 0.000578613
583.314 0.0125222 0.000584889
583.655 0.012325 0.000560942
583.997 0.00921292 0.000442693
584.338 0.0087327 0.000400878
584.679 0.00775062 0.000362353
585.021 0.00848699 0.000389598
585.362 0.00974018 0.000448466
585.703 0.0107935 0.000507773
586.044 0.0118849 0.000534814
586.385 0.00982238 0.000460071
586.726 0.00993617 0.000441948
587.067 0.0100567 0.00046207
587.408 0.0116201 0.00052517
587.749 0.0125487 0.000571625
588.09 0.0132479 0.000611815
588.431 0.0146572 0.000681868
588.772 0.0168274 0.000759853
589.113 0.0160164 0.000728516
589.453 0.0154245 0.00071105
589.794 0.0159122 0.000746934
590.134 0.0185386 0.000849244
590.475 0.0189827 0.000879329
590.815 0.0198241 0.000890291
591.156 0.0178894 0.000846936
591.496 0.0187084 0.000839703
591.837 0.0136163 0.00061628
592.177 0.0109226 0.000501406
592.517 0.00982644 0.000455323
592.857 0.0113893 0.000516838
593.198 0.0123957 0.000573678
593.538 0.0155797 0.00070949
593.878 0.0157126 0.000735276
594.218 0.0160412 0.000718961
594.558 0.014769 0.000664221
594.898 0.0147348 0.000682136
595.237 0.0178714 0.000797815
595.577 0.0180783 0.000854254
595.917 0.0209905 0.000966462
596.257 0.0190943 0.000883154
596.596 0.0184 0.00084516
596.936 0.0182734 0.00082827
597.276 0.0190977 0.000879843
597.615 0.0180383 0.000839934
597.955 0.0141072 0.000653284
598.294 0.0124027 0.000574698
598.633 0.0129491 0.000589166
598.973 0.0135012 0.000624272
599.312 0.0143307 0.000641201
599.651 0.0137401 0.000632826
599.991 0.0143124 0.00065998
600.33 0.0153014 0.000692944
600.669 0.0149847 0.00070539
601.008 0.0166943 0.000770279
601.347 0.0178732 0.000824174
601.686 0.0165088 0.000768958
602.025 0.0166065 0.000776375
602.364 0.0159042 0.000721929
602.702 0.0152433 0.000696629
603.041 0.0149516 0.000694502
603.38 0.0168583 0.000772731
603.719 0.0178248 0.000830768
604.057 0.0187826 0.000876764
604.396 0.0193373 0.000888212
604.734 0.0173857 0.000804366
605.073 0.0152054 0.000695931
605.411 0.0155296 0.000710138
605.75 0.0157835 0.000742056
606.088 0.0175668 0.000823836
606.426 0.0173422 0.000798484
606.764 0.0175993 0.000793325
607.103 0.0176088 0.000818685
607.441 0.0191691 0.000883669
607.779 0.0187876 0.00089604
608.117 0.020051 0.000919346
608.455 0.0215668 0.000993904
608.793 0.0220249 0.00101409
609.131 0.0177509 0.000849343
609.469 0.0178605 0.000831403
609.806 0.0190659 0.000870551
610.144 0.0219681 0.00100785
610.482 0.0222395 0.00102459
610.819 0.0220088 0.00101703
611.157 0.0217827 0.00101712
611.495 0.0238131 0.00110074
611.832 0.0237954 0.00110361
612.17 0.0227775 0.0010719
612.507 0.0240773 0.00108975
612.844 0.0242428 0.00110498
613.182 0.0244557 0.00111238
613.519 0.0231629 0.00107591
613.856 0.0234793 0.00108042
614.193 0.0224372 0.00104285
614.53 0.0213011 0.000994932
614.867 0.0222552 0.00101587
615.205 0.0241476 0.00111116
615.541 0.0244445 0.00115838
615.878 0.0282406 0.00129794
616.215 0.0269037 0.00125392
616.552 0.0268474 0.0012654
616.889 0.0258548 0.00121328
617.226 0.0253428 0.00118888
617.562 0.0281428 0.00129267
617.899 0.0299956 0.00141514
618.235 0.033753 0.0015785
618.572 0.0375618 0.00172688
618.908 0.0356512 0.001624
619.245 0.0330906 0.00150074
619.581 0.0306167 0.00141825
619.918 0.0361778 0.00166975
620.254 0.0447303 0.00209446
620.59 0.0486103 0.00221628
620.926 0.0422357 0.0019262
621.262 0.0332925 0.00161517
621.599 0.0361997 0.00169187
621.935 0.0353812 0.00165158
622.271 0.0330413 0.00153619
622.606 0.0322887 0.00148578
622.942 0.0358452 0.00160428
623.278 0.0318564 0.00155647
623.614 0.0327165 0.00150321
623.95 0.0336802 0.00151908
624.285 0.0317795 0.0015031
624.621 0.0367844 0.00170499
624.957 0.0392275 0.00181547
625.292 0.0425722 0.00194847
625.628 0.0441934 0.00204529
625.963 0.0425769 0.00202086
626.299 0.0436618 0.00200431
626.634 0.0422776 0.00194134
626.969 0.0437773 0.00201201
627.304 0.0506652 0.00234624
627.64 0.0587878 0.00271084
627.975 0.0560157 0.00259321
628.31 0.0508101 0.00233455
628.645 0.0492681 0.00224627
628.98 0.0515182 0.00234747
629.315 0.051273 0.00238675
629.65 0.0503641 0.00238438
629.985 0.0511004 0.00239499
630.319 0.0558412 0.00261311
630.654 0.056767 0.0026647
630.989 0.0574421 0.00266737
631.323 0.0567562 0.00269733
631.658 0.0695937 0.00310857
631.993 0.0699187 0.00325073
632.327 0.0718369 0.00330758
632.662 0.0720866 0.00329537
632.996 0.0662267 0.00308854
633.33 0.0648354 0.00301069
633.665 0.0724743 0.00329459
633.999 0.0735146 0.00341895
634.333 0.0742067 0.00343432
634.667 0.0761295 0.00349056
635.001 0.0708653 0.00328566
635.335 0.0662146 0.00305516
635.669 0.0630225 0.00287
636.003 0.0618929 0.00288377
636.337 0.0706303 0.00323459
636.671 0.0755957 0.00352115
637.005 0.0814276 0.0037537
637.339 0.0795412 0.00369356
637.672 0.0777238 0.00351781
638.006 0.0674355 0.00319259
638.339 0.0708741 0.00332069
638.673 0.07748 0.00358255
639.006 0.0802229 0.00375992
639.34 0.0837814 0.00384027
639.673 0.082387 0.00386253
640.007 0.0830995 0.00386945
640.34 0.0885642 0.00406433
640.673 0.0860484 0.00403672
641.006 0.0865491 0.00410795
641.34 0.0905944 0.00424863
641.673 0.096631 0.00449267
642.006 0.0999895 0.00464882
642.339 0.0985577 0.0045338
642.672 0.0944266 0.00441048
643.004 0.0974577 0.00450628
643.337 0.10176 0.004753
643.67 0.1063 0.00485655
644.003 0.099164 0.00464475
644.336 0.0976012 0.00458869
644.668 0.0995086 0.00462501
645.001 0.100074 0.0047183
645.333 0.106515 0.0049875
645.666 0.112959 0.00524211
645.998 0.114057 0.0053878
646.331 0.127227 0.00577685
646.663 0.115727 0.00545289
646.995 0.109309 0.00497635
647.327 0.0874145 0.00408675
647.66 0.0775742 0.00363918
647.992 0.0762569 0.00355303
648.324 0.0746215 0.00350174
648.656 0.0813124 0.00370618
648.988 0.0850135 0.00394046
649.32 0.0986396 0.0045403
649.652 0.106747 0.00494478
649.983 0.1118 0.00516944
650.315 0.110703 0.00517715
650.647 0.112898 0.0051083
650.979 0.0975155 0.004531
651.31 0.0894403 0.00417244
651.642 0.0839381 0.00395131
651.973 0.0878331 0.00403925
652.305 0.0871675 0.00400864
652.636 0.0891699 0.00411061
652.967 0.0949319 0.00433719
653.299 0.0986439 0.00452424
653.63 0.0967735 0.00443049
653.961 0.082766 0.00380623
654.292 0.0487016 0.00224103
654.623 0.00629819 0.000292106
654.955 0.00636921 0.000288356
655.286 0.00643918 0.000289927
655.616 0.00630172 0.000286806
655.947 0.00648275 0.000290888
656.278 0.0065934 0.00029335
656.609 0.00689629 0.000313958
656.94 0.0118409 0.000544375
657.27 0.0165097 0.000753606
657.601 0.0208197 0.000976083
657.932 0.0316251 0.0014389
658.262 0.0438676 0.00206439
658.593 0.0655037 0.00302603
658.923 0.0926487 0.004208
659.254 0.10835 0.00502673
659.584 0.121768 0.00565789
659.914 0.134103 0.00621766
660.244 0.147244 0.0066779
660.575 0.135865 0.00636776
660.905 0.13576 0.00637476
661.235 0.138182 0.00634136
661.565 0.132374 0.00616202
661.895 0.132478 0.00612924
662.225 0.137846 0.00635067
662.555 0.135808 0.00639107
662.884 0.12937 0.00616804
663.214 0.13102 0.00612161
663.544 0.126162 0.00594456
663.873 0.129473 0.00593282
664.203 0.123647 0.00573468
664.533 0.126755 0.00564903
664.862 0.110767 0.00524402
665.192 0.123495 0.00569642
665.521 0.132545 0.00622182
665.85 0.142116 0.00663392
666.18 0.15464 0.00720513
666.509 0.15601 0.00719396
666.838 0.147373 0.00682668
667.167 0.148683 0.0067689
667.496 0.140185 0.00668589
667.825 0.139954 0.00671398
668.154 0.151427 0.00697215
668.483 0.143173 0.0067334
668.812 0.135462 0.00642752
669.141 0.137696 0.00641566
669.47 0.134741 0.00626833
669.798 0.138694 0.00642468
670.127 0.137348 0.00639943
670.456 0.115169 0.00552862
670.784 0.102118 0.00466962
671.113 0.0818597 0.00383781
671.441 0.0739044 0.00348447
671.77 0.0754641 0.00357951
672.098 0.0858401 0.00396787
672.426 0.104558 0.00486864
672.755 0.122641 0.00560643
673.083 0.125234 0.00574546
673.411 0.116239 0.00552424
673.739 0.117749 0.00564136
674.067 0.139955 0.00647519
674.395 0.137881 0.00642629
674.723 0.131038 0.00610168
675.051 0.121869 0.00579919
675.379 0.12456 0.00585803
675.706 0.130033 0.00605117
676.034 0.123429 0.00602855
676.362 0.13551 0.00634714
676.689 0.123143 0.00568354
677.017 0.103992 0.00487998
677.344 0.0962615 0.00451018
677.672 0.102506 0.00473396
677.999 0.102092 0.00478191
678.327 0.10069 0.00465428
678.654 0.0880937 0.00416399
678.981 0.089863 0.00407908
679.308 0.0878312 0.00406486
679.636 0.0963512 0.00445646
679.963 0.108172 0.00495826
680.29 0.109346 0.00499864
680.617 0.0990662 0.0046693
680.944 0.0979667 0.00457444
681.271 0.107607 0.00493236
681.597 0.121778 0.00560195
681.924 0.1383 0.00635825
682.251 0.128984 0.0061162
682.578 0.119995 0.00558922
682.904 0.107373 0.00493344
683.231 0.0938408 0.00442862
683.557 0.0870764 0.00417049
683.884 0.0847483 0.00399698
684.21 0.0831723 0.00386693
684.536 0.0788762 0.00364267
684.863 0.0773105 0.00355215
685.189 0.0797506 0.00366864
685.515 0.086915 0.00403719
685.841 0.0913945 0.00427549
686.167 0.0908368 0.00426666
686.493 0.0895668 0.0041861
686.819 0.0846323 0.00409224
687.145 0.0979971 0.00459579
687.471 0.109364 0.00522098
687.797 0.128615 0.00585181
688.123 0.120634 0.00563287
688.448 0.114946 0.00531809
688.774 0.106301 0.00496049
689.1 0.110201 0.00513617
689.425 0.125175 0.00570368
689.751 0.126897 0.0058357
690.076 0.109965 0.00512992
690.402 0.0927266 0.00440116
690.727 0.0938274 0.00429053
691.052 0.0921854 0.00436432
691.377 0.105828 0.00481648
691.703 0.104191 0.00490008
692.028 0.101887 0.00484833
692.353 0.105529 0.00482993
692.678 0.103845 0.00482807
693.003 0.113951 0.00524983
693.328 0.130052 0.00602252
693.652 0.140332 0.00653847
693.977 0.128844 0.00611542
694.302 0.12085 0.0055845
694.627 0.11607 0.00539643
694.951 0.120441 0.00569477
695.276 0.152181 0.00701741
695.6 0.155252 0.00720707
695.925 0.118418 0.00552429
696.249 0.0938904 0.0043374
696.574 0.0822369 0.00384709
696.898 0.0890559 0.00418564
697.222 0.0995585 0.00467782
697.546 0.111241 0.00514362
697.871 0.120201 0.00545938
698.195 0.116828 0.00542169
698.519 0.123416 0.00571346
698.843 0.132566 0.00609096
699.167 0.146992 0.00665485
699.491 0.147622 0.00692307
699.814 0.150768 0.007053
700.138 0.156872 0.00721635
700.462 0.156553 0.00732819
700.786 0.150905 0.00709925
701.109 0.147257 0.00684005
701.433 0.142021 0.00648471
701.756 0.129562 0.00597264
702.08 0.129661 0.00597544
702.403 0.134103 0.00620071
702.726 0.146082 0.00674636
703.05 0.155153 0.00712237
703.373 0.156229 0.00723035
703.696 0.149356 0.00707547
704.019 0.165568 0.00770949
704.342 0.187168 0.00849597
704.665 0.191669 0.00895249
704.988 0.196314 0.00900109
705.311 0.169111 0.00784084
705.634 0.142482 0.0064619
705.957 0.107529 0.00508422
706.28 0.0961432 0.0044536
706.602 0.0923811 0.00432032
706.925 0.104377 0.00468884
707.247 0.11215 0.00505396
707.57 0.111113 0.00522893
707.892 0.117334 0.00555668
708.215 0.130396 0.00614406
708.537 0.140517 0.00653502
708.859 0.136543 0.00647879
709.182 0.134929 0.00637372
709.504 0.126136 0.00600035
709.826 0.129783 0.00601007
710.148 0.129002 0.00601613
710.47 0.143007 0.00651433
710.792 0.140459 0.00669459
711.114 0.153613 0.00723574
711.436 0.155471 0.00744134
711.758 0.147345 0.00712702
712.079 0.160063 0.00734337
712.401 0.134113 0.0063901
712.723 0.129128 0.0060426
713.044 0.109914 0.00525232
713.366 0.115351 0.00532074
713.687 0.114472 0.00534348
714.009 0.117931 0.00557079
714.33 0.128041 0.0059348
714.652 0.133359 0.00622895
714.973 0.139136 0.00658288
715.294 0.163294 0.00749827
715.615 0.174003 0.0082352
715.936 0.182334 0.00855367
716.257 0.185397 0.00870822
716.578 0.189779 0.00886972
716.899 0.172188 0.00826035
717.22 0.165749 0.00758158
717.541 0.148965 0.00699482
717.862 0.143242 0.0068361
718.182 0.142126 0.00679601
718.503 0.145373 0.0067238
718.824 0.143097 0.00676598
719.144 0.153986 0.0071309
719.465 0.158945 0.00741029
719.785 0.164208 0.0073766
720.105 0.149298 0.00694133
720.426 0.13999 0.00663809
720.746 0.151987 0.007034
721.066 0.151052 0.00702499
721.386 0.153025 0.00714316
721.706 0.16326 0.00759275
722.026 0.181227 0.00821191
722.346 0.181677 0.00829049
722.666 0.160325 0.00768619
722.986 0.166097 0.00762927
723.306 0.161328 0.00757766
723.626 0.165056 0.00781667
723.946 0.172976 0.00798602
724.265 0.140441 0.00681118
724.585 0.135279 0.00633236
724.904 0.130872 0.0061821
725.224 0.134156 0.00627588
725.543 0.135432 0.00630433
725.863 0.134645 0.00634623
726.182 0.151406 0.00700284
726.501 0.158489 0.00727766
726.82 0.147703 0.0070719
727.14 0.151671 0.00688872
727.459 0.138233 0.00637811
727.778 0.135523 0.00627777
728.097 0.137558 0.00641122
728.416 0.1377 0.00634204
728.734 0.130948 0.00598798
729.053 0.130146 0.0059111
729.372 0.12369 0.00575071
729.691 0.111262 0.00531672
730.009 0.106832 0.00495935
730.328 0.0973757 0.00459544
730.647 0.101978 0.00470817
730.965 0.102971 0.00489679
731.283 0.115123 0.00537218
731.602 0.116945 0.00547757
731.92 0.115424 0.00534513
732.238 0.111136 0.00511859
732.557 0.106218 0.00495821
732.875 0.10257 0.0047542
733.193 0.0819623 0.00399645
733.511 0.085971 0.00399947
733.829 0.0932204 0.00428959
734.147 0.106014 0.00487535
734.465 0.110383 0.00520109
734.782 0.112752 0.00525183
735.1 0.110262 0.00504804
735.418 0.102878 0.00487208
735.735 0.106595 0.00497424
736.053 0.104179 0.00486305
736.371 0.108515 0.00501451
736.688 0.108301 0.00519211
737.005 0.130886 0.00605557
737.323 0.135857 0.00640543
737.64 0.136682 0.00643219
737.957 0.120006 0.00571423
738.274 0.107404 0.00496169
738.592 0.104159 0.00476721
738.909 0.107391 0.00496254
739.226 0.128326 0.00590851
739.543 0.149818 0.00688152
739.86 0.157698 0.00747064
740.176 0.179107 0.00816834
740.493 0.180886 0.00845669
740.81 0.181237 0.00849156
741.127 0.171013 0.00816145
741.443 0.158797 0.00745183
741.76 0.148169 0.00695961
742.076 0.147497 0.00700525
742.393 0.171192 0.00795185
742.709 0.189266 0.00882388
743.025 0.19388 0.00909536
743.342 0.191168 0.00894854
743.658 0.187539 0.00869263
743.974 0.171687 0.00808709
744.29 0.172417 0.00809603
744.606 0.17491 0.00824151
744.922 0.182614 0.00843612
745.238 0.182617 0.00846182
745.554 0.191675 0.00887888
745.87 0.187746 0.00887997
746.186 0.169857 0.00809834
746.501 0.160129 0.00757375
746.817 0.156241 0.0076004
747.132 0.194291 0.00909749
747.448 0.207506 0.00977119
747.763 0.204519 0.00955571
748.079 0.190644 0.00884194
748.394 0.167399 0.00772385
748.71 0.146315 0.00672268
749.025 0.1276 0.00591078
749.34 0.124304 0.00575809
749.655 0.127193 0.00595205
749.97 0.142539 0.00652771
750.285 0.146496 0.00663817
750.6 0.135395 0.00624528
750.915 0.129526 0.00595662
751.23 0.131525 0.0061206
751.545 0.13879 0.00654573
751.859 0.156989 0.00722392
752.174 0.152181 0.0071955
752.489 0.138287 0.00651383
752.803 0.124568 0.00581118
753.118 0.122177 0.00571196
753.432 0.128406 0.00605219
753.747 0.134007 0.00641195
754.061 0.126785 0.00602542
754.375 0.11841 0.0055793
754.689 0.110944 0.00523244
755.004 0.114218 0.00530053
755.318 0.104949 0.00497016
755.632 0.0982857 0.00457519
755.946 0.0915603 0.00433609
756.26 0.0877581 0.00405532
756.573 0.0796052 0.00369542
756.887 0.0748321 0.00347385
757.201 0.077852 0.00361844
757.515 0.0954196 0.00438814
757.828 0.103098 0.00489187
758.142 0.106802 0.00496249
758.455 0.0913813 0.00426299
758.769 0.0807389 0.00379474
759.082 0.0744416 0.00354464
759.396 0.0731033 0.00345984
759.709 0.0700973 0.00336168
760.022 0.0719473 0.00343581
760.335 0.0817716 0.00385539
760.648 0.0955363 0.00447901
760.962 0.108422 0.00512158
761.275 0.121775 0.00569673
761.587 0.134278 0.00605989
761.9 0.125053 0.00586282
762.213 0.11877 0.00552706
762.526 0.109542 0.00511651
762.839 0.109005 0.00508353
763.151 0.0992436 0.00471048
763.464 0.0841253 0.00410192
763.776 0.0779231 0.00366702
764.089 0.0756536 0.00353691
764.401 0.0823324 0.00382083
764.714 0.0948398 0.00434196
765.026 0.107596 0.00493628
765.338 0.119362 0.00553595
765.65 0.138026 0.00640741
765.962 0.146348 0.00690445
766.275 0.158598 0.00744475
766.587 0.152554 0.00732563
766.898 0.153959 0.00712309
767.21 0.133729 0.00624623
767.522 0.114624 0.00536552
767.834 0.107768 0.00501199
768.146 0.102953 0.00493414
768.457 0.119097 0.0056312
768.769 0.139743 0.00642458
769.08 0.133313 0.00630338
769.392 0.121803 0.00580728
769.703 0.110088 0.00523524
770.015 0.107207 0.00496917
770.326 0.106706 0.00496718
770.637 0.113012 0.00529671
770.948 0.125169 0.00598128
771.26 0.150003 0.00695912
771.571 0.151622 0.00707326
771.882 0.155397 0.00698677
772.193 0.144735 0.00681115
772.504 0.154555 0.00721455
772.814 0.157505 0.00742839
773.125 0.159946 0.00764068
773.436 0.172558 0.00816417
773.747 0.190502 0.00877127
774.057 0.195509 0.00907587
774.368 0.204176 0.00942074
774.678 0.208594 0.00977036
774.989 0.223772 0.0102784
775.299 0.222904 0.0106037
775.609 0.224403 0.0105206
775.919 0.233682 0.0106479
776.23 0.213538 0.0101909
776.54 0.215503 0.010151
776.85 0.229066 0.0105756
777.16 0.208874 0.00979873
777.47 0.193365 0.0089381
777.78 0.178301 0.00820464
778.089 0.155417 0.00727504
778.399 0.157846 0.00728521
778.709 0.171803 0.00795113
779.019 0.190846 0.0089307
779.328 0.217064 0.0100397
779.638 0.214057 0.0098381
779.947 0.173825 0.00808163
780.257 0.143588 0.00670049
780.566 0.130819 0.00615625
780.875 0.145041 0.00663044
781.185 0.156043 0.00731347
781.494 0.161343 0.00755946
781.803 0.172941 0.0080356
782.112 0.185346 0.00844053
782.421 0.171693 0.00801698
782.73 0.165388 0.00766122
783.039 0.170748 0.00788314
783.348 0.199452 0.00920004
783.656 0.207358 0.00989599
783.965 0.224123 0.0104425
784.274 0.207544 0.00966712
784.582 0.195811 0.00909826
784.891 0.194457 0.00901328
785.199 0.199662 0.00927148
785.508 0.217003 0.00993193
785.816 0.209984 0.00994761
786.124 0.206193 0.00963981
786.432 0.185282 0.00868921
786.741 0.172245 0.00805773
787.049 0.173386 0.0080366
787.357 0.173065 0.00815204
787.665 0.173681 0.00811736
787.973 0.171589 0.00814168
788.281 0.186807 0.00867194
788.588 0.207991 0.0096376
788.896 0.23252 0.0108238
789.204 0.248699 0.0116488
789.511 0.250207 0.0117157
789.819 0.259729 0.0121541
790.126 0.258335 0.0121266
790.434 0.261927 0.0122078
790.741 0.272975 0.0124311
791.049 0.262785 0.012184
791.356 0.270377 0.0127599
791.663 0.273131 0.0130561
791.97 0.282571 0.0133143
792.277 0.27217 0.0128242
792.584 0.236522 0.0113245
792.891 0.191056 0.00900226
793.198 0.166493 0.00780076
793.505 0.161636 0.00753573
793.812 0.167955 0.00789889
794.119 0.180401 0.00837454
794.425 0.193733 0.00893624
794.732 0.20694 0.0096568
795.038 0.250705 0.0117428
795.345 0.293352 0.0136596
795.651 0.345082 0.0156095
795.958 0.318319 0.0150224
796.264 0.28017 0.0131515
796.57 0.259232 0.0121877
796.876 0.262148 0.0121508
797.183 0.267292 0.0124963
797.489 0.282315 0.0133698
797.795 0.296535 0.013825
798.101 0.298632 0.0138124
798.406 0.310788 0.0141656
798.712 0.315246 0.0146882
799.018 0.313349 0.0148727
799.324 0.324264 0.0151693
799.629 0.318862 0.0151102
799.935 0.31164 0.0150489
800.24 0.345892 0.016156
800.546 0.336267 0.015935
800.851 0.352459 0.0164627
801.157 0.383536 0.0179087
801.462 0.371652 0.0178001
801.767 0.407445 0.0187262
802.072 0.379603 0.0173739
802.377 0.334175 0.0156865
802.682 0.314585 0.0149746
802.987 0.357525 0.0164073
803.292 0.372888 0.0171845
803.597 0.375156 0.0173834
803.902 0.358932 0.0169606
804.207 0.355807 0.0167809
804.511 0.342368 0.0162087
804.816 0.299175 0.0142364
805.12 0.263539 0.0124847
805.425 0.23663 0.0111426
805.729 0.254113 0.0116373
806.034 0.261929 0.0122723
806.338 0.289353 0.0136339
806.642 0.295264 0.0141231
806.946 0.297211 0.0140263
807.251 0.302127 0.0142718
807.555 0.294071 0.0138562
807.859 0.305497 0.0140156
808.162 0.305322 0.0144182
808.466 0.321086 0.0152889
808.77 0.35814 0.0165749
809.074 0.392137 0.0179368
809.378 0.383691 0.0177736
809.681 0.373531 0.0173986
809.985 0.369319 0.0175801
810.288 0.384893 0.0181471
810.592 0.376513 0.0178139
810.895 0.419175 0.0192424
811.198 0.458714 0.0210196
811.502 0.446545 0.0210405
811.805 0.476766 0.0223381
812.108 0.441099 0.020508
812.411 0.389613 0.0187031
812.714 0.352632 0.0165789
813.017 0.305314 0.0145992
813.32 0.305988 0.0145935
813.623 0.360312 0.0163363
813.926 0.379347 0.0179765
814.228 0.415371 0.0198167
814.531 0.461014 0.0215465
814.833 0.457613 0.0213018
815.136 0.465472 0.0216146
815.438 0.488392 0.0223929
815.741 0.418478 0.0198688
816.043 0.434485 0.019999
816.345 0.429433 0.0197487
816.648 0.403967 0.0193102
816.95 0.447259 0.0206305
817.252 0.437932 0.0208729
817.554 0.471847 0.0217123
817.856 0.472696 0.022196
818.158 0.474325 0.0224273
818.46 0.499946 0.0236089
818.761 0.515478 0.0238855
819.063 0.494702 0.022993
819.365 0.457623 0.0214613
819.666 0.41351 0.0193805
819.968 0.371489 0.0177634
820.269 0.396997 0.0181647
820.571 0.400704 0.0187277
820.872 0.43988 0.0203639
821.173 0.452959 0.0214853
821.475 0.501588 0.0234792
821.776 0.467072 0.0225397
822.077 0.472331 0.0225342
822.378 0.50618 0.0234905
822.679 0.475565 0.0231417
822.98 0.514156 0.0238388
823.281 0.565767 0.0258177
823.581 0.520328 0.0245094
823.882 0.553234 0.025596
824.183 0.524602 0.0246719
824.483 0.498989 0.0232065
824.784 0.444466 0.0210023
825.084 0.474848 0.0220974
825.385 0.485291 0.022632
825.685 0.510761 0.0237176
825.985 0.49807 0.0232209
826.286 0.504502 0.0230494
826.586 0.466816 0.0217369
826.886 0.482674 0.022144
827.186 0.483299 0.0224837
827.486 0.50933 0.0238565
827.786 0.506669 0.0241567
828.086 0.549065 0.0248943
828.386 0.503609 0.0235301
828.685 0.482317 0.0228998
828.985 0.544303 0.0250539
829.285 0.542222 0.0251785
829.584 0.554404 0.0258712
829.884 0.563311 0.0264757
830.183 0.61653 0.029142
830.482 0.627243 0.0290733
830.782 0.616385 0.0289431
831.081 0.648134 0.0308025
831.38 0.613519 0.0289996
831.679 0.613965 0.029076
831.978 0.617099 0.0291966
832.277 0.595223 0.0277503
832.576 0.628878 0.0279875
832.875 0.571633 0.026667
833.174 0.543905 0.025849
833.472 0.547925 0.0261406
833.771 0.596764 0.027652
834.07 0.528172 0.0253961
834.368 0.574269 0.0267403
834.667 0.594572 0.0279274
834.965 0.644778 0.0295192
835.263 0.606894 0.0286775
835.562 0.625157 0.029119
835.86 0.638236 0.0291505
836.158 0.671769 0.0302467
836.456 0.64452 0.0304073
836.754 0.657525 0.0306267
837.052 0.722786 0.0331302
837.35 0.67473 0.0313892
837.648 0.668907 0.031668
837.946 0.717577 0.0330793
838.243 0.676409 0.0321256
838.541 0.664743 0.0310107
838.839 0.638691 0.0304415
839.136 0.615488 0.0298205
839.434 0.612495 0.0295671
839.731 0.681794 0.0320345
840.028 0.623996 0.0299445
840.326 0.663622 0.0312689
840.623 0.694134 0.0319505
840.92 0.660325 0.0314626
841.217 0.744249 0.0343399
841.514 0.733941 0.0342918
841.811 0.698197 0.0323423
842.108 0.705605 0.0334692
842.405 0.712054 0.0338728
842.701 0.722324 0.0342734
842.998 0.677236 0.0321648
843.295 0.694489 0.0332841
843.591 0.73119 0.0342269
843.888 0.743697 0.0341192
844.184 0.744707 0.0343402
844.481 0.661774 0.0318407
844.777 0.693302 0.03275
845.073 0.714928 0.0335075
845.369 0.74572 0.0345648
845.665 0.674971 0.033365
845.962 0.673045 0.0326636
846.258 0.728374 0.0346378
846.553 0.799872 0.0363507
846.849 0.742409 0.035081
847.145 0.68701 0.0326501
847.441 0.739407 0.0340755
847.737 0.683369 0.0324873
848.032 0.72203 0.0340315
848.328 0.682257 0.033233
848.623 0.754873 0.0354237
848.919 0.755885 0.0346576
849.214 0.703468 0.0330529
849.509 0.735971 0.0343122
849.805 0.778549 0.0359988
850.1 0.802895 0.0373747
850.395 0.757851 0.0361909
850.69 0.806725 0.0375994
850.985 0.725038 0.0343801
851.28 0.723171 0.0341933
851.575 0.730587 0.0347879
851.869 0.734473 0.0347612
852.164 0.758526 0.0347995
852.459 0.664762 0.0316841
852.753 0.638889 0.0306292
853.048 0.61778 0.0285563
853.342 0.620313 0.0284162
853.637 0.586134 0.0281185
853.931 0.612979 0.0284467
854.225 0.616511 0.0284031
854.52 0.637337 0.0299549
854.814 0.616635 0.0295623
855.108 0.604761 0.0283264
855.402 0.661848 0.0301755
855.696 0.67673 0.0313863
855.99 0.672296 0.0317878
856.283 0.681875 0.031311
856.577 0.690352 0.0322253
856.871 0.682015 0.031777
857.164 0.684901 0.0321905
857.458 0.746293 0.0347184
857.751 0.717963 0.0334625
858.045 0.649234 0.0314345
858.338 0.754526 0.0344414
858.632 0.711851 0.0326874
858.925 0.71246 0.0335596
859.218 0.733551 0.0339077
859.511 0.784163 0.0365253
859.804 0.741576 0.0351644
860.097 0.728835 0.0339375
860.39 0.779354 0.0361238
860.683 0.791611 0.0362526
860.976 0.770353 0.036049
861.268 0.733265 0.0346269
861.561 0.751828 0.0360673
861.854 0.845222 0.0393813
862.146 0.773158 0.0363273
862.439 0.785429 0.0364164
862.731 0.755645 0.0348446
863.023 0.75143 0.0358728
863.316 0.763001 0.0354957
863.608 0.741148 0.0351666
863.9 0.745415 0.0352901
864.192 0.703245 0.0334643
864.484 0.766194 0.0357656
864.776 0.785168 0.036527
865.068 0.761181 0.0357421
865.36 0.740143 0.0351526
865.651 0.772045 0.0368452
865.943 0.795231 0.0367032
866.235 0.769311 0.036283
866.526 0.811845 0.0382771
866.818 0.79752 0.0366654
867.109 0.747611 0.0352819
867.4 0.805639 0.0373305
867.692 0.804531 0.0375086
867.983 0.767129 0.0362718
868.274 0.782995 0.0371046
868.565 0.758279 0.0360485
868.856 0.783999 0.0368946
869.147 0.763091 0.0363007
869.438 0.770699 0.0363829
869.729 0.775501 0.0367145
870.02 0.825597 0.0393753
870.31 0.789915 0.0373137
870.601 0.729389 0.035339
870.892 0.724017 0.0348472
871.182 0.775527 0.0359137
871.473 0.79484 0.0371485
871.763 0.758585 0.0354212
872.053 0.798675 0.0367733
872.343 0.769865 0.0360483
872.634 0.77466 0.0365239
872.924 0.744177 0.0350867
873.214 0.817481 0.0375268
873.504 0.806951 0.0377848
873.794 0.815062 0.0389229
874.084 0.825037 0.0390474
874.373 0.79501 0.0373656
874.663 0.745448 0.0353253
874.953 0.815152 0.0381688
875.242 0.764212 0.0364593
875.532 0.797833 0.0369466
875.821 0.751725 0.036086
876.111 0.803146 0.0371584
876.4 0.811855 0.0378266
876.689 0.7695 0.0365819
876.978 0.787367 0.0370179
877.268 0.812471 0.0376702
877.557 0.80597 0.0379521
877.846 0.805623 0.0378168
878.134 0.852631 0.0392576
878.423 0.852788 0.0392648
878.712 0.852945 0.0392721
