178.41 0.618527 0.121654
178.791 0.622443 0.122425
179.172 0.626332 0.12319
179.553 0.174379 0.174379
179.934 0.628751 0.628751
180.316 0.473538 0.473538
180.697 0.559314 0.559314
181.078 0.734451 0.734451
181.459 0.698905 0.698905
181.84 0.547226 0.547226
182.221 2.77828 2.77828
182.602 0.222801 0.222801
182.983 -2.02163 -2.02163
183.364 0.301336 0.0974083
183.744 0.532319 0.0817406
184.125 0.656703 0.0787558
184.506 0.616146 0.0624925
184.887 0.58486 0.0542936
185.268 0.553837 0.0454852
185.648 0.593833 0.0455932
186.029 0.57657 0.0428514
186.41 0.66038 0.044661
186.791 0.714758 0.0446532
187.171 0.567066 0.0340195
187.552 0.475665 0.0253498
187.932 0.530196 0.0272516
188.313 0.47674 0.0241354
188.694 0.529922 0.0254315
189.074 0.529284 0.0245042
189.455 0.509442 0.0233733
189.835 0.561462 0.0252305
190.216 0.551772 0.0243528
190.596 0.517079 0.0225614
190.977 0.510455 0.0222423
191.357 0.53227 0.0227797
191.737 0.507464 0.0219646
192.118 0.5049 0.0218016
192.498 0.484586 0.020696
192.878 0.499961 0.0211835
193.258 0.48113 0.0204221
193.639 0.487481 0.0203015
194.019 0.491724 0.0205694
194.399 0.501482 0.0205932
194.779 0.472907 0.0191964
195.159 0.506097 0.0204343
195.54 0.472705 0.0191568
195.92 0.473513 0.0192299
196.3 0.463116 0.0187421
196.68 0.487493 0.019325
197.06 0.474403 0.01895
197.44 0.471436 0.0187094
197.82 0.465097 0.0184372
198.2 0.449774 0.0181225
198.58 0.43222 0.0172964
198.959 0.4537 0.017689
199.339 0.45174 0.0177273
199.719 0.439143 0.0171436
200.099 0.449441 0.0173851
200.479 0.440087 0.0171546
200.858 0.418757 0.016487
201.238 0.41468 0.0161502
201.618 0.441878 0.0168586
201.998 0.40779 0.0158075
202.377 0.428405 0.0162018
202.757 0.411991 0.0156797
203.136 0.407499 0.0154928
203.516 0.413722 0.0153782
203.896 0.394132 0.0148249
204.275 0.383276 0.0143308
204.655 0.394775 0.0145718
205.034 0.374998 0.0140351
205.414 0.380584 0.0139623
205.793 0.370382 0.0136504
206.172 0.375048 0.0137486
206.552 0.358232 0.0132077
206.931 0.383761 0.0134607
207.31 0.367313 0.0130272
207.69 0.364296 0.01287
208.069 0.364716 0.0127069
208.448 0.361802 0.0124967
208.827 0.373072 0.0126169
209.207 0.374957 0.0126157
209.586 0.361841 0.0120688
209.965 0.356173 0.0119361
210.344 0.351553 0.0116854
210.723 0.340085 0.0113521
211.102 0.334714 0.0110672
211.481 0.322511 0.0108063
211.86 0.330135 0.0108244
212.239 0.335948 0.010809
212.618 0.330969 0.0105735
212.997 0.321273 0.0102475
213.376 0.318524 0.0101671
213.755 0.313996 0.00995285
214.134 0.311426 0.00977778
214.513 0.309374 0.00958775
214.891 0.310953 0.00954802
215.27 0.314698 0.00942475
215.649 0.313525 0.00932981
216.028 0.310479 0.00912406
216.406 0.317545 0.00913116
216.785 0.311719 0.00889979
217.164 0.314738 0.00885326
217.542 0.308109 0.00857588
217.921 0.30758 0.00845881
218.3 0.311623 0.00848407
218.678 0.305912 0.00827375
219.057 0.300317 0.00805178
219.435 0.303921 0.00796684
219.814 0.297787 0.00782792
220.192 0.294899 0.00766429
220.57 0.294884 0.00757425
220.949 0.288752 0.00736932
221.327 0.298086 0.00736297
221.705 0.295992 0.00726194
222.084 0.291475 0.00704998
222.462 0.292417 0.00697724
222.84 0.299564 0.00700368
223.218 0.292982 0.00675386
223.597 0.303344 0.00680283
223.975 0.300941 0.00665384
224.353 0.309024 0.00666855
224.731 0.310884 0.0065808
225.109 0.308045 0.00641836
225.487 0.316169 0.00641002
225.865 0.321569 0.00636566
226.243 0.323347 0.0063022
226.621 0.329447 0.00627759
226.999 0.327513 0.00613091
227.377 0.336823 0.00615707
227.755 0.335278 0.00606279
228.133 0.343526 0.00605898
228.511 0.343986 0.00599087
228.889 0.343431 0.00587157
229.266 0.341377 0.00579843
229.644 0.345808 0.00572105
230.022 0.347545 0.00566116
230.4 0.348054 0.00561191
230.777 0.348256 0.00556012
231.155 0.34948 0.00549748
231.533 0.349117 0.00541684
231.91 0.354845 0.00538716
232.288 0.356118 0.00534568
232.665 0.356677 0.005281
233.043 0.366703 0.00530416
233.42 0.366015 0.00522756
233.798 0.372568 0.00523558
234.175 0.382063 0.00523282
234.553 0.387418 0.00521326
234.93 0.394877 0.00521049
235.307 0.40475 0.00523249
235.685 0.409095 0.00521756
236.062 0.415169 0.00519473
236.439 0.421273 0.0052069
236.816 0.429126 0.00519094
237.194 0.437766 0.00518743
237.571 0.438938 0.00514914
237.948 0.446703 0.00516704
238.325 0.447531 0.00511459
238.702 0.454496 0.0051238
239.079 0.455475 0.00507843
239.456 0.455388 0.00504402
239.833 0.457917 0.00502538
240.21 0.465252 0.00501868
240.587 0.464392 0.00499082
240.964 0.460486 0.00492924
241.341 0.460277 0.00488648
241.718 0.459022 0.00483363
242.095 0.458616 0.00483004
242.472 0.458388 0.00479056
242.849 0.457688 0.00475117
243.225 0.453717 0.00468928
243.602 0.457933 0.00468729
243.979 0.461386 0.00468867
244.356 0.461422 0.00466962
244.732 0.461721 0.00462356
245.109 0.463904 0.00460202
245.486 0.469576 0.00462363
245.862 0.473124 0.00461814
246.239 0.475876 0.00458434
246.615 0.480743 0.00459937
246.992 0.48651 0.00459299
247.368 0.496428 0.00463954
247.745 0.495659 0.00459686
248.121 0.503604 0.00460197
248.497 0.508855 0.00461842
248.874 0.515152 0.00461876
249.25 0.516334 0.00458336
249.626 0.521693 0.00459948
250.003 0.52526 0.00458809
250.379 0.525559 0.0045447
250.755 0.534607 0.00458763
251.131 0.534446 0.00455474
251.507 0.535046 0.00455123
251.884 0.535992 0.00452397
252.26 0.537248 0.00453043
252.636 0.533321 0.00447275
253.012 0.535612 0.004466
253.388 0.535937 0.0044539
253.764 0.531982 0.00441929
254.14 0.528369 0.00439378
254.516 0.527393 0.00438373
254.892 0.521728 0.00433807
255.268 0.523224 0.00433967
255.643 0.516338 0.00429292
256.019 0.51904 0.00430095
256.395 0.512929 0.00426663
256.771 0.513073 0.00423612
257.147 0.510577 0.004221
257.522 0.512827 0.00422359
257.898 0.513743 0.00422041
258.274 0.508347 0.00418733
258.649 0.514401 0.00420961
259.025 0.512006 0.00417673
259.4 0.512755 0.00417752
259.776 0.514811 0.00417296
260.151 0.525315 0.00422949
260.527 0.518848 0.00418465
260.902 0.526314 0.00420319
261.278 0.52454 0.00418723
261.653 0.531422 0.00421449
262.028 0.533974 0.00422867
262.404 0.536043 0.00421742
262.779 0.543352 0.00423545
263.154 0.54794 0.0042458
263.53 0.550762 0.0042451
263.905 0.552528 0.00426016
264.28 0.554879 0.004267
264.655 0.559032 0.00427048
265.03 0.55911 0.00428396
265.405 0.566009 0.00429595
265.781 0.569792 0.0043154
266.156 0.570956 0.00431517
266.531 0.567272 0.00427853
266.906 0.570283 0.00431356
267.281 0.570774 0.00429407
267.655 0.569833 0.00430657
268.03 0.568294 0.00430314
268.405 0.564687 0.00428376
268.78 0.564949 0.00428465
269.155 0.562654 0.00426642
269.53 0.561478 0.00427667
269.904 0.558484 0.00426043
270.279 0.55748 0.00425931
270.654 0.550065 0.00421885
271.029 0.549211 0.00422357
271.403 0.544193 0.00419234
271.778 0.545811 0.0042105
272.152 0.542185 0.00420048
272.527 0.539289 0.00418558
272.901 0.540542 0.00417404
273.276 0.536968 0.00415073
273.65 0.539334 0.00417294
274.025 0.530968 0.0041297
274.399 0.533161 0.00415804
274.774 0.534784 0.00415474
275.148 0.53533 0.00414371
275.522 0.537426 0.00416293
275.897 0.537043 0.0041592
276.271 0.53997 0.00417468
276.645 0.540722 0.00416549
277.019 0.543189 0.00416366
277.393 0.541555 0.00414617
277.768 0.547453 0.00418841
278.142 0.551185 0.00419844
278.516 0.555177 0.00422105
278.89 0.559372 0.00422861
279.264 0.565597 0.00426572
279.638 0.566393 0.00424807
280.012 0.570083 0.00426938
280.386 0.576132 0.00431441
280.76 0.577174 0.0043019
281.133 0.586509 0.00434449
281.507 0.586814 0.00434214
281.881 0.588273 0.00433759
282.255 0.591796 0.00435665
282.629 0.592962 0.0043736
283.002 0.592806 0.00437539
283.376 0.593257 0.00436507
283.75 0.596407 0.0043915
284.123 0.596591 0.00437686
284.497 0.594255 0.00437624
284.87 0.597469 0.00439255
285.244 0.59654 0.00438105
285.618 0.597337 0.00439524
285.991 0.594493 0.00440327
286.364 0.596671 0.00440969
286.738 0.592585 0.00439375
287.111 0.594068 0.00440111
287.485 0.590085 0.00438881
287.858 0.591912 0.00441201
288.231 0.583713 0.00437366
288.605 0.586952 0.0043978
288.978 0.582371 0.00437128
289.351 0.580222 0.00438589
289.724 0.57348 0.00436018
290.097 0.576042 0.00437512
290.47 0.575124 0.00438576
290.843 0.573819 0.00437925
291.217 0.56926 0.00436268
291.59 0.567571 0.00438638
291.963 0.568269 0.0043794
292.336 0.564272 0.00437791
292.708 0.566189 0.0043937
293.081 0.568004 0.00442099
293.454 0.566287 0.00439486
293.827 0.565044 0.00440308
294.2 0.56726 0.00444047
294.573 0.563374 0.00441112
294.945 0.567884 0.0044549
295.318 0.568415 0.00445526
295.691 0.573258 0.00448511
296.064 0.574821 0.00449945
296.436 0.575293 0.00449812
296.809 0.572967 0.00447696
297.181 0.576155 0.00451349
297.554 0.580017 0.00453551
297.926 0.5846 0.00455701
298.299 0.58696 0.00457107
298.671 0.588082 0.00455552
299.044 0.59683 0.00461442
299.416 0.597222 0.00462292
299.788 0.600656 0.00462899
300.161 0.607342 0.00467516
300.533 0.610116 0.00467929
300.905 0.609665 0.00465976
301.278 0.612309 0.00467966
301.65 0.615223 0.00468553
302.022 0.617192 0.00470325
302.394 0.616474 0.0047081
302.766 0.620764 0.00471779
303.138 0.622911 0.00474451
303.51 0.625437 0.00474175
303.882 0.624028 0.00473046
304.254 0.628581 0.00475701
304.626 0.628709 0.0047432
304.998 0.630648 0.0047491
305.37 0.62646 0.00475976
305.742 0.627503 0.00474586
306.114 0.627618 0.00474425
306.485 0.62421 0.00473241
306.857 0.626586 0.00473803
307.229 0.626382 0.00475381
307.601 0.623472 0.00474145
307.972 0.620705 0.00472605
308.344 0.616586 0.00470444
308.716 0.61462 0.00471631
309.087 0.616022 0.00471574
309.459 0.612635 0.0047099
309.83 0.614311 0.00471696
310.202 0.608867 0.00468837
310.573 0.609149 0.0046922
310.945 0.607125 0.00468115
311.316 0.602231 0.00468455
311.687 0.599452 0.00465499
312.059 0.598129 0.00466616
312.43 0.595141 0.00464603
312.801 0.597139 0.00467024
313.172 0.591056 0.00464925
313.544 0.59224 0.00465871
313.915 0.584079 0.00459709
314.286 0.587914 0.00463218
314.657 0.581095 0.00459504
315.028 0.582874 0.00461179
315.399 0.578894 0.00459449
315.77 0.58159 0.00459867
316.141 0.578159 0.00460416
316.512 0.579862 0.00461025
316.883 0.579401 0.00461773
317.254 0.577843 0.00460687
317.625 0.581846 0.00465128
317.996 0.577482 0.00460843
318.366 0.578646 0.00462452
318.737 0.581538 0.0046314
319.108 0.584022 0.00465731
319.478 0.58249 0.00465274
319.849 0.586233 0.00466545
320.22 0.590619 0.00468748
320.59 0.587575 0.00467271
320.961 0.590521 0.00469246
321.331 0.593471 0.00470478
321.702 0.59444 0.00473247
322.072 0.601174 0.0047736
322.443 0.60048 0.00476139
322.813 0.601782 0.0047577
323.184 0.605895 0.00478732
323.554 0.609532 0.00481692
323.924 0.608847 0.00481173
324.295 0.616473 0.00486526
324.665 0.61305 0.00485526
325.035 0.616081 0.00486089
325.405 0.616758 0.00488357
325.775 0.628098 0.00495222
326.145 0.619578 0.00491381
326.515 0.621216 0.00492939
326.886 0.627738 0.00498025
327.256 0.626568 0.00498034
327.626 0.629406 0.00502248
327.995 0.62376 0.00501223
328.365 0.615375 0.00498539
328.735 0.611556 0.00499487
329.105 0.611297 0.00504791
329.475 0.627015 0.00515255
329.845 0.649948 0.0053218
330.215 0.670846 0.0053864
330.584 0.682238 0.00537959
330.954 0.676892 0.00523183
331.324 0.657654 0.00501177
331.693 0.644622 0.00487671
332.063 0.630791 0.00477215
332.432 0.618079 0.00469947
332.802 0.614814 0.00472551
333.171 0.617131 0.00479654
333.541 0.617764 0.00488853
333.91 0.61751 0.00491235
334.28 0.619797 0.00494963
334.649 0.61988 0.00496431
335.018 0.618932 0.00497743
335.388 0.621832 0.00500518
335.757 0.617712 0.00498928
336.126 0.614386 0.00499371
336.495 0.613389 0.00497279
336.865 0.610337 0.00498094
337.234 0.61166 0.00501453
337.603 0.610667 0.00500024
337.972 0.60876 0.00500393
338.341 0.604757 0.00497928
338.71 0.600771 0.00495947
339.079 0.602473 0.0049845
339.448 0.601701 0.00497345
339.817 0.598736 0.00497344
340.186 0.596368 0.00496674
340.554 0.593179 0.00494695
340.923 0.589756 0.00494297
341.292 0.590175 0.00494939
341.661 0.590335 0.00495626
342.029 0.585032 0.00492541
342.398 0.582937 0.00492319
342.767 0.583952 0.00494642
343.135 0.584563 0.0049453
343.504 0.58375 0.00495727
343.872 0.583772 0.00493892
344.241 0.585973 0.00495981
344.609 0.584099 0.00497155
344.978 0.582581 0.00496006
345.346 0.583963 0.00494727
345.715 0.58216 0.00495872
346.083 0.581764 0.00496809
346.451 0.584829 0.00497325
346.82 0.583778 0.00498542
347.188 0.582083 0.00496877
347.556 0.587194 0.00501628
347.924 0.588094 0.00501405
348.292 0.589288 0.00503055
348.66 0.590008 0.00502918
349.028 0.591043 0.00503992
349.396 0.594539 0.00507473
349.764 0.600208 0.00509244
350.132 0.59376 0.0050624
350.5 0.598496 0.00509086
350.868 0.600639 0.00510922
351.236 0.598262 0.00509504
351.604 0.602866 0.00513449
351.972 0.60887 0.00516584
352.34 0.605464 0.00515886
352.707 0.610508 0.00518258
353.075 0.612801 0.00519368
353.443 0.614758 0.00521383
353.81 0.613761 0.00522254
354.178 0.620059 0.00525222
354.545 0.61874 0.00523378
354.913 0.621893 0.00526941
355.28 0.618467 0.0052556
355.648 0.621781 0.00525852
356.015 0.623872 0.00527657
356.383 0.622358 0.00526415
356.75 0.624138 0.00528511
357.117 0.622129 0.00527952
357.485 0.625561 0.00529778
357.852 0.631763 0.00536074
358.219 0.625642 0.00530823
358.586 0.629777 0.00532485
358.954 0.629975 0.00534808
359.321 0.625092 0.00531443
359.688 0.630907 0.00536538
360.055 0.626927 0.00534082
360.422 0.629591 0.00535991
360.789 0.629552 0.00536899
361.156 0.626909 0.00535298
361.523 0.62527 0.00536762
361.89 0.626782 0.00536759
362.256 0.624848 0.00533786
362.623 0.628796 0.00540803
362.99 0.622848 0.00535662
363.357 0.627365 0.00539796
363.724 0.624341 0.00538725
364.09 0.617742 0.00534792
364.457 0.62705 0.00542829
364.823 0.61967 0.00536159
365.19 0.614386 0.00534662
365.557 0.613178 0.00533307
365.923 0.615492 0.00536083
366.29 0.618271 0.0053898
366.656 0.611956 0.00534015
367.022 0.61317 0.00533877
367.389 0.609597 0.00534703
367.755 0.608931 0.00536954
368.121 0.604419 0.00534745
368.488 0.599927 0.00532034
368.854 0.60205 0.00534998
369.22 0.602837 0.00537871
369.586 0.595205 0.00536275
369.952 0.595254 0.00537463
370.318 0.590219 0.00535439
370.684 0.590757 0.00537245
371.051 0.589849 0.0053698
371.416 0.590177 0.00540449
371.782 0.584478 0.00536225
372.148 0.585202 0.00537662
372.514 0.584309 0.00538406
372.88 0.580982 0.00538448
373.246 0.581085 0.00538
373.612 0.579962 0.00537228
373.977 0.58118 0.00536578
374.343 0.575422 0.00532226
374.709 0.580397 0.00532787
375.074 0.573142 0.00531032
375.44 0.572463 0.00532991
375.806 0.574874 0.0053706
376.171 0.568458 0.00531355
376.537 0.561565 0.00527641
376.902 0.565599 0.00530464
377.268 0.569739 0.00530216
377.633 0.568274 0.00528563
377.998 0.565066 0.00525051
378.364 0.571603 0.00525796
378.729 0.568462 0.00525232
379.094 0.575998 0.00531015
379.459 0.578966 0.00539513
379.825 0.568078 0.00532048
380.19 0.569828 0.00533693
380.555 0.569781 0.00537421
380.92 0.576475 0.00547324
381.285 0.574087 0.00545156
381.65 0.568912 0.0053847
382.015 0.571627 0.00540548
382.38 0.573685 0.00543625
382.745 0.577935 0.0054898
383.11 0.579401 0.00551162
383.474 0.578578 0.00549145
383.839 0.580786 0.00551183
384.204 0.585235 0.00555076
384.569 0.584739 0.0055552
384.933 0.591544 0.00560369
385.298 0.588022 0.0055957
385.663 0.583911 0.00556028
386.027 0.585716 0.00555735
386.392 0.58565 0.00553333
386.756 0.585616 0.00550534
387.121 0.59152 0.00553144
387.485 0.598445 0.00554662
387.849 0.596746 0.00551282
388.214 0.603594 0.00560588
388.578 0.602131 0.00562724
388.942 0.603489 0.00566227
389.307 0.598692 0.00563459
389.671 0.607781 0.0056981
390.035 0.60522 0.00566018
390.399 0.605572 0.00564854
390.763 0.607045 0.00562205
391.127 0.607395 0.00560339
391.492 0.608139 0.00552971
391.856 0.608557 0.00546785
392.219 0.610198 0.00543437
392.583 0.617168 0.00549645
392.947 0.626732 0.00565839
393.311 0.617092 0.00566652
393.675 0.617535 0.00568564
394.039 0.618466 0.00572515
394.403 0.623267 0.00575019
394.766 0.619251 0.00574721
395.13 0.618664 0.00575968
395.494 0.615242 0.00574145
395.857 0.616992 0.0057245
396.221 0.616277 0.00569528
396.584 0.614026 0.00564228
396.948 0.612448 0.00557419
397.311 0.612894 0.0054941
397.675 0.615562 0.00547631
398.038 0.618332 0.00549128
398.401 0.624496 0.00559703
398.765 0.620363 0.00566474
399.128 0.625873 0.00577113
399.491 0.61585 0.00576829
399.854 0.610532 0.0057515
400.218 0.617293 0.00580008
400.581 0.615604 0.00580865
400.944 0.616536 0.0058415
401.307 0.620034 0.00592856
401.67 0.613599 0.00588057
402.033 0.612888 0.0058943
402.396 0.613354 0.00589983
402.759 0.607713 0.00587978
403.122 0.606443 0.00584498
403.485 0.611229 0.00586649
403.847 0.601353 0.00577049
404.21 0.603427 0.00575056
404.573 0.607499 0.00576364
404.936 0.604207 0.00571968
405.298 0.612727 0.00582309
405.661 0.605865 0.00587157
406.023 0.606417 0.00595754
406.386 0.601479 0.00595424
406.749 0.601842 0.00598327
407.111 0.59455 0.00593929
407.473 0.585777 0.00580098
407.836 0.590621 0.00581642
408.198 0.590611 0.00578096
408.561 0.591098 0.00579998
408.923 0.587236 0.00578954
409.285 0.584024 0.00578434
409.647 0.588361 0.00585666
410.009 0.588694 0.00591372
410.372 0.582749 0.00587522
410.734 0.583888 0.00591052
411.096 0.57805 0.00587058
411.458 0.574059 0.00584887
411.82 0.573261 0.00580646
412.182 0.57118 0.00575192
412.544 0.57052 0.00576146
412.906 0.572526 0.00576137
413.267 0.572396 0.00578131
413.629 0.572412 0.00582689
413.991 0.571384 0.00584902
414.353 0.569729 0.00585663
414.714 0.569042 0.00591475
415.076 0.561213 0.00585933
415.438 0.565865 0.00587716
415.799 0.561748 0.00583238
416.161 0.562588 0.00588791
416.522 0.560522 0.00590128
416.884 0.556682 0.00588468
417.245 0.564384 0.00594712
417.607 0.556233 0.00588945
417.968 0.549893 0.0058492
418.329 0.557883 0.00588417
418.691 0.552522 0.00585389
419.052 0.553893 0.00585706
419.413 0.544975 0.00575745
419.774 0.55274 0.00578028
420.135 0.544631 0.00560998
420.497 0.544025 0.00551839
420.858 0.544368 0.00544397
421.219 0.556108 0.00552094
421.58 0.558275 0.00560222
421.941 0.563275 0.00572606
422.302 0.556568 0.00576821
422.662 0.558035 0.00580066
423.023 0.558024 0.00582619
423.384 0.556993 0.00584033
423.745 0.554062 0.00578979
424.106 0.558742 0.00581092
424.466 0.559095 0.00580145
424.827 0.568302 0.00592976
425.187 0.568082 0.00600364
425.548 0.561527 0.0060253
425.909 0.562144 0.00606048
426.269 0.56049 0.00600889
426.63 0.558856 0.00595944
426.99 0.562572 0.00593015
427.35 0.567362 0.00598193
427.711 0.561463 0.00590856
428.071 0.561738 0.00586054
428.431 0.554199 0.00570986
428.792 0.555323 0.00552004
429.152 0.561977 0.00540036
429.512 0.571685 0.0054366
429.872 0.573348 0.00548229
430.232 0.582303 0.0056225
430.592 0.592775 0.00583381
430.952 0.590523 0.00599464
431.312 0.59495 0.00616676
431.672 0.578086 0.00614874
432.032 0.58229 0.0061522
432.392 0.575612 0.0060341
432.752 0.56076 0.00566275
433.111 0.573482 0.00559875
433.471 0.598149 0.00580736
433.831 0.608249 0.00608554
434.19 0.591065 0.00599974
434.55 0.589087 0.00598861
434.91 0.589976 0.00606304
435.269 0.586867 0.00596375
435.629 0.58812 0.00595696
435.988 0.590619 0.00594405
436.348 0.600831 0.00608691
436.707 0.601808 0.00618455
437.066 0.592393 0.00613264
437.426 0.587905 0.00603685
437.785 0.590485 0.00603312
438.144 0.594598 0.00604656
438.503 0.602167 0.00616521
438.862 0.602189 0.00617675
439.222 0.604232 0.00623658
439.581 0.600449 0.00624372
439.94 0.590429 0.00610465
440.299 0.585891 0.00587616
440.658 0.587507 0.00573449
441.017 0.603078 0.00581186
441.376 0.616915 0.00594676
441.734 0.609922 0.00597369
442.093 0.60062 0.00592538
442.452 0.592893 0.00584488
442.811 0.600934 0.00585851
443.169 0.603393 0.00586828
443.528 0.613656 0.00604072
443.887 0.603891 0.0059963
444.245 0.60646 0.00603537
444.604 0.604728 0.00607691
444.962 0.599031 0.00607699
445.321 0.599896 0.00608705
445.679 0.594657 0.00602857
446.038 0.602737 0.00604722
446.396 0.609336 0.006164
446.754 0.606781 0.00623523
447.112 0.608544 0.00627586
447.471 0.599768 0.00623759
447.829 0.6012 0.00627769
448.187 0.600359 0.00626215
448.545 0.59918 0.00623686
448.903 0.595149 0.00623194
449.261 0.601911 0.00628547
449.619 0.598425 0.0063266
449.977 0.603765 0.00638571
450.335 0.606897 0.0064724
450.693 0.602507 0.00646492
451.051 0.592405 0.00639779
451.409 0.595151 0.00643775
451.766 0.600877 0.00647689
452.124 0.603029 0.00657951
452.482 0.598956 0.00662221
452.839 0.599459 0.00669898
453.197 0.592825 0.00667356
453.555 0.595983 0.00671898
453.912 0.591542 0.00667632
454.27 0.579561 0.00650412
454.627 0.586237 0.00646418
454.984 0.59018 0.0065012
455.342 0.593235 0.00661794
455.699 0.593847 0.00669523
456.056 0.580235 0.00657877
456.414 0.58312 0.00653614
456.771 0.569605 0.00634183
457.128 0.580349 0.00637688
457.485 0.575538 0.00632837
457.842 0.583304 0.00641035
458.199 0.580716 0.00638871
458.556 0.577178 0.00630777
458.913 0.576314 0.00630332
459.27 0.576849 0.00627052
459.627 0.577391 0.00636473
459.984 0.570078 0.00627819
460.341 0.572136 0.00628142
460.697 0.571466 0.00635254
461.054 0.582195 0.00660077
461.411 0.57319 0.00668445
461.767 0.571563 0.00675367
462.124 0.556345 0.00664649
462.481 0.5589 0.00658206
462.837 0.55391 0.0064509
463.194 0.554463 0.00631903
463.55 0.554293 0.00635869
463.907 0.547446 0.0061534
464.263 0.548333 0.0060736
464.619 0.550594 0.00597089
464.976 0.548883 0.00587905
465.332 0.558864 0.00593079
465.688 0.57298 0.0061895
466.044 0.569605 0.00639281
466.4 0.559746 0.00643584
466.756 0.551938 0.00643273
467.112 0.55093 0.0064268
467.468 0.54938 0.00640827
467.824 0.556859 0.00651792
468.18 0.552141 0.00657502
468.536 0.543579 0.00652929
468.892 0.549875 0.00667176
469.248 0.547783 0.00668859
469.604 0.544863 0.00671086
469.959 0.547348 0.00672377
470.315 0.545215 0.00670704
470.671 0.546533 0.00670843
471.026 0.53641 0.00658993
471.382 0.532465 0.00650284
471.737 0.535027 0.00646602
472.093 0.533828 0.00635801
472.448 0.528625 0.00620549
472.804 0.530491 0.00616342
473.159 0.534323 0.00613487
473.514 0.541829 0.0062092
473.87 0.531457 0.00606186
474.225 0.525917 0.00585787
474.58 0.52828 0.00575525
474.935 0.543661 0.00588809
475.29 0.549873 0.00600149
475.645 0.537851 0.00594153
476 0.533686 0.0059261
476.355 0.54266 0.00602952
476.71 0.5354 0.00598554
477.065 0.521154 0.00573335
477.42 0.527969 0.00569461
477.775 0.535449 0.00574172
478.13 0.543473 0.00583661
478.485 0.539155 0.00577126
478.839 0.528792 0.00564715
479.194 0.527202 0.00549415
479.549 0.532539 0.00545417
479.903 0.54718 0.00554338
480.258 0.54314 0.00556634
480.612 0.538432 0.00546988
480.967 0.532301 0.00531291
481.321 0.542812 0.0053823
481.675 0.553183 0.00553816
482.03 0.552883 0.00563432
482.384 0.541853 0.00560126
482.738 0.538107 0.00552864
483.093 0.539858 0.00549719
483.447 0.53746 0.00536584
483.801 0.531525 0.00516952
484.155 0.54169 0.00515212
484.509 0.457682 0.0041238
484.863 0.434371 0.00273822
485.217 0.511776 0.00270131
485.571 0.600073 0.00300064
485.925 0.709644 0.00415671
486.279 0.636706 0.00456553
486.632 0.56873 0.00466692
486.986 0.568745 0.00504485
487.34 0.579694 0.00543701
487.694 0.569205 0.00553799
488.047 0.555782 0.00550325
488.401 0.563499 0.00554836
488.754 0.565026 0.00559114
489.108 0.569376 0.00570422
489.461 0.562981 0.00569956
489.815 0.571585 0.00580285
490.168 0.560832 0.0056846
490.522 0.565318 0.00568301
490.875 0.567107 0.00570055
491.228 0.576435 0.00578677
491.581 0.570986 0.00571984
491.935 0.575453 0.0057634
492.288 0.57152 0.00576734
492.641 0.573311 0.0057354
492.994 0.570534 0.00571721
493.347 0.571685 0.00564351
493.7 0.574425 0.00566134
494.053 0.575266 0.00568486
494.406 0.586956 0.00583521
494.759 0.578531 0.0059113
495.111 0.560688 0.00563771
495.464 0.558005 0.00537737
495.817 0.57059 0.00533945
496.169 0.596183 0.00561104
496.522 0.604252 0.00590388
496.875 0.59269 0.0060424
497.227 0.581562 0.00604455
497.58 0.573125 0.00599008
497.932 0.576792 0.00593867
498.285 0.575108 0.00587586
498.637 0.570421 0.00570612
498.989 0.576243 0.00567131
499.342 0.588289 0.00577277
499.694 0.597422 0.00594603
500.046 0.58384 0.00592852
500.398 0.573259 0.00573071
500.751 0.586768 0.00574495
501.103 0.583617 0.00571124
501.455 0.588139 0.00574212
501.807 0.587685 0.00574852
502.159 0.586555 0.0057461
502.511 0.587915 0.00573848
502.862 0.585961 0.00575361
503.214 0.590471 0.00585466
503.566 0.595161 0.005997
503.918 0.585344 0.00601169
504.27 0.583884 0.00599783
504.621 0.587913 0.00603318
504.973 0.592267 0.00608964
505.324 0.587229 0.00602452
505.676 0.57893 0.00587757
506.027 0.587287 0.00593582
506.379 0.600027 0.00619981
506.73 0.586466 0.00622281
507.082 0.579162 0.00614005
507.433 0.574066 0.00599976
507.784 0.588473 0.00602379
508.136 0.588946 0.00613135
508.487 0.593432 0.00621782
508.838 0.584264 0.00622745
509.189 0.582723 0.00621241
509.54 0.57723 0.0061004
509.891 0.587124 0.00622364
510.242 0.584271 0.00621542
510.593 0.584658 0.00625704
510.944 0.581464 0.00627481
511.295 0.591176 0.00645876
511.646 0.59155 0.00653235
511.996 0.573702 0.00636678
512.347 0.57538 0.00632813
512.698 0.587017 0.00641292
513.049 0.590724 0.00647276
513.399 0.585615 0.00647461
513.75 0.578997 0.00641867
514.1 0.591101 0.00660846
514.451 0.592594 0.0067544
514.801 0.574881 0.00662347
515.152 0.574815 0.00656455
515.502 0.572352 0.00644894
515.852 0.575777 0.00643349
516.202 0.57891 0.00644232
516.553 0.591031 0.00660458
516.903 0.582046 0.00665415
517.253 0.58069 0.00674666
517.603 0.56886 0.00667636
517.953 0.570996 0.00665638
518.303 0.565432 0.0064684
518.653 0.569803 0.00644015
519.003 0.58186 0.00655792
519.353 0.586945 0.0068221
519.703 0.577304 0.00690931
520.052 0.57067 0.00690473
520.402 0.565291 0.00683426
520.752 0.570587 0.00678761
521.102 0.580395 0.00695665
521.451 0.578073 0.00699214
521.801 0.568626 0.00691495
522.15 0.559511 0.00674563
522.5 0.572333 0.00681141
522.849 0.563608 0.00673806
523.199 0.563974 0.00667658
523.548 0.55834 0.00657928
523.897 0.566817 0.00670569
524.246 0.571761 0.00684697
524.596 0.565857 0.00690793
524.945 0.55533 0.00680348
525.294 0.558448 0.00682176
525.643 0.556705 0.00679593
525.992 0.558806 0.00679711
526.341 0.555636 0.00673554
526.69 0.557286 0.00679863
527.039 0.555645 0.00685477
527.388 0.548432 0.00685778
527.737 0.53781 0.00658441
528.086 0.534314 0.00632151
528.434 0.550318 0.00629808
528.783 0.567602 0.006571
529.132 0.5576 0.00663681
529.48 0.548741 0.00666859
529.829 0.549848 0.0067121
530.177 0.553973 0.00680637
530.526 0.544499 0.00676451
530.874 0.54175 0.00668308
531.223 0.538539 0.00665363
531.571 0.545343 0.00675319
531.919 0.536838 0.00663447
532.268 0.520942 0.00633593
532.616 0.523235 0.00614688
532.964 0.537869 0.0061398
533.312 0.538573 0.00614699
533.66 0.537389 0.00616794
534.008 0.5341 0.00613505
534.356 0.534345 0.00614051
534.704 0.540351 0.00623104
535.052 0.540637 0.00631652
535.4 0.538095 0.00643485
535.748 0.534682 0.00656713
536.095 0.533983 0.00672912
536.443 0.523539 0.00667129
536.791 0.513707 0.00646858
537.139 0.516464 0.00633658
537.486 0.518218 0.00620052
537.834 0.522192 0.00619128
538.181 0.52488 0.00617156
538.529 0.527447 0.00622148
538.876 0.52093 0.0061669
539.223 0.528463 0.00631635
539.571 0.530978 0.00646681
539.918 0.519689 0.00637501
540.265 0.5129 0.00620838
540.613 0.516611 0.00612364
540.96 0.525154 0.00625051
541.307 0.514041 0.0061953
541.654 0.515215 0.00620082
542.001 0.517106 0.00623153
542.348 0.517031 0.00622991
542.695 0.519881 0.00625495
543.042 0.516203 0.00613714
543.388 0.511914 0.00603431
543.735 0.518624 0.00606529
544.082 0.511865 0.00601646
544.429 0.517243 0.00607583
544.775 0.521736 0.00623653
545.122 0.528067 0.00646028
545.469 0.519783 0.0065142
545.815 0.510439 0.00641803
546.162 0.509308 0.0063599
546.508 0.507784 0.00622
546.854 0.503069 0.00596158
547.201 0.502074 0.00573763
547.547 0.525265 0.00585165
547.893 0.527484 0.00599566
548.24 0.542698 0.00640721
548.586 0.529197 0.00659012
548.932 0.516427 0.00660697
549.278 0.507789 0.00655614
549.624 0.516459 0.00657655
549.97 0.52362 0.00668395
550.316 0.524349 0.00682215
550.662 0.523027 0.00688365
551.008 0.495151 0.00635118
551.353 0.505734 0.00607575
551.699 0.519199 0.00601993
552.045 0.541672 0.00631442
552.391 0.529612 0.00637312
552.736 0.51963 0.0063416
553.082 0.512515 0.00630729
553.427 0.532739 0.00654418
553.773 0.531855 0.00675524
554.118 0.517272 0.0066624
554.464 0.508571 0.00643662
554.809 0.506885 0.00617073
555.154 0.524313 0.00619139
555.5 0.532519 0.0062538
555.845 0.541142 0.00654935
556.19 0.533066 0.00667666
556.535 0.530279 0.00680873
556.88 0.525004 0.00666552
557.225 0.532907 0.00669062
557.57 0.54101 0.00687284
557.915 0.542466 0.00706866
558.26 0.5388 0.00713156
558.605 0.532268 0.00706306
558.95 0.525364 0.00686237
559.295 0.517689 0.00644878
559.639 0.526581 0.00625914
559.984 0.525948 0.0060163
560.329 0.538263 0.00606385
560.673 0.540503 0.00609754
561.018 0.547785 0.00631863
561.362 0.541118 0.00644747
561.707 0.542807 0.0066194
562.051 0.535206 0.00649277
562.395 0.52916 0.00637071
562.74 0.538148 0.00629711
563.084 0.540013 0.00623006
563.428 0.544777 0.00612682
563.772 0.551159 0.00619117
564.117 0.541434 0.00609142
564.461 0.545237 0.00609344
564.805 0.540771 0.00612129
565.149 0.542533 0.00610298
565.493 0.547976 0.00614292
565.836 0.537211 0.00596544
566.18 0.541974 0.00590426
566.524 0.526083 0.00542448
566.868 0.547591 0.00538587
567.212 0.552399 0.00531738
567.555 0.544718 0.00521356
567.899 0.534647 0.00492582
568.242 0.539 0.00474387
568.586 0.533035 0.00441465
568.929 0.531913 0.0041279
569.273 0.543805 0.00394611
569.616 0.55871 0.00400547
569.96 0.545193 0.0038768
570.303 0.543001 0.00374877
570.646 0.547148 0.00371633
570.989 0.540681 0.00357988
571.333 0.56054 0.00369041
571.676 0.568568 0.00385566
572.019 0.564463 0.00415413
572.362 0.521707 0.00376828
572.705 0.527244 0.00351607
573.048 0.551126 0.00342171
573.391 0.550749 0.00330892
573.733 0.555404 0.00327672
574.076 0.557682 0.00324713
574.419 0.57193 0.00338858
574.762 0.56388 0.00354392
575.104 0.570039 0.00381426
575.447 0.531032 0.00363174
575.789 0.530018 0.00341043
576.132 0.553112 0.00329134
576.474 0.551706 0.00325037
576.817 0.543192 0.00298351
577.159 0.558996 0.00286164
577.501 0.593744 0.00297251
577.844 0.593891 0.00318177
578.186 0.576874 0.0035174
578.528 0.543078 0.0035522
578.87 0.546166 0.00357784
579.212 0.53801 0.00343258
579.554 0.561401 0.00339437
579.896 0.561847 0.0034164
580.238 0.533709 0.0031378
580.58 0.549075 0.00279633
580.922 0.600255 0.00280992
581.264 0.648919 0.00292154
581.606 0.605679 0.0029468
581.947 0.58514 0.00307443
582.289 0.575336 0.00338693
582.631 0.560765 0.00370893
582.972 0.545368 0.00390294
583.314 0.542034 0.0038481
583.655 0.538566 0.00370803
583.997 0.537869 0.00338254
584.338 0.555248 0.00319655
584.679 0.569105 0.00310498
585.021 0.592487 0.00325522
585.362 0.578177 0.00345523
585.703 0.570558 0.0036918
586.044 0.532656 0.00358037
586.385 0.540559 0.00341301
586.726 0.557876 0.00331154
587.067 0.589374 0.00353733
587.408 0.574127 0.00369146
587.749 0.570218 0.00385329
588.09 0.564662 0.0039943
588.431 0.573744 0.00426614
588.772 0.556308 0.00436896
589.113 0.550719 0.00427191
589.453 0.562506 0.00429396
589.794 0.577414 0.00449947
590.134 0.573368 0.00472292
590.475 0.562502 0.00478668
590.815 0.55326 0.00470327
591.156 0.569357 0.00477799
591.496 0.538795 0.00450629
591.837 0.532307 0.00385327
592.177 0.548748 0.00355397
592.517 0.577646 0.00349102
592.857 0.589947 0.00371973
593.198 0.582089 0.00393122
593.538 0.57165 0.00429765
593.878 0.548205 0.00434309
594.218 0.536105 0.00415635
594.558 0.558081 0.00408306
594.898 0.578679 0.00427482
595.237 0.583187 0.0045575
595.577 0.568658 0.00479108
595.917 0.5516 0.00495434
596.257 0.543098 0.00471003
596.596 0.546718 0.00460692
596.936 0.574906 0.0046458
597.276 0.569621 0.00480516
597.615 0.545813 0.0046203
597.955 0.524779 0.00398447
598.294 0.560423 0.00386313
598.633 0.580512 0.00394479
598.973 0.568481 0.00405085
599.312 0.546733 0.00396049
599.651 0.565225 0.00405883
599.991 0.56136 0.00413328
600.33 0.56003 0.00419217
600.669 0.558132 0.00430501
601.008 0.566852 0.00448848
601.347 0.550628 0.00457454
601.686 0.545268 0.00441926
602.025 0.554203 0.00448506
602.364 0.544612 0.00422456
602.702 0.55406 0.00419992
603.041 0.567759 0.00427968
603.38 0.56598 0.00447736
603.719 0.562809 0.00466819
604.057 0.543267 0.00471532
604.396 0.541082 0.0046984
604.734 0.526525 0.00442657
605.073 0.551541 0.00419137
605.411 0.560887 0.00426776
605.75 0.574163 0.00447562
606.088 0.550312 0.00461103
606.426 0.53981 0.00445487
606.764 0.545505 0.00441675
607.103 0.565545 0.00463966
607.441 0.548848 0.00472841
607.779 0.542819 0.00481636
608.117 0.541765 0.00477877
608.455 0.55918 0.0050609
608.793 0.531337 0.00498086
609.131 0.521114 0.00460193
609.469 0.544874 0.00459212
609.806 0.567052 0.00474764
610.144 0.557734 0.00507823
610.482 0.53203 0.00501136
610.819 0.544443 0.00505839
611.157 0.543815 0.00508207
611.495 0.543726 0.00525976
611.832 0.532881 0.00522259
612.17 0.530057 0.00517085
612.507 0.540162 0.00516161
612.844 0.536453 0.00519789
613.182 0.534554 0.00520067
613.519 0.533043 0.00516134
613.856 0.538681 0.00517504
614.193 0.528286 0.00506024
614.53 0.529125 0.00495874
614.867 0.543416 0.00501982
615.205 0.549993 0.00530298
615.541 0.54428 0.00546601
615.878 0.523364 0.00558753
616.215 0.523079 0.00552899
616.552 0.528469 0.00561419
616.889 0.524639 0.00546538
617.226 0.535641 0.00546575
617.562 0.546515 0.00569646
617.899 0.54367 0.00602473
618.235 0.532471 0.00626955
618.572 0.523496 0.00644681
618.908 0.513997 0.00616638
619.245 0.519961 0.00594893
619.581 0.530529 0.00590374
619.918 0.560942 0.00657491
620.254 0.544661 0.0073086
620.59 0.506055 0.00715087
620.926 0.500845 0.00663306
621.262 0.515821 0.00635762
621.599 0.540907 0.00653997
621.935 0.518884 0.00632482
622.271 0.517471 0.00607938
622.606 0.520289 0.0059642
622.942 0.533416 0.00618868
623.278 0.516876 0.00626955
623.614 0.502507 0.00589125
623.95 0.52067 0.00597277
624.285 0.528383 0.006129
624.621 0.525031 0.00644144
624.957 0.512398 0.0065614
625.292 0.524617 0.00683994
625.628 0.513617 0.00697262
625.963 0.504308 0.006955
626.299 0.51126 0.0068586
626.634 0.515043 0.00677592
626.969 0.524219 0.00696245
627.304 0.533806 0.00761569
627.64 0.518199 0.00804839
627.975 0.49429 0.00770324
628.31 0.483867 0.00720429
628.645 0.521704 0.00730956
628.98 0.521587 0.00746934
629.315 0.518585 0.00759055
629.65 0.513744 0.00761533
629.985 0.515391 0.00760608
630.319 0.518058 0.00795921
630.654 0.497669 0.0078899
630.989 0.5075 0.00792842
631.323 0.519404 0.00815981
631.658 0.529728 0.00857633
631.993 0.517636 0.00884498
632.327 0.512526 0.00883475
632.662 0.513321 0.00879371
632.996 0.505262 0.0085309
633.33 0.506638 0.00841605
633.665 0.524265 0.00886105
633.999 0.517178 0.0090683
634.333 0.508101 0.00898657
634.667 0.507856 0.00901549
635.001 0.510776 0.00882108
635.335 0.50206 0.0084127
635.669 0.505895 0.00813138
636.003 0.521541 0.00837112
636.337 0.527577 0.00884028
636.671 0.515191 0.00919221
637.005 0.511817 0.0094109
637.339 0.492841 0.00919397
637.672 0.497825 0.00890295
638.006 0.510367 0.00878295
638.339 0.516433 0.0089638
638.673 0.515398 0.00923993
639.006 0.509903 0.00947922
639.34 0.504744 0.00942593
639.673 0.511888 0.00962787
640.007 0.511546 0.00960046
640.34 0.506302 0.00971773
640.673 0.513944 0.00986541
641.006 0.518369 0.0100534
641.34 0.518188 0.0101611
641.673 0.512905 0.0103506
642.006 0.511675 0.0105163
642.339 0.515355 0.0103674
642.672 0.518538 0.0103354
643.004 0.511298 0.0103216
643.337 0.530595 0.0108533
643.67 0.511156 0.0106497
644.003 0.503234 0.0104633
644.336 0.512932 0.0105194
644.668 0.510381 0.0104744
645.001 0.535192 0.0109114
645.333 0.535286 0.0111807
645.666 0.517353 0.0112186
645.998 0.520264 0.011507
646.331 0.533284 0.0118272
646.663 0.524578 0.0116095
646.995 0.505662 0.0107032
647.327 0.507585 0.00984784
647.66 0.517558 0.00939991
647.992 0.519197 0.00927097
648.324 0.512938 0.00918088
648.656 0.520589 0.00937768
648.988 0.530194 0.00984056
649.32 0.540285 0.010626
649.652 0.519561 0.0109091
649.983 0.509915 0.0110401
650.315 0.52537 0.0112783
650.647 0.503466 0.0107874
650.979 0.509809 0.01036
651.31 0.505683 0.00992117
651.642 0.515198 0.00978923
651.973 0.521666 0.00984392
652.305 0.517104 0.00976358
652.636 0.524446 0.0099689
652.967 0.518129 0.0101326
653.299 0.516518 0.0103527
653.63 0.492861 0.00999853
653.961 0.480062 0.00916679
654.292 0.402487 0.00644247
654.623 0.303574 0.00202799
654.955 0.89983 0.00342741
655.286 0.899775 0.0034272
655.616 0.899719 0.00342699
655.947 0.899662 0.00342677
656.278 0.815899 0.00326325
656.609 0.345738 0.00222299
656.94 0.316006 0.00281225
657.27 0.291108 0.00316448
657.601 0.300514 0.00370837
657.932 0.331907 0.00466148
658.262 0.367305 0.00597355
658.593 0.417579 0.0076403
658.923 0.455627 0.00933171
659.254 0.500217 0.0108007
659.584 0.52133 0.011707
659.914 0.534629 0.0124147
660.244 0.550614 0.0129135
660.575 0.528537 0.0125595
660.905 0.544704 0.012769
661.235 0.549742 0.0126484
661.565 0.540902 0.0124561
661.895 0.55147 0.0125053
662.225 0.549687 0.0126818
662.555 0.56179 0.0129986
662.884 0.536202 0.0125572
663.214 0.546992 0.012508
663.544 0.560903 0.0125343
663.873 0.550523 0.0122338
664.203 0.55315 0.0121294
664.533 0.535818 0.0116145
664.862 0.560597 0.0117974
665.192 0.555508 0.0120815
665.521 0.563987 0.0128342
665.85 0.539604 0.0129267
666.18 0.567275 0.0137999
666.509 0.557871 0.0136038
666.838 0.546625 0.0131476
667.167 0.562565 0.0131666
667.496 0.574306 0.0135326
667.825 0.5722 0.0135757
668.154 0.572356 0.0135549
668.483 0.569725 0.0134319
668.812 0.566784 0.0131475
669.141 0.57924 0.0131586
669.47 0.572203 0.0129174
669.798 0.578758 0.0131241
670.127 0.555621 0.0128712
670.456 0.531687 0.0118789
670.784 0.528287 0.010621
671.113 0.54216 0.00987671
671.441 0.563571 0.00962223
671.77 0.564503 0.0097901
672.098 0.568496 0.0102112
672.426 0.584276 0.011509
672.755 0.551655 0.0118905
673.083 0.54432 0.0119782
673.411 0.545355 0.0119657
673.739 0.567134 0.0123808
674.067 0.56209 0.0129766
674.395 0.562378 0.0129784
674.723 0.557265 0.0125829
675.051 0.571471 0.012558
675.379 0.576414 0.0126017
675.706 0.590571 0.0128958
676.034 0.574414 0.0130052
676.362 0.566568 0.0129783
676.689 0.555748 0.0120741
677.017 0.566557 0.0113904
677.344 0.568559 0.0109611
677.672 0.587676 0.0113349
677.999 0.558219 0.0111817
678.327 0.556668 0.0109436
678.654 0.552634 0.0104293
678.981 0.56036 0.010186
679.308 0.577586 0.0104239
679.636 0.589339 0.0110216
679.963 0.576144 0.0114429
680.29 0.54987 0.0112094
680.617 0.553051 0.0110324
680.944 0.560806 0.0109447
681.271 0.593212 0.0115808
681.597 0.582534 0.0122523
681.924 0.581389 0.0130364
682.251 0.55545 0.0126922
682.578 0.554441 0.0120143
682.904 0.566373 0.0113306
683.231 0.567215 0.010888
683.557 0.5716 0.0106852
683.884 0.564194 0.0103129
684.21 0.565826 0.010086
684.536 0.558666 0.00969444
684.863 0.56682 0.00961822
685.189 0.579019 0.00988518
685.515 0.575909 0.0103922
685.841 0.560264 0.0105858
686.167 0.54042 0.0104069
686.493 0.572719 0.0105854
686.819 0.573858 0.010656
687.145 0.580903 0.0111894
687.471 0.579298 0.0120162
687.797 0.574049 0.0123629
688.123 0.558694 0.0121222
688.448 0.558241 0.0117198
688.774 0.577613 0.0115631
689.1 0.584179 0.0118255
689.425 0.585839 0.0123392
689.751 0.574824 0.0124204
690.076 0.554624 0.0115208
690.402 0.558762 0.0108038
690.727 0.576863 0.0106386
691.052 0.591901 0.0110589
691.377 0.576204 0.0112387
691.703 0.587318 0.0116339
692.028 0.566137 0.0114286
692.353 0.568509 0.0112104
692.678 0.583909 0.0114486
693.003 0.594706 0.0119932
693.328 0.592028 0.0128497
693.652 0.579223 0.0132837
693.977 0.552036 0.0126584
694.302 0.557249 0.0119918
694.627 0.599095 0.0122601
694.951 0.602563 0.0127377
695.276 0.61416 0.0140974
695.6 0.578695 0.0139144
695.925 0.53211 0.0117103
696.249 0.553506 0.0105312
696.574 0.590679 0.0103104
696.898 0.613054 0.010982
697.222 0.588025 0.0113685
697.546 0.581246 0.0117575
697.871 0.567316 0.0118605
698.195 0.571134 0.0119875
698.519 0.572404 0.0123045
698.843 0.595469 0.0129092
699.167 0.587674 0.0133064
699.491 0.5862 0.0137958
699.814 0.578889 0.0138203
700.138 0.582339 0.0139038
700.462 0.592669 0.0142585
700.786 0.586529 0.013996
701.109 0.580639 0.0135824
701.433 0.590958 0.013228
701.756 0.599504 0.0128476
702.08 0.601895 0.0128743
702.403 0.612118 0.0132477
702.726 0.593586 0.0135992
703.05 0.59342 0.0139292
703.373 0.586261 0.0140063
703.696 0.585284 0.0140064
704.019 0.614425 0.0148516
704.342 0.604172 0.0152643
704.665 0.604788 0.0159026
704.988 0.602451 0.0157681
705.311 0.569533 0.0143892
705.634 0.562828 0.0128431
705.957 0.572027 0.0117266
706.28 0.574146 0.0108834
706.602 0.598662 0.010998
706.925 0.600156 0.0112433
707.247 0.596965 0.0116602
707.57 0.584376 0.0119916
707.892 0.583197 0.0123883
708.215 0.594607 0.0131201
708.537 0.570324 0.0131657
708.859 0.564883 0.0131777
709.182 0.570181 0.0131023
709.504 0.566761 0.0127191
709.826 0.589028 0.0128038
710.148 0.589582 0.0128615
710.47 0.592177 0.0132561
710.792 0.583482 0.0136447
711.114 0.587726 0.0141533
711.436 0.586639 0.0144548
711.758 0.574057 0.0140675
712.079 0.591464 0.0141161
712.401 0.577534 0.0132605
712.723 0.583448 0.0128444
713.044 0.576672 0.0120306
713.366 0.589227 0.0120255
713.687 0.594011 0.0121723
714.009 0.589903 0.0124593
714.33 0.589356 0.0127327
714.652 0.583185 0.0130259
714.973 0.593902 0.0136005
715.294 0.58153 0.0141502
715.615 0.586407 0.0151181
715.936 0.59576 0.0154616
716.257 0.578766 0.0153861
716.578 0.600498 0.0157776
716.899 0.60386 0.0154691
717.22 0.587555 0.0142744
717.541 0.601989 0.0140614
717.862 0.598223 0.0139703
718.182 0.58935 0.013839
718.503 0.575619 0.0133795
718.824 0.599702 0.0138511
719.144 0.596405 0.0140338
719.465 0.579453 0.0141488
719.785 0.581857 0.0138857
720.105 0.598952 0.0139031
720.426 0.578401 0.013493
720.746 0.59302 0.0138942
721.066 0.588245 0.0138631
721.386 0.579071 0.0138955
721.706 0.597385 0.014524
722.026 0.592311 0.014846
722.346 0.58317 0.0148535
722.666 0.589741 0.0147415
722.986 0.587071 0.0143432
723.306 0.590615 0.0144988
723.626 0.587175 0.0147431
723.946 0.589365 0.0147411
724.265 0.572202 0.0137483
724.585 0.572484 0.0130266
724.904 0.583332 0.0130518
725.224 0.58596 0.0131161
725.543 0.573233 0.0129701
725.863 0.575455 0.0131198
726.182 0.588139 0.013802
726.501 0.567124 0.0137667
726.82 0.575276 0.0139566
727.14 0.567261 0.0133223
727.459 0.563214 0.0128743
727.778 0.568435 0.012857
728.097 0.567714 0.0130246
728.416 0.560075 0.0127904
728.734 0.561562 0.0124002
729.053 0.575493 0.01243
729.372 0.5637 0.0122766
729.691 0.544671 0.0117635
730.009 0.563283 0.0113877
730.328 0.555946 0.0109804
730.647 0.571064 0.0111414
730.965 0.570525 0.0115263
731.283 0.565794 0.0119097
731.602 0.54797 0.011857
731.92 0.538003 0.0115399
732.238 0.540028 0.0112832
732.557 0.560395 0.0113887
732.875 0.542079 0.0109295
733.193 0.532878 0.0101902
733.511 0.558343 0.0101924
733.829 0.570824 0.0106148
734.147 0.574871 0.011353
734.465 0.548686 0.0115959
734.782 0.53766 0.0114684
735.1 0.542772 0.0112
735.418 0.546541 0.0112296
735.735 0.555294 0.0113532
736.053 0.543992 0.0111126
736.371 0.552862 0.0113186
736.688 0.556962 0.0117744
737.005 0.56719 0.0126059
737.323 0.545023 0.0128296
737.64 0.541798 0.0128062
737.957 0.531255 0.0120229
738.274 0.531023 0.0110325
738.592 0.553722 0.0109916
738.909 0.576907 0.011502
739.226 0.564575 0.0123931
739.543 0.551756 0.0132061
739.86 0.568188 0.0141805
740.176 0.570694 0.0145807
740.493 0.555552 0.0148204
740.81 0.542445 0.0146907
741.127 0.553418 0.0146818
741.443 0.529646 0.0136092
741.76 0.549652 0.0134045
742.076 0.558962 0.0136372
742.393 0.571116 0.0145241
742.709 0.580253 0.0154501
743.025 0.572058 0.0156233
743.342 0.558659 0.0152974
743.658 0.577667 0.0152561
743.974 0.546902 0.0144337
744.29 0.576221 0.0148005
744.606 0.572196 0.0149064
744.922 0.551113 0.0146553
745.238 0.555017 0.0147519
745.554 0.564335 0.0152351
745.87 0.550381 0.015204
746.186 0.54471 0.0145023
746.501 0.544372 0.0139645
746.817 0.560815 0.0143995
747.132 0.58055 0.0157259
747.448 0.548818 0.0158908
747.763 0.537438 0.0154903
748.079 0.518969 0.0145884
748.394 0.54048 0.0138786
748.71 0.532809 0.0128287
749.025 0.522945 0.0119659
749.34 0.536727 0.011965
749.655 0.540802 0.0122731
749.97 0.544994 0.0127641
750.285 0.515331 0.0124503
750.6 0.509121 0.0121105
750.915 0.519378 0.0119279
751.23 0.524415 0.0122216
751.545 0.536222 0.0128662
751.859 0.522533 0.0131794
752.174 0.509593 0.0131672
752.489 0.497657 0.012357
752.803 0.504869 0.011699
753.118 0.508398 0.0116518
753.432 0.520047 0.0121798
753.747 0.518769 0.0126158
754.061 0.499381 0.0119583
754.375 0.494122 0.0113973
754.689 0.500692 0.0111157
755.004 0.500584 0.0110966
755.318 0.50252 0.0108757
755.632 0.48521 0.0101655
755.946 0.494647 0.0100784
756.26 0.47894 0.00947375
756.573 0.482944 0.0091021
756.887 0.478972 0.00878863
757.201 0.48742 0.00905395
757.515 0.495809 0.0100027
757.828 0.481962 0.0105769
758.142 0.466289 0.010369
758.455 0.463702 0.00960297
758.769 0.472154 0.00917662
759.082 0.462343 0.00883377
759.396 0.464223 0.00871868
759.709 0.475432 0.00875488
760.022 0.48332 0.00890512
760.335 0.480461 0.00934537
760.648 0.475789 0.00999551
760.962 0.480171 0.0107782
761.275 0.461625 0.0110915
761.587 0.46571 0.0112855
761.9 0.476812 0.0114481
762.213 0.471196 0.0110088
762.526 0.477969 0.0106877
762.839 0.47745 0.0106392
763.151 0.473731 0.0102915
763.464 0.459988 0.00959173
763.776 0.458455 0.00889464
764.089 0.469148 0.00880774
764.401 0.469795 0.00912696
764.714 0.468504 0.00965044
765.026 0.4664 0.0102773
765.338 0.46865 0.0109694
765.65 0.471636 0.0118442
765.962 0.467753 0.0123436
766.275 0.470096 0.0128173
766.587 0.457026 0.0126795
766.898 0.45588 0.0122572
767.21 0.466277 0.0116634
767.522 0.461446 0.0107655
767.834 0.472927 0.0104993
768.146 0.474462 0.0105923
768.457 0.491338 0.0114378
768.769 0.469495 0.0117759
769.08 0.46175 0.0117311
769.392 0.460135 0.0112872
769.703 0.45859 0.0106851
770.015 0.460849 0.0103027
770.326 0.463733 0.010355
770.637 0.474827 0.010857
770.948 0.471648 0.0116106
771.26 0.457737 0.0121566
771.571 0.464498 0.0123803
771.882 0.44985 0.0118875
772.193 0.471399 0.0122922
772.504 0.477654 0.0126831
772.814 0.473344 0.0128777
773.125 0.475947 0.0131803
773.436 0.479723 0.0136126
773.747 0.484213 0.013984
774.057 0.495681 0.0144513
774.368 0.497591 0.0147068
774.678 0.506496 0.0152246
774.989 0.493692 0.0152669
775.299 0.512141 0.0160728
775.609 0.493281 0.0155982
775.919 0.50613 0.0156705
776.23 0.518301 0.0158769
776.54 0.504315 0.0155286
776.85 0.502739 0.0156674
777.16 0.496344 0.0151049
777.47 0.498381 0.0143495
777.78 0.499185 0.0137282
778.089 0.487675 0.012887
778.399 0.490931 0.012848
778.709 0.48376 0.0133422
779.019 0.498135 0.0144284
779.328 0.480746 0.0149412
779.638 0.462388 0.0144594
779.947 0.453142 0.0130485
780.257 0.456875 0.0119522
780.566 0.462936 0.0115809
780.875 0.455526 0.0117504
781.185 0.463686 0.0126071
781.494 0.465423 0.0128393
781.803 0.4593 0.0130954
782.112 0.458264 0.013272
782.421 0.468068 0.013237
782.73 0.460669 0.0127862
783.039 0.481828 0.0132424
783.348 0.483044 0.0143174
783.656 0.486285 0.0151546
783.965 0.468356 0.0150956
784.274 0.479231 0.0146898
784.582 0.480129 0.0142468
784.891 0.476129 0.0141037
785.199 0.473229 0.0142737
785.508 0.475349 0.0146997
785.816 0.508045 0.0154731
786.124 0.475841 0.0146441
786.432 0.461897 0.0137194
786.741 0.482641 0.0134881
787.049 0.474969 0.0133014
787.357 0.471938 0.0134618
787.665 0.464569 0.0132759
787.973 0.470885 0.0134874
788.281 0.479502 0.0138936
788.588 0.474279 0.0145534
788.896 0.477908 0.0155175
789.204 0.483218 0.0162374
789.511 0.481965 0.0162603
789.819 0.49793 0.0168286
790.126 0.495456 0.0167938
790.434 0.517704 0.0171627
790.741 0.496246 0.0167609
791.049 0.509227 0.0169608
791.356 0.51495 0.0176094
791.663 0.509734 0.0178361
791.97 0.517525 0.0180186
792.277 0.510078 0.0175561
792.584 0.483866 0.0161974
792.891 0.467553 0.0140827
793.198 0.469822 0.0131041
793.505 0.471915 0.0128762
793.812 0.457292 0.0130337
794.119 0.447325 0.0131872
794.425 0.460034 0.0137704
794.732 0.457401 0.0143569
795.038 0.502939 0.0166321
795.345 0.492365 0.0176965
795.651 0.486079 0.0185259
795.958 0.501696 0.0188594
796.264 0.480498 0.017223
796.57 0.489355 0.0167452
796.876 0.509117 0.0169333
797.183 0.537177 0.0177152
797.489 0.528045 0.0182849
797.795 0.527707 0.0184426
798.101 0.538203 0.0185427
798.406 0.554143 0.0189153
798.712 0.542333 0.0192654
799.018 0.550233 0.0197083
799.324 0.524045 0.0192841
799.629 0.548619 0.0198201
799.935 0.530901 0.019642
800.24 0.576676 0.0208607
800.546 0.582409 0.0209713
800.851 0.544801 0.0204675
801.157 0.561008 0.0216594
801.462 0.580871 0.0222533
801.767 0.572528 0.022198
802.072 0.57711 0.0214221
802.377 0.567713 0.0204458
802.682 0.551787 0.0198323
802.987 0.557532 0.0204889
803.292 0.553483 0.0209363
803.597 0.563631 0.0213072
803.902 0.556487 0.0211185
804.207 0.564993 0.0211461
804.511 0.5541 0.0206203
804.816 0.539148 0.0191114
805.12 0.502262 0.0172354
805.425 0.497826 0.0161618
805.729 0.519177 0.0166341
806.034 0.497712 0.016917
806.338 0.522508 0.0183211
806.642 0.503648 0.0184454
806.946 0.51072 0.0183866
807.251 0.540532 0.0190895
807.555 0.491738 0.0179178
807.859 0.539879 0.0186318
808.162 0.542829 0.0192249
808.466 0.545231 0.0199231
808.77 0.537416 0.0203039
809.074 0.53789 0.0210075
809.378 0.571448 0.0216906
809.681 0.553084 0.0211712
809.985 0.568987 0.0218208
810.288 0.611285 0.0228696
810.592 0.558276 0.0216916
810.895 0.569606 0.022431
811.198 0.592181 0.0238826
811.502 0.605605 0.0245029
811.805 0.636961 0.0258196
812.108 0.580279 0.023522
812.411 0.561413 0.0224511
812.714 0.567239 0.021027
813.017 0.547089 0.0195426
813.32 0.55294 0.0196177
813.623 0.553474 0.0202472
813.926 0.585483 0.0223329
814.228 0.59519 0.0237214
814.531 0.611724 0.0248197
814.833 0.606006 0.0245136
815.136 0.600037 0.0245408
815.438 0.605367 0.0249308
815.741 0.586403 0.0235198
816.043 0.574048 0.0229877
816.345 0.586923 0.0230877
816.648 0.590784 0.0233522
816.95 0.607444 0.0240427
817.252 0.623491 0.0249054
817.554 0.597015 0.0244229
817.856 0.622788 0.0254773
818.158 0.624035 0.0257243
818.46 0.644078 0.0267969
818.761 0.658839 0.0270034
819.063 0.612246 0.0255792
819.365 0.604548 0.024667
819.666 0.583159 0.0230153
819.968 0.582579 0.0222449
820.269 0.56511 0.0216721
820.571 0.599095 0.0228993
820.872 0.59083 0.0236008
821.173 0.596848 0.0246629
821.475 0.623419 0.0261758
821.776 0.615436 0.025873
822.077 0.609811 0.0256045
822.378 0.647384 0.0265656
822.679 0.657904 0.0272189
822.98 0.629769 0.0263832
823.281 0.646234 0.0275926
823.581 0.644712 0.0272821
823.882 0.658973 0.0279351
824.183 0.644684 0.0273503
824.483 0.669977 0.0268902
824.784 0.588804 0.0241732
825.084 0.627286 0.0253979
825.385 0.639062 0.0259713
825.685 0.649686 0.0267494
825.985 0.615921 0.0258223
826.286 0.618212 0.025515
826.586 0.599358 0.0246301
826.886 0.625471 0.0252077
827.186 0.607821 0.0252143
827.486 0.659164 0.0271397
827.786 0.639591 0.027141
828.086 0.670614 0.0275122
828.386 0.626103 0.0262361
828.685 0.622889 0.0260238
828.985 0.645313 0.0272797
829.285 0.665852 0.0279017
829.584 0.667006 0.0283771
829.884 0.68221 0.0291362
830.183 0.701672 0.0310892
830.482 0.663506 0.0299019
830.782 0.687668 0.0305709
831.081 0.726173 0.0326042
831.38 0.710294 0.0312031
831.679 0.723683 0.0315673
831.978 0.725205 0.0316508
832.277 0.699759 0.0300886
832.576 0.661313 0.0287001
832.875 0.678147 0.0290454
833.174 0.678373 0.028868
833.472 0.669932 0.0289048
833.771 0.72679 0.0305161
834.07 0.645925 0.0280847
834.368 0.702045 0.0295659
834.667 0.726601 0.0308728
834.965 0.734784 0.0315123
835.263 0.727552 0.0313991
835.562 0.693597 0.0306715
835.86 0.687644 0.0302578
836.158 0.671701 0.0302451
836.456 0.695346 0.0315835
836.754 0.743261 0.0325622
837.052 0.76107 0.0339963
837.35 0.756271 0.0332318
837.648 0.7518 0.0335729
837.946 0.749951 0.0338173
838.243 0.7729 0.0343406
838.541 0.753742 0.0330214
838.839 0.734552 0.0326461
839.136 0.761371 0.0331668
839.434 0.729476 0.0322673
839.731 0.73896 0.0333505
840.028 0.760926 0.0330672
840.326 0.690731 0.0319011
840.623 0.727856 0.0327174
840.92 0.759805 0.0337495
841.217 0.76575 0.0348324
841.514 0.789345 0.0355626
841.811 0.725763 0.0329746
842.108 0.825354 0.036198
842.405 0.807558 0.0360729
842.701 0.77625 0.0355298
842.998 0.744803 0.0337312
843.295 0.803966 0.0358115
843.591 0.762032 0.0349412
843.888 0.768946 0.0346936
844.184 0.748223 0.0344211
844.481 0.738664 0.0336397
844.777 0.777956 0.0346918
845.073 0.751849 0.0343618
845.369 0.775199 0.0352414
845.665 0.82189 0.0368176
845.962 0.778715 0.0351343
846.258 0.81243 0.0365819
846.553 0.814326 0.0366777
846.849 0.75504 0.0353782
847.145 0.712489 0.03325
847.441 0.770972 0.0347952
847.737 0.797241 0.0350898
848.032 0.744711 0.0345619
848.328 0.776843 0.0354619
848.623 0.760924 0.0355653
848.919 0.767533 0.0349236
849.214 0.771708 0.034619
849.509 0.786281 0.0354656
849.805 0.818148 0.036903
850.1 0.843293 0.0383034
850.395 0.864676 0.0386575
850.69 0.843946 0.0384571
850.985 0.790672 0.0359025
851.28 0.780452 0.0355217
851.575 0.786924 0.0361043
851.869 0.823576 0.0368093
852.164 0.743056 0.0344428
852.459 0.756835 0.0338072
852.753 0.779636 0.0338352
853.048 0.666395 0.0296586
853.342 0.68044 0.0297615
853.637 0.703585 0.0308072
853.931 0.696424 0.0303212
854.225 0.665451 0.0295089
854.52 0.74711 0.0324322
854.814 0.715503 0.0318442
855.108 0.693536 0.0303343
855.402 0.717595 0.0314206
855.696 0.734491 0.0326984
855.99 0.743449 0.0334277
856.283 0.745841 0.0327467
856.577 0.779059 0.0342332
856.871 0.745798 0.0332297
857.164 0.756101 0.0338223
857.458 0.827325 0.0365547
857.751 0.811695 0.0355798
858.045 0.735561 0.0334591
858.338 0.772291 0.0348445
858.632 0.714342 0.0327446
858.925 0.758145 0.0346189
859.218 0.756607 0.0344364
859.511 0.835746 0.0377075
859.804 0.794034 0.0363868
860.097 0.763727 0.0347404
860.39 0.797337 0.0365382
860.683 0.83393 0.037209
860.976 0.808106 0.0369218
861.268 0.830624 0.0368541
861.561 0.818045 0.0376221
861.854 0.950802 0.0417686
862.146 0.826856 0.0375677
862.439 0.798768 0.0367243
862.731 0.753283 0.0347901
863.023 0.808218 0.0372036
863.316 0.8079 0.0365252
863.608 0.823477 0.0370684
863.9 0.759566 0.0356235
864.192 0.756049 0.034698
864.484 0.813976 0.036864
864.776 0.809196 0.0370816
865.068 0.807301 0.036809
865.36 0.783184 0.0361602
865.651 0.853318 0.038736
865.943 0.773988 0.0362096
866.235 0.823625 0.037542
866.526 0.836859 0.0388623
866.818 0.800318 0.0367296
867.109 0.815579 0.0368509
867.4 0.820273 0.037668
867.692 0.796014 0.0373095
867.983 0.758279 0.036062
868.274 0.840299 0.0384384
868.565 0.847685 0.0381145
868.856 0.833204 0.0380347
869.147 0.822322 0.0376832
869.438 0.834472 0.0378582
869.729 0.835121 0.0380996
870.02 0.848958 0.0399286
870.31 0.86086 0.0389534
870.601 0.797363 0.036949
870.892 0.814385 0.036958
871.182 0.775926 0.0359229
871.473 0.854375 0.0385147
871.763 0.816242 0.0367427
872.053 0.850469 0.0379469
872.343 0.807151 0.0369109
872.634 0.793155 0.0369573
872.924 0.799976 0.0363783
873.214 0.792468 0.0369482
873.504 0.811375 0.0378882
873.794 0.86456 0.0400874
874.084 0.872161 0.040147
874.373 0.825339 0.0380717
874.663 0.789072 0.0363442
874.953 0.83129 0.0385448
875.242 0.848539 0.0384182
875.532 0.803103 0.0370684
875.821 0.805738 0.03736
876.111 0.792315 0.036907
876.4 0.821777 0.0380571
876.689 0.82569 0.037894
876.978 0.807034 0.0374773
877.268 0.819824 0.0378402
877.557 0.839354 0.0387301
877.846 0.868996 0.0392761
878.134 0.832026 0.0387803
878.423 0.832179 0.0387875
878.712 0.832332 0.0387946
