178.41 0.371355 0.0942635
178.791 0.373707 0.0948604
179.172 0.376041 0.095453
179.553 0.515593 0.515593
179.934 0.827786 0.827786
180.316 0.554627 0.554627
180.697 0.467546 0.467546
181.078 0.635803 0.635803
181.459 0.489824 0.489824
181.84 0.23959 0.23959
182.221 0.442903 0.442903
182.602 0.487569 0.487569
182.983 6.57953 1.16148
183.364 0.344789 0.104195
183.744 0.696621 0.0935083
184.125 0.702132 0.0814344
184.506 0.337261 0.0462348
184.887 0.529973 0.0516832
185.268 0.440761 0.0405771
185.648 0.555747 0.0441069
186.029 0.615424 0.0442717
186.41 0.611208 0.0429661
186.791 0.610593 0.0412714
187.171 0.537942 0.0331344
187.552 0.537026 0.0269353
187.932 0.549232 0.0277365
188.313 0.491598 0.0245086
188.694 0.547192 0.0258426
189.074 0.525688 0.0244208
189.455 0.500874 0.0231759
189.835 0.570736 0.025438
190.216 0.548677 0.0242844
190.596 0.541315 0.0230841
190.977 0.541459 0.0229078
191.357 0.532221 0.0227786
191.737 0.560769 0.0230894
192.118 0.541144 0.0225706
192.498 0.513101 0.0212962
192.878 0.535271 0.0219188
193.258 0.513021 0.0210881
193.639 0.505887 0.0206812
194.019 0.526296 0.0212802
194.399 0.55437 0.0216519
194.779 0.476187 0.0192629
195.159 0.512368 0.0205605
195.54 0.486516 0.0194347
195.92 0.493154 0.0196247
196.3 0.503232 0.019537
196.68 0.488534 0.0193457
197.06 0.512076 0.0196881
197.44 0.497252 0.0192148
197.82 0.481403 0.0187576
198.2 0.492111 0.0189562
198.58 0.457858 0.017802
198.959 0.471818 0.0180387
199.339 0.476909 0.0182144
199.719 0.444798 0.0172536
200.099 0.467107 0.0177235
200.479 0.464468 0.0176233
200.858 0.46905 0.017449
201.238 0.440456 0.0166446
201.618 0.458948 0.0171811
201.998 0.476903 0.0170946
202.377 0.447265 0.0165546
202.757 0.448249 0.0163551
203.136 0.46808 0.0166045
203.516 0.427109 0.015625
203.896 0.436355 0.0155987
204.275 0.413246 0.0148806
204.655 0.418162 0.0149972
205.034 0.425747 0.0149547
205.414 0.433958 0.0149092
205.793 0.422381 0.0145772
206.172 0.438799 0.0148713
206.552 0.415576 0.0142256
206.931 0.396537 0.013683
207.31 0.401734 0.013624
207.69 0.3947 0.0133963
208.069 0.391062 0.0131579
208.448 0.398565 0.0131162
208.827 0.397005 0.0130153
209.207 0.39553 0.0129571
209.586 0.393372 0.0125837
209.965 0.397089 0.012603
210.344 0.372675 0.0120313
210.723 0.393461 0.0122105
211.102 0.376259 0.011734
211.481 0.393802 0.0119411
211.86 0.382705 0.0116545
212.239 0.365224 0.0112701
212.618 0.373747 0.0112361
212.997 0.363128 0.0108946
213.376 0.353232 0.0107068
213.755 0.363609 0.0107103
214.134 0.35443 0.010431
214.513 0.34998 0.0101976
214.891 0.344909 0.0100558
215.27 0.341659 0.00982018
215.649 0.344717 0.00978292
216.028 0.347814 0.00965706
216.406 0.345758 0.00952817
216.785 0.347778 0.00940046
217.164 0.347548 0.00930328
217.542 0.346165 0.00909009
217.921 0.349271 0.00901388
218.3 0.350162 0.0089934
218.678 0.358689 0.00895907
219.057 0.359955 0.00881508
219.435 0.351428 0.0085669
219.814 0.349426 0.0084795
220.192 0.353083 0.00838637
220.57 0.340839 0.00814307
220.949 0.349777 0.00811073
221.327 0.344772 0.00791861
221.705 0.342905 0.00781627
222.084 0.339473 0.00760834
222.462 0.335456 0.00747308
222.84 0.345173 0.00751796
223.218 0.341368 0.00729026
223.597 0.34279 0.00723162
223.975 0.340254 0.00707511
224.353 0.342892 0.00702447
224.731 0.34498 0.00693228
225.109 0.351625 0.00685737
225.487 0.353298 0.00677595
225.865 0.36285 0.00676192
226.243 0.370084 0.0067423
226.621 0.374432 0.00669247
226.999 0.378716 0.00659276
227.377 0.391738 0.00664005
227.755 0.392429 0.0065592
228.133 0.405663 0.00658419
228.511 0.405923 0.0065079
228.889 0.402714 0.00635818
229.266 0.408705 0.00634451
229.644 0.411082 0.00623767
230.022 0.412644 0.00616861
230.4 0.416185 0.00613664
230.777 0.417851 0.0060904
231.155 0.414748 0.00598887
231.533 0.419879 0.00594048
231.91 0.416974 0.00583976
232.288 0.422989 0.005826
232.665 0.422351 0.00574666
233.043 0.43054 0.00574733
233.42 0.431366 0.00567509
233.798 0.436152 0.00566476
234.175 0.443199 0.00563596
234.553 0.446343 0.0055957
234.93 0.453474 0.00558372
235.307 0.46745 0.00562319
235.685 0.472837 0.00560933
236.062 0.477999 0.00557397
236.439 0.491163 0.00562225
236.816 0.501133 0.00560958
237.194 0.503415 0.00556281
237.571 0.515472 0.00558002
237.948 0.524901 0.00560107
238.325 0.52642 0.00554708
238.702 0.531275 0.00553971
239.079 0.538773 0.00552331
239.456 0.541016 0.00549782
239.833 0.55146 0.00551484
240.21 0.544323 0.00542842
240.587 0.552529 0.00544386
240.964 0.551156 0.00539273
241.341 0.553803 0.00535999
241.718 0.546673 0.00527497
242.095 0.549335 0.00528622
242.472 0.551057 0.00525253
242.849 0.545317 0.0051861
243.225 0.546194 0.00514502
243.602 0.545438 0.00511557
243.979 0.546915 0.00510478
244.356 0.550605 0.00510096
244.732 0.551305 0.00505222
245.109 0.551288 0.00501677
245.486 0.554016 0.00502216
245.862 0.555014 0.00500186
246.239 0.559746 0.00497194
246.615 0.564744 0.00498503
246.992 0.566948 0.00495817
247.368 0.57486 0.00499261
247.745 0.58153 0.00497915
248.121 0.586958 0.00496824
248.497 0.58851 0.00496676
248.874 0.598328 0.00497769
249.25 0.59747 0.00493034
249.626 0.606072 0.0049575
250.003 0.612571 0.00495476
250.379 0.610839 0.00489957
250.755 0.616542 0.00492665
251.131 0.619779 0.0049049
251.507 0.620299 0.00490042
251.884 0.623304 0.00487855
252.26 0.624701 0.00488526
252.636 0.622764 0.00483328
253.012 0.623265 0.00481759
253.388 0.622284 0.0047993
253.764 0.626285 0.00479501
254.14 0.622052 0.00476741
254.516 0.620988 0.00475684
254.892 0.614864 0.00470938
255.268 0.616042 0.00470888
255.643 0.610421 0.00466767
256.019 0.613403 0.00467559
256.395 0.60767 0.00464398
256.771 0.607116 0.00460802
257.147 0.607366 0.00460373
257.522 0.606544 0.00459333
257.898 0.607121 0.00458796
258.274 0.604036 0.00456445
258.649 0.613888 0.00459871
259.025 0.615236 0.00457847
259.4 0.611932 0.00456368
259.776 0.615118 0.00456142
260.151 0.621958 0.00460213
260.527 0.626421 0.00459803
260.902 0.627421 0.00458919
261.278 0.631262 0.00459349
261.653 0.635804 0.00460986
262.028 0.641614 0.00463533
262.404 0.644737 0.00462529
262.779 0.649101 0.00462929
263.154 0.654456 0.00464016
263.53 0.658004 0.00464003
263.905 0.65901 0.00465258
264.28 0.666582 0.00467682
264.655 0.664563 0.00465615
265.03 0.664999 0.00467205
265.405 0.667647 0.00466575
265.781 0.673041 0.00469012
266.156 0.674267 0.00468935
266.531 0.666699 0.00463835
266.906 0.673548 0.00468787
267.281 0.672155 0.00465985
267.655 0.667512 0.00466108
268.03 0.669191 0.00466954
268.405 0.664289 0.00464622
268.78 0.664345 0.0046463
269.155 0.663348 0.00463249
269.53 0.655928 0.00462239
269.904 0.657877 0.00462403
270.279 0.658825 0.0046303
270.654 0.651065 0.00458986
271.029 0.646761 0.00458334
271.403 0.643762 0.00455977
271.778 0.645277 0.00457811
272.152 0.644759 0.00458062
272.527 0.641208 0.00456398
272.901 0.640298 0.0045429
273.276 0.638937 0.00452772
273.65 0.640171 0.00454633
274.025 0.637964 0.0045267
274.399 0.641716 0.00456175
274.774 0.640951 0.00454849
275.148 0.64196 0.00453767
275.522 0.645537 0.00456247
275.897 0.647207 0.0045659
276.271 0.647229 0.00457054
276.645 0.651527 0.0045724
277.019 0.655195 0.00457283
277.393 0.656351 0.00456451
277.768 0.660372 0.00460013
278.142 0.663038 0.00460478
278.516 0.668534 0.00463198
278.89 0.67014 0.00462839
279.264 0.677458 0.00466852
279.638 0.680171 0.00465523
280.012 0.684386 0.00467784
280.386 0.686736 0.00471037
280.76 0.690669 0.00470589
281.133 0.694247 0.00472671
281.507 0.694799 0.0047248
281.881 0.696054 0.00471824
282.255 0.7001 0.00473857
282.629 0.696875 0.00474136
283.002 0.697231 0.00474513
283.376 0.696386 0.00472928
283.75 0.696683 0.00474635
284.123 0.692652 0.00471609
284.497 0.69373 0.00472836
284.87 0.692659 0.00472953
285.244 0.691486 0.00471683
285.618 0.691382 0.00472859
285.991 0.689661 0.00474264
286.364 0.689652 0.00474084
286.738 0.691309 0.00474566
287.111 0.687778 0.00473553
287.485 0.683559 0.00472365
287.858 0.681336 0.00473357
288.231 0.678093 0.00471401
288.605 0.679801 0.00473288
288.978 0.680447 0.00472504
289.351 0.680762 0.00475071
289.724 0.675425 0.00473188
290.097 0.676443 0.0047411
290.47 0.677466 0.00476001
290.843 0.674887 0.00474927
291.217 0.671981 0.00473998
291.59 0.677472 0.00479228
291.963 0.673309 0.004767
292.336 0.67695 0.00479514
292.708 0.677411 0.00480591
293.081 0.683517 0.00484974
293.454 0.677238 0.00480615
293.827 0.679818 0.00482961
294.2 0.685711 0.00488212
294.573 0.682542 0.00485529
294.945 0.688945 0.00490683
295.318 0.692528 0.00491767
295.691 0.696684 0.00494442
296.064 0.698192 0.00495884
296.436 0.698905 0.00495788
296.809 0.699988 0.00494839
297.181 0.706418 0.00499774
297.554 0.705455 0.00500196
297.926 0.713006 0.00503265
298.299 0.714722 0.00504409
298.671 0.715454 0.00502469
299.044 0.722183 0.00507592
299.416 0.725013 0.00509356
299.788 0.722972 0.00507849
300.161 0.730427 0.00512706
300.533 0.729857 0.00511791
300.905 0.72686 0.00508796
301.278 0.730753 0.00511228
301.65 0.729868 0.00510345
302.022 0.727742 0.00510713
302.394 0.723338 0.00509987
302.766 0.727215 0.00510631
303.138 0.729992 0.00513615
303.51 0.725807 0.00510807
303.882 0.724348 0.00509653
304.254 0.724213 0.00510607
304.626 0.719156 0.00507292
304.998 0.722069 0.00508167
305.37 0.715274 0.00508597
305.742 0.718045 0.00507672
306.114 0.715769 0.00506648
306.485 0.715514 0.00506671
306.857 0.714176 0.00505836
307.229 0.712973 0.00507176
307.601 0.7048 0.00504122
307.972 0.702625 0.00502826
308.344 0.697976 0.00500532
308.716 0.697768 0.00502521
309.087 0.699417 0.00502482
309.459 0.696879 0.00502331
309.83 0.69544 0.00501878
310.202 0.6927 0.00500073
310.573 0.695868 0.00501508
310.945 0.693276 0.00500226
311.316 0.691571 0.00502001
311.687 0.686695 0.00498223
312.059 0.691162 0.00501594
312.43 0.690486 0.00500438
312.801 0.692658 0.00502992
313.172 0.689717 0.00502232
313.544 0.690355 0.00502982
313.915 0.688264 0.00499028
314.286 0.688518 0.00501287
314.657 0.690511 0.005009
315.028 0.690879 0.00502092
315.399 0.691974 0.00502323
315.77 0.696521 0.00503258
316.141 0.699042 0.00506266
316.512 0.700387 0.00506677
316.883 0.701805 0.00508214
317.254 0.704887 0.00508816
317.625 0.708399 0.00513225
317.996 0.708911 0.00510599
318.366 0.712717 0.00513239
318.737 0.712572 0.0051267
319.108 0.720766 0.0051739
319.478 0.718912 0.00516895
319.849 0.719684 0.00516927
320.22 0.724662 0.00519222
320.59 0.726377 0.00519539
320.961 0.723562 0.00519423
321.331 0.729507 0.0052162
321.702 0.734802 0.00526162
322.072 0.732331 0.00526865
322.443 0.735388 0.00526917
322.813 0.73481 0.00525733
323.184 0.731518 0.00526026
323.554 0.736537 0.00529503
323.924 0.738127 0.00529801
324.295 0.741033 0.00533418
324.665 0.735835 0.00531931
325.035 0.736066 0.00531319
325.405 0.738622 0.0053443
325.775 0.742206 0.0053833
326.145 0.736188 0.00535631
326.515 0.734668 0.00536064
326.886 0.738064 0.00540018
327.256 0.73471 0.00539303
327.626 0.729397 0.00540673
327.995 0.722793 0.00539547
328.365 0.710077 0.00535528
328.735 0.703674 0.00535786
329.105 0.705086 0.00542134
329.475 0.712894 0.00549409
329.845 0.744185 0.00569455
330.215 0.763419 0.00574604
330.584 0.769736 0.00571415
330.954 0.763649 0.00555701
331.324 0.741468 0.00532156
331.693 0.72441 0.00516972
332.063 0.706996 0.00505219
332.432 0.695812 0.00498623
332.802 0.695408 0.0050257
333.171 0.691892 0.00507877
333.541 0.695901 0.00518849
333.91 0.69806 0.00522293
334.28 0.696664 0.00524759
334.649 0.698086 0.00526817
335.018 0.699334 0.00529086
335.388 0.70064 0.00531288
335.757 0.697832 0.00530298
336.126 0.693413 0.00530516
336.495 0.694954 0.0052931
336.865 0.691283 0.00530096
337.234 0.692705 0.00533641
337.603 0.695798 0.00533741
337.972 0.693074 0.00533922
338.341 0.69173 0.00532531
338.71 0.69087 0.00531838
339.079 0.692787 0.00534506
339.448 0.693634 0.00533989
339.817 0.695739 0.00536121
340.186 0.694481 0.00535975
340.554 0.694336 0.00535217
340.923 0.696749 0.00537266
341.292 0.692331 0.00536066
341.661 0.701133 0.00540138
342.029 0.698473 0.0053818
342.398 0.69681 0.00538261
342.767 0.700313 0.00541687
343.135 0.705364 0.0054323
343.504 0.706268 0.00545272
343.872 0.708602 0.00544141
344.241 0.715339 0.00548002
344.609 0.711478 0.00548692
344.978 0.714753 0.00549398
345.346 0.711669 0.0054615
345.715 0.719544 0.00551287
346.083 0.718998 0.00552306
346.451 0.725483 0.0055391
346.82 0.723254 0.00554911
347.188 0.723722 0.00554042
347.556 0.729227 0.00559014
347.924 0.730191 0.00558706
348.292 0.729489 0.00559707
348.66 0.73043 0.00559574
349.028 0.730951 0.00560478
349.396 0.73442 0.0056402
349.764 0.732977 0.00562756
350.132 0.730395 0.00561475
350.5 0.734819 0.00564093
350.868 0.735361 0.00565325
351.236 0.731185 0.00563269
351.604 0.738848 0.00568414
351.972 0.736913 0.00568312
352.34 0.732464 0.00567418
352.707 0.732552 0.00567701
353.075 0.730672 0.00567122
353.443 0.73461 0.00569945
353.81 0.729009 0.00569179
354.178 0.730127 0.00569936
354.545 0.729581 0.00568327
354.913 0.729561 0.00570736
355.28 0.723683 0.0056851
355.648 0.727074 0.00568635
356.015 0.722035 0.00567653
356.383 0.720364 0.00566349
356.75 0.717572 0.00566692
357.117 0.714499 0.0056579
357.485 0.718508 0.00567773
357.852 0.719549 0.00572108
358.219 0.715632 0.00567717
358.586 0.708833 0.00564919
358.954 0.712392 0.00568717
359.321 0.706877 0.00565141
359.688 0.708729 0.00568667
360.055 0.702837 0.00565492
360.422 0.707982 0.00568381
360.789 0.701583 0.00566782
361.156 0.702107 0.00566493
361.523 0.699518 0.00567737
361.89 0.695902 0.00565581
362.256 0.689971 0.00560913
362.623 0.695575 0.00568795
362.99 0.686695 0.00562447
363.357 0.690881 0.00566463
363.724 0.690376 0.005665
364.09 0.688634 0.00564645
364.457 0.691851 0.00570188
364.823 0.689786 0.00565679
365.19 0.685395 0.00564715
365.557 0.685881 0.00564038
365.923 0.688887 0.00567146
366.29 0.684453 0.00567094
366.656 0.68398 0.00564567
367.022 0.682041 0.00563062
367.389 0.687275 0.00567749
367.755 0.681328 0.00567978
368.121 0.682323 0.00568163
368.488 0.682587 0.00567504
368.854 0.683022 0.0056984
369.22 0.688326 0.00574745
369.586 0.689053 0.00577006
369.952 0.680648 0.00574724
370.318 0.67901 0.00574303
370.684 0.682805 0.00577585
371.051 0.68703 0.00579529
371.416 0.690391 0.00584535
371.782 0.685899 0.00580889
372.148 0.692023 0.00584677
372.514 0.691366 0.00585656
372.88 0.692377 0.00587805
373.246 0.691652 0.00586957
373.612 0.696863 0.00588887
373.977 0.697694 0.00587908
374.343 0.697485 0.00585963
374.709 0.69542 0.00583196
375.074 0.696752 0.00585502
375.44 0.699624 0.00589221
375.806 0.706291 0.0059529
376.171 0.70042 0.00589813
376.537 0.701357 0.00589668
376.902 0.704598 0.00592069
377.268 0.706377 0.00590382
377.633 0.705262 0.00588834
377.998 0.709437 0.00588313
378.364 0.70551 0.00584146
378.729 0.714504 0.00588847
379.094 0.723723 0.00595227
379.459 0.719786 0.00601558
379.825 0.71832 0.00598282
380.19 0.716109 0.00598287
380.555 0.71674 0.00602756
380.92 0.723351 0.00613096
381.285 0.720735 0.00610829
381.65 0.710605 0.00601802
382.015 0.721003 0.00607082
382.38 0.72354 0.00610512
382.745 0.722272 0.00613716
383.11 0.722353 0.0061541
383.474 0.725734 0.00615028
383.839 0.721877 0.00614497
384.204 0.72159 0.00616357
384.569 0.718998 0.00616002
384.933 0.722286 0.00619206
385.298 0.720512 0.00619409
385.663 0.716151 0.0061578
386.027 0.71129 0.00612418
386.392 0.708677 0.00608683
386.756 0.715182 0.00608396
387.121 0.714281 0.00607838
387.485 0.712764 0.00605326
387.849 0.712257 0.00602278
388.214 0.715416 0.0061031
388.578 0.715878 0.00613577
388.942 0.70992 0.00614131
389.307 0.709251 0.00613282
389.671 0.709957 0.00615846
390.035 0.704047 0.00610484
390.399 0.700218 0.00607393
390.763 0.699189 0.00603367
391.127 0.699958 0.00601522
391.492 0.694115 0.00590768
391.856 0.686326 0.00580673
392.219 0.694354 0.00579702
392.583 0.70419 0.00587118
392.947 0.705412 0.00600307
393.311 0.697569 0.0060247
393.675 0.693235 0.00602405
394.039 0.690702 0.00605027
394.403 0.691189 0.00605541
394.766 0.687984 0.00605778
395.13 0.684648 0.00605906
395.494 0.682164 0.00604565
395.857 0.676272 0.0059932
396.221 0.674264 0.00595719
396.584 0.67199 0.00590259
396.948 0.672839 0.00584256
397.311 0.663649 0.00571706
397.675 0.672562 0.00572424
398.038 0.672093 0.00572503
398.401 0.674167 0.00581535
398.765 0.675303 0.00591026
399.128 0.67809 0.00600705
399.491 0.669287 0.00601334
399.854 0.664025 0.00599818
400.218 0.66443 0.00601746
400.581 0.6611 0.00601947
400.944 0.662141 0.0060537
401.307 0.663505 0.00613286
401.67 0.660495 0.00610115
402.033 0.662044 0.00612612
402.396 0.657253 0.00610731
402.759 0.660367 0.00612922
403.122 0.653911 0.00606943
403.485 0.653787 0.00606729
403.847 0.651105 0.00600445
404.21 0.652869 0.00598151
404.573 0.658709 0.00600165
404.936 0.658683 0.00597196
405.298 0.661617 0.00605095
405.661 0.666362 0.00615774
406.023 0.6645 0.00623633
406.386 0.659437 0.00623451
406.749 0.657284 0.0062528
407.111 0.655463 0.00623612
407.473 0.64961 0.00610888
407.836 0.659169 0.00614468
408.198 0.659802 0.0061102
408.561 0.661301 0.00613475
408.923 0.663558 0.00615427
409.285 0.665721 0.00617568
409.647 0.66829 0.00624181
410.009 0.672003 0.00631832
410.372 0.66853 0.00629279
410.734 0.667043 0.0063174
411.096 0.666141 0.00630204
411.458 0.665367 0.00629686
411.82 0.670608 0.00628014
412.182 0.670385 0.00623144
412.544 0.673137 0.00625819
412.906 0.674748 0.00625459
413.267 0.688368 0.00633999
413.629 0.682664 0.00636336
413.991 0.682696 0.00639342
414.353 0.68483 0.00642104
414.714 0.688857 0.00650772
415.076 0.684275 0.00646993
415.438 0.684056 0.00646185
415.799 0.684843 0.00643977
416.161 0.690466 0.00652285
416.522 0.693702 0.00656502
416.884 0.688596 0.00654488
417.245 0.693735 0.0065935
417.607 0.691235 0.00656538
417.968 0.689142 0.00654805
418.329 0.694272 0.00656415
418.691 0.700733 0.00659244
419.052 0.70117 0.00658989
419.413 0.690012 0.00647843
419.774 0.693031 0.00647239
420.135 0.685629 0.00629441
420.497 0.691747 0.00622267
420.858 0.692348 0.00613949
421.219 0.704322 0.00621326
421.58 0.711908 0.00632627
421.941 0.712 0.00643777
422.302 0.704453 0.00648945
422.662 0.713348 0.00655839
423.023 0.697942 0.00651581
423.384 0.703854 0.00656528
423.745 0.695416 0.00648643
424.106 0.69774 0.00649361
424.466 0.711171 0.00654306
424.827 0.714664 0.00664965
425.187 0.706603 0.00669571
425.548 0.710889 0.00677944
425.909 0.702347 0.00677422
426.269 0.698737 0.00670915
426.63 0.694593 0.00664387
426.99 0.699936 0.00661463
427.35 0.701237 0.00665033
427.711 0.689769 0.00654897
428.071 0.68964 0.00649355
428.431 0.68205 0.00633434
428.792 0.675409 0.00608769
429.152 0.685265 0.00596338
429.512 0.692048 0.0059816
429.872 0.694838 0.00603524
430.232 0.705221 0.00618753
430.592 0.709374 0.00638182
430.952 0.70583 0.00655382
431.312 0.701107 0.00669436
431.672 0.688775 0.00671163
432.032 0.681028 0.0066534
432.392 0.674673 0.00653272
432.752 0.659459 0.00614091
433.111 0.672752 0.006064
433.471 0.697267 0.00627009
433.831 0.701961 0.00653755
434.19 0.686049 0.00646387
434.55 0.675481 0.00641273
434.91 0.680158 0.00650996
435.269 0.669987 0.00637211
435.629 0.669045 0.0063536
435.988 0.673333 0.00634664
436.348 0.682977 0.00648969
436.707 0.681187 0.00657979
437.066 0.665033 0.00649777
437.426 0.658042 0.0063868
437.785 0.662598 0.00639091
438.144 0.663592 0.00638774
438.503 0.667979 0.00649338
438.862 0.668327 0.00650711
439.222 0.666955 0.00655229
439.581 0.657408 0.00653315
439.94 0.647064 0.00639074
440.299 0.636737 0.00612583
440.658 0.641319 0.00599136
441.017 0.652793 0.00604667
441.376 0.664014 0.00616959
441.734 0.661362 0.0062205
442.093 0.646888 0.00614937
442.452 0.63889 0.00606736
442.811 0.64763 0.00608187
443.169 0.6482 0.00608227
443.528 0.66048 0.00626695
443.887 0.649151 0.00621695
444.245 0.646357 0.00623073
444.604 0.646312 0.00628237
444.962 0.644621 0.006304
445.321 0.639696 0.00628573
445.679 0.636825 0.00623866
446.038 0.645016 0.00625572
446.396 0.646079 0.00634713
446.754 0.647732 0.0064422
447.112 0.645677 0.0064645
447.471 0.636465 0.00642558
447.829 0.633884 0.00644608
448.187 0.635785 0.00644426
448.545 0.631218 0.00640143
448.903 0.638355 0.00645418
449.261 0.636102 0.00646152
449.619 0.641809 0.00655191
449.977 0.64279 0.00658886
450.335 0.636711 0.00662948
450.693 0.641047 0.00666849
451.051 0.635131 0.00662449
451.409 0.638241 0.00666673
451.766 0.641289 0.00669115
452.124 0.646522 0.00681265
452.482 0.636626 0.00682728
452.839 0.645488 0.0069514
453.197 0.637759 0.00692186
453.555 0.63614 0.00694165
453.912 0.636627 0.00692607
454.27 0.626298 0.00676129
454.627 0.633181 0.00671801
454.984 0.637451 0.00675655
455.342 0.650574 0.00693039
455.699 0.648439 0.00699621
456.056 0.638931 0.00690351
456.414 0.637729 0.00683535
456.771 0.636957 0.0067063
457.128 0.641604 0.00670497
457.485 0.648654 0.00671833
457.842 0.650077 0.00676732
458.199 0.651791 0.00676839
458.556 0.646277 0.00667468
458.913 0.651237 0.00670053
459.27 0.655357 0.00668362
459.627 0.660859 0.00680925
459.984 0.64861 0.00669667
460.341 0.654064 0.00671612
460.697 0.656424 0.00680839
461.054 0.676674 0.00711623
461.411 0.668114 0.00721675
461.767 0.661292 0.00726448
462.124 0.650637 0.0071877
462.481 0.660214 0.0071538
462.837 0.654349 0.00701141
463.194 0.657428 0.00688079
463.55 0.660705 0.00694227
463.907 0.655539 0.00673354
464.263 0.660422 0.00666553
464.619 0.65646 0.0065197
464.976 0.662668 0.00645974
465.332 0.674826 0.00651712
465.688 0.693811 0.00681093
466.044 0.689445 0.00703323
466.4 0.683826 0.00711349
466.756 0.675783 0.00711793
467.112 0.677704 0.00712798
467.468 0.675663 0.00710672
467.824 0.688652 0.0072483
468.18 0.687046 0.00733441
468.536 0.681165 0.00730905
468.892 0.684038 0.0074413
469.248 0.683794 0.00747297
469.604 0.680924 0.00750213
469.959 0.68479 0.00752073
470.315 0.679045 0.00748507
470.671 0.682899 0.00749879
471.026 0.683295 0.00743766
471.382 0.677272 0.00733396
471.737 0.677997 0.00727885
472.093 0.676226 0.00715593
472.448 0.67286 0.00700108
472.804 0.67719 0.00696367
473.159 0.678862 0.00691502
473.514 0.692165 0.00701794
473.87 0.674406 0.00682862
474.225 0.66889 0.00660631
474.58 0.672038 0.00649126
474.935 0.688888 0.00662804
475.29 0.697773 0.00676059
475.645 0.68596 0.00670991
476 0.681249 0.00669544
476.355 0.688219 0.00679019
476.71 0.67584 0.0067249
477.065 0.663264 0.00646798
477.42 0.670084 0.00641541
477.775 0.682711 0.00648338
478.13 0.684364 0.00654961
478.485 0.677671 0.00647028
478.839 0.666746 0.00634114
479.194 0.665377 0.00617228
479.549 0.674242 0.00613707
479.903 0.685196 0.00620322
480.258 0.679536 0.00622616
480.612 0.667947 0.00609234
480.967 0.657798 0.00590609
481.321 0.681805 0.00603217
481.675 0.689674 0.00618376
482.03 0.683009 0.00626236
482.384 0.667686 0.00621772
482.738 0.665075 0.00614638
483.093 0.664693 0.00609974
483.447 0.659791 0.00594522
483.801 0.650619 0.00571942
484.155 0.658192 0.0056792
484.509 0.554123 0.00453753
484.863 0.529004 0.00302181
485.217 0.622696 0.0029797
485.571 0.727066 0.00330292
485.925 0.851879 0.00455426
486.279 0.756485 0.00497648
486.632 0.677566 0.00509394
486.986 0.680759 0.00551934
487.34 0.68351 0.00590382
487.694 0.670168 0.00600911
488.047 0.655303 0.00597569
488.401 0.656361 0.0059881
488.754 0.657329 0.00603056
489.108 0.661126 0.00614666
489.461 0.658074 0.00616215
489.815 0.649652 0.00618645
490.168 0.645929 0.00610065
490.522 0.647905 0.00608398
490.875 0.65122 0.00610869
491.228 0.649793 0.00614396
491.581 0.645049 0.00607949
491.935 0.648379 0.0061177
492.288 0.641324 0.0061094
492.641 0.643882 0.00607816
492.994 0.640666 0.00605842
493.347 0.634989 0.00594776
493.7 0.637925 0.00596606
494.053 0.639651 0.00599456
494.406 0.65345 0.00615687
494.759 0.645026 0.00624178
495.111 0.616115 0.0059098
495.464 0.612258 0.00563272
495.817 0.630582 0.00561313
496.169 0.647343 0.00584683
496.522 0.662404 0.00618145
496.875 0.644702 0.00630195
497.227 0.633769 0.00631003
497.58 0.625446 0.00625753
497.932 0.62816 0.00619748
498.285 0.619608 0.00609895
498.637 0.613465 0.0059175
498.989 0.619726 0.0058814
499.342 0.630762 0.00597753
499.694 0.6344 0.00612728
500.046 0.623543 0.00612679
500.398 0.610303 0.00591296
500.751 0.617789 0.00589486
501.103 0.614779 0.00586173
501.455 0.61802 0.00588618
501.807 0.619578 0.00590245
502.159 0.620548 0.00591026
502.511 0.614454 0.00586657
502.862 0.617275 0.00590534
503.214 0.62111 0.00600463
503.566 0.621391 0.00612772
503.918 0.61533 0.00616375
504.27 0.611821 0.00613964
504.621 0.614193 0.00616654
504.973 0.613769 0.00619919
505.324 0.611263 0.00614657
505.676 0.604357 0.00600526
506.027 0.616404 0.00608119
506.379 0.630247 0.00635402
506.73 0.61802 0.00638802
507.082 0.6025 0.00626254
507.433 0.600719 0.00613746
507.784 0.605544 0.00611054
508.136 0.613656 0.00625865
508.487 0.619645 0.00635366
508.838 0.609344 0.00635971
509.189 0.606539 0.00633809
509.54 0.603881 0.00623964
509.891 0.608637 0.00633664
510.242 0.611679 0.00635953
510.593 0.609492 0.00638855
510.944 0.614442 0.00645029
511.295 0.623288 0.00663185
511.646 0.619017 0.00668229
511.996 0.606749 0.00654759
512.347 0.602729 0.00647677
512.698 0.617921 0.00657956
513.049 0.613595 0.00659688
513.399 0.618745 0.00665523
513.75 0.615658 0.00661876
514.1 0.628694 0.00681537
514.451 0.626536 0.00694514
514.801 0.611292 0.00683001
515.152 0.613792 0.00678347
515.502 0.611435 0.00666549
515.852 0.623226 0.00669333
516.202 0.622205 0.00667888
516.553 0.630874 0.00682356
516.903 0.632948 0.00693901
517.253 0.630871 0.00703213
517.603 0.626975 0.0070091
517.953 0.621118 0.00694238
518.303 0.617904 0.00676187
518.653 0.630425 0.00677408
519.003 0.636058 0.00685654
519.353 0.645474 0.00715416
519.703 0.634655 0.00724438
520.052 0.628867 0.00724825
520.402 0.625603 0.0071896
520.752 0.635477 0.00716318
521.102 0.647603 0.0073484
521.451 0.642835 0.00737342
521.801 0.637606 0.00732237
522.15 0.625344 0.00713144
522.5 0.635795 0.00717912
522.849 0.637069 0.00716373
523.199 0.636577 0.00709333
523.548 0.633978 0.00701078
523.897 0.649301 0.00717703
524.246 0.654888 0.00732782
524.596 0.654574 0.00742975
524.945 0.642121 0.00731583
525.294 0.649267 0.00735558
525.643 0.646895 0.00732577
525.992 0.650089 0.00733129
526.341 0.646171 0.00726358
526.69 0.656276 0.00737777
527.039 0.660569 0.007474
527.388 0.651316 0.00747339
527.737 0.631171 0.00713306
528.086 0.638008 0.00690774
528.434 0.6478 0.00683316
528.783 0.677272 0.00717779
529.132 0.665017 0.00724794
529.48 0.661291 0.0073206
529.829 0.659321 0.00734996
530.177 0.664902 0.00745676
530.526 0.662274 0.00746031
530.874 0.652687 0.0073355
531.223 0.653732 0.00733077
531.571 0.67128 0.00749248
531.919 0.650093 0.00730084
532.268 0.643506 0.00704194
532.616 0.64482 0.00682379
532.964 0.663618 0.00681985
533.312 0.659962 0.00680456
533.66 0.666441 0.00686874
534.008 0.660731 0.00682368
534.356 0.663943 0.00684477
534.704 0.673813 0.00695812
535.052 0.671841 0.00704138
535.4 0.671328 0.00718748
535.748 0.67588 0.00738351
536.095 0.671599 0.00754656
536.443 0.657208 0.00747458
536.791 0.651788 0.00728625
537.139 0.651333 0.00711601
537.486 0.653881 0.00696501
537.834 0.664615 0.00698474
538.181 0.66547 0.00694911
538.529 0.668473 0.007004
538.876 0.668734 0.00698721
539.223 0.675532 0.00714138
539.571 0.674293 0.00728745
539.918 0.662762 0.00719927
540.265 0.657096 0.00702711
540.613 0.665215 0.00694878
540.96 0.673936 0.00708078
541.307 0.66552 0.00704927
541.654 0.66047 0.00702072
542.001 0.668968 0.00708774
542.348 0.665658 0.00706886
542.695 0.662972 0.0070635
543.042 0.661389 0.00694679
543.388 0.662159 0.00686293
543.735 0.665589 0.00687113
544.082 0.664037 0.00685266
544.429 0.668551 0.00690757
544.775 0.680831 0.00712422
545.122 0.678544 0.00732312
545.469 0.667835 0.00738388
545.815 0.658137 0.00728765
546.162 0.658789 0.00723324
546.508 0.65214 0.00704889
546.854 0.647462 0.00676324
547.201 0.65241 0.00654047
547.547 0.675054 0.00663374
547.893 0.680478 0.00680987
548.24 0.682957 0.00718764
548.586 0.670736 0.00741926
548.932 0.657899 0.00745723
549.278 0.644582 0.00738661
549.624 0.657221 0.00741884
549.97 0.668936 0.00755471
550.316 0.660915 0.00765921
550.662 0.66002 0.00773277
551.008 0.624002 0.00712982
551.353 0.638012 0.00682422
551.699 0.658981 0.00678205
552.045 0.6797 0.00707333
552.391 0.656428 0.00709524
552.736 0.654325 0.00711621
553.082 0.644705 0.00707407
553.427 0.661546 0.00729253
553.773 0.662421 0.00753896
554.118 0.639085 0.00740543
554.464 0.631551 0.00717276
554.809 0.628131 0.00686921
555.154 0.65147 0.00690145
555.5 0.650278 0.00691076
555.845 0.666172 0.00726667
556.19 0.650815 0.0073773
556.535 0.644879 0.00750849
556.88 0.632164 0.00731422
557.225 0.644541 0.0073581
557.57 0.652945 0.00755044
557.915 0.650313 0.00773949
558.26 0.644067 0.00779716
558.605 0.634455 0.00771131
558.95 0.622468 0.00746969
559.295 0.61794 0.00704558
559.639 0.626037 0.00682467
559.984 0.625898 0.00656312
560.329 0.636189 0.00659241
560.673 0.634705 0.00660757
561.018 0.642 0.00684045
561.362 0.63817 0.00700183
561.707 0.631394 0.00713915
562.051 0.617612 0.00697473
562.395 0.613553 0.00685995
562.74 0.620913 0.00676403
563.084 0.622027 0.00668644
563.428 0.622356 0.00654855
563.772 0.62821 0.00660977
564.117 0.620026 0.00651855
564.461 0.622774 0.00651231
564.805 0.623854 0.00657473
565.149 0.618574 0.00651666
565.493 0.619478 0.00653141
565.836 0.614341 0.00637932
566.18 0.610153 0.00626463
566.524 0.593251 0.00576037
566.868 0.606359 0.00566751
567.212 0.612289 0.00559822
567.555 0.605338 0.00549601
567.899 0.593505 0.00518987
568.242 0.599543 0.00500321
568.586 0.587825 0.00463599
568.929 0.585586 0.00433116
569.273 0.59398 0.00412414
569.616 0.61359 0.00419758
569.96 0.597982 0.00406015
570.303 0.591294 0.00391193
570.646 0.595182 0.00387602
570.989 0.587797 0.0037326
571.333 0.606266 0.00383798
571.676 0.614087 0.00400703
572.019 0.606507 0.00430606
572.362 0.557121 0.00389408
572.705 0.563782 0.00363586
573.048 0.587695 0.0035334
573.391 0.587643 0.00341796
573.733 0.592189 0.00338349
574.076 0.588691 0.00333619
574.419 0.607009 0.00349095
574.762 0.600084 0.00365592
575.104 0.603354 0.00392414
575.447 0.558833 0.00372559
575.789 0.557959 0.00349917
576.132 0.581889 0.00337588
576.474 0.576163 0.00332163
576.817 0.567751 0.00305021
577.159 0.583152 0.00292281
577.501 0.617859 0.00303228
577.844 0.620837 0.00325316
578.186 0.603111 0.0035965
578.528 0.564861 0.00362274
578.87 0.565558 0.0036408
579.212 0.559033 0.003499
579.554 0.582444 0.0034574
579.896 0.580995 0.00347412
580.238 0.550905 0.00318795
580.58 0.566381 0.00284006
580.922 0.615582 0.00284557
581.264 0.66666 0.0029612
581.606 0.621558 0.00298517
581.947 0.600633 0.00311486
582.289 0.593548 0.00344011
582.631 0.57641 0.00376031
582.972 0.562195 0.00396269
583.314 0.556551 0.00389929
583.655 0.55567 0.00376645
583.997 0.548335 0.00341529
584.338 0.568462 0.00323436
584.679 0.581617 0.00313893
585.021 0.6092 0.00330081
585.362 0.597185 0.00351156
585.703 0.586336 0.0037425
586.044 0.548451 0.00363307
586.385 0.554725 0.00345745
586.726 0.569243 0.00334511
587.067 0.603201 0.00357859
587.408 0.589531 0.00374065
587.749 0.58118 0.00389015
588.09 0.577152 0.00403824
588.431 0.589333 0.00432371
588.772 0.568923 0.00441822
589.113 0.563618 0.00432164
589.453 0.574631 0.00433999
589.794 0.59302 0.00455987
590.134 0.593278 0.00480422
590.475 0.57535 0.00484104
590.815 0.569704 0.00477265
591.156 0.581913 0.00483039
591.496 0.557609 0.00458429
591.837 0.54735 0.00390734
592.177 0.568559 0.00361755
592.517 0.59932 0.00355591
592.857 0.61031 0.00378338
593.198 0.60396 0.0040044
593.538 0.595365 0.00438589
593.878 0.569586 0.00442697
594.218 0.556599 0.00423504
594.558 0.583849 0.00417626
594.898 0.605695 0.00437347
595.237 0.609862 0.00466056
595.577 0.597688 0.00491185
595.917 0.583554 0.00509582
596.257 0.570105 0.00482572
596.596 0.577132 0.00473333
596.936 0.609128 0.00478207
597.276 0.601514 0.00493785
597.615 0.580349 0.00476423
597.955 0.557015 0.00410503
598.294 0.598897 0.00399353
598.633 0.615485 0.00406188
598.973 0.608943 0.00419253
599.312 0.587424 0.00410522
599.651 0.602635 0.004191
599.991 0.602024 0.00428037
600.33 0.602043 0.00434657
600.669 0.599827 0.00446292
601.008 0.609111 0.00465278
601.347 0.594258 0.00475232
601.686 0.590523 0.004599
602.025 0.602709 0.00467721
602.364 0.592047 0.0044047
602.702 0.604172 0.00438574
603.041 0.620717 0.00447482
603.38 0.624887 0.00470459
603.719 0.619035 0.00489582
604.057 0.599375 0.00495284
604.396 0.601876 0.00495532
604.734 0.580514 0.00464798
605.073 0.610276 0.0044089
605.411 0.626315 0.00450981
605.75 0.639616 0.00472384
606.088 0.611722 0.00486151
606.426 0.600696 0.00469939
606.764 0.611782 0.00467737
607.103 0.633908 0.00491208
607.441 0.61716 0.00501404
607.779 0.614813 0.00512582
608.117 0.616459 0.00509757
608.455 0.637479 0.00540361
608.793 0.601782 0.00530077
609.131 0.599255 0.00493491
609.469 0.625778 0.00492125
609.806 0.649607 0.0050815
610.144 0.638626 0.00543403
610.482 0.611074 0.00537074
610.819 0.625302 0.00542102
611.157 0.62884 0.00546494
611.495 0.631142 0.00566682
611.832 0.618361 0.0056259
612.17 0.619817 0.00559155
612.507 0.632804 0.00558673
612.844 0.631917 0.00564146
613.182 0.631708 0.00565356
613.519 0.630492 0.00561333
613.856 0.632776 0.00560883
614.193 0.617637 0.00547146
614.53 0.628892 0.00540606
614.867 0.644869 0.00546837
615.205 0.649293 0.00576185
615.541 0.642454 0.00593855
615.878 0.62036 0.00608331
616.215 0.624602 0.00604177
616.552 0.631903 0.00613907
616.889 0.625554 0.00596792
617.226 0.645726 0.00600118
617.562 0.65371 0.00623012
617.899 0.654436 0.00661003
618.235 0.637946 0.00686247
618.572 0.626154 0.00705063
618.908 0.618968 0.00676681
619.245 0.627573 0.00653561
619.581 0.651885 0.00654422
619.918 0.690343 0.00729396
620.254 0.658873 0.00803844
620.59 0.610498 0.00785421
620.926 0.611784 0.00733096
621.262 0.638071 0.00707097
621.599 0.666212 0.00725806
621.935 0.639378 0.00702089
622.271 0.641906 0.00677099
622.606 0.649414 0.00666332
622.942 0.670355 0.00693774
623.278 0.641767 0.00698606
623.614 0.624196 0.00656594
623.95 0.647814 0.00666223
624.285 0.658302 0.00684113
624.621 0.655204 0.00719579
624.957 0.639349 0.00732929
625.292 0.651532 0.00762252
625.628 0.643874 0.00780686
625.963 0.631881 0.00778515
626.299 0.639491 0.00767064
626.634 0.643885 0.00757619
626.969 0.660246 0.00781373
627.304 0.678525 0.00858619
627.64 0.646402 0.00898901
627.975 0.621274 0.00863622
628.31 0.612605 0.00810622
628.645 0.658233 0.00821048
628.98 0.656843 0.00838204
629.315 0.665255 0.0085972
629.65 0.650125 0.0085667
629.985 0.646355 0.0085178
630.319 0.656235 0.00895799
630.654 0.633401 0.00890104
630.989 0.645234 0.00893979
631.323 0.651086 0.0091358
631.658 0.668614 0.00963525
631.993 0.651727 0.0099247
632.327 0.645556 0.00991524
632.662 0.643872 0.00984866
632.996 0.649002 0.00966852
633.33 0.652618 0.00955189
633.665 0.668854 0.0100086
633.999 0.650196 0.0101678
634.333 0.641069 0.0100942
634.667 0.646727 0.0101737
635.001 0.647 0.00992792
635.335 0.633685 0.00945136
635.669 0.647651 0.00920036
636.003 0.673372 0.0095119
636.337 0.668249 0.00994929
636.671 0.663556 0.0104322
637.005 0.636634 0.0104959
637.339 0.635498 0.0104401
637.672 0.631224 0.0100251
638.006 0.653444 0.0099381
638.339 0.666754 0.0101852
638.673 0.659873 0.0104551
639.006 0.654281 0.0107377
639.34 0.642208 0.0106323
639.673 0.653374 0.0108774
640.007 0.651663 0.0108358
640.34 0.657628 0.0110752
640.673 0.648063 0.0110781
641.006 0.657406 0.0113217
641.34 0.656997 0.0114414
641.673 0.65669 0.0117119
642.006 0.6528 0.0118783
642.339 0.650784 0.0116502
642.672 0.660403 0.0116639
643.004 0.656898 0.0116993
643.337 0.66461 0.0121468
643.67 0.64421 0.0119557
644.003 0.640429 0.0118038
644.336 0.638922 0.0117405
644.668 0.643651 0.0117627
645.001 0.652789 0.0120507
645.333 0.667005 0.0124808
645.666 0.646081 0.0125369
645.998 0.652551 0.0128872
646.331 0.64379 0.0129949
646.663 0.639195 0.0128152
646.995 0.636158 0.0120051
647.327 0.626137 0.0109376
647.66 0.644117 0.0104864
647.992 0.652809 0.0103957
648.324 0.662559 0.0104343
648.656 0.653719 0.0105086
648.988 0.656309 0.0109486
649.32 0.66161 0.0117587
649.652 0.638842 0.0120967
649.983 0.625516 0.0122276
650.315 0.617641 0.0122287
650.647 0.612 0.0118935
650.979 0.626277 0.0114826
651.31 0.628998 0.0110649
651.642 0.637403 0.0108885
651.973 0.63554 0.0108653
652.305 0.637213 0.0108383
652.636 0.640412 0.0110161
652.967 0.631929 0.0111902
653.299 0.629504 0.011429
653.63 0.595986 0.0109949
653.961 0.583965 0.0101103
654.292 0.493466 0.00713354
654.623 0.367898 0.00223253
654.955 0.899872 0.00342749
655.286 0.899816 0.00342728
655.616 0.89976 0.00342707
655.947 0.899703 0.00342685
656.278 0.899646 0.00342663
656.609 0.409409 0.00241903
656.94 0.365195 0.00302321
657.27 0.335598 0.0033977
657.601 0.359094 0.00405373
657.932 0.409593 0.00517835
658.262 0.467256 0.00673747
658.593 0.522141 0.00854348
658.923 0.559835 0.0103439
659.254 0.584552 0.0116757
659.584 0.607798 0.0126406
659.914 0.611618 0.0132785
660.244 0.611349 0.0136071
660.575 0.622667 0.013632
660.905 0.624186 0.0136689
661.235 0.622501 0.0134594
661.565 0.6333 0.013478
661.895 0.631436 0.0133813
662.225 0.626095 0.0135345
662.555 0.636842 0.0138397
662.884 0.608812 0.0133805
663.214 0.620782 0.013325
663.544 0.626642 0.0132485
663.873 0.617621 0.0129578
664.203 0.625295 0.0128961
664.533 0.612136 0.0124141
664.862 0.628604 0.0124925
665.192 0.62733 0.0128388
665.521 0.639236 0.0136636
665.85 0.617866 0.0138323
666.18 0.628176 0.0145218
666.509 0.610666 0.0142329
666.838 0.611174 0.0139022
667.167 0.61314 0.0137457
667.496 0.636939 0.0142514
667.825 0.624558 0.0141832
668.154 0.613822 0.0140374
668.483 0.62867 0.0141096
668.812 0.616983 0.0137174
669.141 0.625322 0.013672
669.47 0.626285 0.0135141
669.798 0.630661 0.0137
670.127 0.612645 0.0135156
670.456 0.570504 0.0123049
670.784 0.584327 0.0111702
671.113 0.58827 0.0102881
671.441 0.600899 0.00993578
671.77 0.61372 0.010208
672.098 0.610889 0.0105851
672.426 0.620993 0.0118651
672.755 0.593607 0.0123344
673.083 0.584449 0.0124119
673.411 0.587283 0.0124171
673.739 0.595533 0.012687
674.067 0.604483 0.013457
674.395 0.584114 0.0132269
674.723 0.576756 0.0128011
675.051 0.601699 0.0128858
675.379 0.603303 0.0128923
675.706 0.604387 0.0130458
676.034 0.596497 0.0132528
676.362 0.593755 0.0132861
676.689 0.563229 0.0121551
677.017 0.588418 0.0116081
677.344 0.590709 0.0111726
677.672 0.606984 0.0115196
677.999 0.590584 0.0115013
678.327 0.57824 0.0111536
678.654 0.578207 0.0106679
678.981 0.588304 0.0104369
679.308 0.597518 0.0106022
679.636 0.598503 0.0111069
679.963 0.594062 0.0116195
680.29 0.565391 0.0113665
680.617 0.565551 0.0111564
680.944 0.578566 0.0111167
681.271 0.60529 0.0116981
681.597 0.608128 0.0125185
681.924 0.590635 0.0131397
682.251 0.575279 0.0129168
682.578 0.565044 0.0121286
682.904 0.563984 0.0113067
683.231 0.586702 0.0110734
683.557 0.578121 0.010746
683.884 0.567391 0.0103421
684.21 0.579103 0.0102036
684.536 0.572716 0.00981559
684.863 0.580515 0.00973372
685.189 0.587298 0.00995561
685.515 0.590337 0.0105216
685.841 0.57378 0.0107127
686.167 0.555801 0.010554
686.493 0.571367 0.0105729
686.819 0.58075 0.0107198
687.145 0.577508 0.0111566
687.471 0.577287 0.0119953
687.797 0.569014 0.0123085
688.123 0.564809 0.0121884
688.448 0.567901 0.0118208
688.774 0.580736 0.0115944
689.1 0.589591 0.0118802
689.425 0.595759 0.0124432
689.751 0.578533 0.0124604
690.076 0.551302 0.0114863
690.402 0.564563 0.0108598
690.727 0.578254 0.0106514
691.052 0.597455 0.0111106
691.377 0.580483 0.0112804
691.703 0.581776 0.0115789
692.028 0.566635 0.0114337
692.353 0.574352 0.0112679
692.678 0.580742 0.0114175
693.003 0.605648 0.0121031
693.328 0.593483 0.0128654
693.652 0.585651 0.0133572
693.977 0.565992 0.0128174
694.302 0.555234 0.0119701
694.627 0.591591 0.0121831
694.951 0.605161 0.0127651
695.276 0.622159 0.0141889
695.6 0.571307 0.0138253
695.925 0.541612 0.0118144
696.249 0.562206 0.0106137
696.574 0.587128 0.0102793
696.898 0.62495 0.011088
697.222 0.591164 0.0113988
697.546 0.579199 0.0117368
697.871 0.57952 0.0119874
698.195 0.586026 0.0121428
698.519 0.579725 0.012383
698.843 0.587457 0.012822
699.167 0.581627 0.0132377
699.491 0.600385 0.0139617
699.814 0.595245 0.0140142
700.138 0.58695 0.0139587
700.462 0.615508 0.0145306
700.786 0.58735 0.0140058
701.109 0.587969 0.0136678
701.433 0.605013 0.0133843
701.756 0.602238 0.0128769
702.08 0.608906 0.0129491
702.403 0.619022 0.0133222
702.726 0.609429 0.0137795
703.05 0.599417 0.0139994
703.373 0.600328 0.0141734
703.696 0.608345 0.0142797
704.019 0.610602 0.0148053
704.342 0.620535 0.0154696
704.665 0.625486 0.0161725
704.988 0.591457 0.0156236
705.311 0.593893 0.0146937
705.634 0.574472 0.0129752
705.957 0.588825 0.0118975
706.28 0.592059 0.0110518
706.602 0.614558 0.0111431
706.925 0.620339 0.0114308
707.247 0.613646 0.011822
707.57 0.605991 0.0122113
707.892 0.605415 0.012622
708.215 0.604479 0.0132286
708.537 0.581646 0.0132957
708.859 0.596438 0.0135407
709.182 0.584657 0.0132676
709.504 0.594183 0.0130232
709.826 0.617801 0.0131128
710.148 0.619606 0.0131849
710.47 0.618374 0.0135462
710.792 0.6268 0.0141421
711.114 0.607095 0.0143846
711.436 0.605609 0.0146867
711.758 0.600587 0.0143889
712.079 0.605254 0.0142797
712.401 0.609525 0.0136229
712.723 0.605094 0.0130805
713.044 0.604848 0.012321
713.366 0.629744 0.0124321
713.687 0.628592 0.0125216
714.009 0.617136 0.0127436
714.33 0.61969 0.0130563
714.652 0.613792 0.0133633
714.973 0.631815 0.0140279
715.294 0.617328 0.0145792
715.615 0.628228 0.0156479
715.936 0.616397 0.0157271
716.257 0.612642 0.01583
716.578 0.643855 0.0163373
716.899 0.639064 0.0159136
717.22 0.628053 0.0147582
717.541 0.628853 0.0143717
717.862 0.638792 0.0144362
718.182 0.625522 0.0142573
718.503 0.627937 0.0139744
718.824 0.645241 0.0143674
719.144 0.64869 0.014636
719.465 0.623464 0.0146763
719.785 0.605484 0.0141648
720.105 0.632073 0.0142823
720.426 0.626727 0.0140454
720.746 0.651881 0.0145675
721.066 0.632799 0.0143786
721.386 0.619011 0.0143667
721.706 0.635868 0.0149845
722.026 0.64797 0.0155278
722.346 0.64708 0.0156462
722.666 0.63694 0.0153201
722.986 0.642358 0.0150034
723.306 0.660758 0.0153356
723.626 0.649362 0.0155042
723.946 0.643686 0.0154054
724.265 0.615542 0.0142595
724.585 0.635867 0.0137288
724.904 0.646126 0.0137363
725.224 0.649258 0.0138064
725.543 0.647277 0.0137824
725.863 0.645646 0.0138969
726.182 0.654356 0.0145583
726.501 0.638994 0.014613
726.82 0.643196 0.0147575
727.14 0.629573 0.0140349
727.459 0.638157 0.0137041
727.778 0.63463 0.013585
728.097 0.641004 0.0138398
728.416 0.621737 0.0134761
728.734 0.631471 0.0131495
729.053 0.637495 0.0130825
729.372 0.649648 0.0131793
729.691 0.613459 0.0124843
730.009 0.633102 0.0120729
730.328 0.631628 0.011704
730.647 0.655861 0.01194
730.965 0.657668 0.0123753
731.283 0.650167 0.0127668
731.602 0.626376 0.012677
731.92 0.618872 0.0123769
732.238 0.618688 0.012077
732.557 0.638955 0.0121608
732.875 0.616658 0.0116571
733.193 0.613438 0.0109333
733.511 0.641757 0.0109273
733.829 0.662349 0.0114341
734.147 0.650465 0.0120764
734.465 0.630985 0.0124352
734.782 0.625455 0.0123694
735.1 0.613013 0.0119027
735.418 0.624401 0.0120028
735.735 0.627721 0.0120709
736.053 0.625816 0.011919
736.371 0.639331 0.0121715
736.688 0.637668 0.0125987
737.005 0.651229 0.0135075
737.323 0.616674 0.0136469
737.64 0.631278 0.0138233
737.957 0.61581 0.0129444
738.274 0.62288 0.0119487
738.592 0.65391 0.0119447
738.909 0.662969 0.0123301
739.226 0.661915 0.013419
739.543 0.636817 0.0141876
739.86 0.644689 0.015105
740.176 0.634985 0.0153801
740.493 0.649964 0.0160303
740.81 0.617382 0.0156726
741.127 0.623244 0.0155805
741.443 0.632133 0.0148678
741.76 0.643883 0.0145081
742.076 0.6594 0.0148118
742.393 0.682818 0.015881
742.709 0.673317 0.0166431
743.025 0.635856 0.0164715
743.342 0.648949 0.0164873
743.658 0.664398 0.0163613
743.974 0.661746 0.0158771
744.29 0.660084 0.015841
744.606 0.65769 0.0159812
744.922 0.660483 0.0160438
745.238 0.64196 0.0158653
745.554 0.659841 0.0164739
745.87 0.656327 0.016603
746.186 0.633886 0.0156444
746.501 0.649754 0.0152564
746.817 0.665875 0.0156904
747.132 0.680192 0.017022
747.448 0.634394 0.0170849
747.763 0.618839 0.0166221
748.079 0.621101 0.0159594
748.394 0.640951 0.0151136
748.71 0.638355 0.014042
749.025 0.630601 0.01314
749.34 0.641979 0.0130857
749.655 0.644031 0.0133933
749.97 0.652643 0.0139679
750.285 0.619298 0.0136485
750.6 0.621645 0.0133821
750.915 0.614969 0.0129792
751.23 0.636116 0.0134604
751.545 0.633634 0.0139862
751.859 0.64051 0.0145916
752.174 0.607339 0.0143746
752.489 0.611002 0.013692
752.803 0.619187 0.012956
753.118 0.632025 0.0129914
753.432 0.634156 0.0134499
753.747 0.632766 0.0139331
754.061 0.610079 0.0132174
754.375 0.602626 0.0125866
754.689 0.612502 0.0122944
755.004 0.626082 0.0124099
755.318 0.613495 0.0120167
755.632 0.604595 0.0113474
755.946 0.622182 0.0113032
756.26 0.60393 0.0106384
756.573 0.618306 0.010299
756.887 0.608999 0.00991002
757.201 0.622274 0.01023
757.515 0.626207 0.0112414
757.828 0.607359 0.0118733
758.142 0.583757 0.0116018
758.455 0.578874 0.0107295
758.769 0.602958 0.0103701
759.082 0.596431 0.0100333
759.396 0.600084 0.00991273
759.709 0.601905 0.00985076
760.022 0.611596 0.0100174
760.335 0.620432 0.0106198
760.648 0.612444 0.0113405
760.962 0.600208 0.0120503
761.275 0.579075 0.0124226
761.587 0.572473 0.0125124
761.9 0.594287 0.0127808
762.213 0.585612 0.0122729
762.526 0.610043 0.0120743
762.839 0.61191 0.0120444
763.151 0.600363 0.0115857
763.464 0.589651 0.0108598
763.776 0.603127 0.010202
764.089 0.614523 0.0100804
764.401 0.619813 0.0104834
764.714 0.603059 0.0109489
765.026 0.601197 0.0116684
765.338 0.585435 0.0122602
765.65 0.593558 0.0132872
765.962 0.569409 0.0136191
766.275 0.588264 0.014338
766.587 0.572412 0.0141901
766.898 0.571119 0.0137192
767.21 0.581384 0.0130238
767.522 0.599712 0.0122729
767.834 0.60896 0.011914
768.146 0.601287 0.0119243
768.457 0.623537 0.0128849
768.769 0.597863 0.0132886
769.08 0.57552 0.0130969
769.392 0.592568 0.0128089
769.703 0.585169 0.01207
770.015 0.588708 0.0116445
770.326 0.603625 0.011814
770.637 0.606279 0.0122682
770.948 0.608535 0.0131883
771.26 0.571841 0.0135876
771.571 0.575609 0.0137817
771.882 0.563738 0.0133074
772.193 0.601021 0.0138796
772.504 0.612067 0.0143571
772.814 0.599231 0.0144892
773.125 0.586589 0.0146323
773.436 0.583301 0.0150104
773.747 0.587935 0.0154091
774.057 0.59861 0.015881
774.368 0.618809 0.0164007
774.678 0.62803 0.0169531
774.989 0.611621 0.0169927
775.299 0.624319 0.017746
775.609 0.599391 0.0171942
775.919 0.602952 0.0171038
776.23 0.618879 0.0173492
776.54 0.598109 0.0169111
776.85 0.610342 0.0172628
777.16 0.586358 0.0164176
777.47 0.578797 0.0154639
777.78 0.610544 0.0151824
778.089 0.594527 0.0142289
778.399 0.596581 0.0141632
778.709 0.600841 0.0148694
779.019 0.61671 0.0160541
779.328 0.605486 0.0167679
779.638 0.573593 0.0161045
779.947 0.568137 0.0146107
780.257 0.574022 0.0133972
780.566 0.580541 0.0129687
780.875 0.586228 0.01333
781.185 0.589524 0.0142152
781.494 0.564365 0.0141383
781.803 0.568731 0.0145721
782.112 0.564202 0.0147264
782.421 0.564667 0.0145389
782.73 0.557745 0.014069
783.039 0.581958 0.0145535
783.348 0.592717 0.0158597
783.656 0.577902 0.0165206
783.965 0.559408 0.0164978
784.274 0.558953 0.0158646
784.582 0.577897 0.0156302
784.891 0.595684 0.0157753
785.199 0.579001 0.0157885
785.508 0.569764 0.0160934
785.816 0.577041 0.0164903
786.124 0.564628 0.0159519
786.432 0.567105 0.0152018
786.741 0.56163 0.01455
787.049 0.575955 0.0146474
787.357 0.572452 0.0148262
787.665 0.561121 0.0145904
787.973 0.584233 0.0150232
788.281 0.560917 0.0150269
788.588 0.553094 0.0157161
788.896 0.555067 0.0167233
789.204 0.572225 0.0176697
789.511 0.570846 0.0176962
789.819 0.583517 0.0182176
790.126 0.569257 0.0180011
790.434 0.589986 0.0183218
790.741 0.586217 0.018217
791.049 0.602952 0.0184557
791.356 0.595756 0.0189407
791.663 0.588777 0.0191691
791.97 0.589187 0.0192257
792.277 0.582492 0.018761
792.584 0.57872 0.017714
792.891 0.546186 0.0152209
793.198 0.564094 0.0143587
793.505 0.569332 0.0141429
793.812 0.563781 0.0144719
794.119 0.547672 0.0145916
794.425 0.548689 0.0150389
794.732 0.549768 0.0157399
795.038 0.559185 0.0175375
795.345 0.559144 0.0188585
795.651 0.574064 0.0201329
795.958 0.553769 0.019814
796.264 0.529812 0.0180853
796.57 0.57593 0.0181661
796.876 0.595895 0.0183196
797.183 0.587864 0.0185322
797.489 0.579471 0.0191546
797.795 0.572251 0.0192052
798.101 0.592065 0.0194485
798.406 0.595459 0.0196077
798.712 0.598341 0.0202357
799.018 0.598652 0.0205572
799.324 0.589778 0.0204578
799.629 0.577111 0.0203282
799.935 0.58919 0.0206922
800.24 0.586878 0.0210444
800.546 0.598372 0.0212567
800.851 0.608446 0.02163
801.157 0.627898 0.0229143
801.462 0.600121 0.0226191
801.767 0.618505 0.0230721
802.072 0.587861 0.0216207
802.377 0.602623 0.0210651
802.682 0.582559 0.0203778
802.987 0.580693 0.0209102
803.292 0.610987 0.021997
803.597 0.592975 0.0218548
803.902 0.600646 0.0219404
804.207 0.606124 0.0219023
804.511 0.604385 0.0215357
804.816 0.523994 0.0188409
805.12 0.559466 0.0181904
805.425 0.554703 0.0170601
805.729 0.570478 0.0174365
806.034 0.570484 0.0181115
806.338 0.548782 0.0187761
806.642 0.56221 0.0194883
806.946 0.523032 0.0186069
807.251 0.550025 0.0192564
807.555 0.558652 0.019098
807.859 0.536767 0.018578
808.162 0.586057 0.0199757
808.466 0.588395 0.0206967
808.77 0.587914 0.0212364
809.074 0.589382 0.02199
809.378 0.59749 0.0221794
809.681 0.582161 0.0217206
809.985 0.589548 0.0222116
810.288 0.627696 0.0231745
810.592 0.589233 0.0222849
810.895 0.6278 0.023549
811.198 0.606051 0.0241606
811.502 0.617353 0.0247395
811.805 0.643136 0.0259445
812.108 0.593466 0.0237878
812.411 0.618039 0.0235562
812.714 0.607296 0.0217568
813.017 0.573484 0.0200085
813.32 0.576298 0.0200277
813.623 0.568717 0.0205241
813.926 0.593397 0.0224833
814.228 0.633688 0.0244766
814.531 0.635913 0.0253057
814.833 0.583774 0.0240597
815.136 0.619609 0.0249378
815.438 0.637308 0.0255801
815.741 0.599987 0.0237907
816.043 0.600587 0.0235131
816.345 0.603852 0.0234183
816.648 0.609808 0.0237253
816.95 0.617636 0.0242436
817.252 0.633868 0.0251118
817.554 0.599233 0.0244683
817.856 0.628938 0.0256028
818.158 0.611967 0.0254743
818.46 0.65351 0.0269923
818.761 0.64123 0.0266401
819.063 0.656094 0.0264793
819.365 0.640701 0.0253939
819.666 0.625015 0.0238269
819.968 0.603202 0.0226352
820.269 0.603866 0.0224029
820.571 0.598806 0.0228937
820.872 0.602265 0.023828
821.173 0.621623 0.0251696
821.475 0.661358 0.0269606
821.776 0.668701 0.0269694
822.077 0.647836 0.0263907
822.378 0.638685 0.0263865
822.679 0.667105 0.0274086
822.98 0.65665 0.0269404
823.281 0.694255 0.0285995
823.581 0.682614 0.0280726
823.882 0.682741 0.0284344
824.183 0.675211 0.0279903
824.483 0.631102 0.0260984
824.784 0.594094 0.0242815
825.084 0.602771 0.0248966
825.385 0.630344 0.0257935
825.685 0.676768 0.0273012
825.985 0.651755 0.0265629
826.286 0.605333 0.0252479
826.586 0.607061 0.0247879
826.886 0.628306 0.0252648
827.186 0.64511 0.0259762
827.486 0.653722 0.0270274
827.786 0.639856 0.0271467
828.086 0.649767 0.0270812
828.386 0.65284 0.0267904
828.685 0.62253 0.0260163
828.985 0.672702 0.0278526
829.285 0.667114 0.0279281
829.584 0.663191 0.0282958
829.884 0.664515 0.0287558
830.183 0.762143 0.0324011
830.482 0.725737 0.0312728
830.782 0.684909 0.0305095
831.081 0.768041 0.0335309
831.38 0.720341 0.031423
831.679 0.709169 0.0312491
831.978 0.732195 0.031803
832.277 0.684286 0.0297541
832.576 0.687033 0.0292529
832.875 0.692192 0.0293447
833.174 0.677611 0.0288518
833.472 0.677302 0.0290634
833.771 0.674782 0.029404
834.07 0.672875 0.0286646
834.368 0.662101 0.0287125
834.667 0.688232 0.0300466
834.965 0.715188 0.0310893
835.263 0.721332 0.0312646
835.562 0.711609 0.0310672
835.86 0.719292 0.0309462
836.158 0.677053 0.0303654
836.456 0.709118 0.0318947
836.754 0.722562 0.0321056
837.052 0.737729 0.033471
837.35 0.721823 0.0324662
837.648 0.754274 0.0336281
837.946 0.759832 0.0340393
838.243 0.771954 0.0343196
838.541 0.6761 0.0312744
838.839 0.708146 0.032054
839.136 0.72853 0.0324436
839.434 0.705127 0.0317242
839.731 0.812322 0.0349668
840.028 0.719282 0.0321496
840.326 0.731219 0.0328228
840.623 0.740313 0.0329961
840.92 0.758876 0.0337288
841.217 0.756687 0.0346256
841.514 0.803349 0.0358767
841.811 0.672533 0.0317423
842.108 0.835181 0.0364129
842.405 0.775928 0.0353594
842.701 0.785406 0.0357387
842.998 0.733025 0.0334634
843.295 0.793486 0.0355773
843.591 0.727393 0.0341379
843.888 0.774644 0.0348219
844.184 0.796219 0.035508
844.481 0.785957 0.0346998
844.777 0.756375 0.0342072
845.073 0.765591 0.0346744
845.369 0.742836 0.0344979
845.665 0.829295 0.0369831
845.962 0.779983 0.0351629
846.258 0.759078 0.0353603
846.553 0.796435 0.0362725
846.849 0.842914 0.0373802
847.145 0.763493 0.0344195
847.441 0.761989 0.0345919
847.737 0.781828 0.0347489
848.032 0.782405 0.0354258
848.328 0.80569 0.0361143
848.623 0.817459 0.0368629
848.919 0.76024 0.0347573
849.214 0.759734 0.0343493
849.509 0.808437 0.0359618
849.805 0.839787 0.0373878
850.1 0.84124 0.0382568
850.395 0.83616 0.0380147
850.69 0.841878 0.0384099
850.985 0.791976 0.0359321
851.28 0.79413 0.0358316
851.575 0.815051 0.0367438
851.869 0.780554 0.035835
852.164 0.787822 0.0354652
852.459 0.769611 0.0340913
852.753 0.743337 0.0330382
853.048 0.664085 0.0296072
853.342 0.671523 0.0295659
853.637 0.740235 0.0315994
853.931 0.652187 0.0293424
854.225 0.678746 0.0298022
854.52 0.727484 0.0320034
854.814 0.743976 0.0324716
855.108 0.664493 0.0296924
855.402 0.689033 0.030789
855.696 0.729469 0.0325864
855.99 0.728449 0.0330887
856.283 0.718854 0.0321488
856.577 0.75296 0.0336549
856.871 0.757065 0.0334798
857.164 0.733709 0.0333177
857.458 0.798381 0.0359096
857.751 0.742605 0.0340319
858.045 0.752759 0.033848
858.338 0.772652 0.0348526
858.632 0.760677 0.0337899
858.925 0.765259 0.0347809
859.218 0.781872 0.0350067
859.511 0.863171 0.0383212
859.804 0.805306 0.0366442
860.097 0.771281 0.0349117
860.39 0.823859 0.0371409
860.683 0.798999 0.0364214
860.976 0.810418 0.0369745
861.268 0.783694 0.0357978
861.561 0.859692 0.0385679
861.854 0.894507 0.0405132
862.146 0.813696 0.0372675
862.439 0.809219 0.0369638
862.731 0.787395 0.0355691
863.023 0.828066 0.0376577
863.316 0.773157 0.0357312
863.608 0.772251 0.0358969
863.9 0.790776 0.036348
864.192 0.743772 0.0344151
864.484 0.763673 0.0357067
864.776 0.839001 0.0377584
865.068 0.800084 0.0366441
865.36 0.813436 0.036852
865.651 0.825289 0.0380945
865.943 0.757557 0.0358232
866.235 0.798282 0.0369599
866.526 0.834729 0.0388128
866.818 0.784456 0.0363638
867.109 0.760682 0.035589
867.4 0.843746 0.0382032
867.692 0.857954 0.0387339
867.983 0.816127 0.0374122
868.274 0.835727 0.0383337
868.565 0.812605 0.0373175
868.856 0.832631 0.0380216
869.147 0.820768 0.0376475
869.438 0.837306 0.0379225
869.729 0.808388 0.0374849
870.02 0.920827 0.0415843
870.31 0.819263 0.0380006
870.601 0.832754 0.0377601
870.892 0.79622 0.0365435
871.182 0.826818 0.0370822
871.473 0.789249 0.0370177
871.763 0.807708 0.0365501
872.053 0.816758 0.0371873
872.343 0.795082 0.0366339
872.634 0.78916 0.0368641
872.924 0.828049 0.0370111
873.214 0.793863 0.0369807
873.504 0.827368 0.0382598
873.794 0.854988 0.0398649
874.084 0.850059 0.0396351
874.373 0.85465 0.0387418
874.663 0.785674 0.0362659
874.953 0.861137 0.0392306
875.242 0.822796 0.037831
875.532 0.799133 0.0369767
875.821 0.824342 0.0377888
876.111 0.820045 0.0375473
876.4 0.842697 0.0385384
876.689 0.829064 0.0379714
876.978 0.807451 0.037487
877.268 0.811318 0.0376434
877.557 0.853972 0.0390659
877.846 0.856322 0.0389886
878.134 0.833978 0.0388258
878.423 0.834131 0.0388329
878.712 0.834285 0.0388401
